10.4053	2.5559
10.7394	9.01349
11.0433	8.33349
11.3464	8.0761
11.6495	8.0761
11.9902	1.65557
12.2943	3.82724
12.5988	7.40797
12.9035	8.62597
13.2069	9.96725
13.5105	11.5411
13.815	13.3224
14.1166	15.1161
14.4176	15.8264
14.7187	16.7433
15.0196	12.9588
15.3201	15.4149
15.6209	16.3553
15.9214	16.3333
16.2235	16.2481
16.525	16.1968
16.8255	16.2535
17.1265	16.1852
17.4286	16.1687
17.7288	12.6694
18.0298	14.4725
18.3312	15.0489
18.6318	15.569
18.9325	15.9235
19.2328	16.3447
19.5329	16.3932
19.8339	16.4643
20.136	16.407
20.437	16.4643
20.738	16.3447
21.0385	16.3733
21.339	16.3733
21.6395	16.3733
21.9405	16.3447
22.241	16.3733
22.5415	16.3733
22.842	16.3733
23.143	16.4643
23.444	16.3846
23.745	16.4643
24.0455	16.4531
24.3476	15.3344
24.6486	15.0291
24.949	13.0213
25.2508	13.2403
25.5517	14.118
25.8527	14.9927
26.1532	15.3749
26.4552	15.3741
26.7568	14.804
27.0583	14.5254
27.3588	14.6561
27.6609	14.6193
27.9618	12.7194
28.262	12.9512
28.5624	13.3831
28.8641	13.8801
29.1645	14.3445
29.4651	14.6085
29.7658	14.7647
30.0664	14.8916
30.368	14.8438
30.6695	14.9234
30.971	14.804
31.2715	14.8557
31.572	14.8557
31.8736	14.804
32.1746	14.8298
32.4756	14.8298
32.7771	14.804
33.0776	14.8557
33.3792	14.8438
33.6802	14.8697
33.9812	14.8697
34.2832	14.9371
34.5848	14.7642
34.8853	13.7775
35.1868	13.7693
35.4874	12.2159
35.7889	12.5362
36.0904	13.3332
36.3914	13.9141
36.6925	13.9915
36.9935	13.6339
37.2945	13.6339
37.5966	13.5864
37.8971	13.6976
38.1991	13.5467
38.4996	11.9428
38.8009	11.867
39.1016	12.5309
39.4021	13.0199
39.7025	13.1385
40.0041	13.053
40.3056	13.0132
40.6072	12.655
40.9087	12.4958
41.2108	12.5933
41.5128	12.4741
41.8139	12.5176
42.1143	12.2999
42.4148	12.2999
42.7169	12.0768
43.0184	11.9387
43.3205	11.759
43.6215	11.7203
43.922	11.7808
44.223	11.8399
44.5245	10.3873
44.8258	10.6349
45.1274	11.4976
45.4282	12.1308
45.7292	12.3582
46.0302	11.8798
46.3332	8.63386
46.6339	9.3393
46.9343	8.74572
47.2346	6.95443
47.5374	7.48873
47.8393	7.7925
48.1394	7.95677
48.4396	8.11393
48.7422	8.28841
49.0427	8.2665
49.3458	8.19487
49.6463	7.98696
49.9473	8.13248
50.2489	8.11831
50.5504	8.03872
50.8509	7.98696
51.1535	8.09012
51.454	8.06683
51.7555	7.95913
52.0571	8.2377
52.3586	8.2377
52.6596	8.37167
52.9622	8.32807
53.2648	8.56574
53.5674	8.6456
53.8679	8.82559
54.1699	9.0179
54.4706	7.42335
54.7721	8.23774
55.0748	8.84125
55.3769	9.21653
55.6774	9.26487
55.9794	9.17681
56.2815	9.13708
56.582	9.185
56.8846	9.08156
57.1861	9.1132
57.4877	9.19279
57.7887	9.2487
58.0908	9.21653
58.3923	9.31218
58.6938	9.31218
58.9964	9.27985
59.299	9.27985
59.6006	9.31218
59.9031	9.27985
60.2047	9.35198
60.5062	9.43157
60.8083	9.45489
61.1088	9.54441
61.4096	7.69997
61.7108	9.16149
62.012	9.44286
62.3135	9.63054
62.6151	9.35198
62.9156	9.54441
63.2161	9.34474
63.5181	9.41593
63.82	7.47375
64.1226	8.60391
64.4229	8.99163
64.7284	9.34875
65.0352	9.54207
65.3357	9.54441
65.6373	9.43157
65.9399	9.24019
66.2404	9.42461
66.5429	9.35916
66.8434	9.34474
67.145	9.23259
67.4455	9.34474
67.746	9.34474
68.0464	9.34474
68.348	9.31218
68.6485	9.38467
68.9516	9.46171
69.2526	9.56762
69.5536	9.56762
69.8562	9.59711
70.1578	9.82952
70.4598	9.85215
70.7619	9.97133
71.063	8.44841
71.3648	9.14654
71.6668	9.85318
71.9705	10.1164
72.2736	10.4514
72.5762	10.1127
72.8767	10.2233
73.1777	10.046
73.4792	10.1081
73.7802	10.0859
74.0812	10.1656
74.3823	10.2055
74.6833	10.2852
74.9848	10.2673
75.2853	10.3032
75.5877	10.3191
75.8884	10.2949
76.1889	10.3032
76.4894	10.3032
76.7899	10.3431
77.0925	10.4299
77.3945	10.4481
77.6966	10.6467
77.9975	8.53308
78.298	9.7861
78.5996	10.3839
78.9004	11.0498
79.2016	11.4749
79.5036	11.4412
79.8057	10.885
80.1067	8.89164
80.409	8.92929
80.7105	9.35502
81.0135	9.5434
81.3156	10.0515
81.6165	10.247
81.9191	10.3903
82.2201	9.64735
82.5212	10.2453
82.8232	10.2494
83.1237	10.2233
83.4252	10.1877
83.7257	9.74409
84.0262	10.0636
84.3278	10.1877
84.6293	10.1877
84.9319	10.1523
85.2324	10.1035
85.5334	10.0061
85.8344	10.4447
86.1365	10.4878
86.4386	10.2891
86.7396	10.5642
87.0422	10.5489
87.3432	10.6838
87.6441	10.1686
87.9457	9.70883
88.2465	10.0532
88.5471	10.8188
88.8481	11.0825
89.1486	10.9821
89.4496	10.8034
89.7511	10.8244
90.0516	10.7824
90.3537	10.7659
90.6558	10.9248
90.9568	10.9629
91.2588	10.9645
91.5609	11.0439
91.863	11.0439
92.1645	11.0632
92.466	11.0632
92.7676	11.0632
93.0697	11.0439
93.3717	11.0439
93.6722	11.1418
93.9743	11.1631
94.2753	11.3217
94.5883	9.20042
94.8933	10.3478
95.1984	11.0935
95.5003	11.8418
95.8015	11.8754
96.103	12.0183
96.4035	11.0619
96.7055	10.8868
97.0065	12.996
97.307	12.3398
97.608	12.8764
97.9101	12.5138
98.2106	12.2999
98.5111	12.22
98.8126	12.0979
99.1142	12.0183
99.4152	12.0393
99.7157	11.9804
100.016	12.0603
100.318	12.0183
100.619	12.0581
100.921	12.0581
101.221	12.1801
101.523	12.2571
101.823	12.4197
102.124	12.3582
102.433	10.259
102.738	11.5995
103.042	12.3287
103.342	12.9174
103.643	13.1385
103.944	13.1555
104.245	12.5575
104.546	12.4379
104.846	12.6194
105.147	12.4379
105.449	12.5138
105.751	12.5356
106.052	12.5974
106.353	12.5754
106.654	12.6993
106.955	12.655
107.256	12.6993
107.556	12.6993
107.857	12.6993
108.157	12.7791
108.459	12.7522
108.76	12.7967
109.062	12.8316
109.364	10.6484
109.665	11.7905
109.966	12.5859
110.268	13.0856
110.568	13.2184
110.869	12.3398
111.169	9.10698
111.469	10.5074
111.77	11.0528
112.072	11.4983
112.373	11.7075
112.674	11.8207
112.974	11.7808
113.275	11.7808
113.575	11.7808
113.876	11.7408
114.178	11.6796
114.48	11.6796
114.781	11.6999
115.083	11.6796
115.385	11.6999
115.686	11.6999
115.988	11.7397
116.288	11.661
116.589	11.7808
116.891	10.9248
117.198	8.15791
117.502	9.71211
117.807	10.3861
118.108	10.2632
118.41	10.3289
118.711	10.4048
119.012	10.2275
119.313	10.2055
119.614	10.3032
119.914	10.5836
120.216	12.2173
120.518	12.0979
120.82	11.9179
121.121	11.5609
121.422	11.5407
121.724	11.3816
122.025	11.3217
122.326	11.3217
122.627	11.2224
122.928	11.3015
123.228	11.2217
123.529	11.3814
123.83	11.4611
124.132	11.5407
124.432	11.7009
124.733	11.8606
125.034	12.0979
125.345	9.45057
125.65	11.3996
125.954	12.2563
126.256	12.6006
126.557	12.6194
126.859	12.2755
127.16	12.2386
127.461	12.0979
127.763	12.0979
128.065	12.1166
128.367	12.1166
128.668	12.2386
128.969	12.1775
129.27	12.22
129.57	12.3798
129.871	12.2999
130.172	12.3582
130.473	12.3366
130.774	12.3798
131.075	12.3582
131.376	12.398
131.677	12.398
131.977	12.4597
132.278	9.90825
132.579	11.8099
132.88	12.582
133.181	12.854
133.482	12.6993
133.782	10.1106
134.083	10.1355
134.385	10.6619
134.686	10.7237
134.987	10.3469
135.29	10.3109
135.592	10.2097
135.894	10.0508
136.195	10.0061
136.495	9.90383
136.797	9.94891
137.098	9.88654
137.401	9.91437
137.703	9.93161
138.005	9.91437
138.307	9.93161
138.609	9.93161
138.911	9.98871
139.211	10.0236
139.512	10.0859
139.813	10.2233
140.114	8.16703
140.415	9.65156
140.715	10.1944
141.016	10.2632
141.316	10.1834
141.618	10.1302
141.919	10.1257
142.221	10.17
142.523	10.0508
142.825	10.2275
143.126	10.3071
143.427	10.383
143.728	10.3649
144.029	10.4447
144.331	10.4083
144.631	10.4629
144.933	10.4265
145.233	10.4629
145.534	10.4455
145.836	10.4837
146.138	10.5092
146.439	10.6041
146.74	10.7237
147.04	8.4383
147.342	10.0129
147.644	10.9063
147.945	11.2087
148.246	11.3816
148.547	11.1224
148.85	10.3327
149.151	8.22792
149.453	9.01839
149.754	9.40816
150.054	9.46454
150.355	9.2487
150.657	8.81927
150.958	8.90546
151.26	8.92293
151.562	8.91422
151.863	9.07341
152.164	8.94539
152.465	8.99381
152.768	8.96259
153.07	8.99381
153.371	8.92978
153.672	8.92978
153.973	8.95402
154.275	8.91422
154.577	9.12122
154.879	9.09735
155.181	6.91996
155.482	8.70428
155.784	9.24443
156.086	9.71138
156.387	9.98871
156.688	10.0236
156.989	9.31218
157.311	7.78967
157.616	7.79869
157.92	8.24631
158.225	8.49108
158.53	8.73996
158.836	8.94494
159.137	8.81019
159.437	8.74572
159.74	8.86788
160.044	8.8686
160.345	8.83391
160.646	8.78565
160.947	8.51627
161.248	8.78565
161.548	8.78565
161.849	8.78565
162.15	8.87443
162.451	8.66585
162.752	9.04938
163.054	9.05763
163.355	9.16897
163.655	9.14507
163.958	9.43848
164.259	9.48789
164.561	9.73298
164.863	7.98479
165.164	9.05269
165.466	9.54417
165.767	9.71014
166.068	9.96627
166.37	9.74993
166.672	9.81243
166.973	9.68722
167.274	9.72708
167.576	9.79539
167.879	9.89188
168.18	9.96627
168.481	9.96627
168.781	10.0636
169.082	10.0636
169.383	10.0285
169.685	10.0285
169.985	10.0636
170.286	10.046
170.587	10.0859
170.889	10.1479
171.191	10.1302
171.493	10.3289
171.804	8.37494
172.108	9.46161
172.412	10.1769
172.713	10.8281
173.013	10.9421
173.314	11.0426
173.616	10.2097
173.917	7.9089
174.218	8.88422
174.519	9.33062
174.819	9.59734
175.12	9.88757
175.421	10.2165
175.722	10.1617
176.025	10.3377
176.326	10.4274
176.627	10.367
176.929	10.4072
177.231	10.4072
177.533	10.4072
177.834	10.4485
178.136	10.4072
178.439	10.4072
178.741	10.447
179.043	10.6016
179.343	10.5827
179.644	10.644
179.945	10.7237
180.246	10.7025
180.547	10.4265
180.848	10.2233
181.151	10.5702
181.454	8.06821
181.758	9.9378
182.062	10.6237
182.363	10.9525
182.665	10.9645
182.965	10.5827
183.266	10.4845
183.567	10.4447
183.87	10.5497
184.171	10.5458
184.484	8.97462
184.788	9.64393
185.092	9.98449
185.398	10.3116
185.699	10.5244
186	10.423
186.3	10.423
186.603	10.3327
186.904	10.4447
187.206	10.4265
187.506	10.4629
187.807	10.383
188.109	10.3903
188.411	10.4265
188.711	10.4629
189.013	10.4265
189.313	10.423
189.615	10.4481
189.916	10.4845
190.218	10.506
190.521	10.5489
190.821	10.6626
191.122	10.6838
191.423	10.7636
191.724	8.69273
192.025	9.94065
192.326	10.5655
192.627	11.2815
192.928	11.5609
193.23	11.5403
193.531	10.9629
193.832	10.7824
194.132	10.6626
194.433	10.7824
194.735	10.7659
195.036	10.8433
195.337	10.923
195.637	10.9421
195.938	11.022
196.239	10.9836
196.54	10.9421
196.84	11.022
197.143	10.9455
197.443	11.022
197.744	11.0619
198.045	11.1224
198.346	11.1631
198.647	12.8938
198.949	12.2969
199.251	12.5933
199.551	10.6631
199.852	10.5907
200.154	11.641
200.455	12.3291
200.755	12.6583
201.056	12.5974
201.358	12.7125
201.659	12.6194
201.96	12.854
202.261	12.7392
202.561	12.859
202.863	12.7919
203.164	12.8989
203.465	12.8366
203.766	12.8366
204.066	12.859
204.368	12.8142
204.668	12.859
204.969	12.8366
205.27	12.7568
205.571	12.6993
205.871	12.6593
206.173	12.5933
206.475	12.7125
206.776	11.0452
207.077	11.3218
207.378	12.2642
207.679	12.8816
207.979	13.2184
208.28	13.1785
208.581	12.7568
208.881	12.2999
209.182	12.3398
209.483	9.56317
209.785	11.2104
210.086	11.6916
210.391	12.0563
210.692	12.3978
210.992	12.4346
211.293	12.5395
211.593	12.4597
211.894	12.4996
212.195	12.4162
212.497	12.4162
212.799	12.3946
213.1	12.4379
213.402	12.3946
213.703	12.4162
214.005	12.4045
214.307	12.4064
214.608	12.4778
214.909	12.456
215.21	12.5176
215.512	12.0979
215.814	9.07245
216.115	10.1165
216.417	10.5489
216.719	10.3867
217.022	10.3109
217.322	10.2632
217.622	8.47577
217.923	9.19214
218.226	9.60441
218.531	9.96393
218.834	10.2763
219.136	10.3289
219.438	10.2453
219.741	10.1743
220.042	10.2852
220.343	10.1257
220.643	10.2233
220.945	10.1877
221.245	10.2233
221.547	10.1877
221.848	10.1877
222.15	10.1877
222.45	10.2632
222.751	10.2233
223.052	10.2852
223.353	10.3251
223.654	10.3867
223.955	10.4447
224.257	10.6467
224.559	10.5672
224.86	10.8223
225.16	8.26629
225.463	10.008
225.764	10.7808
226.065	11.2757
226.366	11.3415
226.668	11.0042
226.969	10.6041
227.271	10.8056
227.573	10.6467
227.874	10.7425
228.175	8.27365
228.476	9.75159
228.777	10.1503
229.078	10.5501
229.38	10.6907
229.682	10.8991
229.983	10.9629
230.284	10.8832
230.585	10.9421
230.885	10.8623
231.186	10.8433
231.487	10.8623
231.788	10.8244
232.089	10.8433
232.39	10.8623
232.691	10.8433
232.992	10.8832
233.292	10.9022
233.593	10.9629
233.894	10.9421
234.195	8.59752
234.496	8.44305
234.798	8.67071
235.099	9.20884
235.401	8.67545
235.702	9.1132
236.003	7.21244
236.304	7.87351
236.605	8.32297
236.906	8.61919
237.207	8.83281
237.507	8.9185
237.809	8.87443
238.11	8.73046
238.412	8.73981
238.714	8.73981
239.015	8.78565
239.315	8.62591
239.618	8.64533
239.918	8.78565
240.22	8.75504
240.52	8.62591
240.823	8.7643
241.123	8.90546
241.424	9.00951
241.725	8.92978
242.027	9.13708
242.328	9.30481
242.629	9.40816
242.929	9.50448
243.23	9.74489
243.53	7.67308
243.832	9.14761
244.133	9.77095
244.434	10.1479
244.735	9.68722
245.036	10.0236
245.338	9.7727
245.639	9.88654
245.94	9.67034
246.241	8.58709
246.541	8.35905
246.842	8.97709
247.143	9.36077
247.444	9.6352
247.747	9.83886
248.049	9.89188
248.351	9.95402
248.653	9.85215
248.956	9.83505
249.259	9.83505
249.561	9.85215
249.863	9.83505
250.165	9.85215
250.466	9.82396
250.766	9.94376
251.067	9.88654
251.37	9.81801
251.673	9.93161
251.975	9.97133
252.298	8.09855
252.604	7.72575
252.905	8.48154
253.207	8.2377
253.508	8.43668
253.809	8.49126
254.112	8.31363
254.416	6.60149
254.72	7.49769
255.024	7.84622
255.329	8.10193
255.634	8.30193
255.936	8.52573
256.237	8.25207
256.538	8.21221
256.841	8.15528
257.142	8.29194
257.442	8.30644
257.743	8.1467
258.043	8.06683
258.346	8.24875
258.646	8.30644
258.949	8.28841
259.249	8.1467
259.55	8.30644
259.852	8.46173
260.153	8.53113
260.455	8.62064
260.758	8.84361
261.06	8.96259
261.361	9.22494
261.663	8.06734
261.965	8.36518
262.265	8.99472
262.566	9.47249
262.868	9.65352
263.171	9.5013
263.473	9.35916
263.774	9.48789
264.075	9.40816
264.377	9.27238
264.678	9.46454
264.979	9.40816
265.279	9.50448
265.581	9.53434
265.882	9.50448
266.183	9.55095
266.485	9.53434
266.787	9.55095
267.088	9.55095
267.389	9.62428
267.69	9.67034
267.992	9.67034
268.293	9.84668
268.594	10.007
268.895	7.8557
269.196	9.39064
269.498	9.98346
269.8	9.7727
270.101	9.80681
270.404	9.69924
270.706	9.69325
271.007	9.74489
271.309	11.7792
271.611	11.6398
271.912	10.9821
272.213	11.4611
272.514	11.0825
272.817	10.8661
273.119	10.8244
273.421	10.8056
273.722	10.6838
274.022	10.7025
274.323	10.7025
274.624	10.7846
274.926	10.7846
275.227	10.8642
275.529	10.9836
275.83	11.103
276.131	11.3015
276.431	11.4213
276.732	9.55316
277.032	10.3936
277.332	11.3036
277.632	11.714
277.934	11.7397
278.235	11.4213
278.536	11.6007
278.838	11.4611
279.138	11.5012
279.441	11.4809
279.742	11.521
280.044	11.6398
280.344	11.661
280.646	11.6203
280.947	11.7795
281.249	11.7795
281.55	11.7795
281.851	11.8207
282.152	11.7795
282.454	11.7795
282.755	11.8399
283.057	11.8782
283.357	10.3038
283.659	10.36
283.96	11.3723
284.261	12.0621
284.562	12.5686
284.863	12.6771
285.166	12.3946
285.468	11.5207
285.77	11.5207
286.071	9.43234
286.372	10.4496
286.672	10.8324
286.974	11.2591
287.274	11.514
287.575	11.674
287.876	11.8206
288.177	11.7785
288.478	11.7808
288.778	11.7408
289.08	11.6999
289.38	11.7408
289.681	11.7203
289.982	11.7203
290.283	11.7203
290.584	11.7808
290.885	11.7203
291.185	11.7408
291.486	11.7808
291.786	11.8207
292.087	11.8798
292.389	9.31388
292.691	9.24598
292.994	9.8295
293.296	9.98871
293.598	9.69325
293.9	9.89188
294.2	8.6283
294.501	8.25902
294.803	8.82922
295.103	9.1512
295.405	9.64046
295.707	9.75358
296.009	9.85215
296.309	9.74409
296.61	9.3683
296.912	9.71014
297.212	9.66422
297.514	9.63133
297.815	9.40739
298.115	9.66422
298.417	9.61458
298.718	9.58356
299.018	9.50448
299.321	9.71608
299.623	9.73298
299.925	9.7727
300.226	9.74409
300.526	10.0236
300.828	9.97133
301.129	10.0636
301.431	10.1523
301.731	7.99929
302.036	9.74215
302.336	10.4395
302.637	10.3469
302.939	10.17
303.24	10.3251
303.542	10.1877
303.842	10.2233
304.144	10.1302
304.446	10.2097
304.748	10.3071
305.049	10.3469
305.35	10.3649
305.652	10.4265
305.952	10.383
306.253	10.4629
306.555	10.4265
306.856	10.4265
307.157	10.4629
307.459	10.4299
307.76	10.5028
308.062	10.607
308.363	10.6847
308.663	8.54115
308.963	9.91673
309.265	10.6254
309.565	10.3431
309.866	10.423
310.167	10.3867
310.468	10.3431
310.768	9.67337
311.069	9.05889
311.371	9.53813
311.673	9.69405
311.975	10.1322
312.275	10.3492
312.577	10.5741
312.879	10.5839
313.18	10.7178
313.48	10.6227
313.781	10.6227
314.082	10.5856
314.383	10.6227
314.683	10.6227
314.984	10.6227
315.284	10.6227
315.585	10.6227
315.886	10.6254
316.188	10.6864
316.49	10.7261
316.792	10.7448
317.093	10.7025
317.394	10.5856
317.695	10.5642
317.996	10.7237
318.296	8.87966
318.597	10.0147
318.898	10.6542
319.199	11.196
319.501	10.5672
319.802	10.9836
320.104	10.7448
320.404	10.9022
320.706	10.6864
321.007	9.40954
321.308	9.54655
321.61	9.88515
321.911	10.1844
322.213	10.4794
322.514	10.8459
322.814	10.9994
323.114	11.0619
323.415	11.1224
323.716	11.022
324.016	11.022
324.317	11.022
324.617	11.022
324.918	11.0028
325.219	11.022
325.52	11.0028
325.82	11.022
326.121	11.0619
326.423	11.0837
326.724	11.1622
327.025	11.1428
327.328	10.8661
327.629	11.0619
327.93	10.9836
328.232	11.1631
328.545	9.21145
328.849	10.1634
329.153	10.9204
329.454	11.4415
329.755	10.904
330.057	11.2823
330.358	11.1224
330.66	11.1234
330.963	11.0644
331.265	11.1631
331.566	8.56771
331.867	10.0689
332.169	10.5103
332.474	10.8709
332.778	11.1132
333.083	11.3395
333.383	11.4785
333.683	11.5529
333.985	11.5493
334.286	11.6333
334.587	11.6287
334.888	11.6287
335.19	11.6287
335.491	11.6287
335.792	11.6287
336.094	11.6287
336.395	11.6685
336.696	11.7778
336.997	11.7397
337.298	11.8001
337.6	11.8591
337.9	11.9405
338.202	11.322
338.503	11.4014
338.804	11.3634
339.106	9.30448
339.406	10.7864
339.708	11.6118
340.01	11.6999
340.311	11.3816
340.612	11.621
340.913	11.4413
341.214	11.4014
341.514	11.4213
341.816	11.4213
342.118	11.5604
342.419	11.6406
342.72	11.6203
343.021	11.7408
343.322	11.7795
343.624	11.7795
343.926	11.7795
344.227	11.7795
344.528	11.8207
344.829	11.8193
345.131	11.759
345.432	11.9804
345.732	10.3852
346.033	10.5708
346.334	11.4647
346.636	12.1854
346.937	12.4311
347.238	12.4958
347.54	12.0371
347.842	11.7397
348.142	10.0256
348.444	9.75582
348.745	10.5867
349.046	10.8795
349.348	10.904
349.65	10.885
349.951	10.5827
350.252	10.0683
350.553	10.1035
350.853	10.1434
351.155	10.1081
351.455	10.1434
351.756	10.1434
352.058	10.0905
352.36	10.0111
352.661	9.94891
352.962	9.90383
353.263	9.92641
353.563	9.94376
353.865	9.98871
354.166	8.0014
354.467	9.13431
354.77	9.87573
355.07	10.4903
355.371	10.8294
355.671	11.022
355.972	10.9421
356.273	10.1081
356.574	7.61735
356.875	8.85095
357.178	9.04714
357.48	9.47728
357.781	9.54554
358.082	9.71014
358.383	9.72708
358.685	9.49462
358.988	9.58047
359.289	9.50448
359.591	9.51779
359.892	9.66422
360.194	9.47136
360.494	9.50448
360.794	9.54441
361.098	9.64294
361.401	9.5013
361.702	9.62428
362.003	9.72708
362.304	9.88654
362.604	9.74409
362.907	10.073
363.21	10.0555
363.512	10.1877
363.831	8.57089
364.136	9.44642
364.441	10.1324
364.742	10.3748
365.044	10.2494
365.347	10.4696
365.648	10.1877
365.951	10.4118
366.252	10.2055
366.553	10.3251
366.855	10.3686
367.156	8.33249
367.457	9.48637
367.758	10.0906
368.06	10.5648
368.361	10.7025
368.663	10.192
368.964	9.86389
369.266	9.93161
369.567	8.49958
369.867	8.59002
370.169	9.34778
370.47	9.69179
370.771	9.80681
371.073	9.45489
371.374	9.43157
371.676	9.33571
371.979	9.27985
372.279	9.185
372.58	9.16897
372.881	9.08924
373.183	9.07341
373.483	9.10513
373.784	9.10513
374.084	9.10513
374.386	9.1132
374.689	9.16087
374.989	9.22494
375.291	9.39177
375.592	9.39177
375.894	9.57407
376.196	9.81243
376.498	8.10771
376.801	9.1998
377.102	9.84952
377.404	10.3546
377.706	10.3686
378.009	10.2713
378.312	9.81801
378.614	9.93161
378.915	9.78402
379.216	9.84668
379.516	9.94376
379.817	9.9837
380.118	9.94891
380.419	10.0636
380.721	10.0111
381.023	10.0111
381.323	10.0636
381.624	10.0636
381.925	10.0285
382.226	10.1035
382.527	10.1479
382.829	10.2494
383.13	10.3251
383.43	8.63811
383.731	9.61384
384.031	10.1995
384.333	10.8921
384.634	11.1622
384.936	11.0837
385.237	10.3251
385.538	10.1035
385.839	8.39584
386.141	9.14424
386.443	9.41791
386.744	9.65406
387.046	10.0247
387.348	10.2782
387.648	10.4269
387.949	10.5039
388.249	10.5573
388.549	10.546
388.85	10.5312
389.151	10.5439
389.451	10.55
389.751	10.5454
390.051	10.5498
390.352	10.5491
390.652	10.5897
390.953	10.6637
391.255	10.7659
391.556	10.8433
391.856	10.8623
392.157	10.9022
392.458	10.4265
392.759	10.4447
393.066	9.29519
393.371	9.46824
393.675	10.2989
393.981	10.8431
394.283	10.885
394.585	10.5672
394.886	10.8034
395.187	10.6041
395.488	10.6041
395.79	10.6254
396.092	10.6864
396.393	10.8034
396.694	9.34534
396.994	9.53428
397.296	10.4094
397.597	10.9232
397.898	11.2616
398.199	11.2224
398.501	10.2275
398.801	10.383
399.103	11.1048
399.404	12.5176
399.705	11.8798
400.007	11.7397
400.308	11.5609
400.609	11.242
400.909	11.022
401.211	10.885
401.512	10.8623
401.814	10.885
402.116	10.885
402.417	10.904
402.718	10.9629
403.019	10.9821
403.319	11.1019
403.62	9.72897
403.921	9.78851
404.222	10.8225
404.523	11.1817
404.823	11.1019
405.124	10.4629
405.426	8.90059
405.727	8.98486
406.028	9.29723
406.329	9.68696
406.631	10.0625
406.932	9.71014
407.235	9.81243
407.536	9.67034
407.839	9.54088
408.142	9.51779
408.443	9.40816
408.744	9.40816
409.046	9.29598
409.346	9.34474
409.647	9.26487
409.947	9.34474
410.248	9.26487
410.549	9.35198
410.851	9.43157
411.152	9.43157
411.454	9.63054
411.756	9.73298
412.057	9.84668
412.377	8.77874
412.688	8.57573
412.991	9.4783
413.295	10.1754
413.597	10.607
413.899	10.4481
414.2	10.2453
414.5	9.9837
414.802	10.1081
415.104	10.0516
415.407	10.0151
415.708	10.1656
416.009	10.1257
416.31	10.1877
416.612	10.2673
416.913	10.2233
417.213	10.2233
417.513	10.3032
417.814	10.2233
418.114	10.2233
418.416	10.3071
418.718	10.3071
419.019	10.4447
419.319	10.5436
419.619	8.51276
419.921	9.95629
420.223	10.607
420.523	10.4629
420.824	10.3649
421.125	10.4048
421.427	10.2673
421.727	10.3032
422.029	8.10582
422.331	9.35531
422.631	9.5574
422.933	10.0557
423.233	10.3139
423.534	10.4916
423.835	10.6409
424.136	10.7132
424.438	10.8153
424.738	10.7774
425.04	10.8244
425.342	10.8056
425.644	10.8056
425.946	10.8056
426.248	10.8056
426.55	10.8244
426.85	10.8223
427.151	10.8832
427.452	10.8832
427.754	10.9645
428.055	10.9421
428.356	10.8642
428.657	10.6838
428.96	10.5672
429.29	9.58924
429.594	9.75174
429.899	10.6093
430.2	11.1986
430.501	11.2818
430.804	11.1437
431.107	10.8265
431.409	10.7868
431.71	10.7636
432.011	10.8223
432.312	10.8832
432.615	10.8869
432.916	11.0028
433.217	11.0632
433.518	11.022
433.818	11.1019
434.12	11.0632
434.42	11.022
434.722	11.0632
435.023	11.0825
435.324	11.1221
435.625	11.1226
435.926	11.2818
436.242	9.14666
436.548	10.3281
436.852	11.1711
437.153	11.5344
437.454	11.6406
437.756	11.4809
438.057	8.6368
438.358	9.07249
438.658	9.43854
438.96	9.19279
439.261	9.073
439.563	9.13749
439.865	8.95402
440.167	8.93845
440.469	8.85899
440.771	8.91422
441.073	8.96259
441.375	8.89872
441.676	8.92978
441.978	8.97817
442.28	8.91422
442.582	8.96259
442.885	8.96259
443.186	9.0652
443.488	9.08156
443.789	9.185
444.091	9.35916
444.392	7.74911
444.692	8.6332
444.993	9.04555
445.293	9.10513
445.595	9.1132
445.897	9.1132
446.198	9.16897
446.498	9.02526
446.8	7.19807
447.101	8.24162
447.403	8.61602
447.704	8.93025
448.007	9.137
448.308	9.18744
448.609	9.44421
448.91	9.4934
449.21	9.43237
449.512	9.46929
449.814	9.44969
450.114	9.4397
450.416	9.46272
450.719	9.44209
451.02	9.46652
451.323	9.47635
451.625	9.61237
451.927	9.712
452.228	9.82952
452.531	9.83505
452.834	9.93677
453.136	9.79539
453.437	9.56762
453.739	9.81243
454.04	7.78893
454.341	9.05779
454.643	9.61282
454.944	10.2748
455.246	10.4083
455.548	10.2097
455.85	9.90911
456.151	9.76695
456.452	9.78973
456.755	9.87471
457.055	9.86389
457.357	10.0111
457.659	9.93161
457.961	10.0285
458.262	10.046
458.564	10.0111
458.867	10.073
459.167	10.0636
459.468	10.0636
459.77	10.1127
460.072	10.1479
460.374	10.192
460.692	9.00218
461.001	9.03245
461.305	9.96061
461.609	10.6165
461.909	11.0352
462.21	11.0825
462.512	10.8244
462.813	10.0683
463.116	7.97375
463.416	9.02604
463.718	9.33118
464.021	9.69773
464.322	9.96708
464.623	10.105
464.923	10.273
465.223	10.4275
465.524	10.392
465.826	10.388
466.126	10.3926
466.427	10.388
466.728	10.3699
467.029	10.3722
467.329	10.3903
467.63	10.3699
467.931	10.4602
468.233	10.6144
468.534	10.644
468.835	10.7636
469.137	10.7448
469.438	10.8642
469.74	10.4083
470.042	10.4083
470.345	10.5489
470.655	8.10347
470.96	9.88859
471.266	10.5972
471.566	11.0343
471.867	11.1622
472.168	10.9821
472.47	10.5275
472.772	10.4878
473.073	10.506
473.376	10.607
473.677	10.6254
473.979	10.7261
474.281	10.7448
474.581	10.7824
474.882	10.7824
475.183	10.8244
475.484	10.7824
475.784	10.7824
476.085	10.8623
476.385	10.8223
476.687	10.8642
476.988	10.9629
477.288	9.03209
477.588	9.99669
477.891	10.7084
478.191	10.6627
478.492	10.7636
478.793	10.5827
479.094	10.6254
479.396	10.5856
479.697	8.31204
479.998	9.63064
480.303	10.0756
480.609	10.3536
480.914	10.6234
481.214	10.5428
481.517	10.491
481.82	10.6494
482.123	10.6282
482.424	10.6041
482.726	10.5489
483.029	10.3109
483.331	10.5856
483.632	10.5856
483.935	10.5489
484.236	10.5856
484.537	10.5827
484.84	10.491
485.141	10.644
485.442	10.7634
485.742	10.6228
486.044	10.8453
486.347	10.7659
486.648	10.923
486.948	9.54565
487.249	9.68789
487.549	10.3103
487.85	11.0498
488.151	11.2021
488.453	11.1234
488.755	10.8642
489.056	11.0825
489.357	10.923
489.657	10.8623
489.96	10.9851
490.262	11.0042
490.564	11.1234
490.866	11.1428
491.166	11.1817
491.467	11.1817
491.768	11.2224
492.07	11.2224
492.371	11.2224
492.673	11.2029
492.975	11.2426
493.277	11.2426
493.579	11.322
493.88	9.90592
494.181	10.1547
494.483	10.8238
494.783	11.5502
495.084	12.0791
495.385	12.0791
495.688	11.5203
495.99	11.0051
496.291	10.2248
496.592	9.67853
496.893	9.92969
497.193	9.95737
497.493	10.7964
497.794	11.0749
498.095	11.0619
498.396	10.9629
498.698	10.9248
498.999	10.8244
499.3	10.8623
499.6	10.9421
499.901	10.8623
500.201	10.8623
500.502	10.7824
500.803	10.904
501.104	10.9421
501.406	10.8453
501.706	10.9022
502.008	11.0632
502.31	11.0439
502.612	10.9836
502.913	11.1826
503.214	11.1019
503.516	11.3024
503.816	9.15385
504.117	9.89975
504.417	10.7145
504.718	11.3168
505.02	11.8536
505.321	11.9377
505.624	11.6398
505.925	11.0426
506.225	11.1019
506.526	11.9015
506.828	12.6727
507.129	13.0132
507.43	12.996
507.731	12.4597
508.031	12.4597
508.333	12.2571
508.634	12.2784
508.935	12.1987
509.236	12.1775
509.538	12.0979
509.838	12.1801
510.139	12.1801
510.439	12.26
510.741	12.3366
511.041	12.4597
511.342	12.5795
511.643	12.717
511.976	11.4047
512.279	11.5609
512.584	12.4742
512.886	12.9735
513.187	13.0359
513.488	12.8366
513.79	12.8714
514.091	12.7967
514.393	12.8142
514.695	12.8714
514.997	12.8327
515.298	14.3913
515.598	14.7359
515.899	14.5906
516.201	14.1672
516.502	14.0877
516.803	13.9772
517.104	13.8489
517.406	13.8248
517.708	13.7693
518.009	13.7693
518.31	13.8574
518.61	13.8574
518.912	13.8887
519.212	14.057
519.513	14.097
519.813	14.1768
520.114	14.4312
520.415	11.797
520.715	13.2154
521.016	13.985
521.318	14.5399
521.619	14.3116
521.921	14.3015
522.223	14.3264
522.524	14.2866
522.826	14.2318
523.127	14.3514
523.429	14.2618
523.729	11.3556
524.029	13.0154
524.33	13.5669
524.631	13.933
524.932	14.3928
525.233	14.457
525.533	14.6177
525.834	14.7102
526.135	14.7102
526.437	14.6193
526.739	14.6448
527.041	14.6193
527.343	14.6448
527.643	14.6161
527.945	14.6448
528.245	14.6161
528.547	14.6448
528.848	14.6846
529.149	14.6561
529.451	14.7385
529.752	14.7501
530.053	14.7244
530.354	14.0724
530.656	13.4673
530.957	11.1351
531.258	12.201
531.558	13.06
531.859	13.498
532.159	13.2983
532.462	13.4275
532.762	13.4181
533.062	13.2983
533.364	13.2917
533.666	13.4275
533.967	11.6421
534.268	11.6493
534.568	12.3804
534.87	12.6483
535.171	12.6194
535.471	12.6593
535.771	12.4197
536.072	12.22
536.374	12.2571
536.675	12.2969
536.976	12.22
537.277	12.1987
537.578	12.0979
537.879	11.9804
538.18	11.8798
538.482	11.6796
538.784	11.5207
539.085	11.3816
539.387	11.5009
539.687	11.5421
539.989	12.5536
540.29	12.5974
540.591	12.22
540.915	10.2309
541.222	11.0636
541.525	11.8648
541.828	12.5756
542.129	12.2386
542.431	12.7522
542.733	12.8938
543.034	12.5974
543.336	12.8714
543.637	12.7791
543.937	12.8191
544.239	12.854
544.539	12.859
544.84	12.859
545.141	12.8366
545.442	12.8366
545.742	12.859
546.044	12.8142
546.345	12.8142
546.647	12.7125
546.948	12.717
547.249	12.5974
547.551	12.633
547.869	11.1011
548.176	11.036
548.481	12.0868
548.782	12.8408
549.082	13.1313
549.384	13.2122
549.686	12.8316
549.988	12.196
550.288	12.3798
550.628	10.9807
550.936	10.7502
551.241	11.4348
551.544	11.8496
551.845	12.1179
552.147	12.3217
552.449	12.4162
552.749	12.4197
553.051	12.3764
553.353	12.3366
553.654	12.3366
553.956	12.3152
554.257	12.2784
554.558	12.3582
554.859	12.2999
555.159	12.2999
555.46	12.2784
555.762	12.3549
556.063	12.3798
556.365	12.3946
556.665	12.0204
556.966	9.58621
557.266	9.53413
557.569	10.4889
557.87	11.0969
558.171	11.1817
558.471	10.6227
558.773	8.23955
559.073	9.03505
559.374	9.42955
559.675	9.7396
559.975	9.91512
560.276	10.046
560.578	10.0683
560.879	9.98952
561.18	10.0452
561.482	9.93161
561.783	9.9837
562.083	9.9837
562.385	10.0285
562.688	9.91437
562.988	9.9837
563.291	9.99368
563.591	10.0236
563.894	10.0333
564.196	10.0508
564.498	10.17
564.799	10.1877
565.101	10.2275
565.401	10.423
565.703	10.4083
566.005	10.6263
566.307	8.31524
566.607	9.99721
566.907	10.4943
567.209	10.8244
567.511	10.6467
567.812	10.7237
568.114	10.7659
568.416	10.5672
568.717	10.5028
569.051	9.39582
569.362	9.06145
569.667	9.72571
569.972	10.1078
570.277	10.4342
570.579	10.6272
570.88	10.7045
571.181	10.6626
571.481	10.7425
571.783	10.6652
572.083	10.6227
572.386	10.6366
572.686	10.6142
572.988	10.6467
573.289	10.6041
573.591	10.6467
573.892	10.6041
574.194	10.6864
574.495	10.7237
574.797	10.7448
575.098	10.3032
575.398	7.63945
575.7	8.69032
576	8.90546
576.304	8.98664
576.606	8.84361
576.908	9.0179
577.21	8.4407
577.513	7.87777
577.813	8.26827
578.114	8.58595
578.416	8.76418
578.717	8.86552
579.018	8.87443
579.319	8.88992
579.622	8.86788
579.923	8.85005
580.225	8.75504
580.525	8.78565
580.828	8.80396
581.129	8.78565
581.43	8.75504
581.732	8.83463
582.033	8.79484
582.335	8.87443
582.636	8.96965
582.937	9.00951
583.239	9.13708
583.541	9.24019
583.844	9.3195
584.147	9.54088
584.461	8.40457
584.773	8.30774
585.078	9.22392
585.385	9.78713
585.686	9.80681
585.988	9.65352
586.291	9.81243
586.592	9.55095
586.893	9.72708
587.196	9.54088
587.499	9.69924
587.801	9.78973
588.102	9.78973
588.403	9.80681
588.704	9.90383
589.005	9.78973
589.307	9.86932
589.609	9.86932
589.911	9.83505
590.212	9.94376
590.513	9.86932
590.815	10.0285
591.116	10.0859
591.418	8.41796
591.72	9.3817
592.02	9.85849
592.323	10.0508
592.624	9.76695
592.926	9.97133
593.227	9.84668
593.546	8.55313
593.858	8.28432
594.163	8.96915
594.468	9.36711
594.773	9.64872
595.077	9.80743
595.379	10.0202
595.68	10.0395
595.981	10.1635
596.284	10.1609
596.585	10.1864
596.886	10.1334
597.187	10.1334
597.489	10.1776
597.789	10.1334
598.09	10.1334
598.392	10.1776
598.694	10.3063
598.996	10.3686
599.298	10.4878
599.6	10.4878
599.901	10.5458
600.203	10.3867
600.504	10.046
600.804	10.3032
601.105	9.88846
601.406	9.46537
601.706	9.97958
602.007	10.1372
602.308	10.7824
602.61	10.5672
602.911	10.4663
603.212	10.4629
603.513	10.3251
603.815	10.4696
604.116	10.5244
604.418	10.5275
604.719	10.6041
605.02	10.7025
605.32	10.6227
605.621	10.6227
605.922	10.6652
606.224	10.6652
606.524	10.7025
606.825	10.6838
607.128	10.7659
607.429	10.8034
607.729	10.9421
608.032	11.0248
608.332	9.38135
608.633	10.2869
608.934	10.5859
609.236	10.7261
609.536	10.7025
609.837	10.6227
610.138	10.5856
610.439	11.5238
610.74	12.7568
611.042	12.6152
611.343	12.3183
611.644	12.2571
611.945	11.9804
612.246	11.9387
612.548	11.8385
612.849	11.8001
613.15	11.7408
613.45	11.7408
613.752	11.6999
614.052	11.7808
614.354	11.6999
614.654	11.9006
614.955	11.8606
615.255	11.9801
615.557	12.2176
615.858	12.2386
616.158	9.83245
616.459	11.6161
616.76	12.2043
617.062	12.8246
617.363	12.8938
617.664	12.6372
617.965	12.3398
618.267	12.2357
618.568	12.2784
618.868	12.1801
619.169	12.3398
619.471	12.3764
619.771	12.3798
620.072	12.4379
620.374	12.4958
620.675	12.4958
620.976	12.5395
621.277	12.5754
621.579	12.5754
621.879	12.5395
622.181	12.5933
622.482	12.6372
622.784	10.9843
623.084	11.1904
623.384	12.1411
623.686	12.8785
623.988	12.9336
624.288	12.7791
624.588	9.55985
624.889	10.1241
625.192	10.686
625.494	10.5275
625.795	10.3251
626.096	10.3469
626.398	10.1479
626.699	10.0683
627.001	9.98871
627.301	9.90383
627.603	9.93161
627.905	9.93161
628.207	9.93161
628.508	9.91175
628.81	9.94099
629.112	9.93161
629.413	9.96627
629.713	10.0236
630.014	10.0236
630.315	10.0683
630.617	10.2673
630.924	8.38326
631.23	9.47514
631.533	10.1533
631.834	10.4842
632.135	10.2852
632.436	10.1035
632.737	10.3071
633.038	10.1257
633.339	10.2055
633.642	10.192
633.944	10.3686
634.253	8.46866
634.558	9.45227
634.861	10.2149
635.162	10.8903
635.462	11.0389
635.762	11.0619
636.063	10.8623
636.364	10.923
636.665	10.923
636.967	10.9248
637.268	10.9438
637.569	10.9421
637.871	10.9455
638.172	10.9421
638.474	10.9645
638.777	10.9455
639.077	10.9421
639.379	10.9645
639.68	10.923
639.981	10.9022
640.282	10.9629
640.583	10.8642
640.884	10.8223
641.185	8.91495
641.485	10.1089
641.789	10.8605
642.09	11.3002
642.39	11.262
642.692	8.98284
642.992	8.67843
643.293	9.12782
643.595	9.19279
643.895	9.22494
644.196	8.85005
644.5	8.74911
644.801	8.63565
645.103	8.62064
645.405	8.59586
645.705	8.70578
646.008	8.72464
646.309	8.67545
646.611	8.73981
646.914	8.72464
647.214	8.70578
647.516	8.73981
647.819	8.77954
648.119	8.74572
648.42	8.90546
648.72	8.94539
649.021	7.89444
649.323	7.91917
649.623	8.51573
649.925	9.24012
650.226	9.72295
650.529	9.8739
650.83	9.90383
651.131	9.16897
651.431	7.19191
651.732	7.98054
652.032	8.34724
652.335	8.39161
652.636	8.85285
652.939	8.92293
653.242	8.82829
653.543	8.87443
653.845	8.73981
654.146	8.69059
654.45	8.61541
654.751	8.70578
655.052	8.69059
655.352	8.70578
655.654	8.59586
655.954	8.70578
656.256	8.77954
656.559	8.84361
656.862	8.82829
657.164	9.05763
657.465	9.20884
657.767	9.1132
658.068	9.44803
658.369	9.51116
658.67	9.68801
658.97	7.75954
659.271	9.05873
659.572	9.76281
659.873	10.1081
660.175	9.72708
660.477	9.91437
660.778	9.84668
661.079	9.76695
661.382	9.67604
661.683	9.79011
661.985	9.81243
662.286	9.80681
662.588	9.93161
662.89	9.86932
663.19	9.90383
663.493	9.91437
663.794	9.90383
664.096	9.91437
664.397	9.96627
664.699	10.0508
665	10.0236
665.301	10.2055
665.602	10.2673
665.902	8.51561
666.203	9.52703
666.504	9.86814
666.804	10.0236
667.105	10.046
667.407	9.98871
667.707	9.94376
668.008	8.66753
668.309	8.73228
668.612	9.20922
668.913	9.68647
669.216	9.76635
669.518	9.89188
669.818	9.82396
670.119	9.96627
670.421	9.97133
670.722	9.80681
671.024	9.78973
671.326	9.67642
671.627	9.90383
671.927	9.74409
672.229	9.78973
672.53	9.78973
672.831	9.82396
673.133	9.90911
673.434	9.84668
673.736	10.0905
674.038	10.0738
674.339	10.1648
674.64	10.2632
674.941	10.3469
675.242	10.3839
675.542	8.74979
675.844	9.61434
676.145	10.2475
676.447	10.5992
676.75	10.5306
677.051	10.6227
677.351	10.4629
677.652	10.5642
677.953	10.4845
678.256	10.5672
678.556	8.45348
678.857	9.33902
679.158	9.86457
679.46	10.215
679.76	10.5451
680.061	10.6851
680.363	10.7787
680.664	10.7846
680.966	10.8244
681.266	10.7025
681.568	10.7448
681.87	10.7261
682.172	10.7261
682.474	10.7472
682.775	10.7635
683.076	10.6839
683.378	10.7448
683.68	10.7261
683.981	10.8623
684.283	10.8453
684.585	10.7075
684.887	7.92463
685.188	8.7657
685.488	8.94539
685.791	8.7887
686.094	8.88327
686.395	7.60257
686.698	7.65944
686.998	8.03466
687.3	8.39179
687.601	8.68909
687.903	8.90764
688.204	8.81019
688.506	8.44704
688.807	8.85005
689.108	8.77032
689.411	8.72464
689.711	8.62591
690.012	8.54604
690.312	8.70578
690.613	8.70578
690.913	8.70578
691.216	8.52635
691.516	8.78565
691.817	8.92978
692.119	8.95402
692.419	8.86552
692.721	9.19279
693.022	9.20884
693.323	9.40816
693.625	9.49462
693.925	7.94858
694.227	8.87938
694.534	9.6226
694.835	10.1002
695.136	9.96627
695.438	9.81243
695.74	9.73298
696.042	9.71014
696.343	9.62428
696.644	9.74993
696.946	9.81243
697.248	9.78973
697.548	9.90383
697.85	9.93161
698.152	9.86
698.453	9.89591
698.755	9.93161
699.057	9.91437
699.358	9.96627
699.659	9.94376
699.96	10.0683
700.262	10.0061
700.563	10.2852
700.863	8.94639
701.165	9.26495
701.466	9.88869
701.767	10.1479
702.068	10.046
702.369	10.0061
702.672	10.0333
702.974	9.91517
703.292	7.97526
703.596	9.09059
703.899	9.515
704.204	9.77165
704.509	9.9813
704.809	10.04
705.111	9.90911
705.414	9.85759
705.717	9.73883
706.018	9.88654
706.319	9.80681
706.621	9.78973
706.922	9.72708
707.224	9.85215
707.525	9.80681
707.827	9.7727
708.128	9.82952
708.431	9.97133
708.732	9.98871
709.033	9.9837
709.335	10.2097
709.637	10.192
709.939	10.3289
710.241	10.4083
710.542	9.17075
710.844	9.39736
711.145	10.1224
711.446	10.6272
711.747	10.7425
712.048	10.3867
712.349	10.644
712.652	10.4514
712.953	10.5244
713.254	10.5028
713.555	9.21003
713.856	9.11944
714.157	9.72574
714.459	10.0645
714.761	10.3335
715.062	10.5725
715.364	10.7261
715.666	10.6467
715.967	10.705
716.268	10.6227
716.57	10.6282
716.871	10.6041
717.172	10.6041
717.473	10.6041
717.774	10.6227
718.074	10.6227
718.375	10.6041
718.677	10.6254
718.979	10.705
719.281	10.7261
719.617	8.67523
719.921	8.36321
720.221	9.023
720.522	8.81019
720.824	8.83463
721.125	8.90546
721.427	8.84361
721.74	7.00783
722.045	8.07734
722.351	8.42891
722.657	8.71782
722.962	8.96501
723.264	8.94149
723.565	8.73046
723.867	8.58091
724.17	8.7887
724.473	8.72464
724.776	8.70952
725.076	8.46617
725.379	8.72464
725.68	8.67545
725.981	8.70578
726.281	8.66585
726.582	8.70578
726.884	8.88327
727.187	9.0179
727.488	8.96965
727.79	9.13708
728.091	9.31218
728.392	9.40816
728.694	9.65352
728.995	7.62916
729.296	8.87519
729.599	9.48379
729.899	9.78402
730.2	9.96627
730.501	9.46454
730.803	9.99368
731.105	9.69325
731.407	9.69325
731.709	9.65352
732.01	9.78402
732.312	9.7727
732.614	9.85215
732.914	9.90383
733.215	9.90383
733.517	9.93161
733.818	9.90383
734.119	9.96627
734.42	9.94891
734.723	9.95402
735.024	10.0683
735.325	10.0859
735.626	10.2852
735.928	8.99497
736.237	8.9882
736.541	9.96285
736.842	10.5557
737.144	10.6652
737.446	10.6679
737.747	7.77902
738.052	8.50436
738.355	8.84361
738.657	8.34255
738.958	8.35708
739.259	8.37167
739.562	8.12978
739.863	8.07851
740.165	8.10419
740.467	8.18364
740.77	8.16944
741.072	8.18364
741.375	8.15528
741.676	8.21221
741.977	8.1467
742.278	8.1979
742.579	8.2665
742.88	8.31729
743.181	8.34637
743.481	8.54604
743.782	7.45622
744.084	7.30593
744.388	7.64063
744.69	5.44367
744.995	6.32713
745.299	6.6395
745.603	6.8522
745.914	6.94541
746.215	6.7372
746.516	6.41828
746.822	6.76238
747.125	6.41337
747.426	6.3673
747.728	6.27678
748.032	6.2442
748.334	6.19732
748.636	6.20812
748.937	6.12853
749.24	6.30554
749.54	6.26976
749.842	6.48669
750.143	6.44689
750.447	6.71844
750.749	6.95213
751.051	5.7584
751.357	6.51176
751.662	7.04438
751.969	7.46262
752.271	7.58775
752.573	7.11103
752.876	7.41595
753.179	7.19268
753.481	7.24281
753.785	7.14081
754.087	7.23021
754.389	7.24281
754.689	7.18826
754.993	7.18026
755.296	7.21766
755.598	7.24246
755.9	7.218
756.203	7.21766
756.505	7.34939
756.807	7.33663
757.109	7.54802
757.411	7.62747
757.716	6.96821
758.022	7.27143
758.324	7.76498
758.625	7.66748
758.925	7.70741
759.226	7.6541
759.528	7.72035
759.831	7.64063
760.133	6.67435
760.435	6.35645
760.742	6.7
761.046	6.23341
761.35	6.47013
761.654	6.35177
761.955	6.50937
762.259	6.54903
762.56	6.53788
762.861	6.61761
763.163	6.59459
763.465	6.58314
763.767	6.60608
764.067	6.62917
764.368	6.53788
764.673	6.58848
764.975	6.66245
765.276	6.78891
765.576	7.30026
765.877	8.2179
766.178	8.02689
766.48	8.20909
766.782	8.1979
767.083	7.13665
767.385	7.50741
767.686	8.17319
767.986	8.62873
768.289	9.00317
768.593	9.42999
768.897	9.72298
769.201	9.94939
769.506	10.1053
769.82	7.18294
770.127	6.76819
770.434	4.84369
770.734	5.4284
771.038	5.37087
771.342	5.76816
771.646	5.966
771.947	6.00914
772.25	5.86378
772.552	5.72601
772.857	5.74016
773.161	5.75999
773.463	5.73057
773.765	5.71067
774.069	5.69091
774.372	5.71067
774.674	5.75033
774.975	5.87041
775.276	5.92955
775.578	6.04894
775.879	6.21895
776.179	6.50937
776.483	6.52084
776.786	7.00721
777.087	7.14833
777.387	6.14749
777.691	6.98372
777.992	7.09879
778.295	7.60067
778.597	7.86583
778.899	7.68056
779.201	7.60097
779.503	7.89183
779.805	7.82611
780.107	7.99892
780.408	7.97302
780.709	8.03872
781.011	8.10419
781.314	8.0761
781.615	8.1467
781.915	8.1467
782.218	8.10419
782.52	8.10419
782.822	8.12978
783.125	8.12978
783.427	8.09078
783.73	8.08946
784.031	8.13315
784.332	9.88654
784.632	9.30481
784.934	9.91702
785.234	8.34009
785.537	8.35945
785.838	9.28575
786.139	9.78131
786.443	10.0208
786.744	10.1834
787.045	10.0683
787.347	10.4265
787.648	10.2852
787.95	10.3686
788.251	10.3071
788.552	10.3032
788.852	10.383
789.153	10.3032
789.455	10.3109
789.757	10.3469
790.057	10.3032
790.359	10.3469
790.66	10.2852
790.962	10.3867
791.263	10.1877
791.564	10.3649
791.865	10.2453
792.167	10.2673
792.467	7.83699
792.768	9.56862
793.069	10.3597
793.37	10.7706
793.67	11.116
793.971	11.2622
794.272	11.3616
794.573	10.644
794.874	10.3032
795.175	10.5458
795.477	10.5543
795.778	10.3747
796.079	10.6041
796.381	10.6467
796.683	10.4878
796.984	10.5856
797.286	10.5856
797.587	10.4447
797.888	10.5244
798.189	10.6254
798.49	10.5827
798.791	8.6913
799.092	8.8317
799.394	9.19279
799.697	9.12122
800.026	8.41672
800.343	7.94739
800.649	8.70297
800.955	9.08958
801.256	9.46422
801.556	8.82559
801.858	8.58091
802.161	9.05763
802.463	8.85899
802.764	8.75504
803.065	8.77032
803.366	8.70578
803.667	8.67545
803.969	8.58091
804.272	8.49344
804.573	8.42996
804.876	8.40738
805.176	8.50611
805.479	8.52635
805.781	8.67545
806.082	8.75504
806.383	8.90546
806.685	9.0981
806.986	10.7653
807.288	11.3618
807.59	11.4412
807.891	11.242
808.191	9.43666
808.492	10.4457
808.794	11.1259
809.095	11.9081
809.397	11.759
809.699	11.8591
810	11.8989
810.302	11.9179
810.603	12.0393
810.904	12.0204
811.204	12.0204
811.505	12.1002
811.806	12.0979
812.108	12.0979
812.409	12.0183
812.71	12.0603
813.011	12.0393
813.312	12.0393
813.614	11.9974
813.915	11.9804
814.217	11.9577
814.517	11.8606
814.819	11.8782
815.12	10.8644
815.42	10.3696
815.723	11.0367
816.024	12.0659
816.326	12.0371
816.628	11.7684
816.93	11.8894
817.23	11.7408
817.532	11.8385
817.833	11.8207
818.133	12.0204
818.435	11.9785
818.735	12.1402
819.036	12.1402
819.337	12.1775
819.638	12.22
819.939	12.1775
820.24	12.22
820.541	12.1775
820.842	12.1402
821.144	12.196
821.444	12.1801
821.746	12.2173
822.048	10.0127
822.349	11.1907
822.65	11.9824
822.951	12.456
823.252	12.5795
823.579	10.2839
823.882	9.762
824.183	10.3588
824.484	10.0859
824.785	10.046
825.089	9.89718
825.39	9.86932
825.692	9.81243
825.994	9.65352
826.296	9.63054
826.597	9.71014
826.898	9.80681
827.199	9.72708
827.5	9.74409
827.801	9.72708
828.101	9.74409
828.402	9.72708
828.703	9.76695
829.004	9.76695
829.305	9.84668
829.608	9.91437
829.922	7.7094
830.228	9.42789
830.533	10.1227
830.833	10.6495
831.135	10.7659
831.437	10.9438
831.739	10.9645
832.041	10.0905
832.342	8.548
832.642	8.58713
832.943	8.95571
833.244	9.29073
833.547	9.61003
833.849	9.91211
834.15	9.8451
834.453	9.46171
834.754	9.80681
835.055	9.72708
835.356	9.66422
835.656	9.66422
835.957	9.50448
836.26	9.67642
836.562	9.79539
836.865	9.75574
837.166	9.78973
837.467	9.66422
837.769	9.85215
838.07	9.84668
838.371	9.92641
838.671	9.9837
838.974	10.1523
839.275	10.2055
839.575	10.3032
839.877	8.54725
840.178	9.50242
840.48	9.98245
840.78	10.4515
841.081	10.6838
841.384	10.4299
841.686	10.3867
841.987	10.4048
842.288	10.3649
842.588	10.423
842.89	10.4663
843.191	10.5244
843.493	10.5672
843.794	10.6652
844.096	10.6652
844.397	10.6652
844.698	10.7025
844.998	10.6227
845.3	10.6652
845.6	10.6626
845.901	10.6227
846.203	10.7868
846.542	9.52774
846.854	9.3138
847.159	10.3778
847.46	10.9539
847.763	11.1631
848.064	11.1826
848.364	8.6775
848.666	8.57435
848.967	9.1387
849.268	9.0652
849.57	8.88327
849.871	8.96965
850.173	8.75504
850.474	8.67545
850.776	8.62064
851.079	8.56601
851.379	8.62662
851.681	8.61015
851.982	8.53113
852.284	8.56601
852.585	8.61086
852.888	8.56601
853.189	8.59586
853.492	8.68498
853.793	8.63565
854.096	8.88327
854.398	8.97817
854.698	7.94936
855.001	8.14396
855.302	8.67449
855.603	9.185
855.903	9.185
856.204	8.96965
856.507	9.0419
856.809	8.96259
857.11	9.00951
857.412	9.19279
857.713	9.27238
858.015	9.21653
858.318	9.37544
858.62	9.37544
858.921	9.31218
859.223	9.39177
859.525	9.35916
859.826	9.32843
860.127	9.3292
860.428	9.3839
860.728	9.46454
861.031	9.47813
861.333	9.69325
861.633	8.46782
861.935	8.78319
862.236	9.376
862.537	10.075
862.838	10.3431
863.138	10.4629
863.439	9.9837
863.739	9.58435
864.041	7.83725
864.342	8.25898
864.642	8.8373
864.944	9.24977
865.246	9.47604
865.547	9.66573
865.848	9.85429
866.149	9.93027
866.45	9.88739
866.751	9.89565
867.051	9.91446
867.353	9.93077
867.654	9.94787
867.956	9.93676
868.258	9.93676
868.56	10.0718
868.861	10.046
869.162	10.0859
869.464	10.1302
869.767	10.1347
870.068	10.2055
870.368	10.1035
870.67	9.71014
870.972	9.7727
871.298	8.35737
871.603	9.01073
871.908	9.65193
872.208	10.1853
872.51	9.86932
872.812	10.1127
873.113	9.94376
873.414	10.0859
873.715	9.94891
874.017	9.97133
874.32	8.09071
874.62	9.02878
874.922	9.34041
875.223	9.63865
875.524	9.91219
875.825	10.1489
876.126	10.254
876.428	10.2713
876.729	10.2055
877.03	10.2055
877.332	10.1872
877.634	10.1705
877.936	10.17
878.238	10.17
878.539	10.1434
878.84	10.1877
879.142	10.2097
879.443	10.2453
879.744	10.1834
880.044	10.3032
880.346	8.14682
880.648	7.99803
880.954	8.54802
881.254	8.38631
881.557	8.55117
881.86	8.46173
882.163	7.44364
882.469	7.44396
882.773	7.86534
883.077	8.22862
883.379	8.434
883.679	8.43637
883.983	8.41781
884.286	8.51158
884.587	8.35708
884.889	8.43668
885.192	8.39281
885.493	8.30634
885.793	8.30653
886.096	8.40738
886.396	8.38631
886.698	8.27749
886.999	8.39644
887.302	8.43284
887.603	8.57099
887.905	8.66036
888.209	8.63034
888.509	8.98533
888.809	8.94539
889.112	9.21653
889.412	9.30481
889.714	7.28123
890.014	8.67985
890.317	9.45618
890.618	9.93265
890.919	9.44803
891.22	9.35198
891.521	9.64735
891.823	9.45489
892.125	9.41516
892.427	9.43157
892.73	9.55745
893.032	9.59711
893.334	9.6138
893.635	9.74409
893.935	9.66422
894.237	9.63054
894.539	9.67627
894.842	9.67658
895.143	9.71014
895.446	9.73298
895.747	9.76695
896.049	9.85215
896.349	9.26759
896.652	8.79291
896.953	9.3009
897.253	9.77521
897.555	9.78973
897.856	9.68722
898.158	9.6138
898.461	9.65965
898.763	7.3202
899.064	8.72152
899.365	9.12689
899.666	9.33997
899.968	9.56638
900.27	9.76323
900.572	9.93785
900.874	9.99633
901.174	9.89445
901.476	9.94056
901.779	9.92396
902.081	9.92164
902.383	9.92628
902.686	9.92164
902.987	10.0609
903.288	10.063
903.591	10.0649
903.892	10.1434
904.193	10.3032
904.494	10.3469
904.796	10.3686
905.097	10.2632
905.4	9.97636
905.702	10.3686
906.002	8.94713
906.303	9.14554
906.608	9.92522
906.914	10.4689
907.215	10.2055
907.517	10.5489
907.819	10.4663
908.119	10.3032
908.421	10.3071
908.722	10.3071
909.024	10.3867
909.325	10.4663
909.627	10.506
909.929	10.5854
910.229	10.6229
910.53	10.6041
910.832	10.6467
911.135	10.6282
911.436	10.6652
911.738	10.6652
912.04	10.6687
912.342	10.6855
912.643	10.7425
912.946	10.867
913.246	8.75822
913.546	10.1376
913.848	10.7659
914.149	10.5642
914.451	10.5458
914.751	10.5028
915.054	10.5092
915.355	8.37358
915.656	9.32663
915.958	9.78654
916.259	10.1067
916.561	10.3716
916.862	10.6495
917.164	10.7983
917.467	10.8674
917.768	11.0264
918.069	11.022
918.369	11.0352
918.669	11.022
918.97	11.0028
919.271	11.0028
919.572	11.022
919.872	11.022
920.173	11.0028
920.474	11.0619
920.775	11.0426
921.076	11.1428
921.378	11.1428
921.68	11.1428
921.98	10.8623
922.282	10.7261
922.583	10.8623
922.883	8.94207
923.183	10.0324
923.485	10.664
923.787	10.8583
924.089	10.9455
924.39	10.9022
924.692	10.9248
924.992	10.8623
925.293	10.8623
925.595	10.8453
925.897	11.0042
926.198	11.0426
926.5	11.0439
926.802	11.1428
927.102	11.1817
927.403	11.1817
927.704	11.2224
928.006	11.2224
928.307	11.2224
928.609	11.2224
928.91	11.2622
929.211	11.2818
929.512	11.4014
929.813	12.0623
930.113	13.0187
930.415	12.5356
930.716	12.6771
931.017	9.77019
931.319	11.6029
931.619	12.4754
931.921	12.9645
932.222	12.9163
932.522	12.859
932.823	13.0359
933.125	12.9508
933.427	13.0303
933.728	13.0587
934.029	13.0132
934.331	13.1724
934.632	13.053
934.933	13.1785
935.234	13.053
935.535	13.1555
935.837	13.053
936.137	13.1785
936.438	13.0187
936.739	12.9734
937.041	12.9336
937.343	12.8316
937.644	12.8989
937.945	11.2434
938.245	11.413
938.546	12.3318
938.847	13.0152
939.15	13.2852
939.451	12.9163
939.751	9.7154
940.053	10.2612
940.354	10.6838
940.655	10.9438
940.956	10.923
941.257	10.2055
941.559	10.0683
941.861	9.98871
942.162	10.1479
942.464	10.17
942.766	10.1081
943.068	10.2494
943.37	10.2494
943.672	10.2316
943.974	10.2673
944.277	10.2316
944.578	10.2673
944.88	10.3071
945.18	10.3431
945.482	10.3867
945.782	10.5428
946.083	9.26743
946.384	9.43043
946.686	10.2595
946.988	10.8544
947.289	11.242
947.591	11.2823
947.891	10.9022
948.193	10.4083
948.494	9.30677
948.796	8.78699
949.098	9.2603
949.399	9.66813
949.7	10.0373
950.001	10.1257
950.302	10.1035
950.603	10.0061
950.905	9.97133
951.207	9.93161
951.508	9.9837
951.81	9.83505
952.113	9.91437
952.414	9.94891
952.716	9.94891
953.017	9.86932
953.318	9.90383
953.618	10.0236
953.921	9.95402
954.221	10.1434
954.523	10.0905
954.824	10.2233
955.126	10.3071
955.428	10.3289
955.751	9.23657
956.056	9.40126
956.36	10.1958
956.666	10.7645
956.967	10.4629
957.268	10.705
957.571	10.6679
957.873	10.506
958.175	10.4878
958.475	10.423
958.776	10.5642
959.079	10.5885
959.379	10.6227
959.68	10.7025
959.982	10.6282
960.283	10.6838
960.585	10.7261
960.887	10.6652
961.188	10.7448
961.489	10.6838
961.791	10.7659
962.094	10.7667
962.395	12.119
962.697	12.3152
962.998	12.0979
963.299	11.9197
963.6	10.2863
963.9	10.59
964.202	11.3955
964.503	12.0449
964.806	12.196
965.107	12.4379
965.407	12.4197
965.708	12.2784
966.009	12.5974
966.311	12.4958
966.611	12.4996
966.912	12.5795
967.213	12.5754
967.514	12.5395
967.815	12.5754
968.117	12.5754
968.417	12.5395
968.719	12.5754
969.02	12.4958
969.322	12.4741
969.623	12.398
969.925	12.3549
970.226	12.3183
970.529	12.3152
970.829	10.0999
971.131	11.2565
971.432	12.0338
971.733	12.6381
972.033	12.8989
972.335	12.8714
972.637	12.5575
972.937	12.1402
973.237	12.0603
973.54	9.79699
973.845	10.8181
974.15	11.2478
974.454	11.6369
974.755	11.962
975.057	12.1009
975.359	12.196
975.66	12.2386
975.96	12.1801
976.261	12.119
976.562	12.1402
976.862	12.1402
977.163	12.1402
977.464	12.0979
977.766	12.0979
978.068	12.1775
978.37	12.0768
978.671	12.2173
978.972	12.1589
979.274	12.196
979.576	12.1775
979.876	9.54862
980.176	9.31164
980.477	10.2121
980.778	10.7824
981.08	11.0439
981.383	10.8473
981.684	8.04907
981.985	8.70214
982.286	9.13005
982.586	9.47428
982.886	9.67002
983.188	9.78973
983.488	9.78402
983.79	9.65352
984.093	9.58047
984.396	9.73883
984.697	9.66422
984.997	9.66422
985.298	9.58435
985.598	9.74409
985.899	9.66422
986.199	9.66422
986.5	9.62428
986.8	9.78402
987.101	9.76695
987.403	9.7727
987.704	9.9837
988.006	9.97133
988.307	10.0859
988.609	10.17
988.91	8.97096
989.211	9.05117
989.513	9.84861
989.814	10.4788
990.116	10.1081
990.416	10.4629
990.718	10.3071
991.019	10.2055
991.32	10.2673
991.623	10.2713
991.924	10.2632
992.225	10.4048
992.527	10.3903
992.83	10.4696
993.133	10.4514
993.433	10.4629
993.734	10.5244
994.035	10.4447
994.337	10.506
994.638	10.506
994.94	10.5458
995.278	9.36516
995.589	9.19597
995.893	10.1848
996.193	10.8324
996.494	10.923
996.796	11.0234
997.098	8.6477
997.4	8.54912
997.702	8.92948
998.003	9.14507
998.304	8.91422
998.606	8.91422
998.907	8.81019
999.209	8.70009
999.509	8.62591
999.811	8.50146
1000.11	8.47199
1000.42	8.43668
1000.72	9.58667
