10.1001	10
10.2011	11
10.2032	13
10.2056	15
10.2076	17
10.2096	19
10.3021	21
10.3042	23
10.3053	25
10.3084	27
10.31	29
10.3126	31
10.3142	33
10.3169	35
10.3184	37
10.4032	39
10.4042	41
10.4074	43
10.4084	45
10.4095	47
10.4105	49
10.4158	51
10.4168	53
10.4184	55
10.4205	57
10.4242	59
10.4252	61
10.4268	63
10.4289	65
10.4326	67
10.4336	69
10.4352	71
10.4373	73
10.5042	75
10.5052	77
10.5063	79
10.5074	81
10.5126	83
10.5137	85
10.5147	87
10.5158	89
10.5168	91
10.5179	93
10.5189	95
10.52	97
10.5294	99
10.5305	101
10.5315	103
10.5326	105
10.5352	107
10.5368	109
10.5394	111
10.541	113
10.5462	115
10.5473	117
10.5483	119
10.5494	121
10.552	123
10.5536	125
10.5647	85
10.8483	86
10.8515	59
11.0183	60
11.0492	61
11.1114	62
11.2012	63
11.2594	64
11.3636	65
11.4655	66
11.5693	67
11.6753	68
11.8068	69
11.9718	70
12.169	71
12.4248	72
12.768	73
14.765	49
14.9894	50
14.9908	51
15.0053	52
15.0607	53
15.1289	54
15.1856	55
15.2479	56
15.3167	57
15.3868	58
15.4574	59
15.5378	60
15.6132	61
15.6993	62
15.7895	63
15.8831	64
15.9839	65
16.0921	66
16.2085	67
16.3382	68
16.486	69
16.6527	70
16.8472	71
17.097	72
17.4471	73
17.5843	49
17.6882	50
17.701	51
17.7047	52
17.7624	53
17.8216	54
17.8828	55
17.9491	56
18.014	57
18.0882	58
18.1568	59
18.2328	60
18.3125	61
18.396	62
18.4868	63
18.5814	64
18.6834	65
18.7891	66
18.9097	67
19.0376	68
19.1841	69
19.3492	70
19.5476	71
19.7942	72
20.1484	73
22.8615	74
23.2157	75
23.4623	76
23.6607	77
23.8258	78
23.9723	79
24.1	80
24.2202	81
24.3266	82
24.4299	83
24.5224	84
24.6106	85
24.6969	86
24.7764	87
24.8526	88
24.9259	89
24.9319	60
25.0512	61
25.0626	62
25.0657	63
25.1018	64
25.1528	65
25.2085	66
25.2625	67
25.318	68
25.3783	69
25.4386	70
25.502	71
25.5653	72
25.6318	73
25.7013	74
25.774	75
25.8528	76
25.9316	77
26.0151	78
26.1032	79
26.1974	80
26.2979	81
26.4067	82
26.5263	83
26.6565	84
26.8008	85
26.9685	86
27.1639	87
27.4116	88
27.7652	89
27.9408	60
28.0687	61
28.0834	62
28.0865	63
28.1179	64
28.1703	65
28.2253	66
28.2807	67
28.3373	68
28.3957	69
28.4548	70
28.5192	71
28.5835	72
28.6509	73
28.7212	74
28.7916	75
28.8679	76
28.9472	77
29.034	78
29.1223	79
29.2166	80
29.3169	81
29.4261	82
29.5444	83
29.6746	84
29.8197	85
29.9859	86
30.1819	87
30.4289	88
30.7836	89
33.497	90
33.8487	91
34.0986	92
34.2947	93
34.4597	94
34.6053	95
34.7366	96
34.855	97
34.9634	98
35.0628	99
35.1569	100
35.2008	68
35.4304	69
35.4318	70
35.4344	71
35.4713	72
35.5197	73
35.5682	74
35.6195	75
35.6722	76
35.7258	77
35.781	78
35.8373	79
35.8952	80
35.9573	81
36.0188	82
36.0829	83
36.1496	84
36.2215	85
36.2934	86
36.3706	87
36.4504	88
36.5328	89
36.6213	90
36.7153	91
36.8169	92
36.9255	93
37.0431	94
37.174	95
37.3194	96
37.486	97
37.6824	98
37.9298	99
38.2826	100
40.9966	101
41.3509	102
41.5987	103
41.7956	104
41.9603	105
42.1065	106
42.2369	107
42.3545	108
42.4629	109
42.5635	110
42.6595	111
42.7484	112
42.8321	113
42.9108	114
42.9876	115
43.0597	116
43.131	117
43.1966	118
43.262	119
43.3236	120
43.3852	121
43.4423	122
43.4996	123
43.555	124
43.6083	125
43.6616	126
43.7128	127
43.7617	128
43.8105	129
43.8572	130
43.9038	131
43.9483	132
43.9927	133
44.0373	134
44.0796	135
44.121	136
44.1635	137
44.2038	138
44.242	139
44.2824	140
44.3207	141
44.3589	142
44.3952	143
44.4314	144
44.4676	145
44.5038	146
44.5379	147
44.572	148
44.6061	149
44.6402	150
44.6743	151
44.7062	152
44.7381	153
44.77	154
44.8019	155
44.8338	156
44.8635	157
44.8932	158
44.9229	159
44.9526	160
44.9823	161
45.012	162
45.0417	163
45.0692	164
45.0989	165
45.1253	166
45.1528	167
45.1803	168
45.2078	169
45.2331	170
45.2606	171
45.2859	172
45.3134	173
45.3387	174
45.364	175
45.3893	176
45.4146	177
45.4883	178
45.5367	179
45.5829	180
45.6236	181
45.6577	182
45.6907	183
45.7226	184
45.7501	185
45.7787	186
45.8084	187
45.8341	188
45.8553	189
45.8774	190
45.8987	191
45.9217	192
45.9448	193
45.9679	194
45.9909	195
46.014	196
46.0371	197
46.0592	198
46.0826	199
46.1041	200
46.1238	201
46.1453	202
46.1669	203
46.1884	204
46.211	141
46.379	142
46.3799	143
46.3816	144
46.4267	145
46.4597	146
46.5031	147
46.5447	148
46.5822	149
46.6149	150
46.6467	151
46.6778	152
46.7137	153
46.748	154
46.7808	155
46.8168	156
46.853	157
46.8876	158
46.9255	159
46.9621	160
46.9955	161
47.0386	162
47.074	112
47.2351	113
47.2417	114
47.3011	115
47.3599	116
47.4205	117
47.4823	118
47.5479	119
47.6015	120
47.6848	121
47.7577	122
47.8105	123
47.9127	124
47.9722	125
48.0765	126
48.1803	127
48.2307	128
48.3364	129
48.4405	130
48.5467	131
48.6549	132
48.7842	133
48.9491	134
49.1467	135
49.3947	136
49.7478	137
52.4616	138
52.8138	139
53.0611	140
53.2583	141
53.4253	142
53.5713	143
53.7009	144
53.8184	145
53.9279	146
54.0276	147
54.1234	148
54.211	149
54.2713	102
54.4774	103
54.4785	104
54.4806	105
54.4849	106
54.5212	107
54.5591	108
54.5956	109
54.6343	110
54.6743	111
54.7158	112
54.755	113
54.7942	114
54.8365	115
54.8798	116
54.9221	117
54.9679	118
55.0129	119
55.0593	120
55.1063	121
55.1557	122
55.2046	123
55.2561	124
55.307	125
55.3606	126
55.4168	127
55.473	128
55.5324	129
55.5914	130
55.6543	131
55.7195	132
55.7861	133
55.8581	134
55.9285	135
56.0044	136
56.0851	137
56.1683	138
56.2577	139
56.3515	140
56.4533	141
56.5614	142
56.6801	143
56.8101	144
56.9559	145
57.1221	146
57.3191	147
57.5664	148
57.9193	149
60.6333	150
60.9858	151
61.1468	104
61.2737	105
61.2807	106
61.2823	107
61.284	108
61.318	109
61.3553	110
61.3938	111
61.4316	112
61.4691	113
61.5095	114
61.5511	115
61.5906	116
61.632	117
61.6755	118
61.7191	119
61.7638	120
61.8092	121
61.8555	122
61.9019	123
61.9532	124
62.0007	125
62.054	126
62.1034	127
62.1586	128
62.2132	129
62.2689	130
62.3283	131
62.3877	132
62.4508	133
62.5174	134
62.5818	135
62.6524	136
62.7252	137
62.8005	138
62.8811	139
62.966	140
63.0538	141
63.1482	142
63.2487	143
63.3576	144
63.4762	145
63.4933	100
63.6405	101
63.6431	102
63.6569	103
63.7163	104
63.7792	105
63.8436	106
63.9108	107
63.9812	108
64.0542	109
64.1298	110
64.2093	111
64.2936	112
64.3817	113
64.4778	114
64.5771	115
64.686	116
64.8046	117
64.9352	118
65.0804	119
65.2457	120
65.4429	121
65.6914	122
66.0429	123
68.7585	124
69.1118	125
69.3583	126
69.5547	127
69.7213	128
69.8673	129
69.9968	130
70.115	131
70.2244	132
70.3258	133
70.419	134
70.5082	135
70.5915	136
70.6724	137
70.7482	138
70.8221	139
70.8912	140
70.9395	96
71.095	97
71.097	98
71.0992	99
71.1067	100
71.1463	101
71.1846	102
71.2249	103
71.2669	104
71.3063	105
71.3485	106
71.391	107
71.4332	108
71.4784	109
71.524	110
71.57	111
71.6178	112
71.6657	113
71.715	114
71.7664	115
71.8181	116
71.8716	117
71.9268	118
71.9836	119
72.0422	120
72.1039	121
72.1655	122
72.231	123
72.2972	124
72.3666	125
72.4403	126
72.5161	127
72.596	128
72.6806	129
72.7693	130
72.8624	131
72.9636	132
73.0737	133
73.1908	134
73.3216	135
73.4667	136
73.6326	137
73.8299	138
74.0782	139
74.4295	140
77.1441	141
77.4976	142
77.744	143
77.9408	144
77.9547	99
78.077	100
78.0785	101
78.0805	102
78.0867	103
78.1263	104
78.1647	105
78.2029	106
78.2439	107
78.2819	108
78.324	109
78.366	110
78.4081	111
78.4522	112
78.4963	113
78.5425	114
78.5887	115
78.6349	116
78.6831	117
78.7334	118
78.7837	119
78.836	120
78.8904	121
78.9448	122
79.0032	123
79.0617	124
79.1223	125
79.1828	126
79.2474	127
79.3162	128
79.3849	129
79.4578	130
79.5348	131
79.6134	132
79.6976	133
79.7875	134
79.8805	135
79.9817	136
80.0128	93
80.2153	94
80.2171	95
80.2355	96
80.2986	97
80.3615	98
80.4301	99
80.4997	100
80.5712	101
80.6472	102
80.7275	103
80.812	104
80.8999	105
80.9953	106
81.096	107
81.204	108
81.3225	109
81.4532	110
81.6029	111
81.7638	112
81.9612	113
82.2093	114
82.5617	115
85.2766	116
85.6282	117
85.8764	118
86.0737	119
86.24	120
86.3861	121
86.5162	122
86.6342	123
86.7421	124
86.8432	125
86.9371	126
87.0269	127
87.1095	128
87.1894	129
87.2669	130
87.3394	131
87.4088	132
87.4766	133
87.4843	91
87.7343	92
87.7362	93
87.7379	94
87.7399	95
87.79	96
87.8352	97
87.8718	98
87.913	99
87.9568	100
87.9992	101
88.0613	102
88.1348	103
88.1827	104
88.2318	105
88.2806	106
88.3325	107
88.3859	108
88.4376	109
88.4932	110
88.5506	111
88.608	112
88.6691	113
88.7306	114
88.7956	115
88.8623	116
88.9321	117
88.9933	118
89.0821	119
89.1622	120
89.2307	121
89.3339	122
89.4123	123
89.5287	124
89.5956	125
89.7184	126
89.8429	127
89.9705	128
90.0983	129
90.2253	130
90.396	131
90.6433	132
90.9964	133
93.7105	134
94.0631	135
94.3104	136
94.4848	93
94.6144	94
94.6179	95
94.6201	96
94.6287	97
94.668	98
94.7068	99
94.7466	100
94.7886	101
94.8316	102
94.8736	103
94.9177	104
94.9618	105
95.0059	106
95.0522	107
95.1006	108
95.149	109
95.1996	110
95.2501	111
95.3007	112
95.3556	113
95.4105	114
95.4675	115
95.5267	116
95.5858	117
95.6493	118
95.7128	119
95.7806	120
95.8505	121
95.9226	122
95.999	123
96.079	124
96.1623	125
96.2511	126
96.3452	127
96.4473	128
96.5562	129
96.6501	88
96.7948	89
96.7969	90
96.8193	91
96.8831	92
96.9505	93
97.0195	94
97.0924	95
97.1682	96
97.2494	97
97.3427	98
97.4225	99
97.517	100
97.6177	101
97.7257	102
97.8442	103
97.9741	104
98.1191	105
98.2852	106
98.4829	107
98.7312	108
99.083	109
101.797	110
102.15	111
102.393	76
102.515	77
102.527	78
102.529	79
102.546	80
102.592	81
102.638	82
102.684	83
102.734	84
102.784	85
102.835	86
102.888	87
102.939	88
102.996	89
103.052	90
103.112	91
103.171	92
103.235	93
103.299	94
103.365	95
103.436	96
103.509	97
103.584	98
103.665	99
103.748	100
103.838	101
103.931	102
104.033	103
104.141	104
104.259	105
104.388	106
104.535	107
104.701	108
104.897	109
105.146	110
105.497	111
108.212	112
108.565	113
108.813	114
109.01	115
109.177	116
109.322	117
109.451	118
109.57	119
109.679	120
109.779	121
109.874	122
109.962	123
110.047	124
110.126	125
110.204	126
110.275	127
110.346	128
110.412	129
110.478	130
110.539	131
110.599	132
110.659	133
110.714	134
110.771	135
110.823	136
110.875	137
110.927	138
110.945	95
111.134	96
111.135	97
111.137	98
111.148	99
111.187	100
111.227	101
111.266	102
111.308	103
111.35	104
111.392	105
111.436	106
111.481	107
111.527	108
111.573	109
111.619	110
111.668	111
111.718	112
111.769	113
111.822	114
111.874	115
111.929	116
111.986	117
112.045	118
112.107	119
112.168	120
112.234	121
112.299	122
112.369	123
112.443	124
112.519	125
112.599	126
112.682	127
112.772	128
112.865	129
112.967	130
113.076	131
113.193	132
113.324	133
113.469	134
113.636	135
113.832	136
114.081	137
114.433	138
116.935	95
117.13	96
117.133	97
117.135	98
117.144	99
117.183	100
117.223	101
117.264	102
117.306	103
117.346	104
117.389	105
117.432	106
117.479	107
117.523	108
117.569	109
117.617	110
117.665	111
117.715	112
117.765	113
117.818	114
117.871	115
117.926	116
117.983	117
118.041	118
118.104	119
118.164	120
118.23	121
118.296	122
118.367	123
118.44	124
118.514	125
118.595	126
118.679	127
118.767	128
118.863	129
118.963	130
119.072	131
119.189	132
119.32	133
119.465	134
119.631	135
119.784	93
119.912	94
119.928	95
119.935	96
120.001	97
120.068	98
120.141	99
120.211	100
120.286	101
120.366	102
120.451	103
120.539	104
120.634	105
120.734	106
120.842	107
120.962	108
121.092	109
121.236	110
121.403	111
121.6	112
121.847	113
122.201	114
124.914	115
125.156	79
125.285	80
125.298	81
125.3	82
125.314	83
125.358	84
125.404	85
125.449	86
125.502	87
125.547	88
125.596	89
125.647	90
125.698	91
125.752	92
125.808	93
125.864	94
125.922	95
125.983	96
126.045	97
126.111	98
126.178	99
126.248	100
126.32	101
126.396	102
126.475	103
126.561	104
126.649	105
126.742	106
126.843	107
126.952	108
127.071	109
127.201	110
127.346	111
127.511	112
127.71	113
127.957	114
128.311	115
131.025	116
131.378	117
131.624	118
131.82	119
131.989	120
132.134	121
132.263	122
132.382	123
132.49	124
132.59	125
132.686	126
132.773	127
132.858	128
132.938	129
133.014	130
133.087	131
133.158	132
133.224	133
133.288	134
133.35	135
133.412	136
133.469	137
133.527	138
133.582	139
133.636	140
133.68	96
133.931	97
133.932	98
133.934	99
133.943	100
133.981	101
134.03	102
134.059	103
134.1	104
134.141	105
134.183	106
134.227	107
134.269	108
134.314	109
134.359	110
134.405	111
134.454	112
134.502	113
134.551	114
134.602	115
134.655	116
134.707	117
134.762	118
134.819	119
134.879	120
134.94	121
135.001	122
135.066	123
135.133	124
135.203	125
135.275	126
135.351	127
135.432	128
135.516	129
135.604	130
135.7	131
135.8	132
135.908	133
136.028	134
136.156	135
136.301	136
136.468	137
136.665	138
136.914	139
137.265	140
139.861	96
139.988	97
139.999	98
140.001	99
140.003	100
140.039	101
140.079	102
140.118	103
140.158	104
140.202	105
140.24	106
140.283	107
140.327	108
140.371	109
140.418	110
140.464	111
140.51	112
140.56	113
140.611	114
140.66	115
140.716	116
140.766	117
140.823	118
140.877	119
140.935	120
140.996	121
141.059	122
141.123	123
141.19	124
141.261	125
141.334	126
141.411	127
141.489	128
141.573	129
141.662	130
141.756	131
141.858	132
141.967	133
142.084	134
142.214	135
142.36	136
142.527	137
142.724	138
142.971	139
143.324	140
146.037	141
146.391	142
146.639	143
146.812	98
146.94	99
146.944	100
146.946	101
146.948	102
146.989	103
147.028	104
147.065	105
147.105	106
147.148	107
147.187	108
147.229	109
147.271	110
147.315	111
147.36	112
147.406	113
147.476	114
147.548	115
147.597	116
147.655	117
147.715	118
147.775	119
147.838	120
147.9	121
147.962	122
148.024	123
148.089	124
148.153	125
148.216	126
148.28	127
148.346	128
148.409	129
148.477	130
148.561	131
148.648	132
148.744	133
148.833	134
148.954	135
149.03	136
149.158	137
149.28	138
149.402	139
149.524	140
149.711	141
149.959	142
150.311	143
153.025	144
153.378	145
153.627	146
153.822	147
153.989	148
154.134	149
154.265	150
154.383	151
154.491	152
154.593	153
154.687	154
154.775	155
154.86	156
154.94	157
155.015	158
155.037	109
155.156	110
155.159	111
155.161	112
155.163	113
155.197	114
155.232	115
155.268	116
155.306	117
155.343	118
155.382	119
155.421	120
155.461	121
155.5	122
155.541	123
155.584	124
155.628	125
155.671	126
155.714	127
155.76	128
155.807	129
155.853	130
155.902	131
155.952	132
156.002	133
156.054	134
156.108	135
156.164	136
156.219	137
156.279	138
156.34	139
156.401	140
156.466	141
156.533	142
156.603	143
156.677	144
156.752	145
156.832	146
156.917	147
157.005	148
157.099	149
157.2	150
157.244	103
157.383	104
157.385	105
157.395	106
157.454	107
157.515	108
157.576	109
157.641	110
157.708	111
157.778	112
157.852	113
157.928	114
158.007	115
158.091	116
158.181	117
158.275	118
158.375	119
158.484	120
158.602	121
158.732	122
158.877	123
159.043	124
159.24	125
159.488	126
159.841	127
162.556	128
162.908	129
163.156	130
163.354	131
163.52	132
163.665	133
163.794	134
163.913	135
164.022	136
164.122	137
164.218	138
164.305	139
164.39	140
164.469	141
164.545	142
164.619	143
164.688	144
164.697	99
164.838	100
164.839	101
164.842	102
164.849	103
164.886	104
164.926	105
164.964	106
165.003	107
165.044	108
165.084	109
165.127	110
165.169	111
165.213	112
165.257	113
165.303	114
165.349	115
165.397	116
165.45	117
165.496	118
165.546	119
165.599	120
165.651	121
165.706	122
165.763	123
165.821	124
165.882	125
165.944	126
166.009	127
166.076	128
166.146	129
166.219	130
166.294	131
166.374	132
166.458	133
166.549	134
166.642	135
166.743	136
166.853	137
166.971	138
167.099	139
167.245	140
167.412	141
167.608	142
167.857	143
168.208	144
170.924	145
171.275	146
171.523	147
171.721	148
171.744	102
171.875	103
171.877	104
171.879	105
171.883	106
171.921	107
171.961	108
171.997	109
172.036	110
172.076	111
172.115	112
172.158	113
172.198	114
172.241	115
172.286	116
172.329	117
172.376	118
172.422	119
172.469	120
172.517	121
172.566	122
172.618	123
172.671	124
172.723	125
172.778	126
172.836	127
172.895	128
172.955	129
173.018	130
173.082	131
173.149	132
173.219	133
173.291	134
173.367	135
173.447	136
173.531	137
173.62	138
173.716	139
173.815	140
173.856	96
173.991	97
173.992	98
174.007	99
174.068	100
174.129	101
174.195	102
174.261	103
174.33	104
174.403	105
174.479	106
174.56	107
174.645	108
174.734	109
174.826	110
174.929	111
175.037	112
175.155	113
175.284	114
175.43	115
175.596	116
175.794	117
176.041	118
176.393	119
179.108	120
179.46	121
179.709	122
179.905	123
180.072	124
180.217	125
180.347	126
180.466	127
180.574	128
180.676	129
180.769	130
180.859	131
180.942	132
181.023	133
181.099	134
181.172	135
181.241	136
181.266	93
181.423	94
181.425	95
181.427	96
181.437	97
181.478	98
181.515	99
181.556	100
181.598	101
181.639	102
181.681	103
181.726	104
181.769	105
181.815	106
181.862	107
181.908	108
181.957	109
182.007	110
182.057	111
182.11	112
182.164	113
182.22	114
182.276	115
182.334	116
182.394	117
182.456	118
182.522	119
182.588	120
182.659	121
182.733	122
182.808	123
182.887	124
182.971	125
183.061	126
183.155	127
183.256	128
183.364	129
183.482	130
183.613	131
183.758	132
183.924	133
184.121	134
184.138	92
184.268	93
184.283	94
184.291	95
184.357	96
184.423	97
184.494	98
184.567	99
184.642	100
184.722	101
184.807	102
184.897	103
184.989	104
185.091	105
185.199	106
185.317	107
185.447	108
185.592	109
185.758	110
185.956	111
186.204	112
186.556	113
189.27	114
189.624	115
189.87	116
190.067	117
190.235	118
190.379	119
190.509	120
190.629	121
190.737	122
190.837	123
190.933	124
191.021	125
191.104	126
191.185	127
191.261	128
191.334	129
191.403	130
191.471	131
191.535	132
191.599	133
191.637	91
191.776	92
191.778	93
191.78	94
191.793	95
191.831	96
191.872	97
191.912	98
191.955	99
191.998	100
192.042	101
192.085	102
192.132	103
192.178	104
192.225	105
192.274	106
192.323	107
192.373	108
192.426	109
192.479	110
192.534	111
192.591	112
192.651	113
192.712	114
192.773	115
192.838	116
192.906	117
192.975	118
193.047	119
193.123	120
193.203	121
193.287	122
193.376	123
193.47	124
193.573	125
193.679	126
193.799	127
193.928	128
194.073	129
194.24	130
194.437	131
194.686	132
195.037	133
197.753	134
198.104	135
198.256	93
198.386	94
198.399	95
198.402	96
198.404	97
198.406	98
198.483	99
198.524	100
198.565	101
198.607	102
198.695	103
198.74	104
198.787	105
198.834	106
198.893	107
198.952	108
199.013	109
199.075	110
199.138	111
199.198	112
199.261	113
199.304	114
199.366	115
199.431	116
199.496	117
199.561	118
199.571	81
199.7	82
199.712	83
199.802	84
199.859	85
199.951	86
200.016	87
200.116	88
200.178	89
200.282	90
200.388	91
200.495	92
200.601	93
200.707	94
200.816	95
200.927	96
201.07	97
201.265	98
201.512	99
201.866	100
204.579	101
204.932	102
205.18	103
205.376	104
205.542	105
205.689	106
205.819	107
205.938	108
206.046	109
206.147	110
206.242	111
206.33	112
206.413	113
206.494	114
206.57	115
206.642	116
206.662	79
206.831	80
206.832	81
206.835	82
206.859	83
206.912	84
206.947	85
206.991	86
207.037	87
207.084	88
207.133	89
207.182	90
207.234	91
207.286	92
207.34	93
207.395	94
207.451	95
207.51	96
207.57	97
207.633	98
207.697	99
207.764	100
207.835	101
207.908	102
207.984	103
208.063	104
208.146	105
208.237	106
208.331	107
208.43	108
208.54	109
208.659	110
208.788	111
208.933	112
209.1	113
209.298	114
209.545	115
209.898	116
212.612	117
212.965	118
213.213	119
213.409	120
213.576	121
213.72	122
213.85	123
213.969	124
214.078	125
214.178	126
214.273	127
214.362	128
214.446	129
214.525	130
214.602	131
214.675	132
214.745	133
214.811	134
214.876	135
214.94	136
214.998	137
215.057	138
215.113	139
215.17	140
215.224	141
215.276	142
215.325	143
215.376	144
215.424	145
215.471	146
215.518	147
215.563	148
215.608	149
215.65	102
215.862	103
215.864	104
215.866	105
215.87	106
215.906	107
215.943	108
215.98	109
216.019	110
216.057	111
216.099	112
216.139	113
216.179	114
216.221	115
216.263	116
216.307	117
216.353	118
216.397	119
216.443	120
216.491	121
216.539	122
216.59	123
216.64	124
216.693	125
216.746	126
216.801	127
216.858	128
216.917	129
216.976	130
217.039	131
217.105	132
217.17	133
217.241	134
217.314	135
217.389	136
217.465	93
217.644	94
217.645	95
217.664	96
217.727	97
217.79	98
217.858	99
217.928	100
218	101
218.077	102
218.156	103
218.241	104
218.331	105
218.424	106
218.525	107
218.632	108
218.752	109
218.881	110
219.027	111
219.192	112
219.391	113
219.638	114
219.99	115
222.705	116
223.057	117
223.305	118
223.503	119
223.667	120
223.813	121
223.944	122
224.062	123
224.17	124
224.271	125
224.367	126
224.455	127
224.539	128
224.618	129
224.694	130
224.768	131
224.838	132
224.904	133
224.929	91
225.089	92
225.091	93
225.093	94
225.105	95
225.145	96
225.184	97
225.226	98
225.268	99
225.311	100
225.353	101
225.399	102
225.444	103
225.489	104
225.537	105
225.585	106
225.635	107
225.686	108
225.738	109
225.792	110
225.848	111
225.904	112
225.963	113
226.023	114
226.085	115
226.151	116
226.217	117
226.287	118
226.359	119
226.436	120
226.517	121
226.6	122
226.688	123
226.783	124
226.884	125
226.993	126
227.11	127
227.24	128
227.387	129
227.553	130
227.75	131
227.997	132
228.35	133
231.064	134
231.417	135
231.664	136
231.861	137
232.029	138
232.174	139
232.303	140
232.422	141
232.531	142
232.632	143
232.725	144
232.814	145
232.899	146
232.978	147
233.055	148
233.126	149
233.197	150
233.264	151
233.329	152
233.39	153
233.451	154
233.51	155
233.567	156
233.622	157
233.675	158
233.728	159
233.779	160
233.827	161
233.876	162
233.924	163
233.97	164
234.016	165
234.06	166
234.104	167
234.147	168
234.154	116
234.348	117
234.349	118
234.351	119
234.352	120
234.383	121
234.416	122
234.452	123
234.488	124
234.524	125
234.56	126
234.599	127
234.635	128
234.673	129
234.712	130
234.751	131
234.792	132
234.834	133
234.876	134
234.918	135
234.963	136
235.007	137
235.051	138
235.097	139
235.145	140
235.194	141
235.244	142
235.295	143
235.346	144
235.4	145
235.455	146
235.512	147
235.57	148
235.631	149
235.693	150
235.757	151
235.82	104
236.027	105
236.028	106
236.039	107
236.098	108
236.162	109
236.221	110
236.285	111
236.366	112
236.469	113
236.571	114
236.623	115
236.726	116
236.824	117
236.883	118
236.986	119
237.092	120
237.196	121
237.3	122
237.404	123
237.521	124
237.689	125
237.885	126
238.131	127
238.484	128
241.2	129
241.553	130
241.8	131
241.997	132
242.163	133
242.309	134
242.438	135
242.557	136
242.666	137
242.765	138
242.861	139
242.949	140
243.033	141
243.113	142
243.19	143
243.217	98
243.425	99
243.427	100
243.429	101
243.436	102
243.474	103
243.512	104
243.552	105
243.592	106
243.631	107
243.672	108
243.713	109
243.755	110
243.799	111
243.845	112
243.89	113
243.936	114
243.984	115
244.031	116
244.09	117
244.132	118
244.185	119
244.238	120
244.293	121
244.349	122
244.414	123
244.47	124
244.532	125
244.597	126
244.663	127
244.733	128
244.805	129
244.883	130
244.961	131
245.046	132
245.135	133
245.23	134
245.33	135
245.438	136
245.557	137
245.687	138
245.832	139
245.998	140
246.195	141
246.444	142
246.795	143
249.51	144
249.863	145
250.111	146
250.308	147
250.473	148
250.62	149
250.75	150
250.867	151
250.977	152
251.077	153
251.171	154
251.26	155
251.344	156
251.424	157
251.501	158
251.574	159
251.643	160
251.711	161
251.774	162
251.838	163
251.898	164
251.956	165
252.013	166
252.068	167
252.122	168
252.173	169
252.225	170
252.274	116
252.484	117
252.485	118
252.487	119
252.488	120
252.514	121
252.547	122
252.582	123
252.616	124
252.651	125
252.688	126
252.724	127
252.76	128
252.797	129
252.835	130
252.873	131
252.912	132
252.952	133
252.993	134
253.033	135
253.075	136
253.117	137
253.162	138
253.206	139
253.251	140
253.297	141
253.345	142
253.393	143
253.442	144
253.493	145
253.546	146
253.6	147
253.655	148
253.711	149
253.771	150
253.831	151
253.893	152
253.957	153
254.024	154
254.094	155
254.168	156
254.243	157
254.322	108
254.46	109
254.462	110
254.47	111
254.526	112
254.585	113
254.646	114
254.707	115
254.772	116
254.84	117
254.909	118
254.981	119
255.058	120
255.137	121
255.221	122
255.31	123
255.405	124
255.506	125
255.614	126
255.732	127
255.862	128
256.008	129
256.174	130
256.371	131
256.619	132
256.972	133
259.686	134
260.039	135
260.286	136
260.484	137
260.649	138
260.795	139
260.926	140
261.044	141
261.152	142
261.254	143
261.348	144
261.436	145
261.521	146
261.601	147
261.634	101
261.825	102
261.827	103
261.828	104
261.833	105
261.876	106
261.908	107
261.947	108
261.986	109
262.026	110
262.066	111
262.107	112
262.148	113
262.192	114
262.235	115
262.283	116
262.325	117
262.371	118
262.419	119
262.467	120
262.517	121
262.568	122
262.62	123
262.673	124
262.73	125
262.786	126
262.843	127
262.904	128
262.968	129
263.032	130
263.098	131
263.169	132
263.242	133
263.317	134
263.397	135
263.481	136
263.569	137
263.665	138
263.764	139
263.873	140
263.992	141
264.122	142
264.267	143
264.434	144
264.632	145
264.878	146
265.232	147
267.945	148
268.298	149
268.545	150
268.584	103
268.808	104
268.81	105
268.812	106
268.817	107
268.852	108
268.888	109
268.935	110
268.966	111
269.003	112
269.043	113
269.085	114
269.124	115
269.167	116
269.209	117
269.255	118
269.299	119
269.343	120
269.389	121
269.437	122
269.485	123
269.536	124
269.586	125
269.639	126
269.692	127
269.747	128
269.804	129
269.862	130
269.924	131
269.986	132
270.05	133
270.117	134
270.186	135
270.26	136
270.335	137
270.415	138
270.499	139
270.587	140
270.682	141
270.784	142
270.892	143
270.907	98
271.138	99
271.141	100
271.155	101
271.215	102
271.277	103
271.342	104
271.409	105
271.48	106
271.551	107
271.628	108
271.706	109
271.792	110
271.881	111
271.976	112
272.075	113
272.184	114
272.302	115
272.432	116
272.577	117
272.745	118
272.943	119
273.19	120
273.541	121
276.256	122
276.506	84
276.633	85
276.646	86
276.648	87
276.657	88
276.7	89
276.75	90
276.788	91
276.835	92
276.88	93
276.926	94
276.974	95
277.024	96
277.076	97
277.128	98
277.181	99
277.236	100
277.293	101
277.352	102
277.411	103
277.475	104
277.541	105
277.607	106
277.676	107
277.75	108
277.826	109
277.906	110
277.989	111
278.078	112
278.172	113
278.275	114
278.381	115
278.501	116
278.631	117
278.775	118
278.942	119
279.139	120
279.386	121
279.739	122
282.455	123
282.808	124
283.053	125
283.25	126
283.416	127
283.422	87
283.533	88
283.536	89
283.539	90
283.541	91
283.636	92
283.678	93
283.721	94
283.766	95
283.813	96
283.86	97
283.916	98
283.974	99
284.031	100
284.09	101
284.149	102
284.21	103
284.268	104
284.329	105
284.39	106
284.453	107
284.493	108
284.556	109
284.619	110
284.685	111
284.747	112
284.812	113
284.884	114
284.968	115
285.056	116
285.121	117
285.245	118
285.361	119
285.431	120
285.558	121
285.685	122
285.815	123
285.948	124
286.119	125
286.366	126
286.718	127
289.432	128
289.785	129
290.032	130
290.229	131
290.396	132
290.542	133
290.67	134
290.79	135
290.899	136
290.999	137
291.093	138
291.183	139
291.266	140
291.347	141
291.421	142
291.496	143
291.566	144
291.632	145
291.698	146
291.759	147
291.821	148
291.878	149
291.935	150
291.99	151
292.043	152
292.095	153
292.146	154
292.195	155
292.245	156
292.292	157
292.335	108
292.536	109
292.538	110
292.54	111
292.541	112
292.575	113
292.612	114
292.648	115
292.685	116
292.724	117
292.762	118
292.802	119
292.841	120
292.881	121
292.921	122
292.964	123
293.006	124
293.051	125
293.095	126
293.139	127
293.21	128
293.282	129
293.332	130
293.387	131
293.446	132
293.505	133
293.566	134
293.627	135
293.687	136
293.748	137
293.811	138
293.874	139
293.936	140
294	141
294.065	142
294.07	98
294.197	99
294.215	100
294.28	101
294.344	102
294.417	103
294.466	104
294.555	105
294.63	106
294.676	107
294.783	108
294.883	109
294.949	110
295.057	111
295.162	112
295.269	113
295.372	114
295.479	115
295.584	116
295.747	117
295.944	118
296.198	119
296.543	120
299.259	121
299.61	122
299.859	123
300.056	124
300.222	125
300.368	126
300.497	127
300.616	128
300.725	129
300.825	130
300.92	131
301.009	132
301.092	133
301.171	134
301.248	135
301.321	136
301.39	137
301.457	138
301.516	95
301.673	96
301.675	97
301.677	98
301.687	99
301.726	100
301.767	101
301.806	102
301.848	103
301.889	104
301.933	105
301.976	106
302.02	107
302.066	108
302.111	109
302.159	110
302.208	111
302.258	112
302.308	113
302.361	114
302.413	115
302.469	116
302.526	117
302.584	118
302.645	119
302.707	120
302.772	121
302.839	122
302.908	123
302.983	124
303.058	125
303.137	126
303.221	127
303.31	128
303.405	129
303.507	130
303.615	131
303.733	132
303.863	133
304.009	134
304.176	135
304.372	136
304.619	137
304.971	138
307.686	139
308.04	140
308.287	141
308.362	97
308.492	98
308.497	99
308.499	100
308.505	101
308.544	102
308.583	103
308.622	104
308.662	105
308.705	106
308.745	107
308.788	108
308.831	109
308.876	110
308.921	111
308.968	112
309.015	113
309.064	114
309.113	115
309.163	116
309.216	117
309.27	118
309.324	119
309.382	120
309.441	121
309.5	122
309.564	123
309.628	124
309.694	125
309.764	126
309.837	127
309.913	128
309.993	129
310.077	130
310.166	131
310.261	132
310.362	133
310.471	134
310.588	135
310.604	93
310.826	94
310.827	95
310.849	96
310.916	97
310.981	98
311.053	99
311.124	100
311.199	101
311.279	102
311.363	103
311.452	104
311.546	105
311.647	106
311.757	107
311.874	108
312.004	109
312.15	110
312.316	111
312.513	112
312.762	113
313.114	114
315.828	115
316.181	116
316.429	117
316.626	118
316.792	119
316.937	120
317.067	121
317.184	122
317.294	123
317.396	124
317.489	125
317.577	126
317.662	127
317.741	128
317.817	129
317.891	130
317.961	131
318.028	132
318.094	91
318.318	92
318.32	93
318.321	94
318.343	95
318.377	96
318.418	97
318.459	98
318.502	99
318.552	100
318.589	101
318.636	102
318.682	103
318.728	104
318.777	105
318.827	106
318.878	107
318.931	108
318.985	109
319.039	110
319.095	111
319.155	112
319.215	113
319.278	114
319.341	115
319.413	116
319.478	117
319.552	118
319.628	119
319.708	120
319.792	121
319.881	122
319.974	123
320.075	124
320.184	125
320.302	126
320.433	127
320.578	128
320.745	129
320.925	88
321.052	89
321.066	90
321.076	91
321.141	92
321.207	93
321.277	94
321.349	95
321.426	96
321.505	97
321.589	98
321.679	99
321.772	100
321.873	101
321.982	102
322.1	103
322.231	104
322.376	105
322.543	106
322.739	107
322.988	108
323.34	109
326.054	110
326.406	111
326.654	112
326.852	113
327.018	114
327.163	115
327.292	116
327.412	117
327.521	118
327.621	119
327.716	120
327.805	121
327.887	122
327.968	123
328.044	124
328.117	125
328.187	126
328.253	127
328.318	128
328.352	88
328.582	89
328.585	90
328.604	91
328.605	92
328.643	93
328.685	94
328.727	95
328.771	96
328.816	97
328.86	98
328.918	99
328.955	100
329.003	101
329.052	102
329.104	103
329.156	104
329.209	105
329.265	106
329.322	107
329.379	108
329.441	109
329.503	110
329.568	111
329.635	112
329.705	113
329.776	114
329.853	115
329.934	116
330.016	117
330.105	118
330.201	119
330.302	120
330.41	121
330.529	122
330.659	123
330.804	124
330.97	125
331.167	126
331.358	86
331.487	87
331.498	88
331.511	89
331.577	90
331.644	91
331.714	92
331.788	93
331.861	94
331.944	95
332.024	96
332.114	97
332.208	98
332.311	99
332.42	100
332.537	101
332.668	102
332.813	103
332.98	104
333.176	105
333.422	106
333.777	107
336.492	108
336.842	109
337.092	110
337.289	111
337.456	112
337.601	113
337.731	114
337.848	115
337.956	116
338.056	117
338.152	118
338.239	119
338.324	120
338.405	121
338.48	122
338.552	123
338.623	124
338.691	125
338.756	126
338.775	86
339.005	87
339.008	88
339.025	89
339.028	90
339.03	91
339.109	92
339.15	93
339.194	94
339.239	95
339.285	96
339.341	97
339.377	98
339.427	99
339.475	100
339.526	101
339.579	102
339.633	103
339.688	104
339.747	105
339.859	106
339.925	107
339.991	108
340.058	109
340.128	110
340.199	111
340.276	112
340.357	113
340.436	114
340.53	115
340.616	116
340.725	117
340.797	118
340.92	119
341.045	120
341.17	121
341.295	122
341.424	123
341.591	124
341.838	125
342.19	126
344.905	127
345.257	128
345.505	129
345.652	88
345.781	89
345.787	90
345.789	91
345.798	92
345.838	93
345.88	94
345.922	95
345.966	96
346.008	97
346.054	98
346.098	99
346.144	100
346.192	101
346.24	102
346.291	103
346.342	104
346.392	105
346.447	106
346.502	107
346.56	108
346.617	109
346.677	110
346.741	111
346.805	112
346.871	113
346.942	114
347.015	115
347.091	116
347.171	117
347.253	118
347.342	119
347.438	120
347.538	121
347.647	122
347.765	123
347.895	124
348.04	125
348.208	126
348.405	127
348.651	128
349.005	129
351.719	130
352.072	131
352.319	132
352.517	133
352.683	134
352.828	135
352.958	136
353.077	137
353.185	138
353.286	139
353.379	140
353.47	141
353.552	142
353.633	143
353.708	144
353.782	145
353.852	146
353.918	147
353.982	148
354.045	149
354.107	150
354.144	103
354.257	104
354.258	105
354.26	106
354.265	107
354.3	108
354.338	109
354.376	110
354.415	111
354.454	112
354.492	113
354.533	114
354.574	115
354.617	116
354.66	117
354.702	118
354.747	119
354.792	120
354.838	121
354.887	122
354.935	123
354.984	124
355.034	125
355.087	126
355.141	127
355.196	128
355.252	129
355.311	130
355.371	131
355.434	132
355.498	133
355.566	134
355.637	135
355.709	136
355.785	137
355.864	138
355.949	139
356.037	140
356.132	141
356.232	142
356.283	98
356.41	99
356.424	100
356.43	101
356.492	102
356.557	103
356.627	104
356.694	105
356.766	106
356.842	107
356.922	108
357.006	109
357.096	110
357.19	111
357.29	112
357.399	113
357.519	114
357.651	115
357.793	116
357.962	117
358.156	118
358.403	119
358.757	120
361.471	121
361.824	122
362.071	123
362.269	124
362.435	125
362.58	126
362.71	127
362.828	128
362.937	129
363.037	130
363.131	131
363.221	132
363.306	133
363.384	134
363.461	135
363.533	136
363.604	137
363.663	94
363.881	95
363.883	96
363.885	97
363.896	98
363.934	99
363.974	100
364.013	101
364.057	102
364.097	103
364.139	104
364.184	105
364.227	106
364.272	107
364.323	108
364.366	109
364.416	110
364.465	111
364.517	112
364.567	113
364.621	114
364.677	115
364.734	116
364.792	117
364.856	118
364.914	119
364.979	120
365.046	121
365.116	122
365.192	123
365.265	124
365.344	125
365.43	126
365.517	127
365.612	128
365.713	129
365.823	130
365.94	131
366.071	132
366.215	133
366.382	134
366.578	135
366.826	136
367.179	137
369.33	94
369.458	95
369.474	96
369.476	97
369.478	98
369.511	99
369.55	100
369.592	101
369.633	102
369.68	103
369.717	104
369.761	105
369.805	106
369.851	107
369.898	108
369.943	109
369.993	110
370.042	111
370.096	112
370.146	113
370.201	114
370.254	115
370.311	116
370.37	117
370.429	118
370.493	119
370.557	120
370.625	121
370.694	122
370.767	123
370.842	124
370.923	125
371.006	126
371.095	127
371.19	128
371.29	129
371.399	130
371.518	131
371.647	132
371.794	133
371.96	134
372.157	135
372.403	136
372.757	137
375.472	138
375.823	139
376.071	140
376.268	141
376.284	97
376.425	98
376.427	99
376.429	100
376.437	101
376.475	102
376.516	103
376.554	104
376.595	105
376.635	106
376.678	107
376.72	108
376.764	109
376.808	110
376.854	111
376.9	112
376.948	113
376.996	114
377.046	115
377.096	116
377.148	117
377.202	118
377.257	119
377.315	120
377.372	121
377.433	122
377.497	123
377.56	124
377.627	125
377.697	126
377.77	127
377.847	128
377.926	129
378.01	130
378.099	131
378.193	132
378.295	133
378.404	134
378.522	135
378.65	136
378.797	137
378.962	138
379.159	139
379.408	140
379.76	141
382.475	142
382.827	143
383.074	144
383.271	145
383.282	100
383.413	101
383.416	102
383.418	103
383.42	104
383.46	105
383.499	106
383.539	107
383.578	108
383.646	109
383.702	110
383.759	111
383.815	112
383.872	113
383.924	114
383.969	115
384.02	116
384.067	117
384.12	118
384.168	119
384.227	120
384.27	121
384.331	122
384.392	123
384.455	124
384.518	125
384.559	126
384.624	127
384.687	128
384.752	129
384.817	130
384.884	131
384.949	132
385.033	133
385.121	134
385.216	135
385.309	136
385.427	137
385.503	138
385.635	139
385.676	95
385.805	96
385.814	97
385.874	98
385.944	99
386.008	100
386.075	101
386.137	102
386.219	103
386.293	104
386.373	105
386.453	106
386.548	107
386.614	108
386.722	109
386.829	110
386.939	111
387.051	112
387.162	113
387.274	114
387.41	115
387.609	116
387.855	117
388.209	118
390.923	119
391.275	120
391.523	121
391.719	122
391.886	123
392.031	124
392.162	125
392.28	126
392.388	127
392.489	128
392.583	129
392.673	130
392.756	131
392.836	132
392.913	133
392.967	91
393.194	92
393.196	93
393.199	94
393.216	95
393.25	96
393.291	97
393.331	98
393.373	99
393.423	100
393.459	101
393.505	102
393.549	103
393.595	104
393.642	105
393.691	106
393.741	107
393.791	108
393.844	109
393.898	110
393.953	111
394.01	112
394.068	113
394.128	114
394.191	115
394.256	116
394.322	117
394.393	118
394.466	119
394.542	120
394.622	121
394.705	122
394.794	123
394.889	124
394.989	125
395.098	126
395.216	127
395.347	128
395.491	129
395.658	130
395.855	131
396.103	132
396.456	133
398.909	91
399.119	92
399.121	93
399.123	94
399.135	95
399.175	96
399.216	97
399.267	98
399.298	99
399.341	100
399.385	101
399.429	102
399.485	103
399.521	104
399.568	105
399.616	106
399.666	107
399.717	108
399.77	109
399.825	110
399.879	111
399.936	112
399.994	113
400.053	114
400.117	115
400.18	116
400.248	117
400.317	118
400.391	119
400.467	120
400.547	121
400.63	122
400.72	123
400.813	124
400.914	125
401.023	126
401.142	127
401.272	128
401.418	129
401.583	130
401.78	131
402.028	132
402.381	133
405.094	134
405.34	92
405.536	93
405.538	94
405.54	95
405.552	96
405.592	97
405.632	98
405.675	99
405.716	100
405.757	101
405.801	102
405.846	103
405.892	104
405.939	105
405.984	106
406.033	107
406.083	108
406.134	109
406.186	110
406.24	111
406.296	112
406.352	113
406.417	114
406.471	115
406.534	116
406.598	117
406.665	118
406.735	119
406.807	120
406.884	121
406.963	122
407.048	123
407.136	124
407.231	125
407.331	126
407.441	127
407.558	128
407.689	129
407.835	130
408	131
408.198	132
408.444	133
408.797	134
411.511	135
411.865	136
412.112	137
412.309	138
412.379	95
412.544	96
412.545	97
412.547	98
412.558	99
412.597	100
412.638	101
412.677	102
412.717	103
412.76	104
412.803	105
412.847	106
412.891	107
412.936	108
412.982	109
413.03	110
413.078	111
413.128	112
413.178	113
413.231	114
413.285	115
413.341	116
413.397	117
413.455	118
413.516	119
413.578	120
413.642	121
413.709	122
413.78	123
413.852	124
413.929	125
414.008	126
414.093	127
414.181	128
414.276	129
414.377	130
414.485	131
414.603	132
414.733	133
414.878	134
415.045	135
415.242	136
415.489	137
415.843	138
418.557	139
418.91	140
419.157	141
419.316	97
419.444	98
419.45	99
419.452	100
419.454	101
419.494	102
419.534	103
419.574	104
419.614	105
419.657	106
419.696	107
419.739	108
419.793	109
419.873	110
419.919	111
419.967	112
420.015	113
420.064	114
420.116	115
420.168	116
420.225	117
420.278	118
420.337	119
420.392	120
420.453	121
420.515	122
420.58	123
420.647	124
420.716	125
420.79	126
420.859	127
420.946	128
421.029	129
421.103	130
421.212	131
421.291	132
421.416	133
421.54	134
421.606	135
421.737	136
421.777	93
421.906	94
421.916	95
421.975	96
422.053	97
422.119	98
422.183	99
422.262	100
422.34	101
422.393	102
422.499	103
422.592	104
422.658	105
422.764	106
422.871	107
422.979	108
423.088	109
423.196	110
423.306	111
423.455	112
423.651	113
423.9	114
424.252	115
426.967	116
427.321	117
427.567	118
427.763	119
427.93	120
428.076	121
428.206	122
428.323	123
428.432	124
428.535	125
428.628	126
428.716	127
428.801	128
428.882	129
428.957	130
429.03	131
429.1	132
429.171	90
429.387	91
429.388	92
429.39	93
429.402	94
429.443	95
429.483	96
429.524	97
429.567	98
429.608	99
429.652	100
429.696	101
429.742	102
429.789	103
429.836	104
429.883	105
429.933	106
429.984	107
430.036	108
430.089	109
430.145	110
430.203	111
430.26	112
430.322	113
430.384	114
430.447	115
430.515	116
430.585	117
430.659	118
430.733	119
430.814	120
430.897	121
430.986	122
431.081	123
431.182	124
431.291	125
431.409	126
431.54	127
431.684	128
431.85	129
432.048	130
432.295	131
432.647	132
435.363	133
435.716	134
435.963	135
436.16	136
436.325	137
436.472	138
436.6	139
436.72	140
436.828	141
436.929	142
437.024	143
437.113	144
437.197	145
437.277	146
437.353	147
437.424	148
437.494	149
437.562	150
437.626	151
437.69	152
437.749	153
437.808	154
437.865	155
437.921	156
437.924	107
438.109	108
438.111	109
438.113	110
438.115	111
438.148	112
438.185	113
438.222	114
438.258	115
438.297	116
438.336	117
438.374	118
438.413	119
438.454	120
438.495	121
438.537	122
438.579	123
438.624	124
438.668	125
438.713	126
438.76	127
438.807	128
438.856	129
438.904	130
438.956	131
439.007	132
439.062	133
439.117	134
439.173	135
439.232	136
439.293	137
439.356	138
439.419	139
439.486	140
439.556	141
439.629	142
439.705	143
439.786	144
439.869	145
439.957	146
440.052	147
440.153	148
440.262	149
440.38	150
440.51	151
440.655	152
440.823	153
441.019	154
441.267	155
441.62	156
444.194	107
444.323	108
444.328	109
444.33	110
444.332	111
444.363	112
444.398	113
444.435	114
444.472	115
444.51	116
444.548	117
444.588	118
444.627	119
444.667	120
444.709	121
444.751	122
444.793	123
444.837	124
444.881	125
444.927	126
444.972	127
445.02	128
445.068	129
445.119	130
445.169	131
445.221	132
445.275	133
445.33	134
445.388	135
445.446	136
445.506	137
445.568	138
445.633	139
445.7	140
445.77	141
445.843	142
445.92	143
445.999	144
446.083	145
446.172	146
446.266	147
446.367	148
446.476	149
446.516	102
446.646	103
446.656	104
446.658	105
446.717	106
446.777	107
446.84	108
446.904	109
446.973	110
447.042	111
447.115	112
447.191	113
447.271	114
447.354	115
447.442	116
447.538	117
447.638	118
447.746	119
447.866	120
447.995	121
448.142	122
448.307	123
448.505	124
448.752	125
449.104	126
451.82	127
452.171	128
452.419	129
452.617	130
452.782	131
452.928	132
453.058	133
453.176	134
453.285	135
453.386	136
453.48	137
453.568	138
453.652	139
453.733	140
453.808	141
453.881	142
453.951	143
453.972	98
454.105	99
454.107	100
454.108	101
454.116	102
454.153	103
454.192	104
454.23	105
454.272	106
454.312	107
454.351	108
454.394	109
454.437	110
454.479	111
454.523	112
454.57	113
454.616	114
454.664	115
454.711	116
454.761	117
454.813	118
454.865	119
454.918	120
454.974	121
455.029	122
455.088	123
455.15	124
455.211	125
455.276	126
455.342	127
455.413	128
455.486	129
455.562	130
455.642	131
455.726	132
455.814	133
455.908	134
456.01	135
456.118	136
456.237	137
456.367	138
456.512	139
456.679	140
456.876	141
457.122	142
457.475	143
460.19	144
460.543	145
460.689	100
460.866	101
460.868	102
460.87	103
460.878	104
460.915	105
460.953	106
460.993	107
461.032	108
461.073	109
461.114	110
461.154	111
461.197	112
461.242	113
461.285	114
461.332	115
461.376	116
461.425	117
461.474	118
461.523	119
461.573	120
461.626	121
461.679	122
461.736	123
461.792	124
461.849	125
461.91	126
461.972	127
462.037	128
462.104	129
462.175	130
462.247	131
462.324	132
462.403	133
462.486	134
462.576	135
462.67	136
462.772	137
462.881	138
462.998	139
463.038	95
463.161	96
463.171	97
463.176	98
463.237	99
463.3	100
463.365	101
463.431	102
463.501	103
463.575	104
463.651	105
463.73	106
463.814	107
463.904	108
463.997	109
464.098	110
464.207	111
464.325	112
464.456	113
464.6	114
464.767	115
464.964	116
465.21	117
465.564	118
468.279	119
468.631	120
468.879	121
469.076	122
469.242	123
469.388	124
469.517	125
469.636	126
469.744	127
469.846	128
469.94	129
470.028	130
470.113	131
470.193	132
470.269	133
470.342	134
470.411	135
470.472	93
470.625	94
470.627	95
470.629	96
470.641	97
470.681	98
470.721	99
470.762	100
470.803	101
470.847	102
470.89	103
470.934	104
470.979	105
471.026	106
471.073	107
471.122	108
471.172	109
471.223	110
471.276	111
471.329	112
471.384	113
471.441	114
471.5	115
471.559	116
471.622	117
471.687	118
471.754	119
471.823	120
471.897	121
471.972	122
472.053	123
472.135	124
472.226	125
472.32	126
472.42	127
472.529	128
472.646	129
472.777	130
472.923	131
473.088	132
473.286	133
473.533	134
473.885	135
476.6	136
476.952	137
477.104	94
477.231	95
477.246	96
477.248	97
477.25	98
477.285	99
477.323	100
477.364	101
477.406	102
477.455	103
477.491	104
477.533	105
477.578	106
477.624	107
477.67	108
477.718	109
477.773	110
477.815	111
477.865	112
477.919	113
477.971	114
478.028	115
478.084	116
478.142	117
478.203	118
478.265	119
478.33	120
478.396	121
478.466	122
478.539	123
478.616	124
478.696	125
478.779	126
478.869	127
478.962	128
479.065	129
479.172	130
479.291	131
479.423	90
479.553	91
479.565	92
479.577	93
479.642	94
479.708	95
479.778	96
479.852	97
479.928	98
480.007	99
480.09	100
480.181	101
480.273	102
480.376	103
480.493	104
480.602	105
480.731	106
480.877	107
481.044	108
481.24	109
481.489	110
481.84	111
484.555	112
484.908	113
485.148	114
485.352	115
485.52	116
485.664	117
485.794	118
485.913	119
486.022	120
486.123	121
486.218	122
486.306	123
486.389	124
486.469	125
486.561	126
486.687	127
486.754	128
486.819	129
486.883	130
486.91	89
487.107	90
487.109	91
487.125	92
487.168	93
487.216	94
487.27	95
487.32	96
487.374	97
487.425	98
487.457	99
487.513	100
487.561	101
487.616	102
487.648	103
487.703	104
487.752	105
487.809	106
487.859	107
487.916	108
487.965	109
488.025	110
488.075	111
488.135	112
488.198	113
488.27	114
488.341	115
488.415	116
488.496	117
488.581	118
488.65	119
488.764	120
488.836	121
488.955	122
489.077	123
489.201	124
489.325	125
489.45	126
489.576	127
489.73	128
489.978	129
490.33	130
493.046	131
493.398	132
493.646	133
493.832	91
493.961	92
493.966	93
493.968	94
493.976	95
494.016	96
494.056	97
494.099	98
494.139	99
494.184	100
494.226	101
494.271	102
494.315	103
494.362	104
494.411	105
494.458	106
494.509	107
494.56	108
494.611	109
494.664	110
494.719	111
494.777	112
494.835	113
494.897	114
494.959	115
495.023	116
495.089	117
495.16	118
495.232	119
495.31	120
495.389	121
495.473	122
495.561	123
495.657	124
495.757	125
495.865	126
495.983	127
496.114	128
496.128	88
496.353	89
496.355	90
496.382	91
496.449	92
496.518	93
496.591	94
496.667	95
496.747	96
496.831	97
496.919	98
497.014	99
497.116	100
497.224	101
497.342	102
497.472	103
497.619	104
497.784	105
497.98	106
498.229	107
498.582	108
501.297	109
501.649	110
501.897	111
502.092	112
502.259	113
502.404	114
502.535	115
502.652	116
502.761	117
502.862	118
502.956	119
503.046	120
503.131	121
503.209	122
503.286	123
503.359	124
503.428	125
503.495	126
503.56	127
503.623	128
503.673	88
503.812	89
503.815	90
503.817	91
503.832	92
503.873	93
503.916	94
503.957	95
504.001	96
504.046	97
504.09	98
504.137	99
504.185	100
504.233	101
504.283	102
504.334	103
504.386	104
504.439	105
504.496	106
504.553	107
504.61	108
504.671	109
504.734	110
504.797	111
504.865	112
504.936	113
505.007	114
505.084	115
505.164	116
505.247	117
505.336	118
505.431	119
505.531	120
505.641	121
505.759	122
505.889	123
506.034	124
506.2	125
506.384	86
506.513	87
506.53	88
506.541	89
506.607	90
506.678	91
506.751	92
506.827	93
506.906	94
506.991	95
507.08	96
507.174	97
507.274	98
507.384	99
507.501	100
507.631	101
507.778	102
507.944	103
508.14	104
508.388	105
508.741	106
511.455	107
511.807	108
511.965	74
512.105	75
512.107	76
512.109	77
512.14	78
512.186	79
512.234	80
512.281	81
512.331	82
512.382	83
512.433	84
512.487	85
512.544	86
512.599	87
512.658	88
512.719	89
512.781	90
512.845	91
512.912	92
512.983	93
513.057	94
513.131	95
513.21	96
513.295	97
513.383	98
513.482	99
513.58	100
513.689	101
513.805	102
513.936	103
514.083	104
514.247	105
514.445	106
514.692	107
514.947	73
515.075	74
515.095	75
515.118	76
515.205	77
515.274	78
515.359	79
515.447	80
515.542	81
515.644	82
515.752	83
515.872	84
516	85
516.144	86
516.311	87
516.51	88
516.755	89
517.108	90
519.826	91
520.177	92
520.217	62
520.361	63
520.363	64
520.365	65
520.368	66
520.465	67
520.512	68
520.569	69
520.621	70
520.677	71
520.734	72
520.796	73
520.858	74
520.924	75
520.991	76
521.061	77
521.132	78
521.208	79
521.289	80
521.371	81
521.461	82
521.555	83
521.657	84
521.764	85
521.883	86
522.012	87
522.158	88
522.325	89
522.523	90
522.769	91
523.122	92
523.483	62
523.653	63
523.655	64
523.659	65
523.701	66
523.75	67
523.804	68
523.856	69
523.91	70
523.968	71
524.028	72
524.088	73
524.151	74
524.214	75
524.283	76
524.351	77
524.423	78
524.501	79
524.581	80
524.664	81
524.753	82
524.848	83
524.949	84
525.056	85
525.174	86
525.304	87
525.452	88
525.617	89
525.814	90
526.061	91
526.414	92
529.128	93
529.48	94
529.73	95
529.925	96
530.091	97
530.236	98
530.368	99
530.487	100
530.594	101
530.696	102
530.793	70
530.922	71
530.933	72
530.936	73
530.963	74
531.01	75
531.06	76
531.111	77
531.162	78
531.216	79
531.271	80
531.332	81
531.387	82
531.449	83
531.511	84
531.574	85
531.643	86
531.711	87
531.785	88
531.86	89
531.941	90
532.025	91
532.115	92
532.208	93
532.309	94
532.418	95
532.535	96
532.666	97
532.81	98
532.977	99
533.173	100
533.422	101
533.774	102
536.488	103
536.841	104
537.089	105
537.286	106
537.453	107
537.597	108
537.729	109
537.846	110
537.956	111
538.056	112
538.151	113
538.239	114
538.322	115
538.403	116
538.479	117
538.551	118
538.621	119
538.689	120
538.753	121
538.815	122
538.875	123
538.935	124
538.99	125
539.046	126
539.1	127
539.152	128
539.203	129
539.253	130
539.302	131
539.348	132
539.396	133
539.441	134
539.485	135
539.528	136
539.572	137
539.613	138
539.655	139
539.682	95
539.81	96
539.822	97
539.824	98
539.826	99
539.86	100
539.901	101
539.939	102
539.981	103
540.022	104
540.062	105
540.106	106
540.149	107
540.194	108
540.239	109
540.292	110
540.333	111
540.381	112
540.431	113
540.483	114
540.534	115
540.588	116
540.643	117
540.699	118
540.733	81
540.962	82
540.965	83
540.995	84
541.064	85
541.137	86
541.214	87
541.3	88
541.378	89
541.466	90
541.561	91
541.662	92
541.771	93
541.887	94
542.019	95
542.163	96
542.331	97
542.526	98
542.775	99
543.128	100
545.842	101
546.194	102
546.443	103
546.639	104
546.805	105
546.951	106
547.082	107
547.2	108
547.308	109
547.409	110
547.503	111
547.593	112
547.676	113
547.756	114
547.832	115
547.895	79
548.024	80
548.032	81
548.034	82
548.052	83
548.098	84
548.142	85
548.189	86
548.236	87
548.286	88
548.336	89
548.385	90
548.437	91
548.492	92
548.546	93
548.603	94
548.663	95
548.723	96
548.785	97
548.849	98
548.916	99
548.987	100
549.059	101
549.135	102
549.216	103
549.3	104
549.388	105
549.482	106
549.583	107
549.691	108
549.809	109
549.94	110
550.085	111
550.253	112
550.449	113
550.696	114
551.048	115
553.765	116
554.117	117
554.364	118
554.561	119
554.727	120
554.874	121
555.002	122
555.12	123
555.23	124
555.33	125
555.424	126
555.514	127
555.597	128
555.678	129
555.752	130
555.827	131
555.896	132
555.963	133
556.028	134
556.091	135
556.151	136
556.208	137
556.267	138
556.32	139
556.376	140
556.427	141
556.477	142
556.527	143
556.576	144
556.623	145
556.669	146
556.714	147
556.76	148
556.804	149
556.846	150
556.888	151
556.911	104
557.041	105
557.042	106
557.044	107
557.048	108
557.084	109
557.122	110
557.16	111
557.197	112
557.236	113
557.277	114
557.316	115
557.357	116
557.399	117
557.442	118
557.485	119
557.53	120
557.575	121
557.622	122
557.669	123
557.718	124
557.767	125
557.818	126
557.871	127
557.924	128
557.979	129
558.036	130
558.095	131
558.156	132
558.218	133
558.282	134
558.349	135
558.42	136
558.492	137
558.569	138
558.601	95
558.803	96
558.804	97
558.822	98
558.885	99
558.95	100
559.017	101
559.087	102
559.159	103
559.235	104
559.315	105
559.4	106
559.488	107
559.582	108
559.684	109
559.793	110
559.909	111
560.04	112
560.186	113
560.353	114
560.549	115
560.797	116
561.149	117
563.863	118
564.216	119
564.465	120
564.662	121
564.828	122
564.973	123
565.103	124
565.221	125
565.329	126
565.431	127
565.524	128
565.614	129
565.697	130
565.777	131
565.854	132
565.926	133
565.988	91
566.214	92
566.217	93
566.219	94
566.233	95
566.269	96
566.31	97
566.352	98
566.393	99
566.44	100
566.48	101
566.525	102
566.569	103
566.616	104
566.662	105
566.711	106
566.761	107
566.812	108
566.864	109
566.917	110
566.974	111
567.03	112
567.088	113
567.149	114
567.211	115
567.275	116
567.342	117
567.412	118
567.486	119
567.562	120
567.642	121
567.724	122
567.815	123
567.908	124
568.01	125
568.119	126
568.236	127
568.367	128
568.513	129
568.678	130
568.875	131
569.123	132
569.476	133
572.19	134
572.543	135
572.79	136
572.987	137
573.153	138
573.3	139
573.428	140
573.547	141
573.656	142
573.758	143
573.851	144
573.94	145
574.024	146
574.103	147
574.179	148
574.253	149
574.323	150
574.39	151
574.454	152
574.516	153
574.578	154
574.636	155
574.692	156
574.748	157
574.802	158
574.854	159
574.903	160
574.953	161
575.003	162
575.049	163
575.096	164
575.141	165
575.169	114
575.4	115
575.401	116
575.405	117
575.407	118
575.435	119
575.47	120
575.506	121
575.543	122
575.579	123
575.616	124
575.654	125
575.691	126
575.731	127
575.772	128
575.812	129
575.852	130
575.895	131
575.937	132
575.98	133
576.025	134
576.07	135
576.117	136
576.164	137
576.213	138
576.262	139
576.313	140
576.366	141
576.419	142
576.474	143
576.531	144
576.589	145
576.65	146
576.712	147
576.777	148
576.843	149
576.914	150
576.986	151
577.011	104
577.199	105
577.2	106
577.211	107
577.269	108
577.33	109
577.393	110
577.457	111
577.524	112
577.595	113
577.668	114
577.743	115
577.822	116
577.907	117
577.996	118
578.089	119
578.19	120
578.3	121
578.418	122
578.548	123
578.693	124
578.86	125
579.056	126
579.305	127
579.658	128
582.372	129
582.724	130
582.971	131
583.168	132
583.335	133
583.48	134
583.61	135
583.728	136
583.838	137
583.939	138
584.033	139
584.121	140
584.206	141
584.285	142
584.363	143
584.434	144
584.504	145
584.519	100
584.644	101
584.656	102
584.658	103
584.66	104
584.694	105
584.732	106
584.771	107
584.81	108
584.85	109
584.892	110
584.934	111
584.975	112
585.02	113
585.063	114
585.109	115
585.155	116
585.203	117
585.251	118
585.301	119
585.352	120
585.405	121
585.458	122
585.513	123
585.57	124
585.628	125
585.689	126
585.751	127
585.817	128
585.883	129
585.953	130
586.025	131
586.102	132
586.181	133
586.266	134
586.354	135
586.45	136
586.549	137
586.658	138
586.778	139
586.906	140
587.052	141
587.219	142
587.415	143
587.663	144
588.016	145
590.731	146
591.082	147
591.236	101
591.365	102
591.371	103
591.372	104
591.374	105
591.412	106
591.449	107
591.487	108
591.527	109
591.567	110
591.606	111
591.647	112
591.691	113
591.734	114
591.775	115
591.82	116
591.866	117
591.911	118
591.96	119
592.007	120
592.058	121
592.109	122
592.16	123
592.214	124
592.269	125
592.326	126
592.384	127
592.444	128
592.507	129
592.571	130
592.64	131
592.709	132
592.781	133
592.858	134
592.939	135
593.021	136
593.111	137
593.206	138
593.306	139
593.415	140
593.534	141
593.547	97
593.678	98
593.688	99
593.698	100
593.76	101
593.825	102
593.891	103
593.962	104
594.035	105
594.11	106
594.191	107
594.274	108
594.363	109
594.459	110
594.559	111
594.668	112
594.786	113
594.915	114
595.06	115
595.228	116
595.424	117
595.671	118
596.025	119
598.738	120
599.092	121
599.338	122
599.537	123
599.703	124
599.848	125
599.977	126
600.096	127
600.204	128
600.305	129
600.4	130
600.488	131
600.572	132
600.652	133
600.729	134
600.802	135
600.871	136
600.94	93
601.187	94
601.189	95
601.191	96
601.202	97
601.24	98
601.287	99
601.32	100
601.361	101
601.403	102
601.446	103
601.493	104
601.533	105
601.578	106
601.626	107
601.673	108
601.722	109
601.771	110
601.821	111
601.874	112
601.928	113
601.982	114
602.04	115
602.098	116
602.158	117
602.221	118
602.285	119
602.352	120
602.423	121
602.496	122
602.571	123
602.652	124
602.735	125
602.824	126
602.919	127
603.02	128
603.128	129
603.245	130
603.376	131
603.523	132
603.689	133
603.885	134
604.132	135
604.485	136
607.2	137
607.552	138
607.799	139
607.998	140
608.106	96
608.236	97
608.238	98
608.24	99
608.242	100
608.286	101
608.325	102
608.365	103
608.405	104
608.447	105
608.489	106
608.531	107
608.574	108
608.619	109
608.665	110
608.712	111
608.758	112
608.806	113
608.857	114
608.908	115
608.96	116
609.013	117
609.068	118
609.124	119
609.184	120
609.285	121
609.372	122
609.438	123
609.507	124
609.58	125
609.645	126
609.737	127
609.821	128
609.893	129
610.004	130
610.083	131
610.21	132
610.216	91
610.435	92
610.468	93
610.524	94
610.59	95
610.655	96
610.733	97
610.808	98
610.879	99
610.972	100
611.057	101
611.155	102
611.232	103
611.35	104
611.467	105
611.583	106
611.701	107
611.821	108
611.941	109
612.123	110
612.37	111
612.723	112
615.438	113
615.79	114
615.894	78
616.063	79
616.065	80
616.067	81
616.094	82
616.139	83
616.183	84
616.229	85
616.276	86
616.324	87
616.373	88
616.426	89
616.477	90
616.53	91
616.585	92
616.643	93
616.703	94
616.763	95
616.825	96
616.889	97
616.956	98
617.025	99
617.099	100
617.176	101
617.254	102
617.34	103
617.428	104
617.522	105
617.622	106
617.731	107
617.85	108
617.979	109
618.124	110
618.291	111
618.489	112
618.737	113
619.09	114
621.803	115
622.156	116
622.404	117
622.6	118
622.768	119
622.913	120
623.041	121
623.16	122
623.27	123
623.37	124
623.463	125
623.554	126
623.638	127
623.717	128
623.794	129
623.865	130
623.935	131
624.002	132
624.067	133
624.129	134
624.191	135
624.249	136
624.305	137
624.361	138
624.413	139
624.446	95
624.648	96
624.649	97
624.652	98
624.659	99
624.698	100
624.738	101
624.778	102
624.818	103
624.859	104
624.901	105
624.943	106
624.987	107
625.031	108
625.077	109
625.124	110
625.17	111
625.219	112
625.269	113
625.319	114
625.371	115
625.426	116
625.48	117
625.537	118
625.596	119
625.655	120
625.719	121
625.784	122
625.849	123
625.921	124
625.993	125
626.069	126
626.15	127
626.233	128
626.321	129
626.416	130
626.516	131
626.626	132
626.744	133
626.873	134
627.02	135
627.185	136
627.383	137
627.629	138
627.983	139
630.696	140
630.813	96
630.967	97
630.968	98
630.97	99
630.978	100
631.018	101
631.056	102
631.096	103
631.137	104
631.177	105
631.219	106
631.262	107
631.305	108
631.35	109
631.395	110
631.442	111
631.489	112
631.537	113
631.586	114
631.637	115
631.69	116
631.745	117
631.799	118
631.856	119
631.915	120
631.975	121
632.038	122
632.102	123
632.169	124
632.238	125
632.311	126
632.388	127
632.468	128
632.551	129
632.64	130
632.735	131
632.836	132
632.944	133
633.063	134
633.192	135
633.338	136
633.505	137
633.702	138
633.949	139
634.088	95
634.217	96
634.224	97
634.232	98
634.293	99
634.356	100
634.421	101
634.488	102
634.558	103
634.631	104
634.705	105
634.786	106
634.871	107
634.959	108
635.054	109
635.155	110
635.263	111
635.381	112
635.512	113
635.656	114
635.823	115
636.02	116
636.267	117
636.621	118
639.334	119
639.687	120
639.936	121
640.132	122
640.299	123
640.444	124
640.574	125
640.691	126
640.801	127
640.902	128
640.995	129
641.085	130
641.168	131
641.248	132
641.324	133
641.398	134
641.467	135
641.535	136
641.598	137
641.662	138
641.721	139
641.781	140
641.837	141
641.892	142
641.946	143
641.999	144
642.048	145
642.098	146
642.147	147
642.195	148
642.24	149
642.286	150
642.331	151
642.374	152
642.416	153
642.459	154
642.499	155
642.54	156
642.579	157
642.619	158
642.638	109
642.857	110
642.858	111
642.86	112
642.862	113
642.897	114
642.933	115
642.969	116
643.007	117
643.045	118
643.083	119
643.121	120
643.162	121
643.203	122
643.243	123
643.285	124
643.328	125
643.371	126
643.416	127
643.46	128
643.508	129
643.555	130
643.604	131
643.653	132
643.704	133
643.757	134
643.809	135
643.865	136
643.922	137
643.981	138
644.041	139
644.103	140
644.168	141
644.234	142
644.304	143
644.377	144
644.453	145
644.533	146
644.619	147
644.705	148
644.8	149
644.901	150
645.009	151
645.128	152
645.259	153
645.404	154
645.57	155
645.766	156
646.015	157
646.367	158
648.967	109
649.097	110
649.1	111
649.103	112
649.104	113
649.136	114
649.172	115
649.209	116
649.247	117
649.284	118
649.323	119
649.362	120
649.401	121
649.442	122
649.482	123
649.523	124
649.567	125
649.61	126
649.654	127
649.7	128
649.747	129
649.795	130
649.843	131
649.893	132
649.943	133
649.994	134
650.05	135
650.103	136
650.16	137
650.219	138
650.28	139
650.343	140
650.407	141
650.474	142
650.543	143
650.617	144
650.692	145
650.773	146
650.858	147
650.945	148
651.041	149
651.14	150
651.249	151
651.287	104
651.482	105
651.484	106
651.495	107
651.553	108
651.614	109
651.677	110
651.741	111
651.808	112
651.878	113
651.951	114
652.027	115
652.107	116
652.191	117
652.279	118
652.374	119
652.474	120
652.584	121
652.701	122
652.832	123
652.978	124
653.144	125
653.341	126
653.589	127
653.941	128
656.656	129
657.01	130
657.256	131
657.452	132
657.619	133
657.764	134
657.895	135
658.013	136
658.122	137
658.221	138
658.316	139
658.405	140
658.49	141
658.57	142
658.645	143
658.656	98
658.878	99
658.88	100
658.882	101
658.9	102
658.927	103
658.964	104
659.003	105
659.043	106
659.085	107
659.125	108
659.166	109
659.212	110
659.252	111
659.298	112
659.343	113
659.391	114
659.436	115
659.486	116
659.535	117
659.586	118
659.638	119
659.691	120
659.747	121
659.803	122
659.861	123
659.921	124
659.985	125
660.049	126
660.117	127
660.186	128
660.259	129
660.335	130
660.415	131
660.499	132
660.588	133
660.681	134
660.783	135
660.892	136
661.01	137
661.139	138
661.286	139
661.451	140
661.649	141
661.896	142
662.249	143
664.964	144
665.316	145
665.564	146
665.695	100
665.823	101
665.828	102
665.83	103
665.832	104
665.87	105
665.907	106
665.946	107
665.985	108
666.025	109
666.064	110
666.105	111
666.149	112
666.191	113
666.234	114
666.278	115
666.323	116
666.37	117
666.418	118
666.466	119
666.515	120
666.566	121
666.619	122
666.672	123
666.727	124
666.784	125
666.842	126
666.902	127
666.966	128
667.03	129
667.098	130
667.166	131
667.24	132
667.316	133
667.395	134
667.48	135
667.569	136
667.663	137
667.764	138
667.874	139
667.937	95
668.096	96
668.098	97
668.111	98
668.177	99
668.235	100
668.299	101
668.365	102
668.436	103
668.509	104
668.586	105
668.665	106
668.748	107
668.837	108
668.932	109
669.033	110
669.142	111
669.26	112
669.389	113
669.535	114
669.701	115
669.899	116
670.146	117
670.498	118
673.213	119
673.567	120
673.814	121
674.011	122
674.177	123
674.323	124
674.453	125
674.57	126
674.678	127
674.78	128
674.875	129
674.964	130
675.047	131
675.126	132
675.203	133
675.276	134
675.345	135
675.375	93
675.59	94
675.592	95
675.594	96
675.615	97
675.646	98
675.687	99
675.729	100
675.769	101
675.817	102
675.855	103
675.9	104
675.946	105
675.993	106
676.04	107
676.088	108
676.137	109
676.189	110
676.241	111
676.295	112
676.349	113
676.406	114
676.465	115
676.526	116
676.587	117
676.652	118
676.72	119
676.788	120
676.863	121
676.938	122
677.018	123
677.102	124
677.19	125
677.286	126
677.385	127
677.494	128
677.614	129
677.743	130
677.889	131
678.054	132
678.251	133
678.498	134
678.852	135
681.567	136
681.919	137
682.167	138
682.364	139
682.53	140
682.675	141
682.805	142
682.923	143
683.033	144
683.133	145
683.227	146
683.315	147
683.4	148
683.48	149
683.556	150
683.63	151
683.7	152
683.766	153
683.83	154
683.893	155
683.953	156
684.012	157
684.068	158
684.125	159
684.177	160
684.23	161
684.28	162
684.331	163
684.379	164
684.426	165
684.472	166
684.518	167
684.562	168
684.605	169
684.648	170
684.69	171
684.732	172
684.744	118
684.967	119
684.968	120
684.97	121
684.971	122
684.997	123
685.031	124
685.065	125
685.099	126
685.134	127
685.17	128
685.206	129
685.243	130
685.28	131
685.318	132
685.356	133
685.395	134
685.434	135
685.476	136
685.517	137
685.558	138
685.602	139
685.644	140
685.688	141
685.734	142
685.78	143
685.827	144
685.877	145
685.926	146
685.977	147
686.029	148
686.083	149
686.138	150
686.195	151
686.253	152
686.297	105
686.506	106
686.507	107
686.519	108
686.577	109
686.642	110
686.7	111
686.765	112
686.831	113
686.902	114
686.974	115
687.052	116
687.13	117
687.215	118
687.303	119
687.397	120
687.499	121
687.608	122
687.725	123
687.856	124
688.001	125
688.167	126
688.364	127
688.612	128
688.964	129
691.679	130
692.032	131
692.279	132
692.475	133
692.642	134
692.789	135
692.919	136
693.036	137
693.144	138
693.245	139
693.34	140
693.429	141
693.514	142
693.592	143
693.67	144
693.717	99
693.943	100
693.945	101
693.947	102
693.963	103
693.991	104
694.03	105
694.069	106
694.11	107
694.148	108
694.189	109
694.231	110
694.274	111
694.318	112
694.363	113
694.407	114
694.454	115
694.502	116
694.55	117
694.6	118
694.65	119
694.702	120
694.756	121
694.812	122
694.869	123
694.926	124
694.987	125
695.05	126
695.115	127
695.182	128
695.251	129
695.324	130
695.4	131
695.479	132
695.564	133
695.653	134
695.748	135
695.848	136
695.957	137
696.075	138
696.204	139
696.35	140
696.517	141
696.713	142
696.961	143
697.314	144
700.028	145
700.382	146
700.629	147
700.784	101
700.913	102
700.918	103
700.92	104
700.921	105
700.923	106
700.996	107
701.036	108
701.075	109
701.14	110
701.195	111
701.244	112
701.297	113
701.349	114
701.403	115
701.454	116
701.507	117
701.544	118
701.599	119
701.653	120
701.708	121
701.743	122
701.801	123
701.856	124
701.914	125
701.971	126
702.03	127
702.089	128
702.148	129
702.209	130
702.269	131
702.33	132
702.405	133
702.485	134
702.568	135
702.638	136
702.752	137
702.829	138
702.957	139
702.961	95
703.167	96
703.184	97
703.244	98
703.309	99
703.371	100
703.433	101
703.516	102
703.581	103
703.642	104
703.737	105
703.796	106
703.902	107
704.004	108
704.062	109
704.168	110
704.274	111
704.378	112
704.483	113
704.607	114
704.773	115
704.973	116
705.218	117
705.571	118
708.285	119
708.637	120
708.885	121
709.082	122
709.249	123
709.393	124
709.524	125
709.643	126
709.751	127
709.852	128
709.946	129
710.035	130
710.119	131
710.2	132
710.275	133
710.349	134
710.418	135
710.447	93
710.653	94
710.655	95
710.657	96
710.669	97
710.709	98
710.75	99
710.791	100
710.832	101
710.875	102
710.918	103
710.962	104
711.009	105
711.055	106
711.103	107
711.151	108
711.203	109
711.25	110
711.308	111
711.357	112
711.414	113
711.469	114
711.528	115
711.588	116
711.65	117
711.715	118
711.782	119
711.851	120
711.925	121
712	122
712.08	123
712.166	124
712.254	125
712.349	126
712.45	127
712.557	128
712.676	129
712.806	130
712.951	131
713.118	132
713.315	133
713.563	134
713.915	135
716.63	136
716.982	137
717.229	138
717.426	139
717.594	140
717.738	141
717.868	142
717.987	143
718.096	144
718.195	145
718.29	146
718.38	147
718.463	148
718.542	149
718.62	150
718.694	151
718.762	152
718.828	153
718.894	154
718.956	155
719.017	156
719.075	157
719.131	158
719.187	159
719.241	160
719.293	161
719.343	162
719.394	163
719.442	164
719.489	165
719.536	166
719.573	114
719.813	115
719.815	116
719.816	117
719.818	118
719.848	119
719.881	120
719.916	121
719.952	122
719.988	123
720.025	124
720.061	125
720.099	126
720.138	127
720.176	128
720.217	129
720.256	130
720.298	131
720.341	132
720.382	133
720.425	134
720.47	135
720.516	136
720.562	137
720.609	138
720.658	139
720.707	140
720.759	141
720.81	142
720.864	143
720.92	144
720.977	145
721.034	146
721.096	147
721.159	148
721.222	149
721.29	150
721.359	151
721.432	152
721.441	105
721.686	106
721.688	107
721.699	108
721.758	109
721.817	110
721.891	111
721.944	112
722.012	113
722.083	114
722.154	115
722.23	116
722.31	117
722.396	118
722.483	119
722.577	120
722.678	121
722.787	122
722.906	123
723.039	124
723.18	125
723.354	126
723.544	127
723.792	128
724.145	129
726.86	130
727.211	131
727.46	132
727.656	133
727.822	134
727.968	135
728.098	136
728.217	137
728.325	138
728.426	139
728.52	140
728.609	141
728.693	142
728.774	143
728.849	144
728.89	99
729.017	100
729.031	101
729.033	102
729.035	103
729.066	104
729.104	105
729.143	106
729.182	107
729.223	108
729.264	109
729.306	110
729.348	111
729.391	112
729.439	113
729.481	114
729.529	115
729.575	116
729.624	117
729.673	118
729.724	119
729.777	120
729.831	121
729.886	122
729.944	123
730.001	124
730.062	125
730.124	126
730.191	127
730.255	128
730.325	129
730.398	130
730.474	131
730.555	132
730.639	133
730.728	134
730.821	135
730.922	136
731.031	137
731.15	138
731.279	139
731.424	140
731.592	141
731.788	142
732.035	143
732.388	144
735.103	145
735.455	146
735.704	147
735.9	148
736.065	149
736.212	150
736.343	151
736.46	152
736.568	153
736.669	154
736.763	155
736.853	156
736.936	157
737.017	158
737.093	159
737.165	160
737.235	161
737.302	162
737.367	163
737.429	164
737.49	165
737.548	166
737.605	167
737.628	115
737.821	116
737.822	117
737.824	118
737.825	119
737.856	120
737.89	121
737.924	122
737.96	123
737.995	124
738.032	125
738.069	126
738.107	127
738.145	128
738.184	129
738.226	130
738.265	131
738.307	132
738.348	133
738.391	134
738.434	135
738.478	136
738.523	137
738.57	138
738.617	139
738.666	140
738.715	141
738.766	142
738.819	143
738.872	144
738.927	145
738.985	146
739.043	147
739.103	148
739.165	149
739.23	150
739.298	151
739.368	152
739.44	153
739.516	154
739.596	155
739.68	156
739.768	157
739.862	158
739.963	159
740.073	160
740.192	161
740.321	162
740.467	163
740.632	164
740.829	165
741.077	166
741.43	167
744.144	168
744.496	169
744.621	116
744.748	117
744.764	118
744.766	119
744.767	120
744.781	121
744.813	122
744.849	123
744.883	124
744.919	125
744.955	126
744.992	127
745.03	128
745.068	129
745.105	130
745.144	131
745.183	132
745.224	133
745.265	134
745.306	135
745.35	136
745.393	137
745.438	138
745.483	139
745.529	140
745.577	141
745.625	142
745.675	143
745.727	144
745.778	145
745.831	146
745.887	147
745.943	148
746.002	149
746.062	150
746.124	151
746.19	152
746.256	153
746.327	154
746.399	155
746.476	156
746.555	157
746.638	158
746.728	159
746.822	160
746.923	161
747.032	162
747.15	163
747.28	164
747.426	165
747.591	166
747.789	167
748.037	168
748.389	169
750.833	116
750.98	117
750.981	118
750.983	119
750.984	120
751.012	121
751.046	122
751.081	123
751.115	124
751.151	125
751.188	126
751.223	127
751.261	128
751.298	129
751.337	130
751.385	131
751.416	132
751.456	133
751.498	134
751.539	135
751.582	136
751.626	137
751.669	138
751.715	139
751.761	140
751.809	141
751.858	142
751.908	143
751.958	144
752.01	145
752.063	146
752.119	147
752.175	148
752.234	149
752.295	150
752.358	151
752.421	152
752.489	153
752.558	154
752.632	155
752.708	156
752.787	157
752.871	158
752.961	159
753.055	160
753.155	161
753.264	162
753.382	163
753.512	164
753.657	165
753.824	166
754.021	167
754.269	168
754.622	169
757.336	170
757.474	117
757.642	118
757.643	119
757.645	120
757.646	121
757.673	122
757.715	123
757.743	124
757.778	125
757.817	126
757.848	127
757.885	128
757.922	129
757.961	130
757.999	131
758.038	132
758.077	133
758.118	134
758.159	135
758.2	136
758.244	137
758.287	138
758.332	139
758.376	140
758.424	141
758.471	142
758.52	143
758.569	144
758.62	145
758.672	146
758.726	147
758.781	148
758.837	149
758.896	150
758.956	151
759.019	152
759.083	153
759.15	154
759.22	155
759.293	156
759.37	157
759.45	158
759.533	159
759.622	160
759.716	161
759.818	162
759.926	163
760.045	164
760.174	165
760.319	166
760.486	167
760.682	168
760.93	169
761.283	170
763.998	171
764.35	172
764.598	173
764.794	174
764.961	175
765.107	176
765.236	177
765.354	178
765.395	123
765.532	124
765.534	125
765.536	126
765.538	127
765.561	128
765.594	129
765.628	130
765.661	131
765.696	132
765.731	133
765.766	134
765.802	135
765.841	136
765.876	137
765.914	138
765.953	139
765.992	140
766.031	141
766.071	142
766.112	143
766.155	144
766.197	145
766.24	146
766.286	147
766.331	148
766.376	149
766.424	150
766.473	151
766.523	152
766.574	153
766.625	154
766.679	155
766.735	156
766.791	157
766.849	158
766.911	159
766.972	160
766.98	110
767.977	1
768.379	2
768.481	3
768.582	4
768.683	5
768.685	6
768.785	7
768.786	8
768.788	9
768.886	10
768.888	11
768.889	12
768.891	13
768.987	14
768.989	15
768.991	16
768.992	17
768.994	18
768.995	19
769.088	20
769.09	21
769.092	22
769.093	23
769.095	24
769.096	25
769.098	26
769.1	27
769.101	28
769.189	29
769.191	30
769.193	31
769.194	32
769.196	33
769.197	34
769.199	35
769.201	36
769.202	37
769.204	38
769.205	39
769.207	40
769.209	41
769.21	42
769.291	43
769.293	44
769.294	45
769.296	46
769.297	47
769.299	48
769.301	49
769.302	50
769.304	51
769.305	52
769.307	53
769.309	54
769.31	55
769.312	56
769.313	57
769.315	58
769.317	59
769.318	60
769.32	61
769.321	62
769.323	63
769.393	64
769.394	65
769.396	66
769.397	67
769.399	68
769.401	69
769.402	70
769.404	71
769.405	72
769.407	73
769.409	74
769.41	75
769.412	76
769.413	77
769.415	78
769.417	79
769.418	80
769.42	81
769.421	82
769.423	83
769.425	84
769.426	85
769.428	86
769.429	87
769.431	88
769.433	89
769.434	90
769.436	91
769.437	92
769.439	93
769.44	94
769.494	95
769.495	96
769.497	97
769.498	98
769.5	99
769.501	100
769.503	101
769.504	102
769.506	103
769.508	104
769.509	105
769.511	106
769.512	107
769.514	108
769.515	109
769.517	110
769.518	111
769.52	112
769.522	113
769.523	114
769.525	115
769.526	116
769.528	117
769.529	118
769.531	119
769.532	120
769.534	121
769.536	122
769.537	123
769.539	124
769.54	125
769.542	126
769.543	127
769.545	128
769.546	129
769.548	130
769.549	131
769.551	132
769.552	133
769.554	134
769.556	135
769.557	136
769.559	137
769.56	138
769.562	139
769.563	140
769.565	141
769.595	142
769.597	143
769.598	144
769.6	145
769.601	146
769.603	147
769.604	148
769.606	149
769.607	150
769.609	151
769.61	152
769.612	153
769.614	154
769.615	155
769.617	156
769.618	157
769.62	158
769.621	159
769.623	160
769.624	161
769.626	162
769.627	163
769.629	164
769.63	165
769.632	166
769.633	167
769.635	168
769.637	169
769.638	170
769.64	171
769.641	172
769.643	173
769.644	174
769.646	175
769.647	176
769.649	177
769.65	178
769.652	179
769.653	180
769.655	181
769.657	182
769.659	183
769.661	184
769.663	185
769.664	186
769.666	187
769.668	188
769.67	189
769.672	190
769.674	191
769.675	192
769.677	193
769.679	194
769.681	195
769.683	196
769.685	197
769.686	198
769.688	199
769.69	200
769.692	201
769.694	202
769.696	203
769.697	204
769.699	205
769.701	206
769.703	207
769.705	208
769.707	209
769.708	210
769.71	211
769.714	212
769.716	213
769.718	214
769.72	215
769.722	216
769.723	217
769.725	218
769.727	219
769.729	220
769.731	221
769.733	222
769.734	223
769.736	224
769.738	225
769.74	226
769.742	227
769.744	228
769.745	229
769.747	230
769.749	231
769.751	232
769.753	233
769.755	234
769.756	235
769.758	236
769.76	237
769.762	238
769.764	239
769.766	240
769.767	241
769.769	242
769.771	243
769.773	244
769.775	245
769.777	246
769.778	247
769.78	248
769.782	249
769.783	250
769.785	251
769.786	252
769.788	253
769.79	254
769.791	255
769.793	256
769.794	257
769.796	177
769.966	178
769.966	179
769.967	180
769.969	181
769.97	182
769.987	183
770.013	184
770.039	185
770.064	186
770.091	187
770.099	129
770.301	130
770.302	131
770.304	132
770.347	133
770.402	134
770.455	135
770.51	136
770.567	137
770.625	138
770.686	139
770.751	140
770.813	141
770.88	142
770.95	143
771.023	144
771.099	145
771.179	146
771.263	147
771.352	148
771.446	149
771.547	150
771.656	151
771.774	152
771.904	153
772.05	154
772.216	155
772.412	156
772.66	157
773.012	158
775.727	159
776.081	160
776.327	161
776.524	162
776.691	163
776.837	164
776.966	165
777.084	166
777.194	167
777.248	115
777.437	116
777.438	117
777.439	118
777.441	119
777.49	120
777.505	121
777.539	122
777.591	123
777.611	124
777.647	125
777.693	126
777.722	127
777.761	128
777.8	129
777.839	130
777.879	131
777.921	132
777.963	133
778.005	134
778.049	135
778.093	136
778.139	137
778.185	138
778.232	139
778.28	140
778.33	141
778.382	142
778.434	143
778.487	144
778.542	145
778.6	146
778.658	147
778.719	148
778.781	149
778.846	150
778.912	151
778.982	152
779.055	153
779.132	154
779.21	155
779.295	156
779.383	157
779.478	158
779.579	159
779.687	160
779.806	161
779.937	162
780.081	163
780.247	164
780.445	165
780.692	166
781.045	167
783.76	168
783.947	116
784.085	117
784.086	118
784.088	119
784.089	120
784.117	121
784.151	122
784.191	123
784.223	124
784.258	125
784.301	126
784.332	127
784.37	128
784.413	129
784.447	130
784.486	131
784.527	132
784.567	133
784.611	134
784.654	135
784.696	136
784.741	137
784.786	138
784.833	139
784.88	140
784.928	141
784.979	142
785.03	143
785.082	144
785.135	145
785.189	146
785.246	147
785.264	101
785.375	102
785.395	103
785.396	104
785.449	105
785.514	106
785.578	107
785.644	108
785.714	109
785.787	110
785.863	111
785.944	112
786.028	113
786.116	114
786.213	115
786.319	116
786.425	117
786.538	118
786.668	119
786.814	120
786.979	121
787.177	122
787.423	123
787.777	124
790.491	125
790.843	126
791.092	127
791.289	128
791.455	129
791.6	130
791.731	131
791.849	132
791.958	133
792.058	134
792.153	135
792.241	136
792.314	93
792.438	94
792.439	95
792.44	96
792.45	97
792.489	98
792.539	99
792.569	100
792.61	101
792.654	102
792.696	103
792.742	104
792.784	105
792.828	106
792.876	107
792.921	108
792.97	109
793.02	110
793.072	111
793.123	112
793.177	113
793.233	114
793.291	115
793.349	116
793.409	117
793.47	118
793.535	119
793.603	120
793.673	121
793.745	122
793.82	123
793.901	124
793.986	125
794.073	126
794.169	127
794.269	128
794.378	129
794.495	130
794.627	131
794.77	132
794.938	133
795.135	134
795.382	135
795.735	136
798.449	137
798.802	138
799.05	139
799.246	140
799.412	141
799.558	142
799.689	143
799.806	144
799.916	145
800.017	146
800.046	100
800.157	101
800.186	102
800.187	103
800.189	104
800.203	105
800.24	106
800.287	107
800.318	108
800.358	109
800.397	110
800.439	111
800.49	112
800.523	113
800.567	114
800.611	115
800.656	116
800.702	117
800.749	118
800.799	119
800.847	120
800.902	121
800.951	122
801.006	123
801.06	124
801.116	125
801.175	126
801.235	127
801.298	128
801.362	129
801.437	130
801.5	131
801.573	132
801.658	133
801.728	134
801.812	135
801.902	136
801.996	137
802.096	138
802.205	139
802.324	140
802.453	141
802.599	142
802.765	143
802.963	144
803.21	145
803.563	146
806.277	147
806.63	148
806.654	102
806.884	103
806.885	104
806.901	105
806.904	106
806.905	107
806.966	108
807.008	109
807.043	110
807.082	111
807.124	112
807.164	113
807.207	114
807.288	115
807.353	116
807.405	117
807.472	118
807.525	119
807.57	120
807.625	121
807.671	122
807.731	123
807.773	124
807.836	125
807.899	126
807.962	127
808.007	128
808.072	88
808.242	89
808.242	90
808.332	91
808.415	92
808.477	93
808.539	94
808.635	95
808.692	96
808.798	97
808.901	98
808.958	99
809.066	100
809.172	101
809.279	102
809.39	103
809.505	104
809.67	105
809.868	106
810.116	107
810.468	108
813.183	109
813.536	110
813.783	111
813.981	112
814.147	113
814.292	114
814.422	115
814.54	116
814.649	117
814.75	118
814.844	119
814.933	120
814.979	82
815.107	83
815.127	84
815.129	85
815.131	86
815.173	87
815.23	88
815.261	89
815.306	90
815.353	91
815.399	92
815.448	93
815.498	94
815.55	95
815.601	96
815.654	97
815.711	98
815.766	99
815.825	100
815.885	101
815.947	102
816.012	103
816.082	104
816.149	105
816.223	106
816.298	107
816.378	108
816.462	109
816.55	110
816.645	111
816.746	112
816.856	113
816.974	114
817.103	115
817.249	116
817.415	117
817.613	118
817.859	119
818.212	120
820.928	121
821.279	122
821.526	123
821.723	124
821.889	125
822.035	126
822.166	127
822.284	128
822.394	129
822.494	130
822.588	131
822.677	132
822.761	133
822.841	134
822.916	135
822.99	136
823.059	137
823.127	138
823.191	139
823.253	140
823.313	141
823.372	142
823.429	143
823.485	144
823.54	145
823.544	100
823.769	101
823.771	102
823.772	103
823.78	104
823.817	105
823.855	106
823.894	107
823.932	108
823.974	109
824.014	110
824.056	111
824.1	112
824.143	113
824.187	114
824.232	115
824.279	116
824.326	117
824.374	118
824.425	119
824.476	120
824.529	121
824.581	122
824.636	123
824.692	124
824.752	125
824.813	126
824.874	127
824.939	128
825.006	129
825.075	130
825.15	131
825.225	132
825.305	133
825.389	134
825.478	135
825.572	136
825.674	137
825.781	138
825.899	139
826.03	140
826.175	141
826.342	142
826.539	143
826.786	144
827.139	145
829.722	100
829.851	101
829.858	102
829.86	103
829.861	104
829.897	105
829.935	106
829.974	107
830.015	108
830.054	109
830.096	110
830.137	111
830.18	112
830.225	113
830.268	114
830.315	115
830.359	116
830.408	117
830.456	118
830.507	119
830.557	120
830.608	121
830.663	122
830.717	123
830.775	124
830.834	125
830.893	126
830.956	127
831.02	128
831.088	129
831.157	130
831.231	131
831.307	132
831.386	133
831.47	134
831.559	135
831.654	136
831.753	137
831.864	138
831.981	139
832.112	140
832.246	96
832.4	97
832.401	98
832.415	99
832.477	100
832.538	101
832.603	102
832.669	103
832.739	104
832.812	105
832.889	106
832.968	107
833.052	108
833.14	109
833.235	110
833.336	111
833.444	112
833.563	113
833.692	114
833.839	115
834.004	116
834.201	117
834.448	118
834.801	119
837.517	120
837.868	121
838.116	122
838.313	123
838.479	124
838.625	125
838.755	126
838.873	127
838.983	128
839.083	129
839.177	130
839.266	131
839.351	132
839.431	133
839.507	134
839.578	135
839.649	136
839.696	93
839.871	94
839.872	95
839.875	96
839.884	97
839.923	98
839.963	99
840.002	100
840.044	101
840.085	102
840.127	103
840.171	104
840.215	105
840.261	106
840.308	107
840.356	108
840.403	109
840.452	110
840.504	111
840.558	112
840.61	113
840.665	114
840.722	115
840.78	116
840.841	117
840.904	118
840.967	119
841.036	120
841.105	121
841.179	122
841.253	123
841.333	124
841.419	125
841.507	126
841.601	127
841.703	128
841.81	129
841.929	130
842.059	131
842.204	132
842.37	133
842.568	134
842.816	135
843.168	136
845.882	137
846.235	138
846.482	139
846.679	140
846.846	141
846.991	142
847.122	143
847.239	144
847.348	145
847.449	146
847.542	147
847.633	148
847.717	149
847.796	150
847.872	151
847.944	152
848.014	153
848.081	154
848.146	155
848.209	156
848.244	107
848.477	108
848.478	109
848.487	110
848.489	111
848.516	112
848.551	113
848.588	114
848.626	115
848.663	116
848.702	117
848.74	118
848.78	119
848.821	120
848.861	121
848.903	122
848.946	123
848.989	124
849.033	125
849.079	126
849.125	127
849.174	128
849.221	129
849.271	130
849.321	131
849.374	132
849.428	133
849.484	134
849.54	135
849.598	136
849.659	137
849.721	138
849.786	139
849.853	140
849.923	141
849.995	142
850.072	143
850.152	144
850.235	145
850.324	146
850.419	147
850.52	148
850.628	149
850.746	150
850.877	151
851.022	152
851.189	153
851.385	154
851.634	155
851.985	156
854.587	107
854.81	108
854.811	109
854.813	110
854.815	111
854.848	112
854.884	113
854.922	114
854.958	115
854.997	116
855.035	117
855.073	118
855.113	119
855.154	120
855.195	121
855.237	122
855.279	123
855.322	124
855.368	125
855.412	126
855.459	127
855.505	128
855.554	129
855.605	130
855.655	131
855.707	132
855.761	133
855.816	134
855.873	135
855.932	136
855.993	137
856.055	138
856.12	139
856.187	140
856.255	141
856.329	142
856.406	143
856.485	144
856.569	145
856.657	146
856.753	147
856.853	148
856.961	149
857.079	150
857.21	151
857.356	152
857.522	153
857.718	154
857.966	155
858.318	156
861.033	157
861.386	158
861.535	109
861.664	110
861.667	111
861.669	112
861.67	113
861.702	114
861.738	115
861.775	116
861.813	117
861.85	118
861.887	119
861.926	120
861.968	121
862.007	122
862.048	123
862.091	124
862.132	125
862.177	126
862.22	127
862.266	128
862.312	129
862.36	130
862.409	131
862.457	132
862.509	133
862.561	134
862.614	135
862.67	136
862.726	137
862.785	138
862.845	139
862.909	140
862.973	141
863.04	142
863.11	143
863.182	144
863.258	145
863.339	146
863.423	147
863.511	148
863.606	149
863.706	150
863.815	151
863.912	104
864.046	105
864.047	106
864.056	107
864.115	108
864.175	109
864.239	110
864.302	111
864.37	112
864.439	113
864.512	114
864.588	115
864.669	116
864.753	117
864.841	118
864.936	119
865.036	120
865.145	121
865.263	122
865.394	123
865.539	124
865.705	125
865.903	126
866.151	127
866.504	128
869.218	129
869.571	130
869.817	131
870.014	132
870.182	133
870.326	134
870.457	135
870.574	136
870.684	137
870.784	138
870.879	139
870.967	140
871.051	141
871.131	97
871.376	98
871.376	99
871.378	100
871.386	101
871.424	102
871.464	103
871.504	104
871.544	105
871.585	106
871.626	107
871.67	108
871.713	109
871.757	110
871.802	111
871.85	112
871.897	113
871.945	114
871.997	115
872.045	116
872.105	117
872.152	118
872.212	119
872.263	120
872.321	121
872.382	122
872.444	123
872.509	124
872.576	125
872.646	126
872.72	127
872.796	128
872.876	129
872.96	130
873.048	131
873.141	132
873.244	133
873.353	134
873.47	135
873.6	136
873.746	137
873.912	138
874.11	139
874.356	140
874.71	141
877.423	142
877.776	143
878.023	144
878.221	145
878.386	146
878.533	147
878.663	148
878.78	149
878.889	150
878.99	151
879.084	152
879.173	153
879.258	154
879.338	155
879.414	156
879.487	157
879.556	158
879.623	159
879.688	160
879.751	161
879.811	162
879.87	163
879.926	164
879.982	165
880.035	166
880.087	167
880.138	168
880.188	169
880.236	170
880.283	171
880.297	118
880.527	119
880.529	120
880.53	121
880.532	122
880.558	123
880.592	124
880.629	125
880.662	126
880.697	127
880.733	128
880.769	129
880.807	130
880.845	131
880.883	132
880.923	133
880.961	134
881.003	135
881.045	136
881.086	137
881.128	138
881.171	139
881.216	140
881.261	141
881.308	142
881.354	143
881.404	144
881.453	145
881.503	146
881.556	147
881.61	148
881.666	149
881.721	150
881.78	151
881.841	152
881.905	153
881.969	154
882.035	155
882.106	156
882.12	107
882.277	108
882.278	109
882.285	110
882.341	111
882.4	112
882.462	113
882.523	114
882.588	115
882.655	116
882.724	117
882.797	118
882.873	119
882.953	120
883.038	121
883.126	122
883.221	123
883.322	124
883.43	125
883.548	126
883.678	127
883.823	128
883.991	129
884.188	130
884.435	131
884.788	132
887.502	133
887.855	134
888.101	135
888.298	136
888.467	137
888.612	138
888.74	139
888.859	140
888.968	141
889.069	142
889.162	143
889.252	144
889.336	145
889.415	146
889.491	147
889.497	101
889.662	102
889.665	103
889.667	104
889.668	105
889.708	106
889.782	107
889.823	108
889.871	109
889.915	110
889.975	111
890.02	112
890.071	113
890.109	114
890.16	115
890.199	116
890.247	117
890.302	118
890.333	119
890.392	120
890.441	121
890.5	122
890.548	123
890.609	124
890.659	125
890.719	126
890.77	127
890.832	128
890.884	129
890.946	130
891.005	131
891.078	132
891.154	133
891.234	134
891.301	135
891.405	136
891.48	137
891.601	138
891.664	139
891.789	140
891.914	141
892.038	142
892.166	143
892.295	144
892.467	145
892.714	146
893.068	147
895.783	148
896.135	149
896.181	102
896.374	103
896.375	104
896.377	105
896.38	106
896.427	107
896.453	108
896.491	109
896.53	110
896.569	111
896.608	112
896.648	113
896.689	114
896.731	115
896.774	116
896.817	117
896.862	118
896.907	119
896.953	120
897	121
897.049	122
897.1	123
897.15	124
897.203	125
897.257	126
897.311	127
897.368	128
897.426	129
897.488	130
897.549	131
897.615	132
897.681	133
897.752	134
897.824	135
897.899	136
897.98	137
898.064	138
898.152	139
898.247	140
898.348	141
898.456	142
898.578	98
898.715	99
898.718	100
898.733	101
898.797	102
898.861	103
898.927	104
898.999	105
899.071	106
899.147	107
899.229	108
899.311	109
899.399	110
899.494	111
899.595	112
899.703	113
899.822	114
899.951	115
900.097	116
900.263	117
900.46	118
900.708	119
901.06	120
903.774	121
904.129	122
904.376	123
904.573	124
904.739	125
904.884	126
905.014	127
905.132	128
905.241	129
905.342	130
905.436	131
905.525	132
905.609	133
905.689	134
905.764	135
905.837	136
905.907	137
905.931	94
906.159	95
906.162	96
906.174	97
906.176	98
906.21	99
906.25	100
906.29	101
906.331	102
906.381	103
906.416	104
906.459	105
906.504	106
906.549	107
906.596	108
906.644	109
906.694	110
906.741	111
906.8	112
906.844	113
906.906	114
906.953	115
907.012	116
907.069	117
907.129	118
907.191	119
907.256	120
907.324	121
907.393	122
907.465	123
907.542	124
907.622	125
907.706	126
907.795	127
907.89	128
907.991	129
908.099	130
908.217	131
908.348	132
908.493	133
908.659	134
908.855	135
909.103	136
909.456	137
912.17	138
912.523	139
912.77	140
912.939	96
913.067	97
913.073	98
913.075	99
913.079	100
913.117	101
913.156	102
913.195	103
913.236	104
913.28	105
913.319	106
913.361	107
913.405	108
913.448	109
913.494	110
913.542	111
913.588	112
913.636	113
913.686	114
913.738	115
913.79	116
913.843	117
913.899	118
913.955	119
914.013	120
914.074	121
914.136	122
914.201	123
914.27	124
914.338	125
914.41	126
914.487	127
914.567	128
914.651	129
914.739	130
914.835	131
914.934	132
915.044	133
915.163	134
915.274	92
915.412	93
915.414	94
915.434	95
915.498	96
915.565	97
915.636	98
915.709	99
915.784	100
915.865	101
915.948	102
916.037	103
916.132	104
916.232	105
916.342	106
916.458	107
916.589	108
916.735	109
916.9	110
917.098	111
917.346	112
917.698	113
920.412	114
920.765	115
921.013	116
921.209	117
921.375	118
921.522	119
921.651	120
921.77	121
921.879	122
921.978	123
922.075	124
922.163	125
922.247	126
922.326	127
922.403	128
922.476	129
922.546	130
922.612	131
922.674	90
922.902	91
922.906	92
922.914	93
922.919	94
922.959	95
923	96
923.043	97
923.086	98
923.129	99
923.173	100
923.218	101
923.265	102
923.312	103
923.361	104
923.412	105
923.461	106
923.512	107
923.567	108
923.623	109
923.68	110
923.739	111
923.799	112
923.86	113
923.926	114
923.991	115
924.062	116
924.135	117
924.211	118
924.291	119
924.374	120
924.465	121
924.558	122
924.659	123
924.768	124
924.886	125
925.015	126
925.161	127
925.327	128
925.524	129
925.773	130
926.124	131
928.838	132
929.192	133
929.44	134
929.583	92
929.787	93
929.789	94
929.791	95
929.802	96
929.84	97
929.881	98
929.922	99
929.965	100
930.007	101
930.05	102
930.095	103
930.141	104
930.186	105
930.234	106
930.284	107
930.332	108
930.383	109
930.436	110
930.489	111
930.545	112
930.602	113
930.661	114
930.72	115
930.783	116
930.805	79
930.957	80
930.96	81
930.988	82
931.059	83
931.132	84
931.208	85
931.286	86
931.372	87
931.461	88
931.554	89
931.656	90
931.763	91
931.881	92
932.012	93
932.156	94
932.324	95
932.521	96
932.769	97
933.122	98
935.222	99
936.189	100
936.435	101
936.632	102
936.799	103
936.946	104
937.074	105
937.192	106
937.3	107
937.402	108
937.496	109
937.586	110
937.669	111
937.75	112
937.826	113
937.9	114
937.968	115
938.034	116
938.099	117
938.163	118
938.222	119
938.282	120
938.339	121
938.393	122
938.467	123
938.551	124
938.618	125
938.695	126
938.743	127
938.788	128
938.832	129
938.88	130
938.934	131
938.986	132
939.041	133
939.081	134
939.121	135
939.159	136
939.196	137
939.236	138
939.273	139
939.307	140
939.344	141
939.379	142
939.416	143
939.451	144
939.488	145
939.525	146
939.563	147
939.598	101
939.787	102
939.787	103
939.799	104
939.856	105
939.908	106
939.946	107
939.979	108
940.027	109
940.068	110
940.108	111
940.152	112
940.195	113
940.237	114
940.285	115
940.332	116
940.372	117
940.427	118
940.471	119
940.529	120
940.57	121
940.631	122
940.69	123
940.734	124
940.797	125
940.858	126
940.915	127
940.973	128
941.032	129
941.093	130
941.153	131
941.215	132
941.278	133
941.357	134
941.442	135
941.528	136
941.625	137
941.719	138
941.834	139
941.916	140
942.05	141
942.185	142
942.32	143
942.454	144
942.591	145
942.839	146
943.191	147
945.907	148
945.96	102
946.176	103
946.177	104
946.18	105
946.184	106
946.22	107
946.259	108
946.297	109
946.335	110
946.376	111
946.416	112
946.458	113
946.499	114
946.541	115
946.586	116
946.63	117
946.675	118
946.723	119
946.77	120
946.818	121
946.867	122
946.917	123
946.971	124
947.024	125
947.08	126
947.135	127
947.195	128
947.254	129
947.318	130
947.382	131
947.45	132
947.519	133
947.592	134
947.668	135
947.748	136
947.832	137
947.92	138
948.014	139
948.117	140
948.224	141
948.342	142
948.361	97
948.577	98
948.579	99
948.592	100
948.651	101
948.714	102
948.778	103
948.846	104
948.916	105
948.99	106
949.065	107
949.145	108
949.229	109
949.317	110
949.412	111
949.513	112
949.622	113
949.743	114
949.87	115
950.015	116
950.182	117
950.379	118
950.625	119
950.978	120
953.693	121
954.046	122
954.293	123
954.49	124
954.657	125
954.803	126
954.931	127
955.05	128
955.159	129
955.259	130
955.354	131
955.442	132
955.526	133
955.606	134
955.664	92
955.872	93
955.874	94
955.876	95
955.887	96
955.926	97
955.967	98
956.016	99
956.05	100
956.092	101
956.136	102
956.18	103
956.225	104
956.271	105
956.33	106
956.368	107
956.418	108
956.468	109
956.52	110
956.573	111
956.629	112
956.686	113
956.744	114
956.805	115
956.868	116
956.932	117
957	118
957.069	119
957.141	120
957.218	121
957.298	122
957.382	123
957.47	124
957.566	125
957.666	126
957.775	127
957.892	128
958.023	129
958.168	130
958.334	131
958.532	132
958.779	133
959.131	134
961.846	135
962.067	93
962.195	94
962.209	95
962.211	96
962.213	97
962.25	98
962.289	99
962.332	100
962.374	101
962.416	102
962.46	103
962.503	104
962.549	105
962.596	106
962.644	107
962.692	108
962.741	109
962.792	110
962.844	111
962.897	112
962.953	113
963.009	114
963.067	115
963.129	116
963.191	117
963.257	118
963.323	119
963.392	120
963.466	121
963.51	83
963.638	84
963.65	85
963.67	86
963.739	87
963.813	88
963.889	89
963.968	90
964.052	91
964.141	92
964.235	93
964.336	94
964.446	95
964.562	96
964.694	97
964.838	98
965.005	99
965.202	100
965.449	101
965.801	102
968.518	103
968.87	104
969.116	105
969.314	106
969.48	107
969.626	108
969.756	109
969.873	110
969.983	111
970.082	112
970.178	113
970.267	114
970.352	115
970.43	116
970.508	117
970.581	118
970.614	81
970.744	82
970.761	83
970.763	84
970.77	85
970.812	86
970.864	87
970.902	88
970.949	89
970.995	90
971.044	91
971.094	92
971.145	93
971.198	94
971.25	95
971.307	96
971.362	97
971.422	98
971.481	99
971.544	100
971.608	101
971.677	102
971.746	103
971.819	104
971.895	105
971.975	106
972.058	107
972.148	108
972.241	109
972.343	110
972.452	111
972.569	112
972.7	113
972.844	114
973.011	115
973.208	116
973.456	117
973.809	118
976.524	119
976.876	120
977.124	121
977.32	122
977.486	123
977.633	124
977.761	125
977.881	126
977.99	127
978.09	128
978.185	129
978.273	130
978.356	131
978.436	132
978.513	133
978.586	134
978.657	135
978.723	136
978.787	137
978.85	138
978.91	139
978.969	140
979.025	141
979.08	142
979.135	143
979.188	144
979.238	145
979.286	146
979.337	147
979.383	148
979.429	149
979.474	150
979.519	151
979.563	152
979.606	153
979.646	154
979.688	155
979.728	156
979.768	157
979.807	158
979.827	109
980.013	110
980.014	111
980.016	112
980.018	113
980.051	114
980.087	115
980.124	116
980.16	117
980.199	118
980.237	119
980.276	120
980.316	121
980.355	122
980.397	123
980.439	124
980.482	125
980.524	126
980.569	127
980.616	128
980.661	129
980.709	130
980.758	131
980.806	132
980.858	133
980.911	134
980.963	135
981.02	136
981.076	137
981.134	138
981.194	139
981.257	140
981.321	141
981.388	142
981.458	143
981.485	98
981.692	99
981.693	100
981.707	101
981.767	102
981.83	103
981.896	104
981.96	105
982.031	106
982.104	107
982.18	108
982.26	109
982.344	110
982.433	111
982.526	112
982.628	113
982.737	114
982.855	115
982.985	116
983.131	117
983.297	118
983.493	119
983.741	120
984.093	121
986.808	122
987.161	123
987.409	124
987.606	125
987.771	126
987.917	127
988.047	128
988.165	129
988.274	130
988.375	131
988.47	132
988.558	133
988.643	134
988.722	135
988.799	136
988.871	137
988.892	94
989.032	95
989.034	96
989.036	97
989.044	98
989.084	99
989.123	100
989.163	101
989.206	102
989.246	103
989.29	104
989.336	105
989.377	106
989.424	107
989.469	108
989.516	109
989.566	110
989.615	111
989.666	112
989.719	113
989.771	114
989.827	115
989.883	116
989.942	117
990.002	118
990.066	119
990.131	120
990.197	121
990.266	122
990.339	123
990.415	124
990.495	125
990.579	126
990.668	127
990.763	128
990.863	129
990.972	130
991.09	131
991.22	132
991.365	133
991.532	134
991.73	135
991.977	136
992.328	137
995.044	138
995.397	139
995.644	140
995.841	141
996.008	142
996.154	143
996.283	144
996.4	145
996.51	146
996.61	147
996.704	148
996.794	149
996.877	150
996.957	151
997.008	104
997.195	105
997.196	106
997.199	107
997.201	108
997.238	109
997.275	110
997.312	111
997.352	112
997.39	113
997.429	114
997.471	115
997.511	116
997.554	117
997.596	118
997.639	119
997.684	120
997.729	121
997.775	122
997.823	123
997.871	124
997.92	125
997.972	126
998.024	127
998.078	128
998.133	129
998.189	130
998.248	131
998.309	132
998.372	133
998.435	134
998.503	135
998.572	136
998.646	137
998.721	138
998.801	139
998.885	140
998.974	141
999.068	142
999.17	143
999.278	144
999.397	145
999.527	146
999.671	147
999.838	148
1000.03	149
1000.28	150
