10.1235	4.7242
10.1839	11.7157
10.2458	9.49217
10.3099	5.99177
10.3704	8.93371
10.4308	7.34831
10.4913	8.72613
10.5593	7.23585
10.6289	7.58939
10.6984	7.58939
10.768	7.58939
10.8376	7.58939
10.9071	7.58939
10.9767	7.58939
11.0463	7.58939
11.1159	7.58939
11.1854	7.58939
11.255	7.58939
11.3246	7.58939
11.4168	3.25167
11.5005	5.88226
11.5677	11.5998
11.6381	11.4254
11.7011	12.5684
11.7611	17.9996
11.8212	15.3766
11.8827	14.057
11.9436	12.0121
12.004	12.3152
12.0655	12.4952
12.1259	13.9043
12.1863	13.9043
12.2478	13.8618
12.3092	13.2761
12.3696	13.7056
12.4301	14.5001
12.4905	14.6988
12.5509	14.8974
12.6118	14.3751
12.6728	14.769
12.7337	15.7536
12.7941	15.8906
12.8545	15.6919
12.9149	15.4933
12.9753	16.2878
13.0363	16.1474
13.0967	16.2878
13.1571	16.4865
13.2175	16.2878
13.279	16.5951
13.3394	16.6851
13.3998	16.8837
13.4613	16.7904
13.5217	17.281
13.5832	16.9856
13.6436	17.0824
13.704	17.281
13.7644	17.4796
13.8248	17.6783
13.8852	17.281
13.9456	17.6783
14.006	17.4796
14.0665	18.0755
14.1269	18.0755
14.1873	17.6783
14.2477	18.0755
14.3092	17.7665
14.3696	18.2742
14.43	18.0755
14.4904	18.0755
14.5508	18.0755
14.6112	18.4728
14.6716	18.0755
14.7321	18.4728
14.7925	18.0755
14.8539	18.157
14.9149	18.5105
14.9753	18.4728
15.0357	18.4728
15.0966	18.1166
15.1571	18.8701
15.2175	18.4728
15.2779	18.4728
15.3383	18.4728
15.3987	18.8701
15.4591	18.4728
15.5195	18.4728
15.5799	18.4728
15.6404	18.4728
15.7018	18.5475
15.7622	18.8701
15.8226	18.4728
15.8831	18.4728
15.9435	18.4728
16.0039	18.4728
16.0643	18.4728
16.1247	18.4728
16.1851	18.4728
16.2455	18.8701
16.306	18.4728
16.3664	18.4728
16.4268	18.4728
16.4877	18.5105
16.5487	18.5105
16.6091	18.8701
16.6695	18.4728
16.7299	18.4728
16.7903	18.4728
16.8512	18.5105
16.9122	18.5105
16.9726	18.8701
17.033	18.4728
17.0934	18.2742
17.1538	18.4728
17.2143	18.4728
17.2747	18.4728
17.3351	18.4803
17.3955	18.8624
17.4559	18.2742
17.5174	18.5475
17.5778	18.8701
17.6382	18.4728
17.6986	18.6714
17.7595	18.5105
17.82	18.8701
17.8804	18.6714
17.9413	18.5105
18.0017	18.8701
18.0621	18.6714
18.1225	18.8701
18.183	18.6714
18.2434	19.2673
18.3038	18.6714
18.3647	18.9043
18.4251	19.0687
18.4856	18.8701
18.546	19.0687
18.6064	19.2673
18.6673	19.1012
18.7277	19.0687
18.7881	19.6646
18.8491	19.692
18.9095	19.6646
18.9699	19.6646
19.0303	19.466
19.0907	19.8632
19.1511	19.8632
19.2116	19.8632
19.272	19.8632
19.3324	20.4591
19.3928	20.2605
19.4532	19.6646
19.5136	20.8564
19.574	19.8632
19.6345	20.6577
19.6949	20.8564
19.7553	20.8564
19.8157	21.055
19.8761	20.8564
19.9365	21.055
19.9969	21.2536
20.0573	21.055
20.1178	21.055
20.1782	21.6509
20.2386	21.055
20.299	21.055
20.3594	21.4523
20.4198	21.6509
20.4802	21.4523
20.5407	21.055
20.6011	21.4523
20.6615	21.4523
20.7219	21.4523
20.7823	21.8495
20.8427	21.271
20.9031	20.6577
20.9635	21.8495
21.0239	21.8495
21.0843	20.8564
21.1447	21.055
21.2051	21.2536
21.2656	21.055
21.326	20.8564
21.3864	21.4523
21.4468	20.8564
21.5072	21.2536
21.5676	20.8564
21.628	21.4523
21.6885	21.2536
21.7489	21.4523
21.8093	21.8495
21.8697	21.8495
21.9301	22.0482
21.9905	22.4454
22.0509	22.4454
22.1113	22.2468
22.1723	21.0704
22.2327	20.8564
22.2931	20.8564
22.3535	20.8564
22.4145	20.8735
22.4749	21.055
22.5374	19.9634
22.5978	20.4758
22.6582	20.0618
22.7186	20.2605
22.779	20.2605
22.8394	19.8632
22.8998	20.0618
22.9602	19.2673
23.0206	19.466
23.0811	19.0687
23.1415	18.6714
23.2019	18.6714
23.2623	18.0755
23.3227	18.2742
23.3831	17.8769
23.4441	17.9197
23.5045	18.2742
23.5649	17.8769
23.6253	18.0755
23.6862	17.9197
23.7467	18.2742
23.8071	18.4728
23.8675	18.2742
23.9279	17.8769
23.9883	18.6714
24.0498	18.3523
24.1102	18.8701
24.1706	18.6714
24.231	18.6714
24.2914	18.8701
24.3518	19.0687
24.4133	18.7427
24.4737	19.2673
24.5341	19.0687
24.5945	18.6714
24.6555	18.9043
24.7159	19.0687
24.7763	19.2673
24.8367	19.0687
24.8971	19.2673
24.9575	19.0687
25.018	19.2673
25.0784	19.6646
25.1388	19.0687
25.1992	19.6646
25.2596	19.0687
25.3206	19.2981
25.381	19.6646
25.4414	19.0687
25.5018	19.6646
25.5622	19.2673
25.6226	19.6646
25.683	19.466
25.7434	19.2673
25.8039	19.6646
25.8643	19.2673
25.9247	19.466
25.9851	19.6646
26.0455	19.6646
26.1059	19.6646
26.1663	19.6646
26.2267	19.6646
26.2882	19.7189
26.3486	20.0618
26.409	19.466
26.4695	19.6646
26.5299	20.0618
26.5903	19.6646
26.6507	19.6646
26.7111	20.0618
26.7715	19.6646
26.8319	20.0618
26.8923	19.6646
26.9528	20.4591
27.0132	20.0618
27.0746	19.7189
27.135	20.0618
27.1955	20.0618
27.2559	20.0618
27.3163	20.0618
27.3767	20.0618
27.4371	20.0618
27.4975	20.0618
27.5579	20.0618
27.6184	20.0618
27.6798	19.7189
27.7402	20.0618
27.8006	20.0618
27.8611	20.0618
27.9215	20.0618
27.9819	20.0618
28.0423	20.0618
28.1027	20.0618
28.1636	19.692
28.2241	20.0618
28.2845	20.0618
28.3449	20.0618
28.4058	20.0858
28.4673	20.1094
28.5288	19.9141
28.5892	20.2605
28.6496	20.2605
28.711	19.7189
28.7715	20.0618
28.8319	20.0618
28.8923	19.8632
28.9527	20.4591
29.0131	20.0618
29.0735	20.0618
29.1339	20.0618
29.1943	20.2605
29.2548	20.0618
29.3152	20.0618
29.3756	20.2605
29.4371	20.1094
29.499	20.3261
29.5595	20.4591
29.6199	20.4591
29.6808	20.0858
29.7412	20.4591
29.8016	20.2605
29.862	20.8564
29.9224	20.07
29.9828	20.2688
30.0432	20.0618
30.1036	20.2605
30.1641	19.6646
30.2245	19.0687
30.2849	19.6646
30.3453	18.8701
30.4057	18.6714
30.4661	18.6714
30.5265	18.4728
30.587	18.2742
30.6474	18.2742
30.7088	18.5475
30.7692	18.6714
30.8297	18.2742
30.8901	18.6714
30.9505	18.8701
31.0109	18.6714
31.0718	18.7074
31.1328	19.1012
31.1932	19.0687
31.2541	19.2981
31.3145	19.0687
31.375	19.466
31.4354	19.0687
31.4958	19.466
31.5562	19.466
31.6166	19.8632
31.677	19.466
31.738	19.692
31.7984	19.6646
31.8588	19.8632
31.9192	19.8632
31.9796	19.8632
32.04	19.8632
32.1004	19.6726
32.1608	18.8701
32.2212	19.8632
32.2827	18.938
32.3431	19.2673
32.4035	18.0755
32.4639	18.6714
32.5244	18.0755
32.5848	17.4796
32.6452	17.6783
32.7056	17.281
32.766	17.281
32.8264	17.281
32.8868	17.281
32.9472	16.6851
33.0082	17.3289
33.0686	17.281
33.1295	17.3289
33.1899	17.4796
33.2504	17.281
33.3108	17.6783
33.3717	17.132
33.4321	17.6783
33.4925	17.6783
33.553	17.6783
33.6139	17.5259
33.6743	18.0755
33.7352	17.5259
33.7957	18.0755
33.8561	18.0755
33.9165	17.8769
33.9769	18.0755
34.0378	17.9197
34.0993	17.9618
34.1597	18.4728
34.2201	18.2742
34.2805	18.4728
34.342	17.9618
34.4024	18.2742
34.4628	18.2742
34.5238	18.3135
34.5842	18.8701
34.6446	18.2742
34.7055	18.3135
34.7659	18.6714
34.8279	18.1967
34.8883	18.6714
34.9488	18.6714
35.0092	18.6714
35.0696	18.6714
35.13	18.6714
35.1915	18.3523
35.2524	18.9043
35.3128	18.6714
35.3732	18.4728
35.4336	18.6714
35.4941	18.4728
35.5555	18.7427
35.6159	18.8701
35.6763	18.6714
35.7368	18.4728
35.7972	18.6714
35.8581	18.715
35.9185	18.6638
35.9789	18.8701
36.0399	18.3135
36.1003	18.8701
36.1607	18.8701
36.2211	18.8701
36.2815	18.4728
36.3419	18.8701
36.4024	18.8701
36.4628	18.8701
36.5232	18.8701
36.5836	18.8701
36.644	18.8701
36.7044	18.8701
36.7648	18.8701
36.8258	18.9043
36.8862	19.2673
36.9466	18.4728
37.007	18.6714
37.0674	18.4728
37.1294	18.7775
37.1898	19.0687
37.2502	18.6714
37.3107	19.0687
37.3711	18.6714
37.4315	18.6714
37.4919	19.0687
37.5523	18.6714
37.6127	19.0687
37.6731	19.0687
37.7335	19.2673
37.794	19.0687
37.8544	19.0687
37.9148	19.2673
37.9752	19.0687
38.0356	19.0687
38.096	19.2673
38.1564	19.0687
38.2169	19.6646
38.2773	19.0687
38.3377	18.8701
38.3981	19.2673
38.4585	18.6714
38.5189	18.6714
38.5793	18.6714
38.6397	19.2673
38.7002	18.6714
38.7606	19.2673
38.821	18.6714
38.883	18.7775
38.9444	19.3284
39.0048	19.8632
39.0653	19.2673
39.1257	19.8632
39.1861	19.2673
39.2481	19.1723
39.3084	19.0765
39.3689	19.8632
39.4293	19.8632
39.4907	19.9141
39.5527	19.939
39.6131	18.6714
39.6741	18.1166
39.735	18.1166
39.7954	18.0755
39.8564	17.5259
39.9168	18.0755
39.9772	18.0755
40.0376	18.0755
40.098	19.466
40.1584	19.6646
40.2188	19.6646
40.2793	19.6646
40.3402	20.2827
40.4006	20.6577
40.461	20.4591
40.5225	20.3046
40.5829	21.055
40.6433	20.4591
40.7037	20.8564
40.7641	21.2536
40.8246	20.8564
40.885	21.055
40.9454	21.4523
41.0058	21.2536
41.0662	21.2536
41.1266	21.2536
41.1876	20.8735
41.248	21.2536
41.3084	20.8564
41.3688	20.6577
41.4292	20.6577
41.4896	20.8564
41.55	20.8564
41.6104	20.2605
41.6709	21.055
41.7313	20.8564
41.7917	20.4591
41.8521	20.6577
41.9125	21.055
41.9729	20.8564
42.0333	20.8564
42.0938	20.8564
42.1542	20.8564
42.2146	20.8564
42.2766	20.3261
42.338	21.0856
42.399	20.8735
42.4594	21.055
42.5198	21.055
42.5802	20.8564
42.6406	20.8564
42.701	20.8564
42.7614	20.8564
42.8219	20.8564
42.8823	21.2536
42.9427	20.8564
43.0031	20.8564
43.0635	20.8564
43.1239	20.8564
43.1854	20.8903
43.2458	21.2536
43.3062	20.8564
43.3666	20.8564
43.4276	20.6766
43.489	21.0856
43.5494	21.2536
43.6099	20.6577
43.6703	21.055
43.7307	20.8564
43.7911	20.6577
43.8515	21.4523
43.9119	20.8564
43.9723	20.6577
44.0328	21.055
44.0932	20.8564
44.1536	21.055
44.214	21.055
44.2744	20.8564
44.3348	20.8564
44.3952	21.2536
44.4556	20.8564
44.5161	20.8564
44.5765	20.8564
44.6369	20.8564
44.6973	21.055
44.7577	21.055
44.8181	20.8564
44.8785	20.8564
44.939	20.8564
44.9994	21.2536
45.0598	20.8564
45.1202	20.8564
45.1806	20.8564
45.2421	20.8903
45.3025	21.2536
45.3629	20.8564
45.4233	20.8564
45.4837	20.8564
45.5441	21.2536
45.6045	20.8564
45.665	20.8564
45.7254	21.2536
45.7858	20.8564
45.8462	20.8564
45.9066	21.2536
45.967	20.8564
46.0274	20.8564
46.0879	21.2536
46.1483	20.8564
46.2087	21.2536
46.2691	20.8564
46.3295	21.2536
46.3899	20.8564
46.4503	21.0636
46.5107	20.2605
46.5711	21.055
46.6326	20.8903
46.693	21.055
46.7534	20.6577
46.8138	19.466
46.8742	19.8632
46.9357	19.3284
46.9961	19.2673
47.0565	19.2673
47.117	18.8701
47.1779	18.9043
47.2383	19.0687
47.2987	19.0687
47.3591	18.8701
47.4195	19.0687
47.48	19.0687
47.5404	19.2673
47.6008	19.0687
47.6612	19.466
47.7216	19.6646
47.782	19.2673
47.8424	19.6646
47.9028	19.6646
47.9633	19.466
48.0237	19.8632
48.0841	20.0618
48.1445	19.6646
48.2049	20.0618
48.2653	20.0618
48.3257	20.0618
48.3862	20.2605
48.4466	20.0618
48.507	20.6577
48.5674	20.0618
48.6278	20.4591
48.6882	20.8564
48.7486	20.4591
48.809	20.4591
48.8695	20.2605
48.9299	20.6577
48.9903	20.4591
49.0507	20.8564
49.1111	20.6577
49.1715	21.055
49.2319	20.8564
49.2924	20.8564
49.3528	20.8564
49.4132	20.8564
49.4736	21.2536
49.5345	20.8735
49.5949	21.2536
49.6554	21.055
49.7158	21.055
49.7762	21.2536
49.8366	20.8564
49.897	21.2623
49.9574	20.8564
50.0178	21.2536
50.0782	21.2536
50.1386	20.6577
50.1991	21.8495
50.2595	21.055
50.3204	21.0704
50.3808	21.2536
50.4423	20.7034
50.5027	21.4523
50.5631	21.055
50.6235	21.4523
50.6839	21.2536
50.7443	20.8564
50.8047	21.6509
50.8651	21.2536
50.9256	21.2536
50.9865	21.2673
51.0469	21.6509
51.1073	21.055
51.1677	21.4523
51.2282	21.4523
51.2886	21.4523
51.349	21.2536
51.4094	21.6509
51.4698	21.2536
51.5302	21.2536
51.5906	21.2536
51.651	21.6509
51.7115	21.2536
51.7719	21.2536
51.8323	21.6509
51.8927	21.2536
51.9531	21.2536
52.0135	21.2536
52.0739	21.6509
52.1343	21.2536
52.1948	21.2536
52.2552	21.6509
52.3156	21.2536
52.376	21.055
52.4364	21.4523
52.4968	21.4523
52.5572	21.4523
52.6177	21.055
52.6781	21.8495
52.7385	21.055
52.7989	21.4523
52.8593	21.2623
52.9207	21.0856
52.9812	21.2536
53.0416	21.2536
53.102	20.8564
53.1624	20.4591
53.2239	19.7189
53.2843	20.0618
53.3447	19.6646
53.4051	19.2673
53.4655	19.2673
53.5259	19.2673
53.5863	19.2673
53.6473	19.1012
53.7077	19.466
53.7681	19.2673
53.8285	19.2673
53.89	19.1332
53.9504	19.8632
54.0113	19.4951
54.0717	19.466
54.1322	20.8564
54.1923	14.773
54.3099	6.63251
54.377	2.14557
54.4402	6.44961
54.5109	1.6992
54.5804	1.37989
54.65	1.37989
54.7196	1.37989
54.7892	1.37989
54.8587	1.37989
54.9283	1.37989
54.9979	1.37989
55.0674	1.37989
55.137	1.37989
55.1979	1.57577
55.2675	0.517459
55.3371	2.06983
55.3973	12.5524
55.4575	23.3272
55.5178	21.505
55.5781	22.4638
55.6385	22.8427
55.6989	22.8427
55.7594	22.8427
55.8198	22.8427
55.8802	22.8427
55.9406	22.6533
56.001	22.6533
56.0614	22.8427
56.1218	22.8427
56.1822	22.8427
56.2426	22.8427
56.303	22.8427
56.3634	22.8427
56.4239	22.8427
56.4843	22.8427
56.5447	22.8427
56.6051	22.8427
56.6655	22.8427
56.7259	22.8427
56.7863	22.8427
56.8467	22.8427
56.9072	22.8427
56.9676	22.8427
57.028	22.8427
57.0884	22.8427
57.1488	22.8427
57.2092	22.8427
57.2696	22.8427
57.33	22.8427
57.3905	22.8427
57.4509	22.8427
57.5113	22.8427
57.5717	22.8427
57.6321	22.8427
57.6925	22.8427
57.7529	22.8427
57.8134	22.8427
57.8738	22.8427
57.9342	22.8427
57.9946	22.8427
58.055	22.8427
58.1154	22.8427
58.1758	22.8427
58.2362	22.8427
58.2967	22.8427
58.3571	22.8427
58.4175	22.8427
58.4779	22.8427
58.5383	22.8427
58.5987	22.8427
58.6591	22.8427
58.7196	22.8427
58.78	22.8427
58.8404	22.8427
58.9008	22.8427
58.9612	22.8427
59.0216	22.8427
59.082	22.8427
59.1424	22.8427
59.2029	22.8427
59.2633	22.8427
59.3237	22.8427
59.3841	22.8427
59.4445	22.8427
59.5049	22.8427
59.5653	22.8427
59.6257	22.8427
59.6862	22.8427
59.7466	22.8427
59.807	22.8427
59.8674	22.8427
59.9278	22.8427
59.9882	22.8427
60.0486	22.8427
60.1091	22.8427
60.1695	22.8427
60.2299	22.8427
60.2903	22.8427
60.3507	22.8427
60.4111	22.8427
60.4715	22.8427
60.5319	22.8427
60.5924	22.8427
60.6528	22.8427
60.7132	22.8427
60.7736	22.8427
60.834	22.8427
60.8944	22.8427
60.9548	22.8427
61.0153	22.8427
61.0757	22.8427
61.1361	22.8427
61.1965	22.8427
61.2569	22.8427
61.3173	22.8427
61.3777	22.8427
61.4381	22.8427
61.4986	22.8427
61.559	22.8427
61.6194	22.8427
61.6798	22.8427
61.7402	22.8427
61.8006	22.8427
61.861	22.8427
61.9214	22.8427
61.9819	22.8427
62.0423	22.8427
62.1027	22.8427
62.1631	22.8427
62.2235	22.8427
62.2839	22.8427
62.3443	22.8427
62.4048	22.8427
62.4652	22.8427
62.5256	22.8427
62.586	22.8427
62.6464	22.8427
62.7068	22.8427
62.7672	22.8427
62.8276	22.8427
62.8881	22.8427
62.9485	22.8427
63.0089	22.8427
63.0693	22.8427
63.1297	22.8427
63.1901	22.8427
63.2505	22.8427
63.311	22.8427
63.3714	22.8427
63.4318	22.8427
63.4922	22.6533
63.5526	22.6533
63.613	22.8427
63.6734	22.8427
63.7338	22.8427
63.7942	22.8427
63.8546	22.8427
63.915	22.8427
63.9754	22.8427
64.0359	22.8427
64.0963	22.8427
64.1567	22.8427
64.2171	22.8427
64.2775	22.8427
64.3379	22.8427
64.3983	22.8427
64.4588	22.8427
64.5192	22.8427
64.5796	22.8427
64.64	22.6441
64.7004	22.4454
64.7608	21.2536
64.8211	18.5106
64.8814	16.3212
64.9418	22.8427
65.0022	22.8427
65.0626	22.8427
65.1231	22.8427
65.1835	22.8427
65.2439	22.8427
65.3043	22.8427
65.3647	22.8427
65.4251	22.8427
65.4855	22.8427
65.5459	22.8427
65.6064	22.8427
65.6668	22.8427
65.7272	22.8427
65.7876	22.8427
65.848	22.8427
65.9084	22.8427
65.9688	22.8427
66.0292	22.8427
66.0897	22.8427
66.1501	22.8427
66.2105	22.8427
66.2709	22.8427
66.3313	22.8427
66.3917	22.8427
66.4521	22.8427
66.5126	22.8427
66.573	22.8427
66.6334	22.8427
66.6938	22.8427
66.7542	22.8427
66.8146	22.8427
66.875	22.8427
66.9354	22.8427
66.9959	22.8427
67.0563	22.8427
67.1167	22.8427
67.1771	22.8427
67.2375	22.8427
67.2979	22.8427
67.3583	22.8427
67.4188	22.8427
67.4792	22.8427
67.5396	22.8427
67.6	22.8427
67.6604	22.8427
67.7208	22.8427
67.7812	22.8427
67.8416	22.8427
67.9021	22.8427
67.9625	22.8427
68.0229	22.8427
68.0833	22.8427
68.1437	22.8427
68.2041	22.8427
68.2645	22.8427
68.325	22.8427
68.3854	22.8427
68.4458	22.8427
68.5062	22.8427
68.5666	22.8427
68.627	22.8427
68.6874	22.8427
68.7478	22.8427
68.8083	22.8427
68.8687	22.8427
68.9291	22.8427
68.9895	22.8427
69.0499	22.8427
69.1103	22.8427
69.1707	22.8427
69.2311	22.8427
69.2916	22.8427
69.352	22.8427
69.4124	22.8427
69.4728	22.8427
69.5332	22.8427
69.5936	22.8427
69.654	22.8427
69.7145	22.8427
69.7749	22.8427
69.8353	22.8427
69.8957	22.8427
69.9561	22.8427
70.0165	22.8427
70.0769	22.8427
70.1373	22.8427
70.1978	22.8427
70.2582	22.8427
70.3186	22.8427
70.379	22.8427
70.4394	22.8427
70.4998	22.8427
70.5602	22.8427
70.6207	22.8427
70.6811	22.8427
70.7415	22.8427
70.8019	22.8427
70.8623	22.8427
70.9227	22.8427
70.9831	22.8427
71.0435	22.8427
71.104	22.8427
71.1644	22.8427
71.2248	22.8427
71.2852	22.8427
71.3456	22.8427
71.406	22.8427
71.4664	22.8427
71.5268	22.8427
71.5873	22.8427
71.6477	22.8427
71.7081	22.8427
71.7685	22.8427
71.8289	22.8427
71.8893	22.8427
71.9497	22.8427
72.0102	22.8427
72.0706	22.8427
72.131	22.8427
72.1914	22.8427
72.2518	22.8427
72.3122	22.8427
72.3726	22.8427
72.433	22.8427
72.4935	22.8427
72.5539	22.8427
72.6143	22.8427
72.6747	22.8427
72.7351	22.8427
72.7955	22.8427
72.8559	22.8427
72.9164	22.8427
72.9768	22.8427
73.0372	22.6533
73.0975	22.6533
73.158	22.8427
73.2184	22.8427
73.2788	22.8427
73.3392	22.8427
73.3996	22.8427
73.46	22.8427
73.5204	22.8427
73.5808	22.8427
73.6413	22.8427
73.7017	22.8427
73.7621	22.8427
73.8225	22.8427
73.8829	22.8427
73.9433	22.8427
74.0037	22.8427
74.0642	22.8427
74.1246	22.8427
74.185	22.8427
74.2454	22.8427
74.3058	22.8427
74.3662	22.8427
74.4266	22.8427
74.487	22.8427
74.5475	22.8427
74.6079	22.8427
74.6683	22.8427
74.7287	22.8427
74.7891	22.8427
74.8495	22.8427
74.9099	22.8427
74.9704	22.6441
75.0308	22.4454
75.0912	21.8495
75.1515	20.882
75.2118	19.1233
75.2721	22.6533
75.3326	22.8427
75.393	22.8427
75.4534	22.8427
75.5138	22.8427
75.5742	22.8427
75.6346	22.8427
75.695	22.8427
75.7555	22.8427
75.8159	22.8427
75.8763	22.8427
75.9367	22.8427
75.9971	22.8427
76.0575	22.8427
76.1179	22.8427
76.1783	22.8427
76.2388	22.8427
76.2992	22.8427
76.3596	22.8427
76.42	22.8427
76.4804	22.8427
76.5408	22.8427
76.6012	22.8427
76.6616	22.8427
76.7221	22.8427
76.7825	22.8427
76.8429	22.8427
76.9033	22.8427
76.9637	22.8427
77.0241	22.8427
77.0845	22.8427
77.145	22.8427
77.2054	22.8427
77.2658	22.8427
77.3262	22.8427
77.3866	22.8427
77.447	22.8427
77.5074	22.8427
77.5678	22.8427
77.6283	22.8427
77.6887	22.8427
77.7491	22.8427
77.8095	22.8427
77.8699	22.8427
77.9303	22.8427
77.9907	22.8427
78.0512	22.8427
78.1116	22.8427
78.172	22.8427
78.2324	22.8427
78.2928	22.8427
78.3532	22.8427
78.4136	22.8427
78.474	22.8427
78.5345	22.8427
78.5949	22.8427
78.6553	22.8427
78.7157	22.8427
78.7761	22.8427
78.8365	22.8427
78.8969	22.8427
78.9573	22.8427
79.0178	22.8427
79.0782	22.8427
79.1386	22.8427
79.199	22.8427
79.2594	22.8427
79.3198	22.8427
79.3802	22.8427
79.4407	22.8427
79.5011	22.8427
79.5615	22.8427
79.6219	22.8427
79.6823	22.8427
79.7427	22.8427
79.8031	22.8427
79.8635	22.8427
79.924	22.8427
79.9844	22.8427
80.0448	22.8427
80.1052	22.8427
80.1656	22.8427
80.226	22.8427
80.2864	22.8427
80.3469	22.8427
80.4073	22.8427
80.4677	22.8427
80.5281	22.8427
80.5885	22.8427
80.6489	22.8427
80.7093	22.8427
80.7697	22.8427
80.8302	22.8427
80.8906	22.8427
80.951	22.8427
81.0114	22.8427
81.0718	22.8427
81.1322	22.8427
81.1926	22.8427
81.2531	22.8427
81.3135	22.8427
81.3739	22.8427
81.4343	22.8427
81.4947	22.8427
81.5551	22.8427
81.6155	22.8427
81.6759	22.8427
81.7364	22.8427
81.7968	22.8427
81.8572	22.8427
81.9176	22.8427
81.978	22.8427
82.0384	22.8427
82.0988	22.8427
82.1592	22.8427
82.2197	22.8427
82.2801	22.8427
82.3405	22.8427
82.4009	22.8427
82.4613	22.8427
82.5217	22.8427
82.5821	22.8427
82.6426	22.8427
82.703	22.8427
82.7634	22.8427
82.8238	22.8427
82.8842	22.8427
82.9446	22.8427
83.005	22.8427
83.0654	22.6533
83.1258	22.6533
83.1862	22.8427
83.2466	22.8427
83.307	22.8427
83.3675	22.8427
83.4279	22.8427
83.4883	22.8427
83.5487	22.8427
83.6091	22.8427
83.6695	22.8427
83.7299	22.8427
83.7904	22.8427
83.8508	22.8427
83.9112	22.8427
83.9716	22.8427
84.032	22.8427
84.0924	22.8427
84.1528	22.8427
84.2132	22.8427
84.2737	22.8427
84.3341	22.8427
84.3945	22.8427
84.4549	22.8427
84.5153	22.8427
84.5757	22.8427
84.6361	22.8427
84.6966	22.8427
84.757	22.8427
84.8174	22.8427
84.8778	22.8427
84.9382	22.8427
84.9986	22.8427
85.059	22.8427
85.1194	22.8427
85.1799	22.8427
85.2403	22.8427
85.3007	22.6441
85.3611	21.8406
85.4283	10.0099
85.4951	11.482
85.5554	17.7212
85.6155	19.77
85.676	21.4162
85.7361	20.3691
85.7962	20.7685
85.8567	21.0397
85.9168	21.9455
85.9769	21.5672
86.037	21.7669
86.0975	22.4077
86.1576	22.366
86.2177	22.5657
86.2782	22.8043
86.3387	22.8043
86.3991	22.8427
86.4595	22.8427
86.52	22.8427
86.5804	22.8427
86.6408	22.8427
86.7012	22.8427
86.7616	22.8427
86.822	22.8427
86.8824	22.8427
86.9428	22.8427
87.0033	22.8427
87.0637	22.8427
87.1241	22.8427
87.1845	22.8427
87.2449	22.8427
87.3053	22.8427
87.3657	22.8427
87.4262	22.8427
87.4866	22.8427
87.547	22.8427
87.6074	22.8427
87.6678	22.8427
87.7282	22.8427
87.7886	22.8427
87.849	22.8427
87.9095	22.8427
87.9699	22.8427
88.0303	22.8427
88.0907	22.8427
88.1511	22.8427
88.2115	22.8427
88.2719	22.8427
88.3323	22.8427
88.3928	22.8427
88.4532	22.8427
88.5136	22.8427
88.574	22.8427
88.6344	22.8427
88.6948	22.8427
88.7552	22.8427
88.8157	22.8427
88.8761	22.8427
88.9365	22.8427
88.9969	22.8427
89.0573	22.8427
89.1177	22.8427
89.1781	22.8427
89.2385	22.8427
89.299	22.8427
89.3594	22.8427
89.4198	22.8427
89.4802	22.8427
89.5406	22.8427
89.601	22.8427
89.6614	22.8427
89.7219	22.8427
89.7823	22.8427
89.8427	22.8427
89.9031	22.8427
89.9635	22.8427
90.0239	22.8427
90.0843	22.8427
90.1447	22.8427
90.2052	22.8427
90.2656	22.8427
90.326	22.8427
90.3864	22.8427
90.4468	22.8427
90.5072	22.8427
90.5676	22.8427
90.628	22.8427
90.6885	22.8427
90.7489	22.8427
90.8093	22.8427
90.8697	22.8427
90.9301	22.8427
90.9905	22.8427
91.0509	22.8427
91.1114	22.8427
91.1718	22.8427
91.2322	22.8427
91.2926	22.8427
91.353	22.8427
91.4134	22.8427
91.4738	22.8427
91.5342	22.8427
91.5947	22.8427
91.6551	22.8427
91.7155	22.8427
91.7759	22.8427
91.8363	22.8427
91.8967	22.8427
91.9571	22.8427
92.0176	22.8427
92.078	22.8427
92.1384	22.8427
92.1988	22.8427
92.2592	22.8427
92.3196	22.8427
92.38	22.8427
92.4404	22.8427
92.5009	22.8427
92.5613	22.8427
92.6217	22.8427
92.6821	22.8427
92.7425	22.8427
92.8029	22.8427
92.8633	22.8427
92.9237	22.8427
92.9842	22.8427
93.0446	22.8427
93.105	22.8427
93.1654	22.8427
93.2258	22.8427
93.2862	22.8427
93.3466	22.8427
93.4071	22.8427
93.4675	22.8427
93.5279	22.8427
93.5883	22.8427
93.6487	22.8427
93.7091	22.8427
93.7695	22.8427
93.8299	22.8427
93.8904	22.8427
93.9508	22.8427
94.0112	22.8427
94.0716	22.8427
94.132	22.8427
94.1924	22.8427
94.2528	22.8427
94.3133	22.8427
94.3736	22.6533
94.434	22.6533
94.4944	22.8427
94.5549	22.8427
94.6153	22.8427
94.6757	22.8427
94.7361	22.8427
94.7965	22.8427
94.8569	22.8427
94.9173	22.8427
94.9777	22.8427
95.0382	22.8427
95.0986	22.8427
95.159	22.8427
95.2194	22.8427
95.2798	22.8427
95.3402	22.8427
95.4006	22.8427
95.4611	22.8427
95.5215	22.6441
95.5819	21.2536
95.6423	20.8564
95.7026	20.4842
95.7629	16.9183
95.8233	22.8427
95.8837	22.8427
95.9442	22.8427
96.0046	22.8427
96.065	22.8427
96.1254	22.8427
96.1858	22.8427
96.2462	22.8427
96.3066	22.8427
96.3671	22.8427
96.4275	22.8427
96.4879	22.8427
96.5483	22.8427
96.6087	22.8427
96.6691	22.8427
96.7295	22.8427
96.7899	22.8427
96.8504	22.8427
96.9108	22.8427
96.9712	22.8427
97.0316	22.8427
97.092	22.8427
97.1524	22.8427
97.2128	22.8427
97.2733	22.8427
97.3337	22.8427
97.3941	22.8427
97.4545	22.8427
97.5149	22.8427
97.5753	22.8427
97.6357	22.8427
97.6961	22.8427
97.7566	22.8427
97.817	22.8427
97.8774	22.8427
97.9378	22.8427
97.9982	22.8427
98.0586	22.8427
98.119	22.8427
98.1794	22.8427
98.2399	22.8427
98.3003	22.8427
98.3607	22.8427
98.4211	22.8427
98.4815	22.8427
98.5419	22.8427
98.6023	22.8427
98.6628	22.8427
98.7232	22.8427
98.7836	22.8427
98.844	22.8427
98.9044	22.8427
98.9648	22.8427
99.0252	22.8427
99.0856	22.8427
99.1461	22.8427
99.2065	22.8427
99.2669	22.8427
99.3273	22.8427
99.3877	22.8427
99.4481	22.8427
99.5085	22.8427
99.569	22.8427
99.6294	22.8427
99.6898	22.8427
99.7502	22.8427
99.8106	22.8427
99.871	22.8427
99.9314	22.8427
99.9918	22.8427
100.052	22.8427
100.113	22.8427
100.173	22.8427
100.233	22.8427
100.294	22.8427
100.354	22.8427
100.415	22.8427
100.475	22.8427
100.536	22.8427
100.596	22.8427
100.656	22.8427
100.717	22.8427
100.777	22.8427
100.838	22.8427
100.898	22.8427
100.958	22.8427
101.019	22.8427
101.079	22.8427
101.14	22.8427
101.2	22.8427
101.261	22.8427
101.321	22.8427
101.381	22.8427
101.442	22.8427
101.502	22.8427
101.563	22.8427
101.623	22.8427
101.683	22.8427
101.744	22.8427
101.804	22.8427
101.865	22.8427
101.925	22.8427
101.985	22.8427
102.046	22.8427
102.106	22.8427
102.167	22.8427
102.227	22.8427
102.288	22.8427
102.348	22.8427
102.408	22.8427
102.469	22.8427
102.529	22.8427
102.59	22.8427
102.65	22.8427
102.71	22.8427
102.771	22.8427
102.831	22.8427
102.892	22.8427
102.952	22.8427
103.013	22.8427
103.073	22.8427
103.133	22.8427
103.194	22.8427
103.254	22.8427
103.315	22.8427
103.375	22.8427
103.435	22.8427
103.496	22.8427
103.556	22.8427
103.617	22.8427
103.677	22.8427
103.737	22.8427
103.798	22.8427
103.858	22.6533
103.919	22.6533
103.979	22.8427
104.039	22.8427
104.1	22.8427
104.16	22.8427
104.221	22.8427
104.281	22.8427
104.342	22.8427
104.402	22.8427
104.462	22.8427
104.523	22.8427
104.583	22.8427
104.644	22.8427
104.704	22.8427
104.764	22.8427
104.825	22.8427
104.885	22.8427
104.946	22.8427
105.006	22.8427
105.067	22.8427
105.127	22.8427
105.187	22.8427
105.248	22.8427
105.308	22.8427
105.369	22.8427
105.429	22.8427
105.489	22.8427
105.55	22.8427
105.61	22.8427
105.671	22.8427
105.731	22.8427
105.791	22.6441
105.852	22.2468
105.912	22.8427
105.973	21.6509
106.033	19.3463
106.093	19.8713
106.154	22.8427
106.214	22.8427
106.274	22.8427
106.335	22.8427
106.395	22.8427
106.456	22.8427
106.516	22.8427
106.577	22.8427
106.637	22.8427
106.697	22.8427
106.758	22.8427
106.818	22.8427
106.879	22.8427
106.939	22.8427
106.999	22.8427
107.06	22.8427
107.12	22.8427
107.181	22.8427
107.241	22.8427
107.302	22.8427
107.362	22.8427
107.422	22.8427
107.483	22.8427
107.543	22.8427
107.604	22.8427
107.664	22.8427
107.724	22.8427
107.785	22.8427
107.845	22.8427
107.906	22.8427
107.966	22.8427
108.026	22.8427
108.087	22.8427
108.147	22.8427
108.208	22.8427
108.268	22.8427
108.329	22.8427
108.389	22.8427
108.449	22.8427
108.51	22.8427
108.57	22.8427
108.631	22.8427
108.691	22.8427
108.751	22.8427
108.812	22.8427
108.872	22.8427
108.933	22.8427
108.993	22.8427
109.054	22.8427
109.114	22.8427
109.174	22.8427
109.235	22.8427
109.295	22.8427
109.356	22.8427
109.416	22.8427
109.476	22.8427
109.537	22.8427
109.597	22.8427
109.658	22.8427
109.718	22.8427
109.778	22.8427
109.839	22.8427
109.899	22.8427
109.96	22.8427
110.02	22.8427
110.081	22.8427
110.141	22.8427
110.201	22.8427
110.262	22.8427
110.322	22.8427
110.383	22.8427
110.443	22.8427
110.503	22.8427
110.564	22.8427
110.624	22.8427
110.685	22.8427
110.745	22.8427
110.805	22.8427
110.866	22.8427
110.926	22.8427
110.987	22.8427
111.047	22.8427
111.108	22.8427
111.168	22.8427
111.228	22.8427
111.289	22.8427
111.349	22.8427
111.41	22.8427
111.47	22.8427
111.53	22.8427
111.591	22.8427
111.651	22.8427
111.712	22.8427
111.772	22.8427
111.833	22.8427
111.893	22.8427
111.953	22.8427
112.014	22.8427
112.074	22.8427
112.135	22.8427
112.195	22.8427
112.255	22.8427
112.316	22.8427
112.376	22.8427
112.437	22.8427
112.497	22.8427
112.557	22.8427
112.618	22.8427
112.678	22.8427
112.739	22.8427
112.799	22.8427
112.86	22.8427
112.92	22.8427
112.98	22.8427
113.041	22.8427
113.101	22.8427
113.162	22.8427
113.222	22.8427
113.282	22.8427
113.343	22.8427
113.403	22.8427
113.464	22.8427
113.524	22.8427
113.584	22.8427
113.645	22.8427
113.705	22.8427
113.766	22.8427
113.826	22.8427
113.887	22.467
113.947	22.8427
114.008	22.8427
114.068	22.8427
114.129	22.8427
114.189	22.8427
114.25	22.8427
114.31	22.8427
114.37	22.8427
114.431	22.8427
114.491	22.8427
114.552	22.8427
114.612	22.8427
114.672	22.8427
114.733	22.8427
114.793	22.8427
114.854	22.8427
114.914	22.8427
114.974	22.8427
115.035	22.8427
115.095	22.8427
115.156	22.8427
115.216	22.8427
115.277	22.8427
115.337	22.8427
115.418	3.65057
