10.4542	2.53394
10.7545	7.79021
11.055	7.54773
11.3559	7.29837
11.6569	7.57572
11.9575	7.94276
12.2619	7.80562
12.5626	7.9415
12.8652	8.05001
13.1659	8.30108
13.4663	8.22899
13.7667	8.1907
14.073	7.95222
14.3756	7.77286
14.6761	6.98859
14.9769	5.74494
15.2808	6.19823
15.5832	6.42867
15.8837	6.78891
16.1858	6.79322
16.4863	6.82885
16.7867	6.82885
17.0872	6.78891
17.3904	6.65091
17.6904	7.1983
17.9916	7.53127
18.2927	8.20772
18.5943	8.11831
18.8958	8.03872
19.1974	7.87954
19.4994	7.70693
19.802	7.69355
20.1025	7.70741
20.4035	7.57437
20.7051	7.68056
21.0061	7.77369
21.3076	7.87954
21.6081	8.06683
21.9086	8.1467
22.2091	8.46617
22.5096	8.54604
22.8117	8.54118
23.1132	8.59586
23.4147	8.55606
23.7168	8.50146
24.0178	8.49126
24.3188	8.3318
24.6189	8.87675
24.9206	8.67299
25.2213	10.4131
25.5215	10.7136
25.8217	9.75493
26.1219	9.87147
26.422	10.2363
26.7229	10.5712
27.0239	10.7237
27.3259	10.8056
27.627	10.8832
27.928	10.8832
28.2285	10.8223
28.53	10.904
28.8315	10.904
29.132	10.8623
29.4325	10.8623
29.7341	10.904
30.0346	10.8623
30.335	10.8623
30.6355	10.8623
30.9365	10.923
31.237	10.9022
31.5381	10.8433
31.8396	10.904
32.1411	10.904
32.4416	10.9022
32.7432	10.904
33.0447	10.7466
33.3455	10.0125
33.6458	10.5901
33.9473	10.7857
34.2488	10.9438
34.5498	11.0028
34.8503	10.9821
35.1508	11.0619
35.4513	10.9421
35.7518	10.7824
36.0523	10.6626
36.3538	10.5458
36.6543	10.423
36.9548	10.383
37.2553	10.2632
37.5568	10.3071
37.8573	10.2233
38.1578	10.2233
38.4583	10.2233
38.7588	10.2233
39.0593	10.2233
39.3608	10.2275
39.6613	10.1834
39.9623	10.1257
40.2639	10.0285
40.5643	9.82476
40.8659	9.1132
41.1663	9.22721
41.4676	8.60311
41.7701	8.76521
42.0717	8.79399
42.3727	9.04938
42.6732	9.0652
42.9758	8.96259
43.2773	8.87443
43.5799	8.84361
43.8804	8.78565
44.1809	8.66585
44.483	8.62064
44.7845	8.59586
45.085	8.58598
45.3855	8.54604
45.6865	8.49126
45.987	8.54604
46.288	8.57099
46.5901	8.62064
46.8906	8.70578
47.1911	8.70578
47.4916	8.74572
47.7926	8.73046
48.0931	8.74572
48.3951	8.62064
48.6961	8.57099
48.9997	9.05258
49.2998	8.95729
49.6013	9.67034
49.9034	9.73298
50.2044	9.88654
50.5049	9.86389
50.8069	8.8604
51.1074	9.14534
51.4078	9.34732
51.7095	9.74608
52.0104	9.77034
52.3109	9.90383
52.6119	9.96627
52.9134	9.86932
53.2144	9.92641
53.5149	9.86389
53.8154	9.90383
54.117	9.86932
54.4185	9.86932
54.719	9.90383
55.0195	9.90383
55.321	9.86932
55.6218	9.89444
55.9225	9.89591
56.223	9.9837
56.5235	9.9837
56.824	10.0236
57.125	10.1656
57.4276	10.1127
57.7281	10.2632
58.0291	10.2071
58.3292	11.236
58.6297	12.1002
58.9301	12.22
59.2304	11.1509
59.5322	11.6902
59.8325	12.2278
60.1335	12.5571
60.434	12.8191
60.7355	12.9336
61.036	13.0187
61.3376	13.1326
61.6391	13.1724
61.9396	13.2583
62.2398	13.269
62.5401	13.3109
62.8411	13.3548
63.1426	13.3713
63.4431	13.4181
63.7436	13.3382
64.0446	13.3947
64.3451	13.3382
64.6461	13.2751
64.9476	13.1724
65.2492	13.053
65.5502	12.8764
65.8512	12.6372
66.1513	11.9181
66.4514	11.6763
66.7524	12.3552
67.054	12.5356
67.355	12.5575
67.6555	12.6593
67.957	12.6152
68.2581	12.6372
68.5591	12.5176
68.8606	12.3366
69.1616	12.3183
69.4632	12.1377
69.7637	12.1402
70.0641	12.0603
70.3646	12.0204
70.6656	12.0393
70.9672	12.0183
71.2687	12.0183
71.5692	12.0603
71.8697	12.0603
72.1707	11.9595
72.4723	11.9785
72.7728	11.9006
73.0753	11.6593
73.3758	11.621
73.6765	11.2553
73.9776	11.2371
74.2779	11.8704
74.5787	11.9691
74.8794	12.0507
75.1799	12.26
75.4844	11.7827
75.7852	11.2095
76.0859	11.7331
76.3874	12.0201
76.6884	12.3586
76.9899	12.3764
77.2904	12.4197
77.5909	12.4197
77.8914	12.4197
78.1924	12.398
78.4929	12.3798
78.7945	12.4162
79.096	12.4162
79.3965	12.3798
79.698	12.4162
79.9996	12.4162
80.3001	12.3798
80.6011	12.3582
80.9026	12.456
81.2031	12.3398
81.5046	12.3366
81.8062	12.3366
82.1067	12.26
82.4072	12.22
82.7087	12.0999
83.0089	11.2714
83.3098	11.366
83.611	11.9124
83.912	12.0791
84.2125	12.1402
84.5135	12.119
84.814	12.1002
85.1145	12.22
85.4155	11.9595
85.717	11.8591
86.0175	11.7808
86.318	11.7408
86.619	11.5609
86.9195	11.621
87.22	11.622
87.5205	11.5402
87.822	11.6203
88.1236	11.6203
88.4241	11.5811
88.7251	11.5609
89.0256	11.5811
89.3261	11.5012
89.6286	11.3033
89.9291	11.3405
90.2302	11.0825
90.5306	10.8658
90.8324	11.2095
91.1335	11.956
91.4346	11.9197
91.7356	11.9595
92.0366	11.9197
92.337	11.1046
92.6378	10.5333
92.9386	10.8483
93.2401	11.2259
93.5411	11.6413
93.8431	11.7987
94.1436	11.9804
94.4447	11.9595
94.7457	11.8798
95.0462	11.9804
95.3466	11.9804
95.6477	11.9595
95.9482	11.9405
96.2486	11.9804
96.5491	11.9804
96.8507	11.9387
97.1512	11.9405
97.4517	11.9405
97.7521	11.9405
98.0526	11.9006
98.3531	11.9405
98.6536	11.8606
98.9546	11.8399
99.2551	11.9006
99.5561	11.7602
99.8567	10.6203
100.159	10.4637
100.46	11.4443
100.762	11.595
101.062	11.7408
101.363	11.7408
101.663	11.7808
101.964	11.7203
102.265	11.661
102.565	11.5412
102.866	11.3814
103.167	11.1826
103.469	11.2224
103.77	11.1224
104.071	11.0426
104.372	11.0825
104.672	11.0619
104.973	11.022
105.273	11.022
105.574	11.022
105.875	11.0028
106.176	11.0028
106.476	10.9821
106.777	10.8034
107.078	10.7025
107.379	10.566
107.679	11.8142
107.98	12.2784
108.281	12.6993
108.582	12.2012
108.883	12.9955
109.184	13.3149
109.484	13.5379
109.785	13.6577
110.085	13.8174
110.386	13.8574
110.686	13.8973
110.987	13.7775
111.288	13.7136
111.589	13.7933
111.889	13.7376
112.19	13.7376
112.49	13.7376
112.791	13.7376
113.091	13.7376
113.393	13.6897
113.694	13.6339
113.994	13.6577
114.295	13.458
114.596	13.3548
114.896	13.2184
115.197	12.9163
115.498	12.1042
115.799	12.3492
116.1	13.3233
116.401	13.3149
116.701	13.3382
117.002	13.3382
117.303	13.2352
117.603	12.9389
117.904	12.7392
118.204	12.5795
118.505	12.3798
118.805	12.3398
119.106	12.22
119.407	12.1987
119.708	12.1987
120.009	12.1775
120.311	12.0979
120.611	12.22
120.912	12.1589
121.213	12.1589
121.514	12.119
121.815	12.119
122.116	11.9994
122.417	11.9197
122.718	11.7408
123.018	11.5412
123.319	11.4991
123.619	12.3185
123.919	12.9389
124.22	12.9163
124.521	12.0506
124.821	11.2654
125.122	11.5913
125.424	12.2008
125.725	12.6357
126.026	12.9163
126.327	12.8938
126.628	12.9562
126.93	12.9336
127.23	13.0187
127.531	12.9389
127.832	12.9562
128.132	12.9389
128.434	12.9734
128.734	12.9389
129.036	12.9734
129.336	12.9389
129.637	12.9788
129.938	12.9163
130.238	12.859
130.539	12.7791
130.839	12.8191
131.14	12.6194
131.44	12.6194
131.741	12.3798
132.041	10.9485
132.342	10.9445
132.642	11.5843
132.942	12.2347
133.243	12.3183
133.545	12.2571
133.845	12.3798
134.146	12.2784
134.447	12.26
134.748	12.0183
135.049	12.1002
135.349	11.8606
135.651	11.8193
135.952	11.8399
136.252	11.7808
136.553	11.7808
136.854	11.8001
137.155	11.7602
137.455	11.7808
137.756	11.7602
138.057	11.7203
138.359	11.6601
138.659	11.5811
138.96	11.5012
139.26	11.2616
139.561	11.0463
139.861	10.7108
140.162	11.3813
140.462	11.8606
140.763	11.8606
141.063	12.0603
141.364	11.2625
141.668	9.91958
141.969	10.3649
142.269	10.1834
142.57	10.423
142.871	10.4447
143.172	10.5244
143.473	10.5642
143.773	10.6227
144.074	10.5642
144.375	10.6227
144.676	10.5856
144.977	10.6041
145.278	10.6041
145.58	10.5856
145.88	10.5827
146.181	10.5028
146.482	10.4048
146.783	10.3469
147.084	10.2233
147.385	9.99034
147.686	11.1446
147.987	12.0979
148.288	11.9994
148.59	11.861
148.891	11.5088
149.192	11.3031
149.493	11.7069
149.794	12.0741
150.095	12.3582
150.395	12.4996
150.697	12.4958
150.999	12.655
151.299	12.6593
151.6	12.7791
151.9	12.6993
152.201	12.8764
152.502	12.7791
152.802	12.859
153.102	12.7791
153.404	12.8938
153.705	12.7791
154.006	12.8366
154.306	12.7392
154.607	12.6593
154.908	12.5356
155.209	12.5395
155.509	12.3398
155.81	11.9994
156.111	11.0586
156.412	11.6407
156.712	12.0342
157.013	12.0393
157.314	12.119
157.614	12.1402
157.916	12.0581
158.216	12.0603
158.517	11.8606
158.818	11.6805
159.118	11.661
159.419	11.4613
159.72	11.4413
160.02	11.4213
160.322	11.3816
160.622	11.3415
160.923	11.3905
161.223	11.3723
161.525	11.3816
161.825	11.3415
162.127	11.3418
162.428	11.242
162.728	11.1817
163.029	11.0426
163.33	10.923
163.631	11.505
163.932	11.0542
164.232	11.7808
164.533	11.9405
164.833	11.9006
165.133	11.9015
165.434	11.2384
165.736	10.9991
166.036	11.4347
166.337	11.6906
166.637	11.9985
166.937	12.0204
167.238	11.9804
167.539	12.0183
167.841	12.0581
168.141	12.0603
168.442	12.0603
168.743	12.0979
169.044	12.0603
169.344	12.0603
169.645	12.1002
169.946	12.0581
170.247	12.0603
170.547	12.0204
170.849	12.0581
171.15	11.9197
171.45	11.9804
171.751	11.9405
172.052	11.9292
172.352	11.8319
172.652	11.6638
172.953	10.3651
173.254	11.3627
173.554	11.6734
173.855	11.7408
174.156	11.8591
174.457	11.9006
174.757	11.8207
175.058	11.7009
175.359	11.5805
175.66	11.4811
175.961	11.3015
176.261	11.2217
176.562	11.1817
176.863	11.0426
177.163	11.1019
177.465	11.0632
177.766	11.0632
178.067	11.0825
178.368	11.0619
178.668	11.022
178.969	11.0028
179.27	10.9821
179.571	10.904
179.872	10.7824
180.172	10.6227
180.473	10.383
180.773	10.5073
181.075	11.4607
181.375	11.5811
181.676	11.7408
181.977	11.8001
182.277	10.9174
182.577	10.7193
182.877	11.1588
183.179	11.5014
183.479	11.7521
183.78	11.8001
184.08	11.7808
184.381	11.8606
184.682	11.7397
184.983	11.8207
185.284	11.8591
185.585	11.8207
185.885	11.8207
186.186	11.8207
186.486	11.8207
186.787	11.8399
187.088	11.8207
187.388	11.8606
187.689	11.7203
187.991	11.8193
188.292	11.7795
188.594	11.7795
188.895	11.8193
189.196	11.7808
189.496	11.6619
189.799	10.7684
190.101	11.0907
190.401	11.6758
190.702	11.7009
191.002	11.7808
191.304	11.8193
191.606	11.8193
191.907	11.7795
192.208	11.621
192.509	11.4413
192.809	11.4213
193.11	11.1622
193.411	11.2217
193.711	11.1817
194.012	11.0426
194.313	11.1019
194.614	11.0632
194.915	11.022
195.216	11.0632
195.517	11.022
195.817	11.0619
196.118	10.9821
196.419	10.9438
196.72	10.8623
197.021	10.6838
197.321	11.3034
197.621	11.6278
197.922	12.5974
198.223	12.6614
198.523	11.7802
198.823	12.6373
199.124	13.2196
199.424	13.3782
199.725	13.6178
200.025	13.7775
200.326	13.8574
200.626	13.8574
200.927	13.8174
201.228	13.6737
201.528	13.8174
201.829	13.7136
202.131	13.7295
202.431	13.7376
202.732	13.7376
203.032	13.7376
203.334	13.6897
203.635	13.6339
203.936	13.5305
204.237	13.4744
204.538	13.4181
204.839	13.0928
205.14	12.8989
205.44	12.1422
205.741	12.4721
206.041	12.9498
206.341	13.1385
206.642	13.2583
206.942	13.4181
207.244	12.5377
207.546	11.5418
207.846	12.3588
208.148	12.4181
208.448	12.9119
208.749	13.2983
209.049	13.2583
209.35	13.3149
209.651	13.3382
209.952	13.2917
210.254	13.2917
210.555	13.2917
210.856	13.3382
211.156	13.3382
211.457	13.2583
211.758	13.2917
212.059	13.3382
212.359	13.2983
212.66	13.2352
212.961	13.2583
213.262	13.1156
213.563	13.0132
213.864	13.0587
214.165	12.8764
214.465	12.859
214.765	11.8397
215.067	11.6706
215.367	12.4063
215.668	12.6372
215.969	12.6993
216.27	12.6948
216.571	12.6593
216.871	12.6993
217.172	12.5395
217.473	12.4379
217.774	12.3764
218.076	12.1377
218.377	12.2386
218.677	12.0603
218.979	12.0279
219.279	12.1305
219.581	12.0183
219.882	12.0393
220.183	12.1002
220.484	11.9994
220.785	12.0393
221.086	11.9785
221.387	11.9006
221.688	11.7203
221.988	11.621
222.289	11.4014
222.591	11.9814
222.891	12.2996
223.192	13.1785
223.492	13.3016
223.793	12.9486
224.094	13.811
224.394	14.057
224.695	14.2318
224.996	14.3116
225.297	14.4165
225.597	14.4963
225.898	14.2567
226.199	14.2318
226.5	14.3514
226.8	14.1768
227.101	14.1369
227.401	14.2967
227.702	14.1369
228.002	14.1369
228.303	14.2168
228.603	14.097
228.904	14.1768
229.204	14.0171
229.505	13.8973
229.805	13.6976
230.107	13.507
230.408	13.2217
230.709	12.8352
231.009	13.2691
231.309	13.5379
231.61	13.6577
231.91	13.8174
232.211	13.8608
232.511	12.7797
232.812	13.0809
233.112	13.07
233.413	13.7564
233.713	13.9153
234.013	13.9372
234.314	14.0171
234.615	13.9926
234.916	14.0325
235.217	14.0724
235.517	14.1369
235.818	14.057
236.118	14.097
236.419	14.097
236.719	14.057
237.02	14.1122
237.321	14.057
237.621	13.9372
237.922	13.8973
238.222	13.8174
238.523	13.7376
238.823	13.6178
239.125	13.5305
239.425	13.4181
239.726	12.5333
240.026	12.4678
240.327	12.6075
240.627	12.9318
240.928	13.1785
241.228	13.1385
241.529	13.1953
241.831	13.1326
242.131	13.1785
242.432	12.9788
242.732	12.8989
243.033	12.7967
243.335	12.7967
243.636	12.8142
243.937	12.7791
244.238	12.7346
244.539	12.7791
244.84	12.7346
245.141	12.7791
245.441	12.6993
245.743	12.655
246.044	12.6152
246.345	12.4597
246.646	12.4162
246.947	12.119
247.248	11.9625
247.549	12.1519
247.85	12.6991
248.15	12.6993
248.451	12.9389
248.752	12.8764
249.052	11.9174
249.353	11.3908
249.654	11.6234
249.955	12.1504
250.255	12.5091
250.556	12.8432
250.856	12.8312
251.157	12.859
251.458	12.8764
251.758	12.8989
252.059	12.859
252.359	12.859
252.66	12.859
252.96	12.859
253.261	12.859
253.561	12.859
253.862	12.859
254.162	12.8191
254.464	12.854
254.765	12.7967
255.066	12.655
255.367	12.7568
255.668	12.5795
255.968	12.5395
256.269	12.4207
256.569	11.0511
256.87	11.6997
257.171	11.9976
257.471	12.3398
257.773	12.2784
258.074	12.3183
258.374	12.3798
258.676	12.3366
258.977	12.2571
259.278	12.1987
259.579	12.0204
259.879	11.9804
260.18	11.9006
260.481	11.8798
260.782	11.8193
261.083	11.8207
261.383	11.8207
261.685	11.8591
261.985	11.8207
262.286	11.8001
262.587	11.8399
262.889	11.6999
263.19	11.7203
263.491	11.4213
263.792	11.4223
264.092	12.3479
264.393	12.9389
264.693	13.2184
264.994	12.3065
265.296	13.1036
265.596	13.4668
265.897	13.7136
266.198	13.9528
266.499	14.0325
266.799	14.097
267.1	14.2318
267.401	14.1768
267.702	14.1672
268.003	14.1369
268.304	14.2318
268.605	14.1521
268.907	14.1672
269.207	14.2168
269.509	14.1672
269.809	14.1768
270.111	14.1275
270.411	14.057
270.713	13.9043
271.014	13.8332
271.315	13.5778
271.616	13.316
271.916	12.2306
272.216	12.7998
272.516	13.192
272.818	13.4907
273.119	13.594
273.419	13.6178
273.72	13.6178
274.02	13.3782
274.321	13.0986
274.621	13.0986
274.922	12.8764
275.223	12.7967
275.524	12.8191
275.824	12.7392
276.125	12.7791
276.426	12.717
276.726	12.7791
277.027	12.7791
277.328	12.7346
277.629	12.7392
277.929	12.6993
278.23	12.6194
278.531	12.456
278.832	12.4197
279.132	12.22
279.433	12.0233
279.733	12.8577
280.034	13.5778
280.335	13.891
280.636	13.6107
280.936	14.7936
281.236	14.8158
281.537	14.9356
281.837	15.0155
282.138	15.069
282.439	15.069
282.74	14.8158
283.04	14.8557
283.341	14.8957
283.642	14.6716
283.943	14.7887
284.243	14.8557
284.545	14.7244
284.846	14.7244
285.147	14.8298
285.448	14.7078
285.748	14.71
286.048	14.6561
286.349	14.4564
286.649	14.2967
286.95	14.097
287.251	13.7535
287.551	13.7031
287.851	13.4718
288.152	14.2168
288.452	14.2567
288.753	14.4165
289.053	14.42
289.353	12.9581
289.654	13.5902
289.954	13.7186
290.254	14.2074
290.554	14.4319
290.855	14.4165
291.156	14.5109
291.456	14.5363
291.757	14.4564
292.058	14.5508
292.358	14.6161
292.659	14.5363
292.96	14.5652
293.261	14.6161
293.562	14.5652
293.863	14.5762
294.164	14.5109
294.464	14.4165
294.765	14.3366
295.065	14.2967
295.367	14.1275
295.667	14.097
295.968	13.8731
296.269	13.7535
296.571	12.3503
296.871	12.6166
297.173	13.0138
297.473	13.4181
297.774	13.498
298.074	13.498
298.374	13.3889
298.676	13.5035
298.976	13.3782
299.277	13.2184
299.578	13.1555
299.879	13.1156
300.18	13.0359
300.481	12.9734
300.783	13.053
301.083	13.0187
301.384	12.9562
301.685	13.0359
301.986	13.0187
302.286	12.9788
302.587	12.996
302.888	12.8989
303.188	12.7791
303.489	12.6194
303.79	12.3764
304.091	12.9195
304.392	12.1871
304.692	13.0041
304.993	13.1385
305.294	13.1156
305.595	13.1555
305.896	12.8764
306.198	12.655
306.498	12.5815
306.799	12.3517
307.099	12.7118
307.4	12.9858
307.701	13.053
308.002	13.1953
308.303	13.1385
308.604	13.1953
308.904	13.1785
309.205	13.2583
309.505	13.1785
309.807	13.2122
310.107	13.1785
310.408	13.1785
310.708	13.2583
311.009	13.1785
311.309	13.1785
311.61	13.2184
311.911	13.1555
312.212	13.1555
312.513	13.053
312.814	13.0359
313.115	12.8989
313.416	12.8366
313.716	11.9585
314.017	11.6354
314.318	12.3662
314.618	12.6125
314.919	12.6593
315.219	12.6593
315.52	12.6993
315.82	12.6593
316.121	12.7392
316.422	12.4958
316.723	12.5395
317.023	12.3398
317.324	12.2999
317.625	12.2571
317.927	12.2571
318.229	12.1775
318.529	12.22
318.83	12.22
319.13	12.22
319.43	12.22
319.732	12.1987
320.033	12.1377
320.334	12.0791
320.635	11.9595
320.936	11.7808
321.237	11.5628
321.538	11.2287
321.839	11.7746
322.139	11.9804
322.44	12.2386
322.741	12.3183
323.074	11.7249
323.38	11.093
323.68	11.4966
323.98	11.7989
324.281	12.0777
324.582	12.3582
324.882	12.4197
325.183	12.4597
325.484	12.3764
325.785	12.4597
326.086	12.398
326.387	12.4162
326.689	12.4162
326.99	12.4162
327.292	12.4162
327.593	12.4162
327.894	12.4597
328.195	12.3582
328.495	12.4197
328.796	12.3798
329.097	12.3764
329.398	12.26
329.698	12.26
330	12.1775
330.301	12.2085
330.602	11.2024
330.904	11.4225
331.206	11.7868
331.506	11.9885
331.806	12.1402
332.108	12.0979
332.408	12.1002
332.709	12.1589
333.01	11.9804
333.31	11.8606
333.611	11.7808
333.911	11.621
334.212	11.5811
334.512	11.5811
334.813	11.4213
335.114	11.521
335.414	11.5012
335.715	11.4213
336.016	11.4611
336.317	11.4213
336.618	11.4014
336.919	11.3616
337.22	11.3217
337.521	11.2622
337.822	11.1019
338.123	10.9447
338.424	11.6171
338.724	12.7981
339.025	12.859
339.325	12.6401
339.626	12.3447
339.927	13.2114
340.229	13.6499
340.53	13.7535
340.83	13.9772
341.131	14.0171
341.431	14.097
341.732	14.0171
342.032	13.9772
342.333	13.8973
342.634	13.9528
342.934	13.9372
343.235	13.9372
343.536	13.8343
343.837	13.8719
344.137	13.7775
344.438	13.8174
344.738	13.7775
345.039	13.6577
345.339	13.6178
345.641	13.4111
345.941	13.1785
346.241	12.7972
346.543	13.0617
346.843	13.6976
347.144	13.6976
347.445	13.6499
347.746	13.6577
348.046	13.498
348.348	13.2917
348.648	13.0986
348.95	12.9336
349.25	12.8191
349.551	12.6993
349.852	12.7346
350.153	12.5795
350.453	12.6593
350.754	12.6194
351.054	12.6194
351.355	12.6194
351.655	12.6194
351.956	12.5795
352.257	12.5754
352.559	12.4958
352.859	12.4197
353.16	12.1801
353.46	12.1402
353.761	11.8001
354.062	11.9883
354.362	12.1948
354.662	13.1785
354.963	13.2184
355.263	12.3571
355.563	11.8173
355.864	12.3557
356.164	12.6209
356.464	13.0773
356.765	13.1385
357.066	13.1156
357.367	13.1724
357.668	13.1953
357.969	13.1953
358.27	13.1785
358.571	13.1326
358.872	13.2583
359.172	13.1785
359.474	13.1326
359.774	13.1785
360.075	13.2184
360.376	13.1156
360.676	13.0986
360.977	13.1385
361.278	12.996
361.579	12.8938
361.88	12.8989
362.181	12.7967
362.482	12.5775
362.783	10.5093
363.089	11.3862
363.391	12.0226
363.691	12.26
363.993	12.4344
364.294	12.4996
364.594	12.4597
364.895	12.5395
365.196	12.3183
365.497	12.2784
365.798	12.1377
366.099	12.1402
366.399	11.9804
366.7	11.9994
367.001	11.9595
367.302	11.9595
367.603	11.9405
367.904	11.9595
368.204	11.9804
368.505	11.9197
368.806	11.9405
369.106	11.8606
369.407	11.7602
369.708	11.621
370.008	11.5012
370.308	12.1975
370.609	12.5816
370.91	13.3149
371.21	12.9345
371.511	12.9822
371.811	13.5145
372.111	14.0171
372.412	14.1369
372.712	14.2168
373.013	14.3366
373.314	14.3116
373.615	14.3913
373.915	14.3765
374.216	14.2717
374.517	14.3514
374.818	14.3765
375.119	14.2318
375.419	14.3765
375.721	14.3264
376.022	14.3116
376.323	14.2866
376.624	14.2567
376.926	14.0479
377.226	14.057
377.526	13.7775
377.827	13.6178
378.127	13.1384
378.428	12.9053
378.728	13.4998
379.029	13.7775
379.33	13.8489
379.631	13.8574
379.931	13.7376
380.232	13.5541
380.533	13.3548
380.834	13.3782
381.135	13.0132
381.436	13.0986
381.737	12.9562
382.037	12.9389
382.339	12.9734
382.639	12.9389
382.94	12.9389
383.241	12.9734
383.542	12.9389
383.842	12.9788
384.143	12.8764
384.444	12.7791
384.745	12.6948
385.046	12.5575
385.347	12.3798
385.647	12.1012
385.948	12.0927
386.248	12.6243
386.549	13.2184
386.85	13.3713
387.151	12.4006
387.452	11.6873
387.753	11.9148
388.054	12.5868
388.354	13.0471
388.655	13.2583
388.955	13.3782
389.256	13.3382
389.556	13.2983
389.857	13.3382
390.157	13.4181
390.458	13.4181
390.759	13.3548
391.059	13.4181
391.36	13.4181
391.661	13.3713
391.962	13.3782
392.263	13.3548
392.563	13.3382
392.864	13.1555
393.166	13.1724
393.468	13.053
393.768	12.9788
394.068	12.8989
394.369	12.7977
394.67	11.8187
394.97	11.9511
395.271	12.1766
395.572	12.6372
395.872	12.6993
396.173	12.6593
396.474	12.717
396.775	12.6372
397.076	12.5754
397.377	12.4597
397.677	12.3798
397.979	12.1775
398.279	12.22
398.58	12.1402
398.88	12.1801
399.181	12.1801
399.481	12.1402
399.782	12.1589
400.083	12.1589
400.384	12.119
400.685	12.1402
400.986	11.9994
401.287	11.9595
401.587	11.8217
401.888	11.6201
402.189	11.2814
402.489	12.3569
402.79	12.26
403.09	12.4996
403.39	12.4197
403.691	12.4597
403.992	11.7555
404.293	11.2868
404.593	11.7048
404.894	12.0251
405.194	12.3026
405.495	12.4597
405.795	12.4996
406.096	12.4597
406.396	12.4197
406.698	12.4958
406.998	12.5795
407.299	12.4996
407.599	12.5395
407.9	12.4597
408.2	12.5795
408.501	12.4996
408.801	12.5395
409.102	12.4379
409.403	12.4197
409.703	12.4597
410.004	12.3183
410.305	12.26
410.605	12.3282
410.906	12.1517
411.207	12.1608
411.507	11.11
411.807	11.5887
412.108	11.7378
412.409	12.119
412.709	12.0603
413.01	12.0791
413.311	12.1002
413.611	12.1402
413.912	11.8798
414.213	11.7408
414.514	11.7397
414.815	11.6007
415.117	11.5407
415.417	11.4213
415.719	11.4611
416.02	11.3816
416.321	11.5012
416.622	11.4611
416.923	11.4213
417.224	11.4811
417.525	11.4413
417.825	11.3015
418.126	11.3415
418.426	11.1019
418.728	10.9438
419.029	10.7662
419.329	10.7158
419.629	11.4357
419.931	11.5604
420.232	11.7808
420.533	11.8591
420.838	10.7814
421.139	10.9275
421.44	11.1553
421.742	11.586
422.042	11.9077
422.342	11.9405
422.643	12.0204
422.944	11.9595
423.244	11.9405
423.545	12.0603
423.845	12.0603
424.146	12.0204
424.447	12.0581
424.749	12.0183
425.049	12.0603
425.35	12.0603
425.652	12.0183
425.953	11.9785
426.254	12.0204
426.555	11.8798
426.856	11.9197
427.156	11.8606
427.457	11.8606
427.758	11.7602
428.058	11.6619
428.358	10.1505
428.66	10.6143
428.961	10.9313
429.261	11.3415
429.562	11.4613
429.863	11.6203
430.164	11.661
430.466	11.6203
430.767	11.4413
431.067	11.3415
431.368	11.2818
431.669	11.1418
431.969	11.022
432.271	11.0632
432.571	11.022
432.872	11.022
433.172	11.022
433.473	11.022
433.774	11.0028
434.075	11.0028
434.375	10.9821
434.677	10.9438
434.977	10.7824
435.278	10.7636
435.581	10.5092
435.882	10.3477
436.182	10.233
436.484	10.7532
436.785	11.0632
437.086	11.2616
437.387	11.3816
437.688	11.3254
437.988	10.4296
438.289	10.888
438.59	10.9833
438.89	11.3756
439.191	11.5811
439.491	11.5811
439.792	11.621
440.093	11.5805
440.394	11.661
440.694	11.661
440.995	11.6007
441.297	11.6203
441.597	11.661
441.899	11.6203
442.2	11.661
442.501	11.6203
442.802	11.621
443.103	11.6203
443.404	11.6007
443.705	11.621
444.005	11.5811
444.306	11.5412
444.606	11.5412
444.907	11.5012
445.226	11.067
445.527	10.6632
445.827	11.236
446.128	11.4413
446.429	11.521
446.731	11.5407
447.031	11.4613
447.332	11.6007
447.633	11.3415
447.934	11.2818
448.234	11.1418
448.536	11.0042
448.837	10.923
449.138	10.8623
449.439	10.8244
449.741	10.8244
450.041	10.8223
450.342	10.7425
450.643	10.8244
450.945	10.8244
451.245	10.8223
451.546	10.7425
451.847	10.705
452.148	10.5642
452.449	10.4629
452.749	10.344
453.049	10.557
453.351	11.4328
453.652	11.4413
453.953	11.5009
454.254	11.4811
454.555	11.3842
454.855	11.2297
455.156	10.7974
455.457	11.125
455.758	11.455
456.059	11.521
456.36	11.521
456.661	11.5805
456.962	11.5412
457.262	11.5811
457.563	11.521
457.865	11.5407
458.165	11.5012
458.467	11.5407
458.768	11.5407
459.069	11.5012
459.37	11.5407
459.672	11.5207
459.973	11.5811
460.274	11.5407
460.575	11.621
460.876	11.4811
461.176	11.5012
461.477	11.4811
461.778	11.4622
462.078	10.2311
462.379	10.2237
462.679	11.0207
462.98	11.2217
463.28	11.5012
463.581	11.4613
463.882	11.5009
464.183	11.4811
464.484	11.4223
464.784	11.3006
465.085	11.1418
465.385	11.0619
465.686	11.022
465.986	10.9421
466.287	10.9022
466.587	10.8623
466.888	10.8223
467.189	10.904
467.49	10.8433
467.791	10.8433
468.092	10.8223
468.392	10.8223
468.693	10.8034
468.994	10.6626
469.295	10.4447
469.595	10.304
469.896	10.0176
470.196	10.7115
470.497	10.9629
470.798	11.2217
471.098	11.2217
471.408	10.5342
471.709	10.1876
472.01	10.1033
472.311	10.6898
472.611	11.1099
472.912	11.3415
473.213	11.2818
473.514	11.4213
473.815	11.3015
474.115	11.3415
474.416	11.4213
474.716	11.4213
475.017	11.4213
475.317	11.4213
475.618	11.4213
475.918	11.4213
476.219	11.4213
476.52	11.4014
476.821	11.3616
477.121	11.3415
477.423	11.3418
477.723	11.3415
478.024	11.3616
478.325	11.2818
478.626	11.3415
478.926	10.65
479.227	10.0158
479.529	10.7416
479.829	11.2751
480.13	11.302
480.432	11.3816
480.733	11.3616
481.034	11.3415
481.334	11.2217
481.635	11.0028
481.936	10.8623
482.237	10.8034
482.538	10.6041
482.838	10.6227
483.139	10.5428
483.439	10.4629
483.741	10.506
484.042	10.4845
484.343	10.4845
484.643	10.4629
484.945	10.4663
485.245	10.4629
485.546	10.423
485.847	10.3251
486.148	10.2681
486.449	10.1027
486.749	10.717
487.049	11.3151
487.349	12.0603
487.651	11.9795
487.951	11.4631
488.252	12.1365
488.553	12.5622
488.853	12.7791
489.154	12.9562
489.455	13.2184
489.755	13.3782
490.056	13.4345
490.358	13.1724
490.659	13.1953
490.96	13.2122
491.261	13.1785
491.562	13.1326
491.864	13.2122
492.164	13.0986
492.465	13.1785
492.765	13.0986
493.066	13.0986
493.366	13.0187
493.667	12.9389
493.968	12.8142
494.269	12.6372
494.57	12.4379
494.88	12.4427
495.181	12.4069
495.481	13.2583
495.782	13.0758
496.083	13.1953
496.384	13.1555
496.684	11.6767
496.985	12.1472
497.286	12.0312
497.587	12.5733
497.887	13.0444
498.188	13.1156
498.489	13.1156
498.791	13.0928
499.092	13.1156
499.394	13.1326
499.695	13.2122
499.996	13.1785
500.297	13.1326
500.598	13.1785
500.899	13.2122
501.2	13.0758
501.502	13.053
501.802	13.0986
502.103	13.0187
502.404	13.0132
502.705	12.9788
503.006	12.8938
503.307	12.7967
503.608	12.7392
503.908	13.3415
504.209	13.429
504.511	14.207
504.812	14.3538
505.112	12.8166
505.413	13.4709
505.713	14.2335
506.013	14.5143
506.313	14.696
506.614	14.8298
506.915	14.9755
507.215	14.8957
507.516	15.069
507.817	15.0554
508.117	15.0953
508.418	15.1752
508.718	15.0953
509.019	15.1752
509.32	15.1223
509.621	15.1752
509.921	15.0953
510.222	15.1074
510.522	14.9636
510.823	14.8697
511.124	14.696
511.424	14.4165
511.725	14.178
512.027	12.8808
512.327	13.8733
512.627	13.994
512.927	14.2168
513.228	14.1369
513.529	14.1521
513.83	14.1275
514.131	14.0171
514.432	13.7933
514.733	13.7933
515.034	13.5703
515.335	13.5778
515.635	13.6577
515.936	13.498
516.236	13.5778
516.537	13.5778
516.837	13.498
517.138	13.5778
517.439	13.5305
517.74	13.4744
518.041	13.4345
518.342	13.2983
518.642	13.1785
518.943	13.0359
519.244	12.7392
519.545	12.6731
519.847	12.894
520.147	13.6976
520.448	13.5379
520.748	13.5778
521.049	14.2602
521.349	14.2256
521.649	15.0953
521.95	15.3481
522.251	15.1752
522.551	14.9356
522.852	14.8158
523.153	14.6704
523.453	14.5762
523.754	14.4963
524.055	14.5109
524.355	14.5363
524.656	14.471
524.958	14.4856
525.259	14.4856
525.56	14.5762
525.86	14.4963
526.161	14.471
526.462	14.3913
526.763	14.2318
527.065	14.1672
527.365	13.9772
527.666	13.6976
527.966	13.2749
528.266	13.7543
528.567	14.097
528.867	14.2168
529.168	14.2967
529.479	13.8854
529.779	13.2132
530.08	13.554
530.38	13.9935
530.68	14.3931
530.981	14.4312
531.282	14.4458
531.583	14.4963
531.883	14.5363
532.184	14.5363
532.484	14.6161
532.785	14.6161
533.085	14.5363
533.386	14.6561
533.686	14.5762
533.987	14.5508
534.288	14.6422
534.588	14.4301
534.889	14.4963
535.189	14.2967
535.49	14.2318
535.791	14.1768
536.092	13.9683
536.393	13.8731
536.703	13.1139
537.003	12.6328
537.304	12.9622
537.604	13.4857
537.906	13.5305
538.206	13.5379
538.507	13.5379
538.808	13.5143
539.109	13.5703
539.41	13.4181
539.71	13.2583
540.012	13.2519
540.312	13.1785
540.613	13.0986
540.914	13.1953
541.214	13.1785
541.515	13.0986
541.815	13.1785
542.116	13.1785
542.416	13.1491
542.716	13.0711
543.017	13.0359
543.318	12.8764
543.619	12.8191
543.919	12.6593
544.22	12.3409
544.521	12.2685
544.822	12.9722
545.122	12.9788
545.423	13.0187
545.723	13.1385
546.025	13.0928
546.326	13.5552
546.626	14.0689
546.927	14.7359
547.229	14.7782
547.53	14.7361
547.831	14.5392
548.133	14.3662
548.433	14.2567
548.734	14.1521
549.035	14.097
549.335	14.1768
549.636	14.1369
549.937	14.0877
550.239	14.1672
550.539	14.1369
550.84	14.1369
551.14	14.097
551.441	14.057
551.742	13.9926
552.043	13.8332
552.343	13.7775
552.644	14.4097
552.945	14.5215
553.246	15.1089
553.546	14.3972
553.846	14.9571
554.147	15.4592
554.447	15.7343
554.748	15.8391
555.048	16.069
555.349	16.0656
555.651	16.0774
555.951	15.9739
556.253	15.8387
556.553	16.0937
556.854	15.9739
557.154	15.8541
557.455	16.0538
557.756	16.0774
558.057	15.8142
558.357	15.9739
558.658	16.0165
558.959	14.7513
559.26	15.8471
559.56	15.9739
559.861	16.0937
560.161	16.1337
560.461	16.0538
560.762	16.0937
561.062	16.0138
561.363	15.7742
561.663	15.894
561.964	15.7866
562.265	15.6271
562.566	15.894
562.867	15.7866
563.167	15.6944
563.469	15.7591
563.771	15.8387
564.071	15.6944
564.372	15.6944
564.672	15.6944
564.973	15.335
565.273	15.2152
565.574	14.918
565.874	15.0543
566.175	15.6544
566.475	15.6544
566.776	15.5873
567.078	15.5999
567.378	15.587
567.679	15.2163
567.98	15.0953
568.281	15.0428
568.583	14.804
568.883	14.8557
569.184	14.9356
569.484	14.696
569.785	14.7759
570.085	15.0155
570.386	14.696
570.686	14.7759
570.987	14.9494
571.288	14.6704
571.589	14.6305
571.89	15.3799
572.19	13.9984
572.49	15.2152
572.792	15.2019
573.092	15.335
573.394	15.2815
573.694	15.0953
573.995	14.7899
574.296	14.7501
574.597	14.5762
574.897	14.4165
575.198	14.5363
575.499	14.3913
575.8	14.3264
576.101	14.5363
576.401	14.3765
576.702	14.2967
577.003	14.5109
577.303	14.4165
577.604	14.3116
577.905	14.3765
578.205	14.1768
578.506	14.0171
578.806	13.9806
579.106	15.0732
579.408	15.1487
579.708	15.5011
580.008	15.029
580.308	15.9513
580.609	15.946
580.91	16.2535
581.21	16.2934
581.511	16.265
581.812	16.3333
582.113	16.1055
582.413	16.1736
582.714	16.2135
583.014	16.0538
583.315	16.2135
583.615	16.2135
583.916	16.0538
584.216	16.1337
584.517	16.2535
584.818	16.0258
585.118	16.0138
585.419	15.3531
585.72	14.6623
586.021	14.9095
586.322	14.9095
586.624	14.8848
586.926	13.196
587.227	13.7507
587.528	13.8732
587.828	14.3365
588.129	14.3366
588.43	14.207
588.731	14.1521
589.032	14.1369
589.332	14.0171
589.633	14.0171
589.934	14.0325
590.235	13.9683
590.537	14.0081
590.837	13.9772
591.139	14.0081
591.439	13.9772
591.74	14.0171
592.04	14.0171
592.342	13.9683
592.642	13.9772
592.943	13.9926
593.244	13.9772
593.544	13.9372
593.846	13.8091
594.146	13.6178
594.447	13.1587
594.748	12.6382
595.049	13.8354
595.349	13.5778
595.65	13.7136
595.951	13.8174
596.252	13.7535
596.554	13.5864
596.854	13.4181
597.155	13.1953
597.456	13.0986
597.756	12.8989
598.057	12.9389
598.357	12.7791
598.658	12.8366
598.959	12.8366
599.26	12.7791
599.561	12.8142
599.863	12.8142
600.163	12.7791
600.464	12.7568
600.765	12.7392
601.065	12.6194
601.366	12.4996
601.666	12.2999
601.967	12.0613
602.268	12.0172
602.569	12.5296
602.869	13.0187
603.17	13.1385
603.47	13.1018
603.77	11.2335
604.071	11.9001
604.372	12.348
604.673	12.8646
604.973	13.1306
605.274	13.1555
605.576	13.1326
605.876	13.2184
606.177	13.1953
606.478	13.1785
606.778	13.1785
607.079	13.1785
607.379	13.1785
607.68	13.1785
607.98	13.1785
608.281	13.1785
608.582	13.1555
608.882	13.1385
609.183	13.1385
609.484	13.0359
609.784	13.0187
610.085	12.9163
610.386	12.8764
610.687	12.7967
610.988	11.8758
611.289	11.5028
611.59	12.3257
611.891	12.5176
612.192	12.5575
612.492	12.5795
612.793	12.5795
613.094	12.5754
613.395	12.5795
613.695	12.3798
613.996	12.2784
614.298	12.1377
614.599	12.1589
614.9	12.0183
615.201	12.0603
615.501	12.0603
615.802	11.9804
616.103	12.0183
616.404	12.0603
616.704	12.03
617.004	11.9518
617.305	11.9405
617.605	11.9006
617.906	11.7408
618.207	11.6203
618.508	11.3814
618.808	10.9457
619.11	11.15
619.41	12.3798
619.711	12.3398
620.012	12.2784
620.312	11.5975
620.612	11.1168
620.913	11.3535
621.213	11.7047
621.514	12.2364
621.816	12.3366
622.116	12.3398
622.417	12.2999
622.718	12.3582
623.018	12.2999
623.319	12.3183
623.62	12.2999
623.92	12.2999
624.222	12.2571
624.523	12.3366
624.825	12.3366
625.127	12.2571
625.428	12.2784
625.729	12.3582
626.03	12.2784
626.331	12.2571
626.632	12.2999
626.933	12.2173
627.234	12.1801
627.535	12.0979
627.835	11.2777
628.136	11.1848
628.436	11.5709
628.737	12.1002
629.038	12.0791
629.338	12.1002
629.639	12.1402
629.939	12.1002
630.24	11.9804
630.54	11.7808
630.841	11.7408
631.142	11.6007
631.442	11.5412
631.743	11.521
632.044	11.4413
632.345	11.5412
632.645	11.4213
632.946	11.4213
633.246	11.4213
633.547	11.3415
633.847	11.3424
634.148	11.3405
634.449	11.2818
634.749	11.1817
635.051	11.0632
635.352	11.6222
635.652	12.2799
635.953	12.859
636.254	13.0003
636.554	12.5078
636.854	13.0741
637.154	13.7955
637.455	13.8574
637.755	13.9772
638.056	13.9926
638.357	14.1083
638.657	14.1503
638.957	14.1369
639.258	13.9772
639.559	13.9926
639.86	13.9926
640.161	13.9926
640.461	13.9772
640.762	13.9772
641.062	13.9772
641.363	13.9528
641.664	13.9772
641.964	13.8574
642.265	13.8332
642.567	13.6101
642.867	13.458
643.168	13.1796
643.469	11.9197
643.77	11.7203
644.071	11.8808
644.372	10.8039
644.672	11.0298
644.973	11.3926
645.274	11.5412
645.574	11.4213
645.875	11.3217
646.177	11.1826
646.478	11.2021
646.779	11.1224
647.08	11.0825
647.38	11.0619
647.681	10.9821
647.982	10.9836
648.284	10.9836
648.584	11.022
648.885	11.022
649.186	10.9836
649.487	11.0426
649.788	11.1019
650.09	11.0632
650.39	11.1019
650.691	11.1224
650.992	10.9629
651.294	10.9438
651.595	10.7448
651.896	10.5436
652.197	10.2774
652.497	11.3538
652.798	11.2818
653.098	11.3814
653.399	11.4613
653.701	11.4213
654.001	10.0602
654.302	10.225
654.602	10.664
654.903	10.9855
655.204	11.369
655.506	11.4611
655.807	11.4213
656.109	11.5009
656.409	11.4613
656.71	11.4213
657.011	11.4611
657.312	11.4213
657.613	11.3816
657.914	11.4213
658.216	11.4611
658.516	11.4213
658.818	11.3816
659.118	11.4613
659.42	11.5009
659.72	11.4613
660.022	11.4611
660.323	11.521
660.624	11.4213
660.925	11.5012
661.225	11.3424
661.525	11.9956
661.826	12.6144
662.127	13.1326
662.428	12.1179
662.729	12.0735
663.029	12.6847
663.331	13.1821
663.632	13.4345
663.933	13.594
664.234	13.8332
664.534	13.8973
664.835	13.9772
665.136	14.0325
665.436	14.1768
665.737	14.1122
666.038	14.097
666.338	14.1369
666.64	14.0877
666.94	14.1369
667.242	14.0632
667.543	14.057
667.843	13.9772
668.144	13.8174
668.444	13.7775
668.745	13.5379
669.045	13.2983
669.346	12.9593
669.646	11.9198
669.947	13.0725
670.248	13.2352
670.549	13.3382
670.849	13.3782
671.15	13.2983
671.45	13.2583
671.751	13.0187
672.052	12.8764
672.353	12.8142
672.655	12.6152
672.956	12.6372
673.257	12.5754
673.558	12.5795
673.858	12.5795
674.159	12.5176
674.46	12.5795
674.76	12.5395
675.061	12.5395
675.361	12.4996
675.663	12.456
675.963	12.2999
676.264	12.2999
676.564	12.1402
676.865	11.8606
677.165	12.1581
677.465	12.3919
677.767	13.0132
678.067	12.9788
678.368	12.9562
678.669	11.577
678.969	11.583
679.27	12.0366
679.571	12.3859
679.871	12.7873
680.172	12.9163
680.472	12.9788
680.773	12.9788
681.073	12.9389
681.374	12.996
681.676	12.9734
681.976	12.9389
682.277	12.9389
682.58	12.9283
682.88	13.0187
683.181	12.9389
683.481	12.9389
683.782	12.9163
684.083	12.9788
684.383	12.859
684.684	12.8764
684.985	12.7791
685.286	12.6771
685.586	12.6993
685.887	12.5187
686.189	10.6567
686.49	11.8826
686.79	11.9114
687.091	12.2386
687.391	12.4197
687.692	12.3582
687.993	12.4597
688.295	12.4162
688.595	12.22
688.897	12.1377
689.198	12.1377
689.499	11.9197
689.801	11.9387
690.102	11.8591
690.402	11.8302
690.703	11.8911
691.004	11.8207
691.305	11.8798
691.605	11.8606
691.906	11.7808
692.207	11.8193
692.509	11.7397
692.809	11.7009
693.11	11.4613
693.41	11.3415
693.712	11.9455
694.012	12.6284
694.312	13.2583
694.612	12.797
694.913	12.9521
695.213	13.7315
695.514	13.8574
695.814	14.057
696.115	14.1369
696.415	14.2967
696.716	14.2967
697.016	14.3366
697.317	14.2318
697.618	14.192
697.919	14.1768
698.219	14.2168
698.52	14.1369
698.821	14.1672
699.122	14.2168
699.422	14.1369
699.723	14.1768
700.024	14.0724
700.324	14.057
700.626	13.8489
700.926	13.6577
701.227	13.5778
701.528	12.7338
701.828	13.1178
702.129	13.6664
702.43	13.7693
702.731	13.8174
703.032	13.8091
703.333	13.7775
703.634	13.5143
703.935	13.3149
704.236	13.2352
704.536	13.0986
704.837	12.9788
705.138	12.9734
705.439	12.9562
705.74	12.9389
706.041	12.9734
706.342	12.9389
706.642	12.9788
706.943	12.8989
707.244	12.9163
707.545	12.8366
707.846	12.7568
708.147	12.6372
708.447	12.5395
708.749	12.2969
709.049	12.1012
709.349	12.3977
709.65	13.2983
709.951	13.2352
710.251	13.3782
710.552	12.7296
710.854	12.1917
711.155	12.5936
711.456	12.9068
711.756	13.1471
712.057	13.3713
712.358	13.3782
712.659	13.3947
712.959	13.4181
713.261	13.3713
713.561	13.4181
713.863	13.3713
714.164	13.4181
714.465	13.3713
714.766	13.4181
715.067	13.3713
715.368	13.458
715.668	13.3382
715.97	13.2917
716.271	13.3315
716.572	13.1785
716.872	13.1385
717.173	13.0587
717.473	12.9389
717.774	12.8366
718.075	10.9332
718.376	11.921
718.676	12.3079
718.977	12.4996
719.277	12.5795
719.578	12.5795
719.878	12.6194
720.179	12.5395
720.48	12.4958
720.781	12.3582
721.082	12.26
721.382	12.22
721.683	12.0603
721.983	12.0603
722.284	12.0204
722.585	12.0393
722.886	12.0183
723.188	12.0183
723.489	12.0183
723.79	12.0204
724.091	11.9994
724.391	11.9006
724.692	11.8606
724.993	11.6601
725.295	11.5407
725.595	11.4205
725.895	11.5584
726.196	11.9468
726.497	12.1987
726.799	12.3162
727.1	12.4379
727.401	11.4304
727.702	11.6221
728.002	11.6693
728.302	12.0733
728.602	12.4386
728.902	12.4597
729.203	12.4778
729.504	12.4597
729.804	12.4597
730.105	12.5176
730.406	12.5395
730.706	12.4996
731.007	12.5395
731.307	12.4996
731.608	12.5395
731.908	12.4996
732.209	12.4996
732.509	12.4597
732.81	12.4597
733.11	12.3798
733.411	12.2999
733.711	12.4197
734.012	12.1987
734.313	12.22
734.625	11.6082
734.925	11.2371
735.226	11.7319
735.527	12.0936
735.828	12.1987
736.128	12.22
736.429	12.1801
736.73	12.119
737.03	12.1402
737.331	11.9006
737.632	11.8001
737.932	11.7009
738.233	11.521
738.535	11.5407
738.835	11.4613
739.136	11.4613
739.437	11.4611
739.738	11.4213
740.038	11.4213
740.339	11.4613
740.639	11.4213
740.94	11.4213
741.241	11.2818
741.542	11.3217
741.842	11.1817
742.143	10.9022
742.443	11.6444
742.744	11.9876
743.045	12.8366
743.347	12.521
743.647	12.5792
743.948	13.2614
744.248	13.6628
744.548	13.7906
744.849	13.9528
745.15	14.1369
745.45	14.1768
745.751	14.1768
746.051	14.0171
746.352	14.0171
746.652	13.9772
746.953	14.0171
747.253	14.0171
747.554	13.9129
747.855	14.0171
748.156	13.9926
748.456	13.8973
748.757	13.9372
749.057	13.8574
749.358	13.7376
749.659	13.5305
749.96	13.4192
750.26	11.7408
750.561	12.2999
750.861	11.9415
751.162	10.8477
751.462	10.9422
751.763	10.9712
752.064	11.6678
752.364	11.661
752.665	11.5412
752.966	11.5609
753.267	11.521
753.568	11.2818
753.869	11.3816
754.17	11.3415
754.47	11.3015
754.771	11.3415
755.072	11.2818
755.373	11.302
755.674	11.3415
755.975	11.302
756.276	11.3415
756.576	11.3415
756.877	11.3616
757.178	11.4613
757.478	11.3814
757.779	11.3217
758.08	11.2217
758.381	11.0426
758.682	10.8442
758.982	10.4771
759.283	10.5797
759.584	11.4501
759.886	11.5009
760.186	11.621
760.487	11.7019
760.788	10.6113
761.088	10.5754
761.389	10.7469
761.689	11.4525
761.99	11.6561
762.291	11.699
762.592	11.7808
762.894	11.7397
763.194	11.7009
763.494	11.7408
763.796	11.7795
764.097	11.7408
764.397	11.7408
764.698	11.7408
764.999	11.7795
765.3	11.7408
765.601	11.6999
765.902	11.7808
766.202	11.7009
766.503	11.7408
766.804	11.6805
767.104	11.7408
767.405	11.6805
767.706	11.6406
768.007	11.5628
768.308	10.5892
768.609	10.8283
768.909	11.543
769.211	11.5407
769.511	11.621
769.813	11.5805
770.113	11.661
770.414	11.5811
770.714	11.4213
771.015	11.2021
771.316	11.2616
771.616	10.9821
771.917	11.0426
772.219	10.904
772.519	10.9031
772.821	10.8633
773.122	10.8244
773.423	10.8832
773.724	10.8623
774.024	10.8623
774.325	10.8223
774.626	10.7636
774.927	10.7237
775.228	10.6652
775.529	10.4629
775.83	10.4159
776.13	10.6562
776.432	11.3418
776.733	11.5009
777.035	11.5805
777.335	11.4641
777.642	9.88591
777.945	10.7629
778.245	10.9167
778.546	11.1924
778.847	11.5944
779.148	11.621
779.449	11.5407
779.75	11.661
780.051	11.6007
780.352	11.5805
780.653	11.661
780.953	11.661
781.255	11.6203
781.556	11.6203
781.857	11.661
782.158	11.6203
782.46	11.6203
782.76	11.621
783.061	11.621
783.362	11.521
783.663	11.6203
783.964	11.5412
784.265	11.521
784.566	11.521
784.866	11.6638
785.166	9.87557
785.468	10.7943
785.768	11.3151
786.069	11.4014
786.369	11.4213
786.67	11.4613
786.97	11.4213
787.271	11.4213
787.571	11.1817
787.872	11.2021
788.173	10.9421
788.474	10.9438
788.775	10.9022
789.076	10.8034
789.377	10.8244
789.678	10.7824
789.979	10.8244
790.28	10.7824
790.581	10.8244
790.882	10.8223
791.184	10.7448
791.484	10.6626
791.786	10.5856
792.086	10.423
792.387	10.3032
792.687	10.3457
792.987	11.4225
793.289	12.1166
793.59	12.26
793.89	12.1993
794.19	12.7563
794.491	13.498
794.792	13.5541
795.093	13.6339
795.393	13.5778
795.694	13.7376
795.994	13.6577
796.296	13.4111
796.597	13.594
796.898	13.4509
797.199	13.3548
797.5	13.5143
797.801	13.4181
798.102	13.3713
798.403	13.458
798.704	13.3548
799.004	13.3382
799.305	13.3947
799.606	13.2352
799.907	13.1785
800.207	13.0187
800.508	12.717
800.809	12.2525
801.109	12.5547
801.41	13.1313
801.71	13.2983
802.011	13.3382
802.312	13.3947
802.612	12.3808
802.914	11.3816
803.214	11.3415
803.515	11.6805
803.816	11.7602
804.118	11.8591
804.418	11.9006
804.719	12.0791
805.02	11.9804
805.32	12.1402
805.621	12.0603
805.921	12.1402
806.222	12.0791
806.523	12.119
806.824	12.0603
807.124	11.9804
807.426	11.9179
807.728	11.8591
808.029	11.6601
808.331	11.4213
808.631	11.2635
808.933	10.155
809.235	10.9476
809.536	11.3015
809.837	11.3616
810.137	11.3015
810.438	11.4613
810.738	11.3814
811.039	11.2818
811.34	11.1418
811.641	10.9836
811.942	10.8223
812.243	10.7636
812.544	10.705
812.845	10.6227
813.145	10.7025
813.446	10.6227
813.747	10.644
814.047	10.6227
814.348	10.5642
814.649	10.6227
814.949	10.5827
815.25	10.5428
815.551	10.4447
815.851	10.3032
816.152	10.2241
816.452	10.7772
816.753	11.5426
817.053	12.1402
817.355	12.062
817.656	11.5216
817.957	12.4057
818.257	12.7392
818.558	13.0187
818.859	13.1829
819.16	13.384
819.461	13.5379
819.761	13.458
820.062	13.2583
820.363	13.3713
820.664	13.4181
820.964	13.3382
821.265	13.2751
821.566	13.4181
821.867	13.2917
822.168	13.3382
822.468	13.3782
822.77	13.2519
823.07	13.2184
823.371	13.0359
823.672	12.9389
823.973	12.6948
824.274	12.5606
824.575	12.0178
824.875	12.6658
825.176	12.9562
825.477	13.1156
825.778	13.2184
826.078	13.1785
826.379	12.9163
826.68	12.7791
826.98	13.1396
827.28	12.7981
827.582	14.4458
827.883	14.5508
828.184	14.5508
828.484	14.3765
828.785	14.1369
829.085	14.1369
829.386	13.9528
829.687	13.9129
829.988	13.9926
830.289	13.9772
830.589	13.8973
830.89	13.9772
831.19	13.8973
831.491	13.9528
831.792	13.9372
832.092	13.8685
832.393	13.8463
832.694	13.6339
832.994	13.6178
833.296	13.4509
833.596	13.0986
833.897	13.5176
834.197	14.0337
834.498	14.537
834.799	14.5149
835.099	12.6375
835.399	13.3464
835.699	13.8166
836	14.3102
836.3	14.5304
836.601	14.5109
836.902	14.5762
837.202	14.6161
837.503	14.696
837.803	14.6161
838.104	14.696
838.404	14.7759
838.705	14.696
839.005	14.696
839.306	14.696
839.606	14.7359
839.908	14.5254
840.209	14.5109
840.51	14.471
840.81	14.3765
841.111	14.1768
841.411	14.097
841.712	13.9772
842.012	13.6999
842.313	12.2639
842.614	12.6665
842.914	13.294
843.215	13.5379
843.516	13.5703
843.818	13.5703
844.118	13.5778
844.42	13.5305
844.721	13.5541
845.022	13.3947
845.323	13.3548
845.624	13.2583
845.924	13.2184
846.225	13.1953
846.527	13.2122
846.827	13.1785
847.129	13.2122
847.429	13.2583
847.73	13.1785
848.031	13.1555
848.331	13.1385
848.632	13.0187
848.932	12.9389
849.234	12.7346
849.535	12.5176
849.835	12.0623
850.136	12.069
850.437	13.1785
850.738	13.1724
851.039	13.0986
851.339	13.1385
851.64	12.2734
851.94	12.025
852.241	12.3355
852.542	12.6147
852.842	13.0308
853.143	13.0986
853.444	13.0928
853.745	13.1385
854.045	13.0986
854.346	13.1785
854.646	13.1785
854.947	13.1785
855.247	13.1785
855.548	13.1785
855.848	13.1785
856.149	13.1785
856.449	13.1385
856.75	13.1385
857.051	13.0758
857.351	12.9788
857.652	12.9788
857.952	12.9389
858.253	12.7791
858.553	12.7791
858.855	12.5536
859.157	10.7523
859.457	11.8761
859.758	12.1775
860.061	12.3731
860.361	12.4597
860.662	12.4379
860.963	12.4778
861.264	12.3798
861.565	12.3366
861.866	12.119
862.168	12.1377
862.469	11.9595
862.77	11.8989
863.072	11.8591
863.373	11.8399
863.674	11.8399
863.975	11.8207
864.275	11.8207
864.575	11.8207
864.877	11.8001
865.178	11.8193
865.48	11.7397
865.781	11.6805
866.081	11.5012
866.382	11.3235
866.682	11.7894
866.983	12.1002
867.284	12.2173
867.585	12.2386
867.886	12.2999
868.186	12.26
868.487	11.9405
868.788	11.7416
869.09	10.951
869.39	11.5433
869.69	12.0733
869.992	12.3009
870.293	12.2784
870.593	12.4197
870.894	12.2386
871.195	12.3183
871.496	12.3398
871.797	12.3366
872.099	12.3366
872.4	12.4162
872.702	12.3366
873.003	12.4162
873.304	12.3398
873.604	12.3398
873.905	12.4197
874.205	12.2999
874.506	12.2784
874.807	12.2784
875.108	12.1987
875.409	12.2386
875.71	12.1589
876.012	11.9397
876.314	10.3477
876.614	10.0236
876.916	10.1479
877.216	9.62752
877.516	9.19925
877.816	9.47439
878.116	9.79388
878.417	9.86389
878.718	9.71014
879.02	9.74993
879.321	9.67034
879.622	9.60749
879.924	9.47136
880.226	9.45489
880.527	9.38467
880.827	9.38467
881.128	9.26487
881.428	9.34474
881.73	9.31218
882.03	9.34474
882.331	9.42461
882.631	9.42461
882.932	9.4488
883.233	9.5037
883.534	9.51116
883.835	9.48789
884.136	9.3683
884.437	9.34474
884.737	9.185
885.038	9.36499
885.338	9.95469
885.639	10.6041
885.94	10.4845
886.242	10.5458
886.543	10.429
886.844	9.45992
887.145	9.73829
887.445	9.8741
887.746	10.3675
888.047	10.4493
888.347	10.5528
888.648	10.644
888.949	10.5642
889.25	10.6041
889.55	10.6227
889.852	10.5856
890.152	10.6227
890.453	10.6227
890.755	10.5856
891.055	10.6626
891.355	10.5827
891.657	10.644
891.957	10.5827
892.259	10.6254
892.559	10.6227
892.86	10.7025
893.16	10.7025
893.46	10.7425
893.761	10.7025
894.061	11.3842
894.361	11.6392
894.662	12.6593
894.962	12.7013
895.271	10.8919
895.571	12.2241
895.872	12.1457
896.172	12.8661
896.473	13.1326
896.774	13.3382
897.074	13.3782
897.376	13.4907
897.678	13.5305
897.978	13.6577
898.28	13.6897
898.581	13.6897
898.882	13.8174
899.183	13.7535
899.483	13.7376
899.785	13.7693
900.085	13.7775
900.386	13.7376
900.687	13.594
900.988	13.5541
901.288	13.3782
901.589	13.2352
901.891	12.9336
902.191	11.7361
902.492	12.1823
902.792	12.8249
903.093	12.8366
903.394	13.0187
903.694	12.8989
903.995	12.9788
904.296	12.8764
904.597	12.7568
904.898	12.4958
905.199	12.4996
905.5	12.3582
905.8	12.3282
906.101	12.2316
906.402	12.1589
906.702	12.22
907.004	12.1775
907.304	12.22
907.606	12.1775
907.906	12.22
908.207	12.1987
908.508	12.1002
908.809	12.0791
909.11	11.9387
909.411	11.7203
909.711	11.8357
910.013	12.2375
910.314	12.7791
910.614	12.8191
910.915	12.8191
911.215	12.7392
911.516	11.5416
911.816	11.6639
912.117	11.9704
912.417	12.3543
912.717	12.6274
913.018	12.717
913.319	12.7568
913.621	12.7744
913.922	12.8764
914.224	12.8142
914.524	12.859
914.826	12.8938
915.126	12.859
915.427	12.859
915.727	12.859
916.028	12.859
916.329	12.8366
916.629	12.7392
916.93	12.7392
917.231	12.717
917.532	12.6372
917.832	12.5795
918.133	12.5176
918.434	12.4597
918.734	12.3213
919.036	13.7326
919.337	13.9926
919.637	14.0981
919.938	13.6935
920.238	13.3592
920.538	13.9486
920.839	14.3116
921.14	14.471
921.441	14.5906
921.742	14.7359
922.043	14.7501
922.344	14.804
922.645	14.9356
922.945	14.9356
923.246	14.9755
923.546	14.9755
923.847	14.9494
924.148	14.9494
924.45	14.9632
924.75	14.9356
925.051	14.8557
925.351	14.7759
925.653	14.5652
925.954	14.471
926.255	14.2342
926.556	12.7536
926.856	13.5519
927.158	13.8977
927.458	14.1768
927.758	14.2168
928.059	14.2168
928.359	14.2168
928.66	14.2168
928.961	14.0325
929.262	13.9528
929.563	13.9129
929.864	13.8332
930.165	13.8174
930.466	13.8332
930.766	13.7775
931.067	13.7775
931.368	13.7693
931.67	13.7693
931.97	13.7775
932.271	13.7535
932.573	13.6101
932.874	13.5703
933.175	13.458
933.475	13.2583
933.776	13.1817
934.076	13.3236
934.377	13.7376
934.678	13.594
934.979	13.6339
935.28	13.6339
935.58	13.5379
935.881	13.1785
936.182	13.0758
936.482	12.859
936.783	12.7791
937.084	12.6771
937.384	12.6194
937.686	12.5754
937.986	12.6194
938.287	12.5395
938.587	12.6194
938.888	12.5395
939.188	12.5395
939.489	12.5974
939.79	12.4597
940.09	12.4996
940.391	12.2999
940.692	12.2386
940.992	12.0603
941.293	11.7602
941.594	12.1831
941.894	12.0237
942.195	13.0986
942.496	13.1953
942.796	12.347
943.096	11.9138
943.397	12.451
943.697	12.9089
943.997	13.193
944.299	13.2122
944.6	13.3315
944.901	13.2352
945.202	13.2583
945.502	13.3782
945.803	13.3782
946.103	13.3382
946.405	13.3315
946.705	13.2583
947.006	13.2583
947.306	13.2583
947.608	13.2917
947.908	13.2983
948.209	13.2184
948.509	13.1385
948.81	13.1156
949.111	13.0587
949.412	12.8764
949.712	12.9788
950.013	12.6235
950.313	11.025
950.614	12.1796
950.914	12.4716
951.214	12.6194
951.515	12.6993
951.815	12.6593
952.116	12.6993
952.417	12.6771
952.717	12.6194
953.018	12.4379
953.319	12.4197
953.62	12.3183
953.921	12.2571
954.222	12.261
954.523	12.2163
954.824	12.22
955.125	12.2386
955.425	12.22
955.726	12.22
956.027	12.2173
956.328	12.1801
956.63	12.0581
956.93	12.0204
957.231	11.8207
957.531	12.4617
957.831	12.9097
958.132	13.9528
958.433	15.0079
958.733	16.0631
959.034	16.3961
959.334	16.7391
959.634	17.0739
959.935	15.7548
960.235	14.2375
960.536	14.057
960.836	14.2567
961.138	12.773
961.438	13.1591
961.739	13.6732
962.04	13.8934
962.341	14.0724
962.642	14.1122
962.942	14.1768
963.243	14.097
963.544	14.1672
963.845	14.2168
964.145	14.2168
964.446	14.2168
964.746	14.2168
965.047	14.2168
965.347	14.2168
965.648	14.2318
965.949	14.192
966.25	14.097
966.551	14.0081
966.852	13.9926
967.153	13.8973
967.454	13.7295
967.755	13.6577
968.055	13.498
968.355	12.2389
968.656	12.6201
968.957	13.2142
969.258	13.1953
969.559	13.2751
969.86	13.2352
970.161	13.3149
970.462	13.2983
970.762	13.1385
971.063	13.0587
971.364	12.996
971.664	12.9389
971.965	12.859
972.266	12.8142
972.567	12.7791
972.868	12.7967
973.169	12.7967
973.47	12.8142
973.772	12.8142
974.073	12.7568
974.373	12.7392
974.674	12.6593
974.975	12.5575
975.275	12.3808
975.576	12.1579
975.877	11.9093
976.177	12.7287
976.478	12.7392
976.779	12.9163
977.079	12.9389
977.38	12.8989
977.681	13.3326
977.982	13.8408
978.283	14.5762
978.583	14.696
978.884	14.5363
979.184	14.3765
979.485	14.2168
979.785	14.1369
980.086	14.1122
980.388	13.9683
980.688	13.9772
980.989	13.9772
981.289	13.9772
981.59	13.9772
981.89	13.9772
982.191	13.9772
982.491	13.9372
982.793	13.9285
983.094	13.8332
983.394	13.7775
983.695	13.6178
983.995	13.4181
984.296	13.0986
984.596	12.8622
984.896	13.2223
985.198	13.9285
985.499	14.0479
985.8	14.1369
986.1	13.0384
986.4	12.9485
986.701	13.294
987.002	13.513
987.302	13.9372
987.603	13.9772
987.904	14.1122
988.204	14.0171
988.505	14.0724
988.806	14.1369
989.106	14.1369
989.407	14.1369
989.707	14.1369
990.008	14.1521
990.309	14.1369
990.609	14.1369
990.91	14.097
991.21	14.0171
991.511	13.9772
991.811	13.8973
992.112	13.7535
992.413	13.6976
992.714	13.5305
993.015	13.498
993.315	12.3958
993.616	11.6602
993.917	12.1956
994.217	12.5788
994.518	12.8764
994.819	13.0587
995.12	13.1156
995.42	13.1385
995.722	13.0132
996.023	12.9562
996.323	12.859
996.624	12.7568
996.925	12.6993
997.225	12.6194
997.526	12.6372
997.827	12.6194
998.128	12.5754
998.43	12.655
998.73	12.6194
999.032	12.5754
999.332	12.6593
999.633	12.4996
999.934	12.4162
1000.23	12.3798
1000.54	12.0581
1000.85	3.3351
