11.1394	0.442117
11.2303	1.58446
11.329	1.94406
11.4246	2.13366
11.527	1.99189
11.6247	1.72021
11.713	1.49565
11.8038	1.7165
11.8926	1.62197
11.9856	1.54866
12.0823	1.86218
12.181	1.94406
12.2808	2.04382
12.3832	1.87518
12.4783	2.01924
12.5729	2.03046
12.6706	2.33339
12.7709	2.39191
12.8723	2.36712
12.9732	2.37945
13.0751	2.35492
13.1759	2.38061
13.2736	2.4562
13.3708	2.46948
13.4701	2.41722
13.571	2.37945
13.6718	2.37945
13.7727	2.37945
13.8756	2.332
13.9759	2.39249
14.0773	2.36712
14.1807	2.32016
14.2821	2.36769
14.3851	2.33145
14.4843	2.41722
14.5883	2.30844
14.687	2.43129
14.7784	2.6256
14.8719	2.5666
14.9738	2.35549
15.0763	2.34284
15.1797	2.32071
15.279	2.41722
15.3824	2.43559
15.4811	1.94503
15.5799	1.70105
15.6813	1.89462
15.7816	1.91352
15.884	1.99141
15.9875	1.85569
16.0825	1.89402
16.1718	1.07495
16.2627	1.05631
16.3552	1.0383
16.4518	1.3656
16.5506	1.45804
16.6504	1.4427
16.7502	1.56292
16.8495	1.45033
16.9525	1.39887
17.0538	1.42096
17.1505	1.48974
17.2497	1.45033
17.3506	1.42767
17.452	1.42027
17.5518	1.44341
17.6463	1.52285
17.7414	1.51443
17.8391	1.47372
17.9389	1.4427
18.0397	1.42872
18.1374	1.47372
18.2351	1.47372
18.3376	1.4057
18.4395	1.41295
18.5419	1.40604
18.6375	1.50689
18.732	1.52285
18.8324	1.43514
18.9348	1.40604
19.033	1.46584
19.137	1.38506
19.232	1.26301
19.3239	1.17477
19.4216	0.982482
19.5235	0.942195
19.6227	0.846657
19.7126	0.801498
19.8014	0.540656
19.8964	0.504811
19.9968	0.478381
20.0976	0.594862
20.2	0.93804
20.2998	0.961798
20.4007	0.951779
20.5015	0.951779
20.6045	0.932355
20.7068	0.93804
20.7993	1.0383
20.8944	1.00962
20.991	0.993161
21.0903	0.966887
21.1896	0.966887
21.2894	0.961798
21.3919	0.937136
21.4948	0.932355
21.5983	0.928286
21.6986	0.956997
21.7963	0.982482
21.8935	0.987792
21.9912	0.982482
22.092	0.951779
22.1945	0.937136
22.2979	0.927843
22.3966	0.972759
22.488	1.05024
22.5815	1.02664
22.6761	1.01523
22.7733	0.987792
22.8752	1.05971
22.9781	0.933026
23.0748	0.993161
23.1725	1.10529
23.2769	1.37842
23.3736	1.49012
23.4739	1.55474
23.5778	1.38572
23.675	1.48206
23.7669	1.17477
23.8604	1.02664
23.9581	1.35091
24.061	1.39954
24.1577	1.6143
24.2475	1.603
24.34	1.55746
24.4319	1.56636
24.5312	1.57119
24.6346	1.85657
24.7323	1.96546
24.8242	2.08848
24.9167	2.07661
25.0133	1.98632
25.1163	1.86471
25.2192	1.8656
25.3211	1.88393
25.4246	1.85613
25.5238	1.93473
25.6163	2.07661
25.7098	2.05328
25.8054	2.00815
25.9063	1.90356
26.0087	1.87427
26.11	1.77664
26.2046	1.39594
26.3002	1.3806
26.3974	1.48169
26.4998	1.40604
26.5985	1.45914
26.6936	1.64064
26.7902	1.48974
26.89	1.4427
26.9935	1.3921
27.0954	1.05997
27.1952	1.08202
27.2966	0.946848
27.3995	1.166
27.5024	0.816006
27.6038	0.828895
27.7041	0.956762
27.8075	0.928065
27.9031	1.00459
27.9924	1.07495
28.0849	1.16809
28.181	0.998588
28.2798	0.97203
28.3838	0.807762
28.4851	0.473654
28.5848	0.360942
28.6773	0.519152
28.7713	0.510451
28.8675	0.624117
28.9678	0.956762
29.0712	0.928286
29.1684	0.987792
29.2661	1.10529
29.3665	0.956762
29.4663	0.961798
29.5681	0.82462
29.6674	0.725165
29.7672	0.480899
29.8692	0.470983
29.9726	0.464143
30.0587	0.696424
30.1475	0.540656
30.2415	0.510451
30.3377	0.499294
30.438	0.478381
30.5393	0.473885
30.6323	0.516219
30.7253	0.516219
30.8219	0.49658
30.9228	0.47589
31.0267	0.34643
31.1165	0.534479
31.1995	0.578296
31.2888	0.537475
31.3844	0.502037
31.4858	0.473424
31.5893	0.464032
31.6864	0.494147
31.7804	0.510451
31.8776	0.493896
31.9774	0.480899
32.0799	0.468568
32.1796	0.481137
32.28	0.478381
32.3823	0.468907
32.4769	0.507616
32.5699	0.516219
32.665	0.504811
32.7637	0.486015
32.8662	0.468681
32.9649	0.364693
33.0636	0.486015
33.1655	0.471097
33.2669	0.473424
33.3683	0.473424
33.4707	0.468794
33.5699	0.483684
33.6682	0.610767
33.769	0.47589
33.872	0.466178
33.9754	0.464143
34.0699	0.634685
34.1624	1.0383
34.2564	1.0209
34.3547	0.977228
34.455	0.956762
34.5559	0.951779
34.6593	0.928065
34.7602	0.952012
34.8589	0.97203
34.9598	0.951779
35.0637	0.923814
35.1561	1.03858
35.2423	1.11428
35.3316	1.07495
35.4288	0.987792
35.5312	0.937362
35.631	0.962036
35.7297	0.97203
35.83	0.957233
35.923	1.03244
36.0192	0.998588
36.121	0.942195
36.2193	0.977228
36.3222	0.933026
36.412	1.06866
36.5013	1.07495
36.5917	1.06245
36.6846	1.03244
36.7839	1.08775
36.8806	0.993161
36.9788	0.977228
37.0797	0.951779
37.18	1.31555
37.2814	1.42027
37.3849	1.50811
37.4862	1.42062
37.585	1.57955
37.6838	1.94406
37.7857	2.00168
37.8886	1.74942
37.9857	1.35821
38.0835	1.47372
38.1838	1.55474
38.2867	1.39887
38.3896	1.39954
38.4852	1.3806
38.5866	0.946848
38.6901	0.927843
38.792	0.824421
38.8918	0.480899
38.9942	0.819994
39.0971	0.933026
39.1927	1.00407
39.2868	1.0209
39.384	0.987792
39.4879	0.923594
39.5803	1.03858
39.667	1.10752
39.7574	1.06245
39.8504	1.03244
39.9481	0.982482
40.0484	0.956762
40.1487	0.957468
40.2369	1.08775
40.3247	1.09426
40.4176	1.03244
40.5122	1.01523
40.612	0.961798
40.7118	0.961798
40.8137	0.941967
40.9167	0.932802
41.0122	1.00433
41.1052	1.03244
41.1977	1.0383
41.2938	0.998588
41.3931	0.966887
41.4929	0.961798
41.5969	0.923594
41.6945	0.982978
41.7865	1.04424
41.8836	0.987792
41.985	1.0652
42.0885	0.928065
42.1909	0.820192
42.2923	0.473424
42.3915	0.846657
42.4866	1.00962
42.5827	0.998588
42.6789	0.998588
42.776	0.987792
42.8774	1.0652
42.9809	0.928065
43.0733	1.03858
43.1605	1.10085
43.2514	1.05631
43.3433	1.04424
43.4363	1.03244
43.533	0.993161
43.6312	0.977228
43.7315	0.956762
43.8324	0.951779
43.9353	0.932578
44.0377	0.937814
44.1375	0.961798
44.2373	0.961798
44.3387	0.946848
44.4422	0.928065
44.5409	0.972759
44.6275	1.10752
44.7195	1.04424
44.8104	1.05631
44.9033	1.03244
45.001	0.982482
45.1009	0.961798
45.2038	0.932802
45.2988	1.00988
45.3908	1.04424
45.4859	1.00962
45.5836	1.10529
45.6865	1.3992
45.7831	1.48974
45.8824	1.45033
45.9859	1.50811
46.0825	1.48974
46.1771	1.64975
46.2785	1.8937
46.3813	1.98315
46.468	2.21505
46.5568	2.29779
46.6545	2.4562
46.7585	2.42444
46.8535	1.89353
46.9512	1.84215
47.05	1.94406
47.1535	1.97167
47.2522	1.45877
47.3515	1.20861
47.4549	1.3921
47.5568	1.41363
47.655	1.46584
47.7538	1.45804
47.8562	1.40604
47.957	1.54778
48.0431	1.67142
48.1282	1.69205
48.2181	1.603
48.311	1.54866
48.4103	1.45033
48.5133	1.2826
48.6104	1.11127
48.7113	0.951779
48.8148	1.04382
48.9119	0.988294
49.0107	0.97203
49.1121	1.30192
49.214	1.41295
49.3174	1.39177
49.4156	1.46695
49.5081	1.16809
49.601	1.03244
49.6967	1.12958
49.7938	0.987792
49.8952	0.946848
49.9981	1.2826
50.0974	1.45141
50.1882	1.58446
50.2791	1.7165
50.3716	1.55746
50.4646	1.54866
50.5581	1.53996
50.6568	1.45804
50.7577	1.42767
50.8611	1.39243
50.963	1.41295
51.0634	1.43514
51.1673	1.26994
51.265	1.10557
51.3659	1.07075
51.4693	0.928286
51.5701	0.952012
51.6725	0.937362
51.7749	1.17227
51.8674	0.908516
51.9624	0.504811
52.0596	0.493896
52.1631	0.812057
52.2608	0.98273
52.3626	0.942195
52.466	0.928507
52.5569	0.792447
52.6446	0.54713
52.7355	0.528155
52.8316	0.624117
52.933	0.946848
53.0365	0.927843
53.13	1.02718
53.2145	1.27692
53.2975	1.15659
53.3853	1.09426
53.4777	1.0383
53.5707	1.03244
53.6674	0.993161
53.7667	0.966887
53.8691	0.937136
53.9726	0.927843
54.0755	0.932802
54.1726	0.988043
54.2635	1.05631
54.3549	1.05024
54.45	1.00962
54.5498	0.961798
54.6533	0.928065
54.7452	0.913953
54.8303	0.564017
54.9206	0.531226
55.0142	0.513319
55.1124	0.855074
55.2148	0.937136
55.3182	0.928286
55.4196	1.06598
55.5068	1.10085
55.5971	1.06245
55.6906	1.02664
55.7831	1.0383
55.8792	0.998588
55.9827	0.928065
56.0845	0.942651
56.177	1.0383
56.2678	1.05631
56.3614	1.02664
56.4632	0.942423
56.563	0.841781
56.6597	0.49658
56.7605	0.832807
56.8619	0.946848
56.9596	0.983226
57.052	1.0383
57.1471	1.00962
57.2459	1.09353
57.3446	0.97203
57.4471	0.937136
57.5505	0.928286
57.6502	0.842197
57.7485	0.732921
57.8477	0.483443
57.9506	0.466513
58.051	0.598123
58.1533	0.937588
58.2511	0.982482
58.3477	0.993161
58.4481	1.07636
58.5509	0.933026
58.6392	1.08775
58.729	1.06866
58.8236	1.01523
58.9213	0.982482
59.0232	0.942195
59.123	0.962036
59.2223	0.966887
59.3247	0.937362
59.4277	0.932355
59.5284	0.952711
59.6182	1.06866
59.7118	1.02664
59.8047	1.03244
59.8998	1.00962
59.9975	0.982482
60.0974	0.961798
60.1961	0.97203
60.297	0.951779
60.3999	0.932802
60.4965	0.993414
60.5921	1.00407
60.6893	0.987792
60.7876	0.977228
60.891	0.928065
60.9887	0.860106
61.0822	0.513319
61.1825	0.837167
61.2838	0.947539
61.3815	0.982482
61.4793	0.982482
61.5785	0.966887
61.6809	1.05504
61.7749	1.0209
61.8685	1.02664
61.962	1.02664
62.0555	1.02664
62.1521	0.993161
62.253	0.951779
62.3544	0.946848
62.4583	0.923375
62.5602	0.82482
62.6595	0.483443
62.7603	0.47589
62.8628	0.468568
62.9651	0.46902
63.0691	0.57711
63.1652	0.374567
63.2634	0.488614
63.3643	0.47589
63.4656	0.47377
63.5644	0.486015
63.6668	0.468794
63.7613	0.507748
63.8511	0.534332
63.9441	0.516219
64.0403	0.499294
64.1416	0.473424
64.2446	0.466289
64.3448	0.47897
64.443	0.610767
64.5381	0.504811
64.6369	0.486015
64.7372	0.478381
64.8412	0.461797
64.9331	0.391589
65.0214	0.543874
65.1149	0.513319
65.2115	0.49658
65.3129	0.473424
65.4153	0.468794
65.5125	0.61737
65.6134	0.47589
65.7147	0.473424
65.8171	0.468794
65.9179	0.357179
66.0141	0.748941
66.117	0.582862
66.2189	0.471097
66.3223	0.464032
66.42	0.614051
66.524	0.923594
66.6232	0.967608
66.712	1.08131
66.8018	1.06866
66.8953	1.02664
66.9925	0.987792
67.0964	0.923594
67.1863	1.06866
67.2782	1.04424
67.3733	1.00962
67.47	0.993161
67.5703	0.956762
67.6711	0.952245
67.7741	0.932355
67.878	0.923814
67.9731	1.00962
68.0734	0.956762
68.1743	0.951779
68.2782	0.924033
68.3685	1.06245
68.4552	1.10752
68.5424	1.10085
68.637	1.01523
68.7378	0.951779
68.8408	0.932355
68.9448	0.923375
69.0351	1.06274
69.1265	1.18152
69.2242	0.982482
69.3235	0.966887
69.4238	0.956762
69.5252	1.30192
69.6287	1.3921
69.7232	1.65018
69.8162	1.54866
69.9097	1.66829
70.0058	1.99718
70.1041	2.07661
70.2055	1.8937
70.3084	1.6324
70.4092	1.42767
70.5112	1.5307
70.612	1.42872
70.7034	1.70664
70.7942	2.11262
70.8899	2.00815
70.9897	2.04382
71.0926	1.8656
71.1928	1.91494
71.2895	2.11047
71.3909	2.36712
71.4932	2.3451
71.5915	2.44307
71.6913	2.40449
71.7926	2.36885
71.8861	2.5666
71.9775	2.6256
72.07	2.59576
72.1703	2.39191
72.2748	2.29737
72.3704	2.51083
72.4623	2.61059
72.5563	2.55226
72.6535	2.46948
72.757	2.32016
72.8567	2.40628
72.9497	2.5811
73.0427	2.5811
73.1378	2.52405
73.236	2.44307
73.3363	2.39191
73.4393	2.33145
73.539	2.40568
73.6362	2.46948
73.7386	2.46058
73.8384	2.40449
73.9388	2.39191
74.0402	2.36712
74.1426	2.34284
74.2439	2.36942
74.3348	2.64077
74.4288	2.9351
74.5255	2.97948
74.6274	2.94436
74.724	2.98024
74.8159	3.26324
74.9126	3.47606
75.0119	3.50496
75.1143	3.39794
75.2146	3.47082
75.3007	2.78569
75.3858	2.96109
75.4709	2.82009
75.566	2.90266
75.6653	2.90066
75.7682	2.91431
75.8701	2.82864
75.9599	3.60674
76.0534	3.59323
76.1495	3.61988
76.2467	3.45727
76.3507	3.23105
76.4526	2.59104
76.5535	2.37945
76.6549	2.36712
76.7583	2.43675
76.8555	2.46948
76.9537	2.44307
77.0509	2.46948
77.1507	2.76517
77.2541	2.78419
77.3565	2.81276
77.46	2.78353
77.5598	2.88682
77.6601	2.87029
77.761	2.85534
77.8624	2.84054
77.9653	2.79774
78.0667	2.84123
78.167	2.87029
78.2704	2.78419
78.3707	2.75272
78.4632	1.94682
78.5582	2.01924
78.6565	1.95446
78.7573	1.90356
78.8608	1.62411
78.9601	1.45033
79.0615	1.42027
79.1654	1.38539
79.2647	1.08802
79.3645	0.961798
79.4684	0.923594
79.564	1.00433
79.6586	1.14213
79.7573	0.97203
79.8566	0.966887
79.9585	0.941967
80.0598	0.829097
80.1523	0.778728
80.2442	0.652649
80.3409	0.993161
80.4438	0.932578
80.5446	0.952478
80.6423	0.982482
80.7416	0.966887
80.8441	1.05428
80.9453	0.829501
81.0441	0.486015
81.1408	0.49658
81.2442	0.463811
81.344	0.360853
81.448	0.461578
81.5446	0.496961
81.6328	0.543874
81.7243	0.525119
81.8188	0.507616
81.9144	0.502037
82.0142	0.480899
82.1177	0.348024
82.2164	0.486258
82.3083	0.522119
82.4008	0.519152
82.4938	0.516219
82.5899	0.499294
82.6887	0.486015
82.7859	0.493896
82.8825	0.49658
82.9807	0.488614
83.0847	0.461578
83.186	0.236942
83.2827	0.24829
83.3799	0.246948
83.4786	0.486015
83.58	0.473424
83.6834	0.464254
83.7816	0.488737
83.882	0.478381
83.9828	0.47589
84.0857	0.349885
84.1834	0.491365
84.2801	0.49658
84.3809	0.47589
84.4844	0.348107
84.5852	0.47589
84.6861	0.47589
84.789	0.349801
84.8914	0.468681
84.9944	0.466289
85.0915	0.370704
85.1839	0.519152
85.2785	0.507616
85.3788	0.478381
85.4818	0.466289
85.5841	0.35168
85.6808	0.49658
85.779	0.488614
85.8799	0.47589
85.9838	0.461797
86.0805	0.496707
86.1792	0.486015
86.2821	0.466401
86.3851	0.466289
86.486	0.356917
86.5873	0.473424
86.6908	0.464032
86.7921	0.355241
86.8904	0.488614
86.9933	0.466178
87.0947	0.355241
87.1961	0.473424
87.3	0.346348
87.4024	0.468681
87.5058	0.464143
87.5909	0.564017
87.6766	0.560557
87.7643	0.54713
87.8541	0.534332
87.9466	0.519152
88.0422	0.627547
88.1431	0.951779
88.2444	0.946848
88.3421	0.983226
88.4377	1.00407
88.537	0.966887
88.6378	0.951779
88.7408	0.932578
88.84	0.967127
88.942	0.941967
89.0433	0.94777
89.1436	0.956762
89.247	0.928286
89.342	1.01015
89.435	1.03244
89.5348	0.961798
89.6378	0.932578
89.7364	0.973002
89.8284	1.04424
89.9208	1.0383
90.0206	0.961798
90.1235	0.933026
90.2207	0.987792
90.3184	0.982482
90.4177	0.966887
90.5217	0.923594
90.6204	0.972515
90.7134	0.516219
90.8084	0.504811
90.9041	0.502037
91.0039	0.841573
91.1063	0.937136
91.2103	0.923594
91.3121	1.05997
91.4135	0.946848
91.5175	0.808145
91.6162	0.729204
91.7134	0.493896
91.8101	0.49658
91.9072	0.493896
92.0102	0.816202
92.1042	1.0209
92.2003	0.998588
92.298	1.10529
92.3968	0.97203
92.4977	0.951779
92.6016	0.923375
92.6904	0.94641
92.7744	0.571067
92.8632	0.946147
92.9583	1.00962
93.0565	0.977228
93.1548	0.977228
93.2583	0.927622
93.3617	0.928507
93.4557	0.765677
93.5513	0.502037
93.6527	0.473424
93.7556	0.349885
93.8559	0.478381
93.9583	0.585992
94.0539	0.502296
94.1537	0.480899
94.2571	0.464143
94.3532	0.499294
94.4499	0.49658
94.5513	0.473424
94.6552	0.346348
94.7508	0.502296
94.8412	0.531226
94.9347	0.513319
95.0324	0.491241
95.1338	0.473424
95.2382	0.344606
95.3328	0.253808
95.4316	0.243007
95.5329	0.355068
95.6343	0.47377
95.7283	0.510451
95.8255	0.493896
95.9279	0.468681
96.026	0.489105
96.1201	0.510451
96.212	0.522119
96.3045	0.519152
96.4001	0.502037
96.5015	0.473424
96.6007	0.362853
96.6952	0.507616
96.7908	0.502037
96.8875	0.49658
96.9884	0.47589
97.0918	0.463922
97.1952	0.232127
97.2966	0.236712
97.399	0.23451
97.4967	0.491241
97.5954	0.486015
97.6978	0.468681
97.8013	0.464143
97.8963	0.504811
97.9893	0.516219
98.0844	0.504811
98.1848	0.478381
98.2882	0.464032
98.3874	0.362763
98.4862	0.486015
98.586	0.480899
98.6879	0.470983
98.7914	0.463811
98.8943	0.349885
98.992	0.491241
99.096	0.346348
99.1999	0.461688
99.2986	0.486258
99.3948	0.499294
99.4972	0.468681
99.5975	0.478734
99.6962	0.486015
99.8002	0.346348
99.9015	0.473539
100.003	0.471097
100.103	0.483924
100.185	1.02499
100.271	1.10752
100.363	1.04424
100.458	1.01523
100.555	0.987792
100.656	0.946848
100.759	0.932578
100.858	0.972515
100.956	0.977228
101.058	0.946848
101.161	0.928065
101.255	1.02691
101.345	1.05631
101.439	1.0209
101.535	1.00962
101.632	0.987792
101.732	0.956762
101.835	0.928065
101.935	0.962273
102.033	0.982482
102.132	0.966887
102.232	0.966887
102.332	0.956762
102.433	0.946848
102.535	0.946848
102.637	0.937136
102.741	0.928065
102.836	1.00433
102.933	0.987792
103.032	1.09938
103.129	0.982482
103.228	0.97203
103.33	1.05971
103.431	1.42837
103.528	1.59653
103.63	1.41295
103.733	1.39954
103.833	1.08202
103.936	0.928286
104.032	1.00988
104.12	0.951779
104.214	0.89329
104.315	0.946848
104.418	0.932578
104.518	0.962273
104.613	1.00962
104.711	1.10529
104.809	0.97203
104.911	0.942195
105.01	0.855719
105.101	0.913708
105.196	0.638064
105.288	0.516219
105.388	0.601124
105.492	0.928065
105.587	1.00988
105.684	0.987792
105.783	1.09353
105.883	0.961798
105.983	0.951779
106.087	0.928286
106.185	0.977473
106.284	0.97203
106.384	0.956762
106.488	0.812057
106.585	0.741032
106.68	0.504811
106.778	0.491241
106.877	0.601124
106.979	0.941967
107.082	0.937588
107.18	0.977228
107.279	1.09353
107.378	0.961798
107.481	0.932802
107.576	1.00988
107.673	0.993161
107.775	0.946848
107.876	0.941967
107.977	0.837785
108.065	0.815811
108.153	0.543874
108.246	0.519152
108.346	0.597976
108.444	0.983475
108.532	1.08131
108.624	1.05024
108.718	1.14213
108.814	1.00407
108.914	0.956762
109.018	0.928286
109.118	0.961798
109.219	0.946848
109.322	0.932355
109.425	0.81225
109.525	0.721348
109.625	0.597976
109.728	0.932355
109.831	0.932355
109.935	0.923156
110.032	0.993668
110.124	1.04424
110.219	1.13582
110.315	1.00407
110.413	0.97203
110.514	0.956762
110.615	0.951779
110.718	0.928065
110.816	0.855504
110.911	0.883419
111.005	0.638064
111.104	0.486015
111.207	0.585851
111.305	0.977473
111.4	1.00407
111.501	0.951779
111.605	1.04432
111.7	1.00407
111.795	1.01523
111.891	0.993161
111.994	0.932802
112.089	1.01523
112.185	0.998588
112.287	0.937362
112.386	0.972759
112.475	1.07495
112.567	1.04424
112.661	1.0209
112.759	0.982482
112.86	0.951779
112.963	0.928065
113.064	0.952012
113.158	1.0209
113.251	1.03244
113.347	0.998588
113.446	0.97203
113.549	0.937362
113.65	0.947078
113.75	0.956762
113.852	0.941967
113.951	0.967367
114.048	0.998588
114.146	0.97203
114.248	1.0652
114.352	1.38572
114.452	1.4355
114.549	1.48974
114.651	1.5307
114.754	1.38572
114.855	1.42837
114.946	1.46087
115.041	1.12958
115.138	1.48974
115.237	1.45033
115.338	1.42767
115.441	1.52321
115.541	1.42837
115.632	1.59368
115.723	1.7165
115.816	2.05328
115.913	1.98632
116.016	1.85613
116.119	1.87608
116.215	1.98632
116.315	1.9236
116.418	1.8656
116.517	1.94406
116.616	1.93377
116.717	1.89508
116.81	2.06488
116.904	2.05328
116.985	2.3583
117.067	2.35743
117.151	2.28427
117.236	2.25607
117.32	2.27008
117.408	2.20171
117.497	2.1499
117.586	2.1499
117.679	2.07661
117.774	2.01924
117.872	1.95446
117.971	1.93377
118.074	1.87472
118.176	1.87518
118.27	2.04181
118.366	2.00815
118.466	2.03312
118.567	1.8937
118.667	1.9236
118.758	2.12506
118.84	2.763
118.923	2.90926
119.006	2.8733
119.096	2.80524
119.184	1.76168
