10.1419	0.465603
10.2119	0.684928
10.2825	0.679908
10.3531	0.679908
10.4232	0.685006
10.5033	0.749497
10.5815	1.22645
10.6572	1.42767
10.7528	1.12958
10.8552	1.40638
10.9361	1.92887
11.0133	1.86471
11.0931	2.25421
11.1777	2.27008
11.2754	2.08777
11.3705	2.01924
11.4677	1.97558
11.5716	2.19354
11.662	2.65613
11.7508	2.70328
11.8417	2.77281
11.932	2.65613
12.0271	2.52405
12.1243	2.46948
12.2231	2.43007
12.3255	2.34341
12.4232	2.45682
12.5182	2.52405
12.6139	2.51019
12.7131	2.41722
12.8145	2.36712
12.9154	2.37945
13.0163	2.37945
13.1192	2.332
13.2174	2.44307
13.3146	2.46948
13.4134	2.43007
13.5126	2.41722
13.614	2.36712
13.7149	2.37945
13.8163	2.36712
13.9197	2.32071
14.0195	2.40449
14.1225	2.33089
14.2259	2.32071
14.3273	2.36712
14.4287	2.36769
14.529	2.39191
14.634	2.40074
14.728	1.65897
14.8194	2.10048
14.9171	2.08777
15.0195	1.87472
15.1219	1.99237
15.2233	2.36769
15.3236	2.39191
15.4265	2.44919
15.5237	2.46948
15.6256	2.35492
15.7259	1.91447
15.8262	1.91352
15.9292	1.86471
16.0295	1.79525
16.123	1.2833
16.2128	1.06866
16.3042	1.05024
16.3977	1.41163
16.496	1.46584
16.5947	1.45804
16.6945	1.56292
16.7944	1.4427
16.8952	1.42767
16.9986	1.27639
17.0974	1.09353
17.1956	0.977228
17.296	1.07636
17.3968	0.951779
17.5003	0.927843
17.5964	0.873989
17.6904	0.638064
17.7871	0.49658
17.8848	0.491241
17.9867	0.824421
18.0849	0.977719
18.1816	0.993161
18.2819	1.07636
18.3838	0.941967
18.4857	0.941967
18.5876	0.942651
18.6795	1.04424
18.7777	0.977228
18.8786	0.951779
18.9779	0.967127
19.0793	0.946848
19.1831	0.924033
19.2714	1.08775
19.3665	1.00962
19.4652	0.97203
19.5692	0.923594
19.6637	1.0155
19.7525	1.08131
19.8434	1.05631
19.9416	0.977228
20.0409	0.966887
20.1444	0.928065
20.2452	0.952245
20.3439	0.97203
20.4448	0.951779
20.5467	0.941967
20.6502	0.928065
20.7494	0.967367
20.8413	1.04424
20.9364	1.00962
21.0346	1.34369
21.1334	1.45804
21.2327	1.45033
21.3341	1.53863
21.436	1.41295
21.539	1.39853
21.6424	1.39276
21.7401	1.2281
21.8373	1.48169
21.9344	1.48169
22.0337	1.45033
22.1356	1.5307
22.2386	1.39853
22.3425	1.38539
22.4355	1.41998
22.528	0.908516
22.6225	1.01523
22.7176	1.00962
22.8174	0.961798
22.9209	1.04407
23.0228	0.942195
23.1184	1.00407
23.2203	0.942195
23.321	0.952478
23.4203	0.966887
23.5227	0.937362
23.623	0.957704
23.7181	1.00962
23.8105	1.0383
23.9051	1.01523
24.0049	0.961798
24.1067	0.82502
24.1987	0.783178
24.2901	0.525119
24.382	0.522119
24.476	0.638064
24.5785	0.937136
24.6824	0.923814
24.7754	1.03244
24.8663	1.18835
24.9598	1.02664
25.0601	0.956762
25.1635	0.928065
25.2655	0.941967
25.3689	0.927843
25.4718	0.932802
25.5669	1.00988
25.6594	1.0383
25.7539	1.01523
25.8511	0.987792
25.953	0.941967
26.0565	0.928065
26.1536	0.988043
26.2471	1.02664
26.3443	0.987792
26.4426	0.977228
26.547	0.804081
26.6421	0.504942
26.7372	0.378608
26.8343	0.61737
26.9363	0.941967
27.0397	0.928286
27.14	0.956762
27.2409	0.951779
27.3428	0.941967
27.4457	1.0494
27.5486	0.932802
27.6479	0.967127
27.7509	0.932355
27.8542	0.812444
27.9436	0.537475
28.0339	0.531226
28.1279	0.510451
28.2246	0.869016
28.3265	0.941967
28.4299	0.928286
28.5313	1.06546
28.6263	1.01015
28.7188	1.0383
28.8134	1.01523
28.9121	0.97203
29.0146	0.937136
29.1169	0.820587
29.2125	0.502037
29.3108	0.855074
29.4106	0.961798
29.5125	0.941967
29.6144	0.942423
29.7116	0.987792
29.8129	1.0652
29.9154	0.937136
30.0104	1.01041
30.0971	1.10752
30.1885	1.05024
30.2841	1.00407
30.3807	0.993161
30.4837	0.932802
30.5803	0.993668
30.6717	1.05024
30.7668	1.00962
30.8655	0.97203
30.9685	0.932578
31.0671	0.851377
31.1528	0.840835
31.2373	0.56752
31.3303	0.516219
31.4286	0.610767
31.531	0.937136
31.6328	0.94288
31.7253	1.0383
31.8225	1.11127
31.9202	0.982482
32.0221	0.941967
32.125	0.932802
32.2232	0.977228
32.3257	0.937362
32.4254	0.962273
32.5168	1.05024
32.6098	1.03244
32.7075	0.982482
32.8079	0.956762
32.9092	0.947539
33.0074	0.977228
33.1083	0.951779
33.2102	0.942195
33.3116	0.946848
33.4124	0.951779
33.5164	0.808145
33.6151	0.486136
33.7139	0.364511
33.8153	0.59178
33.9182	0.932355
34.02	0.94288
34.112	1.04424
34.205	1.03244
34.3011	0.998588
34.3993	1.09938
34.4997	0.956762
34.6021	0.937136
34.705	0.933026
34.8043	0.966887
34.9036	0.966887
35.0065	0.932578
35.1062	0.842406
35.1945	0.815811
35.2822	0.54713
35.3752	0.516219
35.474	0.850526
35.5758	0.942423
35.6735	0.982482
35.7754	1.06023
35.8715	0.998588
35.9656	1.0209
36.0638	0.977228
36.1646	0.83301
36.2676	0.699434
36.3642	0.372625
36.4519	0.54713
36.5423	0.531226
36.6332	0.528155
36.7304	0.493896
36.8281	0.491241
36.9253	0.493896
37.0245	0.483443
37.1254	0.47589
37.2263	0.47589
37.3287	0.468568
37.4321	0.464032
37.5325	0.478499
37.6312	0.486015
37.7305	0.483443
37.8334	0.466401
37.9332	0.481018
38.0304	0.493896
38.1292	0.486015
38.2295	0.597976
38.3329	0.928065
38.4327	1.08256
38.5299	0.987792
38.6318	1.05971
38.7347	1.3992
38.8351	1.55474
38.9359	1.42767
39.0389	1.74858
39.1386	2.04483
39.2321	2.43827
39.3272	2.65026
39.427	2.52472
39.5315	2.7575
39.6182	2.35349
39.7054	2.20171
39.7968	2.49432
39.8919	2.52405
39.9901	2.56522
40.0936	2.31961
40.1881	1.90455
40.2753	1.78889
40.3646	1.61243
40.4581	1.92495
40.5548	1.98632
40.6556	2.02253
40.757	1.8937
40.8584	1.8937
40.9592	1.90496
41.0511	2.48006
41.1441	2.5811
41.2381	2.55226
41.3358	2.4562
41.4351	2.41722
41.5376	2.34284
41.6415	2.31008
41.7339	2.59576
41.8285	2.53808
41.9272	2.43007
42.0292	2.35492
42.1326	2.32071
42.234	2.36712
42.3364	2.34397
42.4319	2.51083
42.5281	2.49647
42.6232	2.52405
42.7198	2.4829
42.8191	2.41722
42.9216	2.34284
43.0223	2.38119
43.1101	2.73565
43.1983	2.71937
43.2897	2.6256
43.3822	2.59576
43.4773	2.52405
43.5745	2.46948
43.6732	2.43007
43.7746	2.48547
43.8765	2.35492
43.9799	2.32071
44.0797	2.52534
44.1785	2.91609
44.2794	2.85534
44.3818	2.92855
44.4852	2.78552
44.5766	3.28288
44.6654	2.29779
44.7578	2.59576
44.8487	2.64077
44.9443	2.6357
45.0431	2.43007
45.1439	2.37945
45.2447	2.73837
45.3361	3.15072
45.4312	3.15507
45.5263	3.02887
45.6266	2.87029
45.7264	2.88682
45.8225	3.37023
45.925	3.27998
46.0268	3.29848
46.1209	3.57316
46.2186	3.43869
46.3215	3.26481
46.4171	3.51608
46.5027	3.9239
46.5957	3.61353
46.697	3.31477
46.7978	3.33367
46.8924	3.55331
46.9906	3.4203
47.092	3.31397
47.1944	3.28235
47.2921	3.43869
47.393	3.33123
47.4969	3.23335
47.5977	3.33123
47.6955	3.43869
47.7958	3.34867
47.8992	3.249
47.9916	3.63504
48.0757	3.99747
48.1629	3.85299
48.2543	3.67584
48.351	3.47606
48.4524	3.31397
48.5521	3.48824
48.6514	3.3841
48.7533	3.29688
48.8568	3.24823
48.9539	2.09959
49.0532	2.41722
49.1551	2.35492
49.257	2.47266
49.3605	2.78486
49.4539	3.20909
49.5459	3.13271
49.6394	3.20824
49.735	3.51426
49.8348	3.36629
49.9367	3.41463
50.0407	3.23258
50.1362	2.76263
50.2261	2.67166
50.3175	2.6256
50.4105	2.71015
50.5034	2.5811
50.6001	2.4829
50.6989	2.43007
50.8013	2.46058
50.9042	2.79841
51.0045	2.87029
51.1059	2.84054
51.2077	2.82864
51.3054	2.94744
51.4084	2.79707
51.5118	2.78552
51.6132	2.84054
51.7161	2.79908
51.8127	2.98024
51.9057	3.09731
52.0013	3.01222
52.1017	2.87029
52.2035	2.82795
52.3012	2.94744
52.4051	2.77078
52.5049	2.88753
52.591	3.34283
52.6803	3.22485
52.7728	3.11491
52.8721	2.90066
52.9751	2.79707
53.0769	2.82795
53.1636	3.32257
53.2461	3.63737
53.3317	3.36334
53.4215	3.20599
53.5145	3.09731
53.6096	3.02887
53.7068	2.96338
53.8076	2.85534
53.9101	3.16284
54.0135	3.24823
54.1164	3.26481
54.2099	2.43827
54.3013	2.6256
54.3943	2.71015
54.4905	2.62129
54.5913	2.85534
54.6911	3.00785
54.7793	3.26324
54.8665	3.30256
54.9574	3.30097
55.0525	3.53368
55.1539	3.31397
55.2573	3.249
55.3581	3.45104
55.4563	3.17759
55.5446	2.31146
55.6365	2.61059
55.7295	2.71015
55.822	2.59576
55.9223	2.75069
56.0257	2.78486
56.1244	3.03911
56.2153	3.16893
56.3062	3.16893
56.4018	3.38875
56.5036	3.29928
56.6024	3.4021
56.7012	3.52361
56.8026	3.31397
56.9055	3.26402
56.9995	2.80896
57.0925	2.5811
57.1886	2.62129
57.2879	2.41722
57.3882	2.75069
57.4912	2.79707
57.5951	2.8876
57.6917	2.98024
57.7894	3.07026
57.8903	3.33123
57.9926	3.28314
58.0945	3.29768
58.1964	3.29768
58.2926	2.49647
58.3924	2.40449
58.4927	2.39191
58.5903	2.45807
58.6786	1.90356
58.7705	2.08848
58.8667	1.99718
58.966	2.05463
59.0694	1.74012
59.1692	1.20225
59.2701	0.951779
59.3725	0.937362
59.4754	1.2826
59.5678	1.55829
59.6608	1.54866
59.7538	1.67771
59.8478	1.53135
59.944	1.49788
60.0438	1.4427
60.1425	1.45804
60.2423	1.4427
60.3437	1.42027
60.4445	1.30966
60.5407	1.12341
60.6373	0.993161
60.735	1.10529
60.8348	0.961798
60.9356	0.833622
61.0317	0.873764
61.1268	0.631014
61.2308	0.923156
61.329	0.977719
61.4257	0.993161
61.5244	0.97203
61.6248	0.956762
61.7235	1.09435
61.8175	1.0209
61.9105	1.03244
62.004	1.02664
62.0985	1.01523
62.1968	0.977228
62.2982	0.946848
62.4001	0.941967
62.504	0.923594
62.6054	0.828895
62.7057	0.717572
62.8076	0.470983
62.9105	0.466513
63.0114	0.595007
63.1111	0.962511
63.2093	0.977228
63.3081	0.97203
63.411	1.0494
63.5108	0.962036
63.6106	0.961798
63.7114	0.833418
63.8012	0.801498
63.8926	0.525119
63.9877	0.504811
64.0849	0.61737
64.1879	0.932355
64.2913	0.928507
64.39	0.972515
64.4861	1.12341
64.5822	0.998588
64.6815	0.966887
64.7835	0.941967
64.8837	0.837785
64.9725	0.810983
65.0634	0.528155
65.1574	0.510451
65.2557	0.610767
65.3586	0.932802
65.4573	0.97203
65.5561	0.97203
65.658	1.05971
65.7589	0.951779
65.8628	0.808337
65.9599	0.741032
66.0598	0.601124
66.1622	0.937362
66.2641	0.942195
66.3638	0.962273
66.4657	0.942195
66.5691	0.928507
66.6615	1.1684
66.7503	1.08131
66.8417	1.05024
66.9368	1.00962
67.0382	0.946848
67.1374	0.725706
67.2267	0.268738
67.3202	0.513319
67.4158	0.502037
67.513	0.493896
67.6149	0.82462
67.7158	0.951779
67.8203	0.918733
67.9205	1.07689
68.0172	0.993161
68.1175	0.956762
68.221	0.928065
68.3191	0.855719
68.4074	0.815811
68.4951	0.54713
68.5834	0.543874
68.6806	0.61737
68.783	0.937136
68.8865	0.927622
68.9836	0.988545
69.0735	1.20225
69.1685	1.00962
69.2678	0.966887
69.3682	0.956762
69.468	0.961798
69.5704	0.937136
69.6707	0.957468
69.7631	1.0383
69.8566	1.02664
69.9512	1.01523
70.0484	0.987792
70.1477	0.966887
70.2506	0.932802
70.3525	0.941967
70.4534	0.951779
70.5568	0.928065
70.6519	1.00988
70.7428	1.05631
70.8347	1.04424
70.9329	0.977228
71.0343	0.946848
71.1383	0.808145
71.2359	0.491489
71.3342	0.36646
71.4381	0.577246
71.5389	0.476006
71.6361	0.61737
71.7396	0.463922
71.8367	0.37061
71.9266	0.534332
72.0195	0.516219
72.1146	0.504811
72.2176	0.466178
72.3189	0.355414
72.4108	0.522119
72.5038	0.516219
72.5989	0.504811
72.6998	0.47589
72.8037	0.34643
72.8977	0.510585
72.9912	0.513319
73.0847	0.513319
73.1814	0.49658
73.2806	0.483443
73.382	0.473424
73.4855	0.464143
73.5821	0.49658
73.6814	0.483443
73.7838	0.468681
73.8831	0.483443
73.984	0.47589
74.0859	0.470983
74.1893	0.464032
74.2849	0.502296
74.3758	0.528155
74.4719	0.499294
74.5701	0.488614
74.6715	0.355241
74.7645	0.516219
74.8585	0.510451
74.9567	0.488614
75.0571	0.478381
75.161	0.461907
75.2519	0.528155
75.3364	0.56752
75.4221	0.560557
75.5103	0.543874
75.6091	0.486015
75.71	0.47589
75.8134	0.464032
75.9105	0.370704
76.0003	0.534332
76.096	0.502037
76.1921	0.499294
76.2924	0.478381
76.3959	0.464032
76.4957	0.601124
76.5981	0.468568
76.7	0.470983
76.8014	0.355327
76.8975	0.499294
76.9947	0.370422
77.0929	0.488614
77.1948	0.470983
77.2982	0.464254
77.4007	0.468568
77.5025	0.471326
77.6018	0.483443
77.7027	0.47589
77.804	0.473424
77.906	0.470983
78.0083	0.468794
78.1092	0.47589
78.2111	0.470983
78.315	0.461907
78.409	0.638232
78.5031	0.510451
78.5997	0.49658
78.6975	0.614051
78.8009	0.928065
78.9018	0.951779
79.0021	1.07636
79.105	0.932578
79.2085	1.04432
79.3067	0.488614
79.4091	0.468681
79.5083	0.483804
79.6029	0.634519
79.7006	0.491241
79.7999	0.483443
79.9002	0.478381
80.0026	0.468681
80.0982	0.376722
80.1891	0.528155
80.2836	0.507616
80.3824	0.486015
80.4858	0.464143
80.5851	0.483563
80.6823	0.493896
80.7816	0.483443
80.8855	0.461797
80.9847	0.362763
81.0803	0.502037
81.1796	0.483443
81.2825	0.466401
81.3818	0.483443
81.4863	0.344606
81.5798	0.256727
81.6686	0.270328
81.7605	0.391589
81.8556	0.504811
81.9522	0.49658
82.0542	0.470983
82.1576	0.348024
82.2547	0.494147
82.3446	0.534332
82.4376	0.516219
82.5321	0.507616
82.6293	0.493896
82.7281	0.486015
82.8247	0.49658
82.9219	0.493896
83.0223	0.478381
83.1262	0.346348
83.2244	0.488859
83.3205	0.499294
83.4182	0.491241
83.518	0.480899
83.6215	0.463922
83.7223	0.357267
83.8216	0.483443
83.9214	0.480899
84.0248	0.463922
84.1241	0.362853
84.2212	0.493896
84.3195	0.488614
84.4224	0.466289
84.5232	0.476122
84.6241	0.832807
84.7265	0.937136
84.8289	0.937588
84.9313	0.937362
85.0348	0.928286
85.1261	1.05052
85.2186	1.0383
85.3168	0.977228
85.4182	0.946848
85.5222	0.923594
85.6214	0.967127
85.7181	0.993161
85.8174	0.966887
85.9203	0.932578
86.0222	0.942651
86.1172	1.00962
86.2186	0.947078
86.32	0.947078
86.4224	0.937362
86.5238	0.946848
86.6252	0.946848
86.7286	0.928286
86.8268	0.977473
86.9266	0.961798
87.03	0.928065
87.1293	0.966887
87.2318	0.937136
87.3346	0.933249
87.4371	0.819994
87.5363	0.604755
87.6214	0.564017
87.7076	0.696424
87.7953	1.09426
87.8862	1.05631
87.9792	1.03244
88.0779	1.09353
88.1788	0.951779
88.2817	0.932578
88.3778	0.999101
88.476	0.977228
88.5753	0.966887
88.6772	0.941967
88.7796	0.937588
88.8779	0.977228
88.9823	0.91895
89.0811	0.60767
89.1835	0.585851
89.2848	0.236942
89.3767	0.261059
89.4728	0.249647
89.5732	0.358786
89.6771	0.461797
89.7706	0.51359
89.8615	0.528155
89.9566	0.504811
90.06	0.464032
90.1598	0.481018
90.2575	0.491241
90.3547	0.493896
90.4571	0.468681
90.56	0.466625
90.6545	0.507616
90.748	0.513319
90.8431	0.504811
90.9408	0.491241
91.0422	0.473424
91.1457	0.463922
91.2486	0.466513
91.35	0.473424
91.4529	0.466289
91.5547	0.471326
91.6525	0.491241
91.7491	0.49658
91.8458	0.49658
91.9456	0.480899
92.0443	0.486258
92.1389	0.507616
92.2361	0.493896
92.3338	0.614051
92.4336	0.961798
92.535	0.946848
92.6368	0.942651
92.7214	1.27692
92.8075	1.11428
92.8984	1.18835
92.9946	1.49788
93.0923	1.47372
93.1931	1.54664
93.2961	1.5158
93.3963	1.5555
93.4898	1.15497
93.587	0.987792
93.69	1.2823
93.7908	1.42837
93.8917	1.54664
93.9956	1.38539
94.0933	1.47409
94.1947	1.42027
94.2949	1.4362
94.3905	1.12958
94.4888	0.977228
94.5917	1.2823
94.6962	1.37875
94.787	1.7165
94.8795	1.55746
94.9741	1.52285
95.0728	1.45804
95.1752	1.75755
95.2766	1.89462
95.3738	1.97558
95.4731	1.93377
95.5765	1.85613
95.6747	1.95495
95.7703	2.00815
95.8696	1.93377
95.9736	1.84719
96.0675	2.04288
96.1616	2.04181
96.2525	2.11262
96.346	2.05328
96.4437	1.96496
96.5477	1.84631
96.6422	2.03152
96.7378	2.00815
96.8334	2.00815
96.9311	1.96496
97.0335	1.87427
97.1375	1.84719
97.2394	1.88485
97.3423	1.8656
97.442	1.92455
97.5387	1.98632
97.6396	2.02253
97.743	1.85569
97.8433	1.91494
97.9368	2.05328
98.0303	2.05328
98.127	1.98632
98.2284	2.24876
98.3317	2.32127
98.4284	2.60705
98.5282	2.40449
98.628	2.52472
98.731	2.79707
98.8344	2.90089
98.9332	3.03759
99.034	3.33123
99.1375	3.36504
99.2409	3.59797
99.3344	4.23488
99.4336	4.23013
99.494	6.95496
99.589	2.52602
99.6878	3.03759
99.7907	2.9157
99.8915	3.33204
99.9935	3.41463
100.097	3.25055
100.178	2.6527
100.265	2.76881
100.356	2.77281
100.45	2.53808
100.548	2.46948
100.648	2.5115
100.751	2.79774
100.85	2.91755
100.947	2.96338
101.048	2.9589
101.152	2.78353
101.248	2.87241
101.338	1.9921
101.432	2.05328
101.527	2.13366
101.623	2.122
101.724	2.39191
101.827	2.43617
101.927	2.40568
102.024	2.46948
102.123	2.79459
102.222	2.90066
102.322	2.87029
102.424	2.9589
102.525	2.84054
102.628	2.81141
102.731	2.78353
102.828	2.22366
102.926	2.08777
103.024	1.95446
103.121	1.97558
103.22	2.32092
103.321	2.36712
103.422	2.48668
103.52	2.4562
103.621	2.49842
103.724	2.79908
103.824	2.88539
103.928	2.77078
104.024	3.12139
104.111	3.28278
104.205	3.06271
104.307	2.84054
104.41	2.79774
104.509	2.9021
104.604	3.04569
104.701	2.94744
104.8	2.91609
104.902	2.82658
105.003	2.73837
105.094	1.9692
105.188	2.05328
105.281	2.18161
105.38	2.06556
105.483	2.32016
105.578	2.65095
105.676	2.46948
105.774	2.44307
105.873	2.7798
105.974	2.85534
106.078	2.77013
106.177	3.02302
106.275	2.93168
106.376	2.87029
106.479	2.78419
106.576	2.96413
106.671	3.04569
106.768	2.96338
106.868	2.88539
106.97	2.8259
107.073	2.68181
107.172	2.29636
107.271	2.05463
107.371	1.9236
107.474	1.99189
107.57	2.48417
107.666	2.62129
107.767	2.37945
107.869	2.36712
107.97	2.59229
108.059	1.90356
108.147	2.1755
108.238	2.11262
108.339	2.02253
108.438	1.81472
108.527	1.34369
108.619	1.05024
108.713	1.0209
108.808	1.38823
108.908	1.43514
109.012	1.38506
109.113	1.54702
109.214	1.42767
109.317	1.39853
109.42	1.39243
109.52	1.4427
109.62	1.4427
109.722	1.4057
109.825	1.39853
109.929	1.39177
110.026	1.48244
110.118	1.56636
110.213	1.51443
110.308	1.50611
110.407	1.45804
110.507	1.43514
110.608	1.42767
110.712	1.3921
110.81	1.46658
110.905	1.51443
110.999	1.53135
111.098	1.45804
111.2	1.40604
111.298	1.46621
111.394	1.50611
111.495	1.42767
111.599	1.26994
111.695	1.12341
111.791	1.12958
111.887	0.993161
111.99	0.932802
112.084	1.0209
112.179	1.39594
112.281	1.40604
112.38	1.45914
112.469	1.75713
112.561	1.55746
112.655	1.53135
112.753	1.47372
112.854	1.42767
112.957	1.39177
113.059	1.17803
113.153	1.14852
113.246	1.03244
113.342	0.998588
113.441	0.97203
113.542	1.0652
113.645	1.40638
113.745	1.43514
113.846	1.42767
113.946	1.5555
114.042	1.49788
114.14	1.47372
114.241	1.42027
114.345	1.38572
114.445	1.44305
114.542	1.48169
114.644	1.41295
114.748	1.38572
114.849	1.42837
114.939	1.59368
115.035	1.50611
115.132	1.48974
115.231	1.45033
115.332	1.42767
115.434	1.40604
115.536	1.30255
115.626	1.18835
115.717	1.05631
115.811	1.15497
115.907	0.993161
116.01	0.932578
116.114	1.03954
116.21	0.499294
116.31	0.846026
116.413	0.932578
116.512	0.962036
116.612	0.966887
116.713	0.947539
116.806	1.16149
116.9	1.02664
116.98	1.19457
117.061	1.17872
117.145	1.14213
117.231	1.12803
117.315	1.13504
117.402	1.10085
117.492	1.07495
117.581	1.07495
117.673	1.0383
117.768	1.00962
117.867	0.977228
117.966	0.966887
118.068	0.937136
118.172	0.81225
118.266	0.510451
118.361	0.502037
118.461	0.480899
118.562	0.832807
118.662	0.961798
118.752	1.06253
118.835	1.30879
118.917	1.16371
119.001	1.14932
119.091	1.06866
119.179	1.08775
119.263	1.1423
119.337	1.3053
119.408	1.34977
119.479	1.34977
119.549	1.35982
119.62	1.35982
119.691	1.35982
119.761	1.35982
119.832	1.35982
119.902	1.35982
119.974	1.332
120.046	1.34977
120.117	1.33988
120.189	1.33167
120.262	1.32051
120.334	1.33012
120.405	1.35982
120.475	1.35982
120.545	1.38036
120.614	1.38036
120.684	1.38036
120.754	1.38036
120.823	1.38036
120.893	1.38036
120.962	1.38036
121.032	1.38036
121.101	1.38036
121.171	1.38036
121.24	1.5529
121.311	2.03972
121.382	2.03972
121.452	2.03972
121.523	2.03972
121.593	2.03972
121.664	2.03972
121.735	2.03972
121.805	2.03972
122.042	0.249819
