10.0343	34
10.0774	35
10.3649	39
10.3997	43
10.435	46
10.4745	50
10.4755	49
10.5114	47
10.5124	46
10.5508	45
10.5518	44
10.5881	43
10.5891	43
10.6254	46
10.6264	45
10.6648	49
10.6658	48
10.7094	52
10.7105	51
10.7115	51
10.7577	50
10.7588	50
10.7598	50
10.8082	50
10.8092	50
10.8103	50
10.8612	50
10.9825	53
11.0219	56
11.0613	59
11.1018	61
11.1427	64
11.1863	66
11.231	69
11.232	66
11.2814	64
11.2825	62
11.3298	60
11.3308	59
11.3776	57
11.3786	56
11.4254	55
11.4264	54
11.4747	53
11.4758	53
11.5262	53
11.5273	53
11.5782	52
11.5792	52
11.7153	51
11.7594	56
11.8051	60
11.8503	64
11.8949	67
11.9396	70
11.9406	67
11.9863	64
11.9874	62
12.0342	60
12.0352	59
12.0825	57
12.0835	56
12.1313	55
12.1324	54
12.1807	53
12.1818	53
12.2301	52
12.2312	52
12.2805	52
12.2816	51
12.3315	51
12.3325	51
12.3824	58
12.3834	57
12.4307	62
12.4318	60
12.4785	64
12.4796	62
12.5258	66
12.5269	64
12.5731	68
12.5741	65
12.6214	69
12.6225	66
12.6708	70
12.6719	67
12.7202	71
12.7212	69
12.7701	72
12.7711	70
12.8211	73
12.8221	71
12.8715	74
12.8725	71
12.9219	75
12.923	72
12.9723	75
12.9734	72
13.0228	76
13.0238	72
13.0737	76
13.0748	73
13.1257	76
13.1267	73
13.1751	77
13.1761	74
13.2239	76
13.225	73
13.2728	76
13.2738	72
13.3211	75
13.3222	72
13.37	75
13.371	72
13.4199	75
13.4209	72
13.4693	75
13.4703	72
13.5192	75
13.5202	72
13.5701	76
13.5712	73
13.6206	76
13.6216	73
13.671	76
13.672	73
13.7214	76
13.7225	73
13.7719	76
13.7729	73
13.8228	76
13.8239	73
13.8748	77
13.8758	74
13.9262	77
13.9273	74
13.9767	78
13.9777	74
14.026	77
14.0271	74
14.0775	77
14.0786	74
14.129	77
14.1301	74
14.181	78
14.182	74
14.2324	78
14.2335	75
14.2823	78
14.2834	74
14.3333	78
14.3343	74
14.3853	78
14.3863	75
14.4352	78
14.4362	74
14.4846	77
14.4856	74
14.535	77
14.536	74
14.587	77
14.588	74
14.6389	77
14.7797	79
14.8254	80
14.8264	76
14.8716	72
14.8727	69
14.9215	67
14.9226	64
14.9735	63
14.9746	61
15.0239	60
15.025	59
15.0739	57
15.0749	56
15.1258	56
15.1269	55
15.1773	55
15.1783	54
15.2282	54
15.2293	53
15.2771	53
15.2781	52
15.3275	52
15.3286	52
15.379	52
15.38	52
15.4304	58
15.4315	57
15.4787	62
15.4798	61
15.5276	65
15.5286	63
15.5775	67
15.5786	65
15.6279	69
15.629	67
15.6799	71
15.6809	69
15.7293	73
15.7303	70
15.7776	73
15.7787	70
15.8286	74
15.8296	71
15.8795	75
15.8806	72
15.9305	75
15.9315	72
15.982	76
15.983	73
16.0339	76
16.0349	73
16.0817	76
16.0827	73
16.1274	75
16.1284	72
16.1715	74
16.1726	70
16.2162	72
16.2172	69
16.2614	71
16.2624	68
16.3071	71
16.3081	68
16.3533	71
16.3543	68
16.4011	71
16.4021	68
16.4494	71
16.4505	68
16.4983	72
16.4993	69
16.5477	72
16.5487	70
16.597	73
16.5981	70
16.6464	74
16.6475	71
16.6969	74
16.6979	71
16.7473	75
16.7483	72
16.7967	75
16.7977	72
16.8461	75
16.8471	72
16.8965	75
16.8975	72
16.948	76
16.949	73
16.9999	76
17.001	73
17.0509	77
17.0519	74
17.0997	77
17.1008	73
17.1486	76
17.1496	73
17.198	76
17.199	73
17.2473	76
17.2484	73
17.2972	76
17.2983	73
17.3477	76
17.3487	73
17.3981	76
17.3992	73
17.4485	76
17.4496	73
17.5	76
17.5011	73
17.5515	77
17.5525	74
17.5993	77
17.6003	73
17.6471	76
17.6481	72
17.6943	75
17.6954	72
17.7416	74
17.7427	71
17.7905	74
17.7915	71
17.8388	74
17.8399	71
17.8877	74
17.8887	71
17.9376	74
17.9386	71
17.9885	75
17.9896	72
18.0405	76
18.0415	73
18.0898	76
18.0909	73
18.0919	70
18.1387	67
18.1397	65
18.1408	63
18.1865	61
18.1876	59
18.1886	58
18.2354	57
18.2364	56
18.2375	55
18.2858	54
18.2868	53
18.2879	53
18.3378	53
18.3388	53
18.3399	52
18.3888	52
18.3898	52
18.3909	52
18.4397	52
18.4408	52
18.4418	52
18.4901	58
18.4912	57
18.4922	56
18.5411	62
18.5422	60
18.5432	59
18.593	64
18.5941	63
18.5951	62
18.6382	66
18.6393	63
18.6403	61
18.6839	64
18.685	62
18.686	60
18.6871	58
18.7317	57
18.7328	56
18.7338	55
18.7349	54
18.7811	53
18.7822	53
18.7832	52
18.7843	52
18.831	52
18.8321	51
18.8331	51
18.8342	51
18.882	51
18.883	51
18.8841	51
18.8851	51
18.9324	57
18.9334	56
18.9345	55
18.9355	55
18.9812	60
18.9823	59
18.9833	57
18.9844	56
19.0306	61
19.0317	60
19.0327	58
19.0338	57
19.0348	56
19.0821	56
19.0831	55
19.0842	55
19.0852	54
19.0863	54
19.1341	54
19.1351	53
19.1362	53
19.1372	53
19.1383	53
19.186	53
19.1871	53
19.1881	53
19.1892	53
19.1902	53
19.2322	58
19.2333	56
19.2343	55
19.2354	54
19.2364	53
19.2758	57
19.2769	55
19.2779	54
19.279	53
19.28	52
19.3215	56
19.3226	55
19.3236	54
19.3247	53
19.3257	52
19.3268	51
19.3693	51
19.3704	50
19.3714	50
19.3725	50
19.3735	49
19.3746	49
19.4177	49
19.4187	49
19.4198	49
19.4208	49
19.4219	49
19.4229	49
19.4676	54
19.4686	54
19.4697	53
19.4707	53
19.4718	53
19.4728	52
19.519	58
19.5201	57
19.5211	57
19.5222	56
19.5233	56
19.5243	55
19.571	61
19.5721	60
19.6687	64
19.6697	61
19.6708	60
19.6718	58
19.7138	62
19.7149	60
19.7159	58
19.717	56
19.758	60
19.759	58
19.7601	57
19.7611	55
19.8021	59
19.8032	57
19.8042	56
19.8053	54
19.8063	53
19.8483	52
19.8494	51
19.8504	51
19.8515	50
19.8525	49
19.8956	49
19.8967	49
19.8977	48
19.8988	48
19.8998	48
19.9455	48
19.9466	48
19.9476	48
19.9487	49
19.9497	49
19.9949	49
19.996	49
19.997	49
19.9981	49
19.9991	49
20.0443	55
20.0453	54
20.0464	54
20.0474	53
20.0485	53
20.0958	58
20.0968	57
20.0979	57
20.0989	56
20.1	55
20.1483	61
20.299	65
20.3	63
20.3011	62
20.3021	60
20.3489	59
20.3499	57
20.351	56
20.352	55
20.3993	55
20.4004	54
20.4014	54
20.4025	53
20.4497	53
20.4508	52
20.4518	52
20.4529	52
20.5002	52
20.5012	51
20.5023	51
20.5033	51
20.5511	51
20.5522	51
20.5532	51
20.5543	51
20.6026	57
20.6037	56
20.6047	56
20.6058	55
20.6546	61
20.7559	59
20.757	58
20.8006	62
20.8016	60
20.8027	58
20.8473	57
20.8484	55
20.8494	54
20.8951	53
20.8962	53
20.8972	52
20.9424	51
20.9435	51
20.9445	50
20.9907	50
20.9918	50
20.9928	49
21.0406	49
21.0417	49
21.0427	49
21.09	49
21.0911	49
21.0921	49
21.1394	49
21.1405	49
21.1415	49
21.1893	49
21.1904	49
21.1914	49
21.2387	49
21.2397	49
21.2408	49
21.2886	49
21.2896	49
21.2907	49
21.3396	49
21.3406	50
21.3417	50
21.3905	56
21.3916	55
21.3926	55
21.4415	61
21.4425	59
21.4436	58
21.493	64
21.494	62
21.4951	61
21.5444	66
21.5455	64
21.5465	63
21.5964	67
21.6988	65
21.6998	63
21.7471	61
21.7482	60
21.796	58
21.797	57
21.8443	56
21.8453	55
21.8926	54
21.8937	53
21.941	58
21.942	57
21.9898	62
21.9909	60
22.0402	65
22.0413	63
22.0907	68
22.0917	66
22.1416	70
22.1427	68
22.1437	66
22.1931	64
22.1942	62
22.1952	61
22.2446	60
22.2457	59
22.2467	58
22.2966	57
22.2977	56
22.2987	56
22.3491	55
22.3501	55
22.3512	55
22.3974	54
22.3984	53
22.3995	52
22.4436	51
22.4447	51
22.4457	50
22.4877	49
22.4888	49
22.4898	48
22.534	53
22.535	52
22.5361	52
22.5807	57
22.5818	55
22.5828	54
22.628	59
22.629	58
22.6301	56
22.6753	61
22.6763	59
22.6774	58
22.7231	62
22.7241	61
22.7252	59
22.7725	63
22.7735	62
22.7746	60
22.8224	65
22.8234	63
22.8245	61
22.8733	66
22.8744	64
22.8754	63
22.9258	67
23.0293	65
23.0766	63
23.0776	61
23.1244	59
23.1254	58
23.1743	57
23.1753	56
23.2263	55
23.2273	55
23.2777	54
23.2788	54
23.3265	60
23.3276	58
23.3759	63
23.3769	61
23.4253	66
23.4263	64
23.4757	68
23.4768	66
23.5277	70
23.6789	68
23.7241	71
23.7251	68
23.7698	65
23.7708	62
23.8165	60
23.8176	59
23.8633	57
23.8643	56
23.9106	55
23.9116	54
23.9589	53
23.9599	52
24.0098	52
24.0109	52
24.0618	52
24.0629	52
24.1117	51
24.1127	51
24.1584	51
24.1595	50
24.2036	49
24.2046	49
24.2488	48
24.2498	48
24.2945	53
24.2955	52
24.3412	57
24.3423	56
24.3864	60
24.3875	58
24.4326	62
24.4337	60
24.4804	64
24.4815	62
24.5304	67
24.5314	65
24.5818	69
24.5829	67
24.6338	71
24.6348	69
24.8255	72
24.8707	74
24.9169	76
24.9642	78
25.0136	80
25.064	83
25.065	79
25.1155	75
25.1165	72
25.1675	70
25.1685	67
25.2189	65
25.22	63
25.2693	62
25.2704	60
25.3208	59
25.3219	58
25.3728	57
25.3739	57
25.4237	56
25.4248	55
25.4752	61
25.4763	60
25.5225	65
25.5235	63
25.5703	66
25.5713	64
25.6165	68
25.6175	65
25.6627	68
25.6638	66
25.71	69
25.7111	66
25.7573	70
25.7583	67
25.8051	70
25.8061	68
25.8545	71
25.8555	68
25.9054	72
25.9065	70
25.9564	73
25.9574	71
26.0079	74
26.0089	72
26.0598	75
26.0609	72
26.2048	69
26.2515	72
26.3004	75
26.3487	78
26.3971	80
26.4459	82
26.447	78
26.4979	75
26.499	72
26.5499	69
26.5509	67
26.5976	65
26.5987	62
26.6449	60
26.646	59
26.6917	57
26.6927	56
26.74	55
26.7411	54
26.7878	53
26.7889	52
26.8367	58
26.8377	57
26.8866	62
26.8876	60
26.9375	65
26.9386	64
26.9895	68
27.1423	72
27.1922	76
27.2421	79
27.2926	81
27.3435	84
27.3955	86
27.4465	88
27.5977	90
27.6471	91
27.6975	92
27.7484	93
27.8004	94
27.8524	95
27.9028	96
27.9474	96
27.9921	95
28.0368	94
28.083	94
28.1297	93
28.1781	94
28.2269	94
28.2763	95
28.3267	95
28.3782	96
28.4302	97
28.479	97
28.4801	91
28.53	86
28.531	82
28.5819	78
28.583	74
28.6308	71
28.6318	68
28.6754	65
28.6765	63
28.7216	61
28.7227	59
28.7689	57
28.77	56
28.8162	55
28.8172	54
28.8651	53
28.8661	53
28.9144	52
28.9155	52
28.9654	52
28.9664	51
29.0169	51
29.0179	51
29.0688	51
29.0699	51
29.1203	51
29.1213	51
29.1681	51
29.1691	50
29.2164	50
29.2175	50
29.2642	49
29.2653	49
29.3136	49
29.3147	49
29.364	49
29.3651	49
29.4134	49
29.4145	49
29.4633	49
29.4644	49
29.5148	49
29.5159	50
29.5668	50
29.5678	50
29.6167	50
29.6177	50
29.6655	50
29.6666	50
29.7144	49
29.7154	49
29.7643	49
29.7654	49
29.8158	49
29.8168	50
29.8667	50
29.8678	50
29.9182	50
29.9193	50
29.9702	50
29.9712	51
30.0164	50
30.0174	49
30.0589	48
30.06	48
30.1031	47
30.1041	47
30.1482	47
30.1493	46
30.1939	46
30.195	46
30.2412	46
30.2423	46
30.289	46
30.2901	47
30.3368	47
30.3379	47
30.3857	47
30.3867	47
30.4367	47
30.4377	48
30.4881	48
30.4892	49
30.54	49
30.5411	49
30.5868	49
30.5878	48
30.6325	48
30.6336	48
30.6782	53
30.6793	52
30.7255	57
30.7265	56
30.7733	61
30.7743	59
30.8216	64
30.8227	62
30.871	66
30.8721	64
30.9214	68
30.9225	66
30.9235	64
30.9739	63
30.975	61
30.976	60
31.0259	59
31.027	58
31.028	57
31.0726	56
31.0737	55
31.0747	54
31.1173	58
31.1183	57
31.1194	55
31.1577	59
31.1588	56
31.1598	54
31.1997	58
31.2008	56
31.2018	54
31.2418	57
31.2428	56
31.2439	54
31.2449	53
31.2875	52
31.2885	51
31.2896	50
31.2906	50
31.3342	49
31.3353	49
31.3363	49
31.3374	48
31.3815	48
31.3826	48
31.3836	48
31.3847	48
31.4309	53
31.4319	53
31.433	52
31.434	52
31.4818	58
31.4829	57
31.4839	56
31.485	56
31.5328	61
31.5338	60
31.5349	59
31.5359	58
31.537	57
31.5848	56
31.5858	56
31.5869	55
31.5879	55
31.589	54
31.6367	54
31.6378	54
31.6388	54
31.6399	53
31.6409	53
31.684	58
31.685	57
31.6861	56
31.6871	55
31.6882	54
31.7297	59
31.7307	57
31.7318	56
31.7328	54
31.7339	53
31.777	58
31.778	56
31.7791	55
31.7801	55
31.7812	54
31.7822	53
31.8253	53
31.8264	52
31.8274	51
31.8285	51
31.8295	50
31.8306	50
31.8736	50
31.8747	50
31.8757	49
31.8768	49
31.8778	49
31.8789	49
31.922	54
31.923	54
31.9241	53
31.9251	53
31.9262	52
31.9272	52
31.9729	57
31.974	56
31.975	56
31.9761	55
31.9771	55
31.9782	54
31.9792	54
32.0234	54
32.0244	53
32.0255	53
32.0265	52
32.0276	52
32.0286	52
32.0297	52
32.0743	57
32.0754	56
32.0764	56
32.0775	55
32.0785	55
32.0796	54
32.0806	54
32.1258	59
32.1273	58
32.1804	57
32.2261	61
32.2271	60
32.2282	59
32.2292	57
32.2303	56
32.2765	56
32.2776	55
32.2786	54
32.2797	54
32.2807	53
32.328	53
32.3291	53
32.3301	53
32.3312	53
32.3322	53
32.3794	58
32.3805	58
32.3815	57
32.3826	56
32.3836	56
32.4298	61
32.4309	59
32.4319	58
32.433	57
32.434	57
32.4745	61
32.4755	59
32.4766	57
32.4776	56
32.4787	54
32.4797	53
32.5202	52
32.5212	51
32.5223	51
32.5234	50
32.5244	49
32.5255	49
32.5675	49
32.5685	48
32.5696	48
32.5706	48
32.5717	48
32.5727	48
32.6137	47
32.6148	47
32.6158	47
32.6169	47
32.6179	47
32.619	46
32.6615	47
32.6626	47
32.6636	47
32.6647	47
32.6657	47
32.6668	48
32.7104	53
32.7114	53
32.7125	52
32.7135	52
32.7146	52
32.7156	51
32.7598	56
32.7608	56
32.7619	55
32.7629	54
32.764	54
32.765	53
32.8102	58
32.8112	57
32.8123	57
32.8133	56
32.8144	56
32.8154	55
32.8617	60
32.8632	59
32.9173	58
32.963	57
32.964	56
32.9651	55
32.9661	54
33.0113	59
33.0124	58
33.0134	57
33.0145	56
33.0602	61
33.0612	59
33.0623	58
33.0633	57
33.1116	62
33.1127	61
33.1137	59
33.1148	58
33.1626	63
33.1636	62
33.1647	61
33.1657	59
33.213	64
33.2141	63
33.2151	61
33.2162	60
33.2172	59
33.2634	58
33.2645	57
33.2655	56
33.2666	55
33.2676	54
33.3144	54
33.3155	53
33.3165	53
33.3176	53
33.3186	52
33.3648	52
33.3659	52
33.3669	52
33.368	51
33.369	51
33.4153	51
33.4163	51
33.4174	51
33.4184	51
33.4195	51
33.4672	51
33.4683	51
33.4694	51
33.4704	51
33.4715	51
33.5192	51
33.5203	51
33.5213	51
33.5224	51
33.5234	51
33.5686	51
33.5696	51
33.5707	51
33.5717	50
33.5728	50
33.6174	56
33.6185	55
33.6195	54
33.6206	54
33.6216	53
33.6663	58
33.6673	57
33.6684	56
33.6694	55
33.6705	55
33.7162	60
33.7172	58
33.7183	57
33.7193	57
33.7204	56
33.7666	61
33.7677	60
33.7687	58
33.7698	57
33.7708	57
33.8176	62
33.8186	60
33.8197	59
33.8207	58
33.8218	57
33.8691	63
33.8701	61
33.8712	60
33.8722	59
33.8733	58
33.9205	63
33.9216	62
33.9226	61
33.9237	59
33.9247	58
33.9725	63
33.9735	62
33.9746	61
33.9756	60
33.9767	59
34.0723	57
34.1164	61
34.1174	59
34.1185	58
34.1626	62
34.1637	60
34.1647	58
34.2094	62
34.2104	60
34.2115	59
34.2561	63
34.2572	61
34.2582	59
34.2593	58
34.305	56
34.306	55
34.3071	55
34.3081	54
34.3538	53
34.3549	52
34.3559	52
34.357	51
34.4032	51
34.4043	51
34.4053	51
34.4064	51
34.4531	50
34.4542	50
34.4552	50
34.4563	50
34.503	56
34.5041	55
34.5051	55
34.5062	54
34.554	60
34.555	59
34.5561	58
34.5571	57
34.6055	62
34.6065	61
34.6076	60
34.6086	59
34.6575	64
34.6585	62
34.6596	61
34.6606	60
34.7078	65
34.7089	63
34.7099	62
34.711	60
34.712	59
34.7593	58
34.7604	57
34.7614	57
34.7625	56
34.7635	55
34.8076	54
34.8087	53
34.8098	53
34.8108	52
34.8119	51
34.8576	51
34.8586	51
34.8597	51
34.8607	51
34.8618	51
34.9075	50
34.9085	50
34.9096	50
34.9106	50
34.9117	50
34.9584	50
34.9595	50
34.9605	50
34.9616	50
34.9626	50
35.0104	50
35.0115	51
35.0125	51
35.0136	51
35.0146	51
35.0624	51
35.0634	51
35.1579	50
35.159	50
35.16	49
35.2005	54
35.2015	53
35.2026	51
35.2036	50
35.2441	49
35.2451	49
35.2462	48
35.2472	48
35.2882	47
35.2893	47
35.2903	46
35.2914	46
35.3334	46
35.3344	46
35.3355	45
35.3365	45
35.3812	46
35.3822	46
35.3833	46
35.3843	46
35.4295	46
35.4306	47
35.4316	47
35.4327	47
35.48	47
35.481	48
35.4821	48
35.4831	48
35.5319	49
35.533	49
35.534	50
35.5351	50
35.5813	56
35.5823	55
35.5834	55
35.5844	54
35.6312	59
35.6322	58
35.6333	57
35.6343	56
35.679	61
35.6801	60
35.6811	58
35.6822	57
35.7284	61
35.7294	60
35.7305	59
35.7315	58
35.7804	63
35.7814	61
35.8796	60
35.8807	58
35.8817	57
35.9259	55
35.9269	54
35.928	53
35.9731	52
35.9742	52
35.9752	51
36.0209	51
36.022	50
36.023	50
36.0698	50
36.0709	49
36.0719	49
36.1208	49
36.1218	50
36.1229	50
36.1717	56
36.1727	56
36.1738	55
36.2221	61
36.2232	59
36.2242	58
36.2741	64
36.3728	61
36.3739	59
36.4169	57
36.418	56
36.4611	54
36.4621	53
36.5063	52
36.5073	51
36.5514	50
36.5525	50
36.5966	49
36.5977	48
36.6423	48
36.6434	48
36.6891	48
36.6901	47
36.7374	47
36.7384	48
36.7873	54
36.7884	53
36.8356	59
36.8367	57
36.884	62
36.885	60
36.9328	65
36.9339	63
36.9822	67
36.9833	65
37.0321	69
37.0332	67
37.0825	71
37.0836	68
37.133	72
37.134	70
37.1834	73
37.1845	71
37.2338	74
37.2349	71
37.2848	75
37.2858	72
37.3363	75
37.3373	73
37.3882	76
37.3893	73
37.4397	77
37.4408	74
37.4896	77
37.4907	74
37.5395	77
37.5406	73
37.5894	77
37.5905	73
37.6388	76
37.6398	73
37.6882	76
37.6892	73
37.7381	76
37.7391	73
37.789	76
37.7901	73
37.841	77
37.842	74
37.8919	77
37.893	74
37.9408	77
37.9418	73
37.9886	76
37.9896	73
38.038	75
38.039	72
38.0868	75
38.0879	72
38.1367	75
38.1378	72
38.1866	75
38.1877	72
38.2371	76
38.2381	73
38.2891	76
38.4413	79
38.4886	81
38.4897	77
38.538	73
38.539	70
38.5889	68
38.59	66
38.6399	64
38.641	62
38.6919	61
38.6929	60
38.7428	58
38.7439	57
38.7933	57
38.7943	56
38.8432	55
38.8442	54
38.8931	54
38.8941	53
38.944	53
38.9451	53
38.995	52
38.996	52
39.0465	52
39.0475	52
39.0979	58
39.0989	57
39.1473	63
39.1483	61
39.194	65
39.1951	63
39.2408	67
39.2418	64
39.2875	68
39.2886	65
39.3358	69
39.3369	66
39.3847	70
39.3858	67
39.4341	71
39.4351	68
39.486	72
39.4871	70
39.538	74
39.5391	71
39.5827	74
39.5837	71
39.6257	72
39.6268	69
39.6688	71
39.6699	67
39.7129	70
39.714	66
39.7576	69
39.7586	66
39.8043	69
39.8054	66
39.8511	70
39.8521	67
39.8994	70
39.9005	68
39.9483	71
39.9493	68
39.9977	72
39.9987	69
40.0476	73
40.0486	70
40.0991	74
40.1001	71
40.151	75
40.152	72
40.1951	75
40.1962	71
40.2392	73
40.2403	70
40.2828	72
40.2839	68
40.327	70
40.328	67
40.3716	70
40.3727	67
40.4173	69
40.4184	67
40.4646	70
40.4657	67
40.5124	70
40.5135	67
40.5613	71
40.5623	68
40.6112	72
40.6122	69
40.6621	73
40.6632	70
40.712	74
40.7131	71
40.7635	75
40.7646	72
40.814	75
40.815	72
40.8649	76
40.866	73
40.9169	76
40.9179	73
40.9652	76
40.9662	73
41.0119	76
41.013	72
41.0576	74
41.0587	71
41.1044	73
41.1054	70
41.1506	73
41.1517	70
41.1969	72
41.1979	69
41.2441	72
41.2452	69
41.293	72
41.294	69
41.3424	73
41.3434	70
41.3923	73
41.3933	71
41.4417	74
41.4427	71
41.4916	74
41.4926	71
41.543	75
41.5441	72
41.595	76
41.5961	73
41.6475	77
41.7872	79
41.834	80
41.835	76
41.8833	73
41.8844	70
41.9332	67
41.9343	65
41.9837	63
41.9847	61
42.0352	60
42.0362	59
42.0871	58
42.0882	57
42.1386	56
42.1396	56
42.1895	55
42.1906	54
42.24	54
42.241	53
42.2904	53
42.2914	53
42.3424	52
42.3434	52
42.3901	52
42.3912	51
42.4385	57
42.4395	56
42.4857	60
42.4868	59
42.5346	63
42.5357	62
42.5819	66
42.5829	63
42.6292	67
42.6302	65
42.678	69
42.6791	66
42.7263	70
42.7274	67
42.7752	71
42.7763	68
42.8256	72
42.8267	69
42.8761	73
42.8771	70
42.927	74
42.9281	71
42.979	75
42.9801	72
43.0278	75
43.0289	72
43.0746	75
43.0756	71
43.1176	74
43.1187	70
43.1612	72
43.1623	68
43.2054	71
43.2064	67
43.2516	70
43.2527	67
43.2968	70
43.2978	67
43.3425	70
43.3435	67
43.3887	70
43.3898	67
43.4355	70
43.4365	67
43.4833	70
43.4843	68
43.5321	71
43.5332	68
43.581	72
43.582	69
43.6304	72
43.6314	70
43.6797	73
43.6808	70
43.7297	74
43.7307	71
43.7801	74
43.7811	71
43.8305	75
43.8316	72
43.882	75
43.8831	73
43.9335	76
43.9345	73
43.9854	77
43.9865	74
44.0353	77
44.0364	74
44.0857	77
44.0868	74
44.1356	77
44.1367	73
44.185	77
44.1861	73
44.2355	76
44.2365	73
44.2859	76
44.2869	73
44.3368	76
44.3379	73
44.3878	77
44.3888	74
44.4398	77
44.4408	74
44.4917	78
44.4928	74
44.5395	77
44.5405	74
44.5841	76
44.5852	72
44.6278	74
44.6288	70
44.6719	72
44.6729	69
44.7181	71
44.7192	68
44.7643	71
44.7654	68
44.8095	71
44.8106	68
44.8552	70
44.8563	67
44.902	70
44.903	67
44.9503	71
44.9514	68
45.0002	72
45.0013	69
45.0496	73
45.0506	70
45.0995	73
45.1006	70
45.1016	68
45.1499	66
45.151	64
45.152	62
45.2019	61
45.203	59
45.204	58
45.2507	57
45.2518	56
45.2528	55
45.3001	54
45.3012	54
45.3022	53
45.3453	52
45.3463	51
45.3474	50
45.392	50
45.3931	49
45.3941	49
45.4383	49
45.4393	48
45.4404	48
45.485	53
45.4861	53
45.4871	52
45.5328	57
45.5339	56
45.5349	55
45.5822	60
45.5833	59
45.5843	58
45.6326	63
45.6337	61
45.6347	60
45.6846	65
45.6857	63
45.7813	61
45.7823	59
45.8301	64
45.8312	62
45.88	66
45.8811	64
45.931	69
45.932	67
45.9835	71
46.1285	68
46.1757	71
46.1768	68
46.2256	66
46.2267	64
46.2766	62
46.2776	61
46.3291	60
46.3301	59
46.38	58
46.381	57
46.4252	55
46.4262	54
46.4677	52
46.4688	51
46.5103	50
46.5113	49
46.5549	48
46.556	48
46.6027	48
46.6038	48
46.6521	48
46.6532	48
46.7036	48
46.7046	49
46.7556	55
46.7566	55
46.901	54
46.9504	59
46.9993	64
47.0486	68
47.1001	72
47.1516	76
47.2035	79
47.3506	82
47.4016	84
47.4536	86
47.5055	88
47.5565	90
47.6064	91
47.6557	92
47.7051	93
47.755	94
47.8055	95
47.857	95
47.9089	96
47.9588	97
48.0024	96
48.0449	95
48.0875	94
48.1305	93
48.1747	92
48.2204	92
48.2656	92
48.3118	91
48.3606	92
48.4106	93
48.462	94
48.5135	95
48.5618	95
48.6107	95
48.6606	96
48.7115	96
48.763	97
48.8145	98
48.8664	98
48.9147	99
48.9636	98
49.013	98
49.0629	98
49.1144	99
49.1648	99
49.2158	99
49.2667	99
49.3187	100
49.3701	100
49.4169	100
49.4636	99
49.5093	98
49.5556	97
49.6018	97
49.6491	96
49.6969	96
49.7447	96
49.7941	96
49.8445	96
49.8954	97
49.9464	98
49.9984	98
50.0503	99
50.1013	99
50.2357	98
50.2814	97
50.3271	96
50.3734	96
50.4201	95
50.4669	95
50.5131	95
50.5599	94
50.5609	88
50.6092	83
50.6103	79
50.6586	75
50.6597	72
50.708	69
50.7091	67
50.7584	65
50.7595	63
50.8099	61
50.811	60
50.8619	59
50.8629	58
50.9128	57
50.9139	56
50.9638	55
50.9648	55
51.0132	54
51.0142	54
51.0636	53
51.0646	53
51.1151	52
51.1161	52
51.167	52
51.1681	52
51.2169	52
51.2179	51
51.2657	51
51.2668	51
51.3151	51
51.3162	50
51.365	50
51.3661	50
51.4165	50
51.4176	50
51.4685	50
51.4695	51
51.5199	51
51.521	51
51.5698	50
51.5709	50
51.6208	50
51.6218	50
51.6727	50
51.6738	51
51.7247	51
51.7258	51
51.7762	51
51.7772	51
51.8229	50
51.824	50
51.8686	49
51.8697	49
51.9149	48
51.9159	48
51.9627	48
51.9637	48
52.0105	48
52.0115	48
52.0593	48
52.0604	48
52.1108	48
52.1119	49
52.1622	49
52.1633	49
52.2116	56
52.2126	55
52.2599	60
52.261	59
52.3098	63
52.3109	62
52.3618	67
52.3629	65
52.4138	69
52.5561	72
52.5997	74
52.6438	75
52.689	77
52.7347	79
52.7809	80
52.782	76
52.8298	73
52.8308	70
52.8802	67
52.8812	65
52.9317	63
52.9327	62
52.9832	60
52.9842	59
53.0346	58
53.0357	57
53.0866	57
53.0876	56
53.1296	54
53.1307	53
53.1733	57
53.1743	55
53.2142	59
53.2153	57
53.2557	60
53.2568	57
53.2972	60
53.2983	58
53.3398	61
53.3408	59
53.3834	62
53.3844	60
53.4291	63
53.4301	61
53.4753	65
53.4764	63
53.5221	66
53.5231	64
53.5688	67
53.5699	65
53.6166	68
53.6177	66
53.6655	69
53.6665	67
53.7138	71
53.7149	68
53.7637	71
53.7648	69
53.8136	72
53.8147	70
53.8641	73
53.8651	71
53.9155	74
53.9166	72
53.967	75
53.9681	72
54.019	76
54.02	73
54.0699	77
54.071	73
54.1214	77
54.1224	74
54.1697	77
54.1708	73
54.2144	76
54.2154	72
54.2601	74
54.2611	71
54.3058	73
54.3068	70
54.3515	72
54.3525	69
54.3972	72
54.3982	68
54.4445	71
54.4455	68
54.4923	71
54.4933	69
54.5427	72
54.5437	69
54.5931	73
54.5942	70
54.6446	74
54.6457	71
54.6965	75
54.6976	72
54.7422	75
54.7433	72
54.7848	74
54.7858	70
54.8279	71
54.8289	68
54.871	70
54.872	67
54.9156	69
54.9167	66
54.9608	69
54.9618	66
55.0075	69
55.0086	66
55.0559	70
55.0569	67
55.1052	71
55.1063	68
55.1557	72
55.1567	69
55.2066	73
55.2077	70
55.2586	74
55.2596	72
55.3095	75
55.3106	72
55.3605	76
55.3615	73
55.4119	76
55.413	73
55.4602	76
55.4613	73
55.5038	75
55.5049	71
55.548	73
55.549	70
55.5931	72
55.5942	69
55.6394	71
55.6404	68
55.6856	71
55.6866	68
55.7318	71
55.7329	68
55.7781	71
55.7791	68
55.8243	71
55.8253	68
55.8721	71
55.8731	68
55.8742	66
55.923	64
55.9241	62
55.9251	61
55.975	59
55.9761	58
55.9771	58
56.0265	57
56.0275	56
56.0286	55
56.0779	55
56.0789	54
56.08	54
56.1257	53
56.1267	52
56.1278	52
56.1714	51
56.1725	50
56.1735	50
56.2166	49
56.2176	49
56.2187	48
56.2618	53
56.2628	52
56.2639	51
56.3075	56
56.3085	55
56.3096	54
56.3537	58
56.3547	57
56.3558	55
56.402	60
56.4031	59
56.4041	58
56.453	62
56.454	61
56.4551	60
56.4561	59
56.5054	58
56.5065	57
56.5075	57
56.5086	56
56.5559	55
56.5569	54
56.558	54
56.559	53
56.6037	53
56.6047	52
56.6058	51
56.6068	51
56.651	50
56.652	50
56.6531	50
56.6541	50
56.7009	55
56.7019	55
56.703	54
56.704	54
56.7518	59
56.7529	58
56.7539	57
56.755	56
56.8028	62
56.8038	60
56.8049	59
56.8059	58
56.8532	63
56.8543	62
56.8553	61
56.8564	59
56.8574	58
56.9062	58
57.0023	62
57.0034	60
57.0044	58
57.0486	57
57.0496	55
57.0507	54
57.0953	53
57.0964	52
57.0974	52
57.1426	51
57.1436	50
57.1447	50
57.1909	55
57.192	55
57.193	54
57.2414	59
57.2424	58
57.2435	57
57.2902	62
57.2913	61
57.2923	59
57.3391	64
57.3401	62
57.3412	60
57.3422	59
57.39	58
57.3911	57
57.3921	56
57.3932	56
57.4415	55
57.4426	54
57.4436	54
57.4447	53
57.493	53
57.494	53
57.4951	53
57.4961	53
57.5455	53
57.5465	52
57.5476	52
57.5486	52
57.5969	52
57.598	52
57.599	52
57.6001	52
57.6473	58
57.6483	57
57.6494	56
57.6504	56
57.6951	60
57.6961	59
57.6972	58
57.6982	57
57.7429	61
57.744	59
57.745	58
57.7461	57
57.7918	61
57.7928	60
57.7939	58
57.7949	57
57.8417	62
57.8427	60
57.8438	59
57.8448	58
57.8926	63
57.8937	62
57.8947	60
57.8958	59
57.9451	64
58.048	63
58.0985	61
58.0995	60
58.1494	65
58.2497	63
58.298	67
58.3469	71
58.3973	74
58.4472	78
58.4977	80
58.4987	77
58.5507	74
58.6851	75
58.7303	77
58.7765	79
58.8233	80
58.8721	82
58.9215	84
58.9709	86
59.0213	88
59.0728	89
59.1227	91
59.1726	92
59.222	93
59.2719	93
59.3239	94
59.5297	95
59.5728	95
59.6174	94
59.6642	94
59.7104	94
59.7572	94
59.8039	93
59.8512	93
59.8985	94
59.9463	94
59.9957	94
60.0456	95
60.0955	95
60.1448	96
60.1942	96
60.2441	96
60.294	97
60.345	97
60.397	98
60.4458	98
60.4941	98
60.5419	98
60.5903	97
60.6386	97
60.6869	97
60.7363	97
60.7857	97
60.8356	97
60.8876	98
60.9395	99
61.1302	98
61.1817	98
61.2332	99
61.2851	99
61.3345	100
61.3823	99
61.4306	99
61.4795	98
61.5289	98
61.5788	98
61.6281	98
61.6801	99
61.7274	99
61.7746	98
61.8219	98
61.8687	97
61.9149	96
61.9611	96
62.0084	96
62.0552	95
62.103	95
62.1513	95
62.2007	95
62.2506	96
62.3015	96
62.352	97
62.4035	98
62.4555	98
62.8099	98
62.8609	99
62.9129	99
62.9643	100
63.0158	100
63.0683	100
63.2616	100
63.3109	100
63.3619	100
63.4139	100
63.4632	100
63.5142	100
63.5635	100
63.6129	100
63.6649	100
63.7132	100
63.7594	99
63.803	98
63.8493	97
63.8944	96
63.9407	95
63.9879	95
64.0368	95
64.0856	95
64.1366	96
64.1876	97
64.2395	97
64.2915	98
64.3429	99
64.3923	99
64.4406	99
64.4884	98
64.5357	98
64.5835	97
64.6324	97
64.6828	97
64.7332	98
64.7842	98
64.8362	99
64.885	99
64.9323	98
64.9759	97
65.0205	96
65.0667	96
65.1135	95
65.1608	95
65.2086	95
65.2096	89
65.2585	84
65.2595	80
65.3095	76
65.3105	73
65.3609	70
65.362	68
65.4118	66
65.4129	64
65.4617	62
65.4628	60
65.5106	59
65.5117	58
65.56	56
65.561	56
65.6109	55
65.612	54
65.6619	54
65.663	53
65.7123	53
65.7134	53
65.7628	52
65.7638	52
65.8147	52
65.8158	52
65.8667	52
65.8677	52
65.9166	51
65.9176	51
65.9638	51
65.9649	50
66.0122	50
66.0132	50
66.0631	50
66.0642	50
66.1146	50
66.1156	50
66.1661	50
66.1671	50
66.2165	50
66.2175	50
66.268	50
66.269	50
66.3194	51
66.3205	51
66.3693	57
66.3704	56
66.4192	61
66.4203	60
66.4712	65
66.4722	64
66.5232	68
66.5242	66
66.667	64
66.7111	67
66.7553	69
66.801	72
66.8467	74
66.8477	71
66.894	68
66.895	65
66.9418	63
66.9428	61
66.9906	59
66.9917	58
67.0416	57
67.0426	56
67.0935	56
67.2332	60
67.2795	63
67.3268	67
67.374	70
67.4218	73
67.4702	76
67.5185	79
67.5679	81
67.5689	77
67.6204	74
67.6708	77
67.8247	80
67.8756	83
67.925	85
67.9717	87
68.0206	88
68.0705	89
68.1209	90
68.1708	91
68.1719	86
68.2233	82
68.2244	78
68.2753	75
68.2763	72
68.3246	69
68.3257	67
68.3687	64
68.3698	61
68.4123	59
68.4134	57
68.456	55
68.457	54
68.4996	52
68.5006	51
68.5432	50
68.5442	49
68.5878	49
68.5889	48
68.6351	48
68.6361	48
68.6839	48
68.685	48
68.7344	48
68.7354	48
68.7859	49
68.7869	49
68.8373	49
68.8384	50
68.8888	50
68.8899	50
68.9408	50
68.9418	50
68.988	50
68.9891	50
69.0332	49
69.0343	48
69.0784	48
69.0794	47
69.1246	47
69.1257	47
69.1719	47
69.173	47
69.2208	47
69.2218	47
69.2707	48
69.2717	48
69.32	48
69.3211	48
69.3705	48
69.3715	48
69.4204	49
69.4214	49
69.4703	49
69.4713	49
69.5218	49
69.5228	49
69.5733	50
69.5743	50
69.6252	50
69.6263	50
69.674	50
69.6751	50
69.7213	49
69.7224	49
69.7665	48
69.7676	48
69.8138	48
69.8148	48
69.8605	47
69.8616	47
69.9073	47
69.9083	47
69.9551	47
69.9562	47
70.0034	47
70.0045	47
70.0523	47
70.0533	48
70.1017	48
70.1027	48
70.1516	48
70.1526	48
70.2031	49
70.2041	49
70.2545	49
70.2555	49
70.306	49
70.307	50
70.3559	50
70.3569	50
70.4058	50
70.4068	50
70.4562	50
70.4573	50
70.5077	50
70.5088	50
70.5597	50
70.5607	50
70.6111	50
70.6122	51
70.6563	50
70.6573	49
70.702	49
70.703	48
70.7477	48
70.7488	47
70.7929	47
70.7939	47
70.8396	47
70.8407	47
70.888	47
70.889	47
70.9368	53
70.9379	53
70.9867	58
70.9878	57
71.0377	63
71.0387	61
71.0897	66
71.0907	64
71.1411	69
71.1422	67
71.1915	71
71.1925	69
71.2388	72
71.2398	69
71.2409	66
71.2871	64
71.2881	62
71.2892	60
71.337	59
71.3381	58
71.3391	57
71.3874	56
71.3885	55
71.3895	54
71.4394	54
71.4404	54
71.4415	53
71.4914	53
71.4924	53
71.4935	53
71.5402	59
71.5413	58
71.5423	57
71.5896	61
71.5906	60
71.5917	59
71.6384	63
71.6395	62
71.6405	60
71.6884	65
71.6894	63
71.6905	61
71.6915	60
71.7398	59
71.7409	58
71.7419	57
71.743	56
71.7918	55
71.7928	55
71.7939	55
71.7949	54
71.839	53
71.8401	53
71.8411	52
71.8422	52
71.8837	56
71.8848	55
71.8858	54
71.8869	52
71.9289	57
71.9299	55
71.931	54
71.932	53
71.9746	57
71.9756	56
71.9767	55
71.9777	54
71.9788	53
72.0213	52
72.0224	51
72.0234	51
72.0245	50
72.0255	50
72.0676	49
72.0686	49
72.0697	48
72.0707	48
72.0718	48
72.1154	48
72.1164	48
72.1175	48
72.1185	48
72.1196	48
72.1658	54
72.1669	53
72.1679	53
72.169	53
72.17	52
72.2168	58
72.2178	57
72.2189	56
72.2199	56
72.221	55
72.222	55
72.2692	55
72.2703	54
72.2713	54
72.2729	54
72.3669	53
72.368	52
72.369	51
72.3701	51
72.4126	50
72.4137	49
72.4147	49
72.4158	48
72.4588	48
72.4599	48
72.4609	47
72.462	47
72.5051	47
72.5061	47
72.5072	47
72.5082	47
72.5523	53
72.5534	52
72.5544	51
72.5555	51
72.5996	56
72.6007	55
72.6017	54
72.6028	53
72.648	58
72.649	57
72.6501	56
72.6511	55
72.6522	54
72.6994	54
72.7005	54
72.7015	53
72.7026	53
72.7036	53
72.7514	52
72.7525	52
72.7535	52
72.7546	52
72.7556	52
72.8034	52
72.8044	52
72.8055	52
72.8065	52
72.8076	52
72.8506	51
72.8517	51
72.8527	50
72.8538	50
72.8548	50
72.8979	55
72.8989	54
72.9	53
72.901	52
72.9021	52
72.9441	57
72.9452	55
72.9462	54
72.9473	54
72.9483	53
72.9914	57
72.9925	56
72.9935	55
72.9946	54
72.9956	53
73.0376	58
73.0387	56
73.0397	55
73.0408	54
73.0418	53
73.0844	57
73.0854	56
73.0865	55
73.0875	54
73.0886	53
73.1322	58
73.1332	57
73.1343	56
73.1353	55
73.1364	54
73.1374	53
73.1805	53
73.1816	52
73.1826	51
73.1837	51
73.1847	51
73.1858	50
73.2294	50
73.2304	50
73.2315	50
73.2325	49
73.2336	49
73.2346	49
73.2793	49
73.2803	49
73.2814	49
73.2824	49
73.2835	49
73.2845	49
73.3297	49
73.3308	49
73.3318	49
73.3329	49
73.3339	49
73.335	49
73.3807	50
73.3817	50
73.3828	50
73.3838	50
73.3849	50
73.3859	50
73.4322	50
73.4332	50
73.4343	51
73.4353	51
73.4364	51
73.4374	51
73.4841	51
73.5382	51
73.5829	50
73.5839	50
73.585	49
73.586	49
73.6317	49
73.6328	49
73.6338	49
73.6349	49
73.6821	49
73.6832	49
73.6842	49
73.6853	49
73.7336	50
73.7347	50
73.7357	50
73.7368	50
73.784	56
73.7851	56
73.7861	55
73.7872	55
73.8345	60
73.8355	59
73.8366	58
73.8376	57
73.8838	62
73.8849	60
73.8859	59
73.887	58
73.888	57
73.9343	56
73.9353	55
73.9364	55
73.9374	54
73.9385	54
73.9847	53
73.9858	53
73.9868	52
73.9879	52
73.9889	52
74.0351	51
74.0362	51
74.0372	51
74.0383	51
74.0393	51
74.0861	51
74.0871	51
74.0882	51
74.0892	51
74.0903	51
74.1371	57
74.1381	56
74.1392	56
74.1402	55
74.1413	55
74.189	60
74.1901	59
74.1911	58
74.1922	58
74.1932	57
74.241	62
74.242	61
74.2431	60
74.2441	59
74.2452	58
74.2872	63
74.2883	61
74.2893	59
74.2904	57
74.2914	56
74.3313	60
74.3324	58
74.3334	56
74.3345	55
74.3355	53
74.3366	52
74.3776	51
74.3786	51
74.3797	50
74.3807	49
74.3818	49
74.3828	49
74.4248	48
74.4259	48
74.4269	48
74.428	48
74.429	48
74.4301	48
74.4732	48
74.4742	48
74.4753	48
74.4763	48
74.4774	48
74.4784	48
74.522	48
74.5231	48
74.5241	48
74.5252	48
74.5262	48
74.5273	48
74.5714	48
74.5725	48
74.5735	48
74.5746	48
74.5756	48
74.5767	48
74.6229	49
74.6239	49
74.625	49
74.626	49
74.6271	50
74.6281	50
74.6754	50
74.7269	50
74.7699	49
74.771	49
74.772	48
74.7731	48
74.8162	53
74.8172	53
74.8183	52
74.8193	51
74.864	56
74.865	55
74.8661	54
74.8671	54
74.9128	58
74.9139	57
74.9149	56
74.916	55
74.9622	60
74.9633	59
74.9643	58
74.9654	57
75.0121	62
75.0132	60
75.0142	59
75.0153	58
75.0615	63
75.0625	61
75.0636	60
75.0646	58
75.0657	57
75.1135	57
75.1145	56
75.1156	55
75.1166	55
75.1177	54
75.1654	54
75.1665	54
75.1675	53
75.1686	53
75.1696	53
75.2164	53
75.2174	52
75.2185	52
75.2195	52
75.2206	52
75.2589	51
75.26	50
75.261	49
75.2621	48
75.2631	48
75.302	52
75.303	51
75.3041	50
75.3051	49
75.3062	48
75.344	52
75.3451	51
75.3461	50
75.3472	49
75.3482	48
75.3871	52
75.3881	51
75.3892	50
75.3902	49
75.3913	49
75.4296	53
75.4307	51
75.4318	50
75.4328	49
75.4339	48
75.4717	52
75.4727	51
75.4738	50
75.4748	49
75.4759	48
75.5158	52
75.5169	51
75.5179	51
75.519	50
75.52	49
75.5211	49
75.5641	49
75.5652	49
75.5662	49
75.5673	49
75.5683	49
75.5694	48
75.614	49
75.6151	49
75.6161	49
75.6172	49
75.6182	49
75.6193	49
75.6639	49
75.665	49
75.666	49
75.6671	49
75.6681	49
75.6692	49
75.7149	49
75.716	49
75.717	50
75.7181	50
75.7191	50
75.7202	50
75.7669	50
75.768	50
75.769	50
75.7701	51
75.7711	51
75.7722	51
75.8183	51
75.8194	51
75.8204	51
75.8215	51
75.8225	51
75.8236	51
75.8703	51
75.9212	50
75.9633	49
75.9643	49
75.9654	48
75.9664	48
76.0095	48
76.0105	47
76.0116	47
76.0126	47
76.0573	47
76.0583	47
76.0594	47
76.0604	47
76.1046	47
76.1056	47
76.1067	47
76.1077	47
76.1524	53
76.1534	52
76.1545	52
76.1555	51
76.2007	56
76.2018	55
76.2028	55
76.2039	54
76.249	59
76.2501	58
76.2511	57
76.2522	56
76.2532	55
76.2995	54
76.3005	54
76.3016	53
76.3026	53
76.3037	52
76.3515	52
76.3525	52
76.3536	52
76.3546	52
76.3557	52
76.4024	52
76.4034	52
76.4045	51
76.4055	51
76.4066	51
76.4512	51
76.4523	51
76.4533	51
76.4544	50
76.4554	50
76.5012	56
76.5022	55
76.5033	55
76.5043	54
76.5054	54
76.5526	59
76.5537	58
76.5547	57
76.5558	57
76.5568	56
76.6031	61
76.6041	60
76.6052	59
76.6062	58
76.6073	57
76.654	62
76.6551	61
76.6561	60
76.6572	59
76.6582	58
76.705	63
76.706	61
76.7071	60
76.7081	59
76.7092	58
76.7102	57
76.758	57
76.8116	56
76.8567	60
76.8578	59
76.8588	57
76.8599	56
76.9056	55
76.9066	54
76.9077	54
76.9087	53
76.9544	52
76.9555	52
76.9565	52
76.9576	51
77.0028	51
77.0038	50
77.0049	50
77.0059	50
77.0511	49
77.0522	49
77.0532	49
77.0543	49
77.1005	49
77.1015	49
77.1026	49
77.1036	49
77.1509	55
77.152	54
77.153	54
77.1541	54
77.2024	59
77.2034	58
77.2045	58
77.2055	57
77.2544	62
77.4093	61
77.4602	66
77.4613	64
77.5101	69
77.5111	67
77.56	70
77.561	68
77.6094	72
77.6104	69
77.6593	73
77.6603	70
77.6614	67
77.7097	65
77.7107	63
77.7118	61
77.7607	60
77.7617	59
77.7628	58
77.8111	57
77.8121	56
77.8132	55
77.862	55
77.8631	54
77.8641	54
77.913	53
77.914	53
77.9151	53
77.965	52
77.966	52
77.9671	52
78.0154	52
78.0164	52
78.0175	51
78.0658	51
78.0669	51
78.0679	51
78.1157	57
78.1168	56
78.1178	55
78.1662	61
78.1672	60
78.1683	59
78.2176	64
78.2187	62
78.2197	61
78.2696	66
78.2707	64
78.2717	63
78.3216	68
78.4171	65
78.4182	62
78.4639	60
78.465	58
78.5112	57
78.5122	56
78.559	55
78.56	54
78.6073	53
78.6084	53
78.6562	58
78.6572	57
78.705	62
78.7061	60
78.7565	65
78.7576	63
78.8085	68
78.9603	72
79.0107	75
79.0617	79
79.1137	82
79.1651	84
79.2166	87
79.2659	88
79.4172	90
79.6105	90
79.6583	91
79.7082	92
79.7575	93
79.8075	93
79.8568	94
79.9073	95
79.9572	95
80.0092	96
80.0585	97
80.1052	97
80.1509	96
80.1966	95
80.2434	95
80.2907	95
80.339	95
80.3884	95
80.4394	96
80.4913	97
80.6862	96
80.7355	97
80.7854	97
80.8359	97
80.8878	98
80.9398	98
80.9892	99
81.0364	99
81.0848	98
81.1326	98
81.1825	98
81.234	98
81.2864	99
81.4876	99
81.6719	98
81.7166	97
81.7633	96
81.8106	96
81.8579	95
81.9052	95
81.9535	95
82.0039	96
82.0554	96
82.1074	97
82.3028	96
82.3474	95
82.3931	95
82.4399	94
82.4866	94
82.5339	94
82.5817	94
82.6306	94
82.6794	95
82.7288	95
82.7777	95
82.826	96
82.8743	96
82.9232	96
82.9726	96
83.023	96
83.0745	97
83.1264	98
83.1784	99
83.3706	98
83.4205	98
83.4705	98
83.5198	98
83.5708	98
83.6222	99
83.6742	99
83.7257	100
83.775	100
83.8244	100
83.8748	100
83.9247	100
83.9746	100
84.0267	100
84.3733	100
84.4248	100
84.4767	100
84.6275	100
84.6779	100
84.7289	100
84.7808	100
84.8323	101
84.8832	101
84.9342	101
84.9846	101
84.9856	95
85.0371	89
85.0381	85
85.0859	80
85.087	76
85.1311	72
85.1321	69
85.1778	66
85.1789	63
85.2246	61
85.2256	59
85.2724	58
85.2734	57
85.3218	56
85.3228	55
85.3722	54
85.3733	54
85.4226	53
85.4237	53
85.4741	53
85.4752	52
85.5266	52
85.5276	52
85.578	52
85.5791	52
85.6264	51
85.6274	51
85.6752	51
85.6763	50
85.7241	50
85.7251	50
85.7724	50
85.7735	49
85.8223	49
85.8234	49
85.8728	49
85.8738	49
85.9242	50
85.9253	50
85.9762	50
85.9772	50
86.0271	50
86.0282	50
86.0744	50
86.0754	49
86.1222	49
86.1232	49
86.1716	49
86.1726	49
86.2231	49
86.2241	49
86.2745	50
86.2755	50
86.3249	50
86.326	50
86.3764	50
86.3774	50
86.4279	50
86.4289	50
86.4788	50
86.4799	50
86.5298	50
86.5308	50
86.5802	50
86.5813	50
86.6312	50
86.6322	50
86.6831	51
86.6842	51
86.7346	51
86.7356	51
86.7855	51
86.7866	51
86.8338	50
86.8349	50
86.8832	50
86.8843	50
86.9331	50
86.9342	50
86.9841	50
86.9851	50
87.036	50
87.0371	50
87.0859	50
87.087	50
87.1353	50
87.1364	50
87.1863	50
87.1873	50
87.2378	50
87.2388	50
87.2897	50
87.2908	50
87.3406	50
87.3417	50
87.3921	51
87.3932	51
87.4431	51
87.4441	51
87.4951	51
87.4961	51
87.5449	51
87.546	50
87.5875	49
87.5885	48
87.6295	48
87.6305	47
87.6715	46
87.6726	46
87.7146	50
87.7156	50
87.7582	54
87.7593	53
87.8029	57
87.8039	55
87.848	60
87.8491	58
87.8932	62
87.8943	60
87.9394	64
87.9405	61
87.9857	65
87.9867	63
88.033	66
88.034	64
88.0351	62
88.0834	61
88.0844	59
88.0855	58
88.1333	57
88.1343	56
88.1354	55
88.1837	55
88.1848	54
88.1858	53
88.2347	53
88.2357	53
88.2368	52
88.2862	52
88.2872	52
88.2883	52
88.3376	58
88.3386	58
88.3397	57
88.3833	61
88.3843	60
88.3854	58
88.4311	62
88.4321	60
88.4332	59
88.481	63
88.482	62
88.4831	60
88.4841	59
88.5304	58
88.5314	57
88.5325	56
88.5335	55
88.5797	54
88.5808	53
88.5818	53
88.5829	52
88.6297	52
88.6307	52
88.6318	52
88.6328	51
88.6806	57
88.6817	56
88.6827	56
88.6838	55
88.7326	61
88.8844	59
88.8854	58
88.9338	57
88.9348	56
88.9359	55
88.9857	55
88.9868	54
88.9878	54
89.0356	53
89.0366	53
89.0377	52
89.0855	52
89.0865	52
89.0876	52
89.1349	57
89.1359	56
89.137	55
89.1869	61
89.1879	60
89.189	59
89.2383	64
89.2394	63
89.2404	61
89.2908	66
89.3848	64
89.4305	62
89.4316	60
89.4778	58
89.4788	57
89.5272	56
89.5282	55
89.5781	54
89.5792	54
89.6301	54
89.6312	53
89.6816	53
89.6826	53
89.733	59
89.734	58
89.7797	63
89.7808	61
89.8254	65
89.8265	62
89.8711	66
89.8722	63
89.9179	67
89.9189	64
89.9662	68
89.9673	66
90.0161	70
90.0172	67
90.0182	65
90.0691	64
90.171	62
90.2199	66
90.2209	64
90.2698	62
90.2708	61
90.3181	59
90.3192	58
90.367	57
90.368	56
90.4164	55
90.4174	54
90.4678	54
90.4689	53
90.5198	53
90.5208	53
90.5712	53
90.5723	52
90.6185	52
90.6195	51
90.6652	56
90.6663	55
90.7115	60
90.7125	58
90.7582	62
90.7593	60
90.8066	65
90.8076	63
90.8538	66
90.8549	64
90.9016	68
90.9027	65
90.95	69
90.951	67
90.9521	64
91.0004	63
91.0015	61
91.0025	60
91.0514	58
91.0524	57
91.0535	57
91.1028	56
91.1039	55
91.105	55
91.1548	54
91.1559	54
91.1569	54
91.2068	53
91.2078	53
91.2089	53
91.2577	53
91.2588	52
91.2598	52
91.3087	52
91.3097	52
91.3108	52
91.3591	51
91.3602	51
91.3612	51
91.4101	51
91.4111	51
91.4122	51
91.4621	51
91.4631	51
91.4642	51
91.514	51
91.5151	51
91.5161	51
91.5649	51
91.566	51
91.567	51
91.6138	51
91.6149	50
91.6159	50
91.6621	50
91.6632	50
91.6642	49
91.7099	49
91.711	49
91.712	49
91.7583	49
91.7593	49
91.7604	48
91.8066	48
91.8076	48
91.8087	48
91.8549	48
91.856	48
91.857	48
91.9038	48
91.9048	48
91.9059	48
91.9547	48
91.9558	49
91.9568	49
92.0067	49
92.0078	49
92.0088	50
92.0535	49
92.0545	49
92.0556	49
92.1007	48
92.1018	48
92.1028	48
92.148	48
92.1491	48
92.1501	48
92.1958	48
92.1969	47
92.1979	47
92.2452	48
92.2463	48
92.2473	48
92.2941	48
92.2951	48
92.2962	48
92.3429	48
92.344	48
92.345	48
92.3923	48
92.3933	48
92.3944	48
92.4427	49
92.4438	49
92.4448	49
92.4932	49
92.4942	49
92.4953	49
92.5441	49
92.5452	50
92.5462	50
92.5961	50
92.5971	50
92.5982	50
92.646	50
92.647	50
92.6481	50
92.689	49
92.6901	48
92.6911	48
92.7305	47
92.7316	46
92.7326	45
92.7731	45
92.7741	45
92.7752	44
92.8167	44
92.8177	44
92.8188	44
92.8613	44
92.8624	44
92.8634	44
92.9076	44
92.9086	44
92.9097	44
92.9548	45
92.9559	45
92.957	45
93.0037	46
93.0048	46
93.0058	46
93.0526	47
93.0536	47
93.0547	47
93.1014	47
93.1025	47
93.1035	47
93.1513	48
93.1524	48
93.1534	48
93.2023	48
93.2033	49
93.2044	49
93.2532	49
93.2543	49
93.2553	49
93.3052	50
93.3062	50
93.3073	50
93.3566	50
93.3577	50
93.3587	50
93.4055	50
93.4065	50
93.4076	50
93.4522	49
93.4533	49
93.4543	49
93.499	48
93.5	48
93.5011	48
93.5473	48
93.5484	48
93.5494	48
93.5962	48
93.5972	48
93.5983	48
93.6466	48
93.6477	48
93.6487	49
93.6981	55
93.6991	55
93.7002	54
93.7495	60
93.7506	59
93.7516	58
93.7994	63
93.8005	62
93.8015	60
93.8493	65
93.8504	63
93.8514	61
93.8997	66
93.9008	64
93.9019	62
93.9518	67
94.1024	65
94.1513	69
94.1523	66
94.1534	64
94.2028	63
94.2038	61
94.2049	60
94.2547	59
94.2558	58
94.2568	57
94.3025	56
94.3036	55
94.3046	54
94.3508	53
94.3519	52
94.3529	52
94.3986	51
94.3997	51
94.4007	50
94.447	50
94.448	50
94.4491	50
94.4969	50
94.4979	49
94.499	49
94.5473	50
94.5484	50
94.5494	50
94.5988	50
94.5998	50
94.6009	50
94.6497	56
94.6508	56
94.6518	55
94.7017	61
94.7946	59
94.7957	57
94.8393	55
94.8403	54
94.885	53
94.886	52
94.9323	51
94.9333	51
94.9795	50
94.9806	50
95.0279	50
95.0289	49
95.0772	49
95.0783	49
95.1277	49
95.1287	49
95.1791	56
95.1802	55
95.2301	61
95.2311	60
95.28	65
95.281	63
95.3267	67
95.3278	65
95.3756	68
95.3766	66
95.4249	70
95.426	67
95.4743	71
95.4754	68
95.5253	72
95.5263	70
95.5773	74
95.7222	76
95.77	78
95.8189	81
95.8682	83
95.9197	85
95.9722	87
96.1628	82
96.2091	83
96.2542	84
96.2999	85
96.3467	86
96.395	87
96.4449	88
96.4954	90
96.5469	91
96.5988	93
96.6461	93
96.6933	94
96.7412	94
96.7884	94
96.8368	94
96.8851	94
96.9345	95
96.9849	95
97.0359	96
97.0879	97
97.2926	97
97.3446	98
97.3966	98
97.5935	98
97.645	99
97.697	99
97.8976	99
97.9444	98
97.9906	97
98.0379	97
98.0852	97
98.133	96
98.1829	96
98.2338	97
98.2858	98
98.3377	98
98.3861	99
98.4349	98
98.4848	98
98.5347	98
98.5841	99
98.6346	99
98.686	99
98.7375	99
98.789	100
98.841	100
98.8914	100
98.9429	100
98.9917	100
99.0421	100
99.0946	101
99.2989	100
99.3451	100
99.3934	99
99.4444	99
99.4964	99
99.9033	100
99.9537	100
100.004	100
100.056	100
100.108	100
100.148	99
100.189	97
100.231	95
100.232	89
100.275	83
100.276	78
100.32	74
100.321	70
100.365	67
100.367	64
100.412	62
100.413	60
100.46	58
100.461	57
100.508	56
100.509	55
100.557	54
100.558	53
100.607	53
100.608	52
100.657	52
100.658	52
100.707	52
100.709	51
100.759	51
100.76	51
100.811	51
100.812	51
100.859	51
100.86	51
100.908	50
100.909	50
100.957	50
100.958	50
101.007	50
101.008	50
101.058	50
101.059	50
101.109	50
101.11	50
101.161	50
101.162	50
101.21	50
101.211	50
101.257	50
101.258	49
101.301	48
101.303	48
101.347	48
101.348	47
101.393	47
101.394	47
101.441	47
101.442	47
101.489	47
101.49	47
101.536	47
101.537	47
101.584	47
101.585	47
101.632	47
101.633	47
101.681	47
101.682	47
101.732	48
101.733	48
101.783	49
101.784	49
101.835	49
101.836	50
101.887	50
101.888	50
101.935	50
101.936	49
101.984	49
101.985	49
102.032	49
102.033	49
102.081	49
102.083	49
102.131	49
102.132	49
102.18	49
102.181	49
102.23	49
102.231	49
102.28	49
102.281	49
102.331	49
102.332	49
102.381	49
102.382	49
102.432	49
102.433	50
102.483	50
102.484	50
102.533	50
102.534	50
102.584	50
102.585	50
102.636	50
102.637	50
102.687	50
102.688	50
102.739	51
102.74	51
102.789	51
102.79	50
102.836	50
102.837	50
102.885	49
102.886	49
102.934	49
102.935	49
102.983	55
102.984	54
103.032	59
103.033	58
103.081	63
103.082	61
103.129	66
103.13	63
103.178	67
103.179	65
103.227	69
103.228	67
103.278	71
103.279	68
103.328	72
103.329	70
103.33	67
103.381	65
103.382	64
103.383	62
103.429	60
103.43	59
103.431	58
103.478	56
103.479	55
103.48	55
103.528	54
103.529	53
103.53	53
103.576	52
103.578	52
103.579	51
103.627	57
103.628	57
103.63	56
103.679	61
103.68	60
103.681	59
103.73	65
103.731	63
103.732	61
103.779	66
103.78	64
103.781	62
103.782	61
103.83	59
103.831	58
103.832	57
103.833	56
103.881	55
103.882	55
103.883	54
103.884	54
103.933	54
103.934	54
103.935	53
103.936	53
104.076	58
104.077	56
104.12	60
104.121	58
104.165	62
104.166	60
104.213	63
104.214	62
104.215	60
104.263	59
104.264	57
104.265	56
104.314	56
104.315	55
104.316	54
104.364	54
104.365	53
104.366	53
104.416	53
104.417	53
104.418	53
104.466	59
104.467	58
104.468	57
104.516	62
104.517	60
104.518	59
104.563	63
104.564	61
104.565	59
104.61	64
104.611	62
104.612	60
104.658	64
104.659	62
104.66	60
104.661	59
104.707	57
104.708	56
104.709	55
104.71	54
104.756	54
104.757	53
104.758	52
104.759	52
104.805	52
104.806	51
104.807	51
104.808	51
104.855	51
104.856	50
104.857	50
104.858	50
104.907	50
104.908	50
104.909	51
104.91	51
104.959	51
104.96	51
104.961	51
104.962	51
105.009	51
105.01	51
105.011	50
105.012	50
105.054	55
105.055	54
105.056	53
105.057	52
105.1	57
105.101	55
105.102	54
105.103	53
105.146	58
105.147	56
105.148	55
105.149	54
105.192	58
105.193	57
105.194	56
105.195	55
105.239	59
105.24	58
105.241	56
105.242	55
105.286	60
105.287	58
105.288	57
105.289	55
105.333	60
105.334	58
105.335	57
105.336	56
105.383	60
105.384	59
105.385	58
105.386	57
105.435	63
105.436	61
105.437	60
105.438	59
105.487	64
105.488	63
105.489	61
105.49	60
105.537	65
105.538	63
105.539	62
105.54	61
105.583	65
105.584	62
105.585	60
105.586	59
105.631	63
105.632	61
105.633	59
105.634	58
105.68	62
105.681	61
105.682	59
105.683	58
105.729	63
105.73	61
105.731	59
105.732	58
105.778	62
105.779	61
105.78	59
105.781	58
105.828	63
105.829	61
105.83	60
105.831	59
105.878	63
105.879	62
105.88	60
105.881	59
105.927	64
105.928	62
105.93	61
105.931	59
105.978	64
105.979	62
105.98	61
105.981	60
106.029	65
106.03	63
106.031	62
106.033	61
106.081	65
106.082	64
106.083	62
106.084	61
106.132	66
106.133	64
106.134	62
106.135	61
106.181	65
106.182	63
106.183	61
106.184	60
106.229	64
106.23	62
106.231	60
106.232	59
106.279	64
106.28	62
106.281	60
106.282	59
106.329	64
106.33	62
106.331	61
106.332	59
106.379	64
106.38	63
106.381	61
106.382	60
106.431	65
106.432	63
106.433	62
106.434	61
106.483	66
106.484	64
106.485	62
106.486	61
106.535	66
106.536	64
106.537	63
106.538	61
106.581	66
106.582	63
106.583	61
106.584	60
106.628	64
106.629	62
106.63	60
106.631	58
106.675	62
106.676	60
106.677	59
106.678	57
106.723	62
106.724	60
106.725	59
106.726	57
106.773	62
106.774	60
106.775	59
106.776	58
106.822	62
106.823	61
106.824	59
106.825	58
106.872	63
106.873	62
106.874	60
106.875	59
106.923	64
106.924	62
106.925	61
106.926	60
106.974	65
106.975	63
106.976	62
106.977	60
107.026	65
107.027	64
107.028	62
107.029	61
107.077	66
107.078	64
107.079	62
107.08	61
107.128	66
107.129	64
107.13	62
107.131	61
107.176	65
107.177	63
107.178	61
107.179	60
107.226	64
107.227	63
107.228	61
107.23	60
107.275	64
107.276	62
107.277	61
107.278	59
107.325	64
107.326	62
107.327	60
107.328	59
107.375	64
107.376	62
107.377	61
107.378	59
107.425	64
107.426	62
107.427	61
107.428	60
107.477	65
107.576	62
107.577	60
107.623	64
107.624	62
107.625	60
107.671	59
107.672	58
107.673	56
107.72	55
107.721	55
107.722	54
107.771	53
107.772	53
107.773	53
107.822	52
107.823	52
107.824	52
107.872	52
107.873	51
107.875	51
107.924	51
107.925	51
107.927	52
107.975	58
107.976	57
107.977	56
108.021	61
108.022	59
108.023	58
108.064	61
108.065	59
108.066	57
108.108	60
108.109	58
108.11	57
108.151	60
108.152	58
108.153	56
108.154	55
108.196	53
108.197	52
108.198	51
108.199	50
108.242	50
108.243	49
108.244	49
108.245	48
108.29	48
108.291	48
108.292	48
108.293	48
108.34	48
108.341	49
108.343	49
108.344	49
108.392	49
108.393	49
108.394	50
108.396	50
108.442	50
108.443	50
108.444	50
108.445	50
108.487	49
108.488	48
108.489	48
108.49	47
108.531	47
108.532	47
108.533	46
108.534	46
108.575	51
108.576	50
108.577	50
108.578	49
108.621	54
108.622	53
108.623	52
108.624	51
108.668	56
108.669	55
108.67	54
108.671	53
108.715	58
108.716	56
108.717	55
108.718	55
108.762	59
108.763	58
108.764	57
108.765	56
108.809	60
108.811	58
108.812	57
108.813	56
108.858	60
108.859	59
108.86	58
108.861	57
108.909	62
108.91	60
108.911	59
108.912	58
108.961	63
108.962	62
108.963	61
108.964	59
109.013	64
109.014	63
109.015	62
109.016	61
109.064	66
109.065	64
109.066	62
109.067	61
109.114	66
109.115	64
109.116	62
109.117	61
109.164	65
109.165	63
109.166	62
109.167	60
109.214	65
109.215	63
109.217	62
109.218	60
109.265	65
109.266	63
109.267	62
109.269	60
109.317	65
109.318	63
109.319	62
109.32	61
109.368	66
109.369	64
109.37	63
109.371	61
109.42	66
109.421	64
109.422	63
109.423	62
109.472	66
109.473	64
109.474	63
109.475	61
109.522	66
109.523	64
109.524	63
109.525	61
109.571	66
109.572	63
109.573	62
109.574	60
109.621	64
109.622	63
109.623	61
109.624	60
109.672	65
109.673	63
109.674	62
109.675	60
109.723	65
109.724	64
109.725	62
109.727	61
109.775	66
109.776	64
109.777	62
109.778	61
109.826	66
109.827	64
109.828	63
109.83	61
109.878	66
109.879	64
109.88	63
109.881	61
109.929	66
109.93	64
109.931	63
109.932	62
109.981	66
109.982	65
110.077	62
110.078	60
110.123	64
110.124	62
110.125	60
110.169	58
110.17	57
110.171	55
110.217	54
110.218	53
110.219	52
110.264	52
110.265	51
110.266	50
110.312	50
110.313	50
110.314	49
110.36	49
110.361	49
110.362	49
110.409	49
110.41	49
110.412	49
110.459	55
110.46	54
110.461	54
110.509	59
110.51	58
110.511	57
110.56	62
110.561	61
110.562	60
110.611	65
110.612	63
110.613	62
110.662	66
110.663	64
110.664	63
110.665	61
110.714	60
110.715	59
110.716	58
110.717	58
110.766	57
110.767	56
110.768	56
110.769	55
110.817	54
110.818	54
110.819	53
110.82	53
110.864	52
110.865	51
110.866	51
110.867	50
110.911	50
110.912	49
110.913	49
110.914	49
110.958	49
110.959	48
110.96	48
110.961	48
111.004	47
111.005	47
111.006	47
111.007	47
111.051	47
111.052	47
111.053	47
111.054	47
111.101	53
111.102	53
111.103	52
111.104	52
111.152	57
111.153	57
111.154	56
111.155	55
111.203	61
111.204	60
111.205	59
111.206	58
111.256	63
111.353	61
111.354	60
111.401	64
111.402	62
111.45	66
111.451	64
111.5	68
111.501	66
111.502	64
111.552	62
111.553	61
111.554	60
111.604	59
111.605	58
111.606	57
111.654	56
111.655	55
111.656	55
111.7	54
111.701	53
111.703	52
111.749	57
111.75	56
111.751	55
111.796	60
111.797	58
111.798	57
111.844	61
111.845	60
111.846	58
111.892	63
111.893	61
111.894	60
111.943	64
111.944	63
111.945	61
111.946	60
111.996	59
112.092	57
112.093	56
112.139	60
112.14	59
112.187	63
112.188	61
112.237	66
112.238	64
112.29	68
112.434	71
112.478	73
112.479	69
112.524	67
112.525	64
112.57	62
112.571	60
112.617	58
112.618	57
112.664	55
112.665	54
112.712	53
112.713	52
112.761	52
112.762	52
112.811	51
112.812	51
112.862	51
112.863	51
112.913	51
112.914	51
112.964	51
112.965	51
113.017	51
113.018	51
113.066	51
113.067	50
113.113	50
113.114	50
113.16	49
113.161	49
113.206	49
113.207	48
113.253	48
113.254	48
113.3	48
113.301	48
113.349	48
113.35	48
113.399	48
113.4	48
113.448	48
113.449	48
113.498	48
113.499	48
113.549	49
113.55	49
113.601	49
113.602	49
113.652	50
113.653	50
113.702	50
113.703	50
113.752	50
113.753	50
113.803	50
113.804	50
113.853	50
113.854	50
113.905	50
113.906	50
113.953	50
113.954	50
114.003	50
114.004	49
114.05	49
114.052	49
114.099	49
114.1	49
114.148	49
114.149	49
114.198	49
114.199	49
114.25	49
114.251	49
114.302	50
114.303	50
114.354	50
114.355	50
114.404	50
114.405	50
114.454	50
114.455	50
114.503	50
114.504	50
114.552	49
114.553	49
114.602	49
114.604	50
114.653	50
114.654	50
114.705	50
114.706	50
114.757	50
114.758	50
114.809	51
114.81	51
114.858	50
114.859	50
114.903	49
114.904	49
114.949	48
114.95	48
114.996	48
114.997	47
115.044	48
115.045	48
115.092	48
115.093	48
115.141	48
115.142	48
115.19	48
115.191	48
115.24	48
115.241	48
115.29	49
115.292	49
115.341	49
115.342	49
115.392	49
115.393	50
115.443	50
115.444	50
115.494	50
115.495	50
115.546	56
115.547	56
115.591	61
115.592	59
115.637	63
115.638	61
115.681	64
115.682	62
115.727	65
115.728	63
115.773	66
115.774	64
115.82	67
115.822	65
115.867	68
115.868	66
115.869	63
115.916	61
115.917	60
115.918	58
115.965	57
115.967	56
115.968	55
116.017	55
116.019	54
116.02	54
116.069	54
116.07	53
116.072	53
116.121	53
116.122	53
116.123	53
116.17	58
116.171	57
116.172	56
116.219	61
116.22	60
116.221	58
116.266	63
116.267	61
116.268	59
116.269	58
116.317	57
116.318	56
116.319	55
116.32	55
116.368	54
116.369	54
116.37	53
116.371	53
116.42	53
116.421	53
116.422	52
116.423	52
116.47	52
116.471	52
116.472	52
116.473	51
116.519	57
116.52	56
116.521	55
116.522	55
116.567	60
116.568	59
116.569	57
116.57	56
116.617	61
116.618	60
116.619	59
116.62	58
116.621	57
116.67	56
116.768	61
116.769	59
116.77	58
116.814	56
116.815	55
116.816	54
116.86	53
116.861	52
116.862	51
116.907	50
116.908	50
116.909	50
116.948	54
116.949	52
116.95	51
116.987	54
116.989	53
116.99	51
117.028	54
117.029	53
117.03	51
117.069	55
117.07	53
117.071	52
117.11	55
117.111	53
117.112	52
117.113	51
117.152	50
117.154	49
117.155	48
117.156	47
117.195	46
117.196	46
117.197	46
117.198	45
117.238	45
117.239	44
117.24	44
117.241	44
117.28	43
117.281	43
117.282	43
117.283	43
117.322	43
117.323	43
117.324	43
117.325	43
117.365	43
117.366	43
117.367	43
117.368	43
117.409	48
117.41	47
117.411	47
117.412	47
117.453	51
117.455	51
117.456	50
117.457	49
117.498	54
117.499	53
117.5	52
117.501	51
117.542	56
117.543	54
117.544	53
117.545	52
117.587	56
117.588	55
117.59	54
117.591	53
117.634	57
117.635	56
117.636	55
117.637	54
117.68	58
117.681	56
117.682	55
117.683	54
117.727	59
117.728	57
117.729	56
117.73	55
117.731	54
117.774	53
117.776	52
117.777	52
117.778	51
117.779	51
117.823	50
117.824	50
117.825	50
117.826	49
117.827	49
117.872	49
117.873	49
117.874	49
117.875	49
117.876	49
117.922	49
117.923	49
117.924	49
117.925	49
117.926	49
117.971	49
117.972	49
117.973	49
117.974	49
117.975	49
118.021	49
118.022	49
118.023	49
118.025	49
118.026	49
118.073	50
118.074	50
118.075	50
118.077	50
118.078	50
118.125	50
118.126	50
118.127	50
118.128	50
118.129	51
118.177	51
118.178	51
118.179	51
118.18	51
118.181	51
118.224	50
118.225	50
118.226	50
118.227	50
118.228	49
118.271	49
118.272	48
118.273	48
118.274	48
118.275	48
118.318	48
118.319	48
118.32	48
118.321	48
118.322	47
118.366	47
118.367	47
118.369	47
118.37	47
118.371	47
118.416	48
118.417	48
118.418	48
118.419	48
118.42	48
118.466	48
118.467	49
118.468	49
118.469	49
118.47	49
118.517	49
118.518	49
118.519	49
118.52	49
118.521	49
118.567	49
118.568	50
118.569	50
118.57	50
118.571	50
118.619	50
118.62	50
118.621	50
118.622	50
118.623	50
118.666	50
118.667	49
118.668	49
118.669	49
118.67	49
118.712	48
118.713	48
118.714	48
118.715	48
118.716	47
118.757	47
118.758	47
118.759	46
118.76	46
118.761	46
118.798	45
118.799	45
118.8	44
118.801	44
118.802	43
118.84	43
118.841	43
118.842	42
118.843	42
118.844	42
118.881	42
118.882	42
118.883	42
118.884	42
118.886	42
118.922	42
118.923	41
118.924	41
118.925	41
118.926	41
118.964	41
118.965	41
118.966	41
118.967	41
118.968	41
119.005	41
119.006	41
119.007	41
119.008	41
119.009	41
119.048	41
119.049	41
119.05	42
119.052	42
119.053	42
119.094	42
119.095	43
119.096	43
119.097	43
119.098	43
119.139	44
119.14	44
119.141	44
119.142	44
119.143	44
119.182	44
119.183	44
119.184	43
119.185	43
119.186	43
119.223	43
119.224	43
119.225	43
119.226	42
119.227	42
119.266	42
119.267	42
119.268	42
119.269	42
119.27	42
119.307	42
119.507	67
119.543	63
