10.0342	34
10.0753	34
10.3628	39
10.3976	43
10.4329	46
10.4713	49
10.4724	48
10.5072	47
10.5082	45
10.5466	44
10.5476	44
10.5828	43
10.5839	42
10.6212	46
10.6222	45
10.6606	49
10.6616	48
10.7042	52
10.7052	51
10.7063	50
10.7514	50
10.7525	49
10.7535	49
10.8019	49
10.8029	49
10.804	49
10.8544	50
10.941	48
10.9421	47
10.9788	46
10.9799	45
11.0182	44
11.0193	43
11.0576	43
11.0587	42
11.0981	42
11.0991	42
11.1391	42
11.1401	42
11.1827	42
11.1837	42
11.2273	42
11.2284	42
11.2762	43
11.2772	44
11.325	51
11.3261	50
11.3728	56
11.3739	55
11.4206	60
11.4217	58
11.47	63
11.4711	61
11.5215	66
11.5226	64
11.5735	69
11.5745	67
11.6207	71
11.6218	68
11.6659	71
11.6669	68
11.7105	70
11.7116	67
11.7552	70
11.7563	67
11.8009	69
11.802	66
11.8461	69
11.8471	66
11.8907	69
11.8918	66
11.9354	69
11.9364	66
11.9816	69
11.9827	66
12.0294	69
12.0305	67
12.0778	70
12.0788	68
12.1266	71
12.1277	68
12.176	72
12.177	69
12.2254	73
12.2264	70
12.2758	73
12.2769	71
12.3268	74
12.3278	71
12.3782	75
12.3792	72
12.4265	76
12.4276	72
12.4743	75
12.4754	72
12.5216	74
12.5227	71
12.5689	74
12.5699	70
12.6172	73
12.6183	70
12.6666	74
12.6677	71
12.716	74
12.717	71
12.7659	74
12.7669	71
12.8168	75
12.8179	72
12.8673	75
12.8683	72
12.9177	76
12.9188	73
12.9681	76
12.9692	73
13.0186	76
13.0196	73
13.0695	76
13.0706	73
13.1215	77
13.1226	74
13.2696	71
13.318	74
13.3668	77
13.4167	79
13.4661	82
13.5155	84
13.5165	80
13.5664	76
13.5675	73
13.6169	70
13.6179	67
13.6673	65
13.6684	63
13.7177	62
13.7188	60
13.7682	59
13.7692	58
13.8191	57
13.8202	56
13.8706	55
13.8717	55
13.922	61
13.9231	60
13.9735	65
13.9746	63
14.0229	68
14.0239	65
14.0744	70
14.0754	68
14.1259	72
14.1269	69
14.1778	73
14.1789	71
14.2293	75
14.2303	72
14.2786	75
14.2797	72
14.3291	75
14.3301	72
14.3816	76
14.5318	79
14.5833	82
14.6353	84
14.7765	85
14.8222	86
14.8679	86
14.9179	87
14.9704	89
15.1736	91
15.2246	92
15.2734	93
15.3238	94
15.3753	95
15.4273	96
15.4756	96
15.5244	96
15.5743	97
15.6248	97
15.6773	98
15.8764	98
15.9273	99
15.9788	99
16.0307	99
16.0785	99
16.1242	99
16.1684	98
16.213	96
16.2582	96
16.3039	95
16.3501	94
16.3979	94
16.4463	94
16.4951	95
16.5445	95
16.5939	95
16.6433	96
16.6937	96
16.7441	97
16.7935	97
16.8429	97
16.8928	97
16.9438	98
16.9957	98
17.0467	99
17.0955	99
17.1444	99
17.1937	99
17.2431	99
17.293	99
17.3435	99
17.3939	99
17.4443	99
17.4958	99
17.5473	100
17.5951	100
17.6429	99
17.6896	98
17.7374	98
17.7863	98
17.8346	98
17.8835	97
17.9328	97
17.9833	98
18.0352	98
18.0846	99
18.1324	98
18.1807	98
18.2296	98
18.2795	98
18.331	98
18.3819	99
18.4324	99
18.4838	99
18.5348	100
18.5868	100
18.7753	94
18.8247	94
18.8762	95
18.9271	96
18.976	96
19.0248	96
19.0753	97
19.1272	97
19.1797	98
19.3625	97
19.4108	97
19.4613	97
19.5127	98
19.5647	98
19.6151	99
19.6613	99
19.706	97
19.707	91
19.7501	85
19.7511	80
19.7942	75
19.7953	71
19.8399	68
19.841	65
19.8872	63
19.8883	61
19.9371	60
19.9382	58
19.9865	57
19.9875	56
20.0364	55
20.0375	54
20.0879	54
20.0889	54
20.1404	53
20.1414	53
20.1924	53
20.1934	53
20.2417	52
20.2428	52
20.2911	52
20.2921	51
20.3405	51
20.3415	51
20.3909	50
20.392	50
20.4413	50
20.4424	50
20.4918	50
20.4928	50
20.5427	50
20.5438	50
20.5947	50
20.5958	51
20.6467	51
20.6478	51
20.6986	51
20.6997	51
20.7475	51
20.7486	50
20.7927	50
20.7937	49
20.8389	49
20.84	48
20.8867	48
20.8878	48
20.934	48
20.935	48
20.9823	48
20.9834	48
21.0322	48
21.0333	48
21.0816	48
21.0827	48
21.131	48
21.132	48
21.1809	49
21.182	49
21.2303	49
21.2313	49
21.2802	49
21.2812	49
21.3311	49
21.3322	49
21.3826	49
21.3837	50
21.4336	50
21.4346	50
21.4851	50
21.4861	50
21.5366	50
21.5376	50
21.5885	50
21.5896	51
21.6405	51
21.6415	51
21.6904	51
21.6914	50
21.7387	50
21.7398	50
21.7876	50
21.7886	49
21.8359	49
21.8369	49
21.8842	49
21.8853	49
21.9331	49
21.9341	49
21.9819	49
21.983	48
22.0324	49
22.0334	49
22.0828	49
22.0838	49
22.1338	49
22.1348	49
22.1847	50
22.1858	50
22.2362	50
22.2372	50
22.2877	50
22.2887	50
22.3396	57
22.3407	56
22.3911	62
22.3921	61
22.4362	65
22.4373	63
22.4809	66
22.482	63
22.5277	66
22.5287	64
22.5744	68
22.5755	65
22.6217	68
22.6227	66
22.669	69
22.67	67
22.7163	70
22.7173	67
22.7646	71
22.7656	68
22.7667	65
22.8145	63
22.8155	62
22.8166	60
22.8654	59
22.8665	58
22.8675	57
22.9174	56
22.9185	56
22.9195	55
22.9689	55
22.9699	54
22.971	54
23.0198	53
23.0209	53
23.0219	53
23.0676	58
23.0687	57
23.0697	56
23.1154	61
23.1165	59
23.1175	58
23.1648	62
23.1659	61
23.1669	59
23.2158	64
23.2168	63
23.2179	61
23.2189	60
23.2672	59
23.2683	58
23.2693	57
23.2704	56
23.3165	55
23.3176	55
23.3186	54
23.3197	53
23.3654	53
23.3664	52
23.3675	52
23.3685	52
23.4148	57
23.4158	56
23.4169	55
23.4179	54
23.4652	60
23.4663	59
23.4673	58
23.4684	57
23.5162	62
23.5172	61
23.5183	60
23.5193	59
23.5204	58
23.5686	57
23.5697	56
23.5707	56
23.5718	55
23.5728	55
23.6195	54
23.6206	54
23.6216	53
23.6227	53
23.6237	53
23.6668	52
23.6679	51
23.6689	51
23.67	50
23.671	50
23.7125	55
23.7136	54
23.7146	53
23.7157	52
23.7167	51
23.7572	56
23.7582	54
23.7593	53
23.7603	52
23.7614	51
23.7624	51
23.8039	50
23.805	50
23.806	49
23.8071	49
23.8081	49
23.8092	48
23.8507	48
23.8517	48
23.8528	48
23.8538	47
23.8549	47
23.8559	47
23.8974	47
23.8985	47
23.8995	47
23.9006	47
23.9016	47
23.9027	47
23.9458	52
23.9468	52
23.9479	52
23.9489	51
23.95	51
23.951	51
23.9962	56
23.9972	55
23.9983	55
23.9993	55
24.0004	54
24.0014	54
24.0025	53
24.0487	53
24.0497	53
24.0508	53
24.0518	53
24.0529	52
24.0545	52
24.15	52
24.1511	51
24.1521	51
24.1532	50
24.1941	49
24.1952	49
24.1962	48
24.1973	48
24.1983	47
24.2393	47
24.2404	47
24.2414	46
24.2425	46
24.2435	46
24.285	46
24.2861	46
24.2871	46
24.2882	46
24.2892	46
24.3318	46
24.3328	46
24.3339	46
24.3349	46
24.336	46
24.377	51
24.378	51
24.3791	50
24.3801	50
24.3812	49
24.4232	54
24.4242	53
24.4253	52
24.4263	52
24.4274	51
24.4699	56
24.471	54
24.472	54
24.4731	53
24.4741	52
24.4752	52
24.5193	51
24.5204	51
24.5214	51
24.5225	50
24.5235	50
24.5246	50
24.5708	50
24.5719	50
24.5729	50
24.574	50
24.575	50
24.5761	51
24.6228	51
24.6238	51
24.6249	51
24.6259	51
24.627	51
24.628	51
24.6742	51
24.6753	51
24.6763	51
24.6774	51
24.6784	52
24.6795	52
24.7236	57
24.7246	56
24.7257	55
24.7267	55
24.7278	54
24.7288	53
24.7703	58
24.7714	57
24.7724	56
24.7735	55
24.7745	54
24.7756	53
24.816	57
24.8171	56
24.8181	55
24.8192	54
24.8202	53
24.8213	52
24.8612	56
24.8623	55
24.8633	54
24.8644	53
24.8654	52
24.8665	51
24.9074	55
24.9085	54
24.9095	53
24.9106	52
24.9116	52
24.9127	51
24.9542	56
24.9552	55
24.9563	54
24.9573	53
24.9584	52
24.9595	52
24.9605	51
25.0031	51
25.0041	51
25.0052	50
25.0062	50
25.0073	50
25.0083	50
25.0094	50
25.053	49
25.054	49
25.0551	49
25.0561	49
25.0572	49
25.0582	49
25.0593	49
25.1039	50
25.105	50
25.106	50
25.1071	50
25.1081	50
25.1092	50
25.1102	50
25.1559	50
25.157	50
25.158	51
25.1591	51
25.1601	51
25.1612	51
25.1622	51
25.2074	51
25.2084	51
25.2095	51
25.2105	51
25.2116	51
25.2126	51
25.2137	51
25.2578	51
25.2588	50
25.2599	50
25.2609	50
25.262	50
25.263	50
25.2641	50
25.3087	50
25.3098	50
25.3108	51
25.3119	51
25.3129	51
25.314	51
25.3151	51
25.3602	57
25.3613	56
25.3623	56
25.3634	55
25.3644	55
25.3655	55
25.3665	54
25.4117	59
25.4127	58
25.4138	58
25.4148	57
25.4159	56
25.4169	56
25.418	55
25.4637	60
25.5167	59
25.5177	57
25.5613	56
25.5624	55
25.5634	54
25.5645	53
25.5655	52
25.6076	52
25.6086	51
25.6097	50
25.6107	50
25.6118	49
25.6538	49
25.6548	48
25.6559	48
25.6569	48
25.658	47
25.7005	47
25.7016	47
25.7026	47
25.7037	47
25.7047	47
25.7478	53
25.7489	52
25.7499	51
25.751	51
25.752	51
25.7956	56
25.7967	55
25.7977	54
25.7988	53
25.7998	53
25.8445	58
25.8455	57
25.8466	56
25.8476	55
25.8487	54
25.8497	54
25.8954	53
25.8965	53
25.8975	53
25.8986	52
25.8996	52
25.9007	52
25.9464	52
25.9475	52
25.9485	51
25.9496	51
25.9506	51
25.9517	51
25.9979	51
25.9989	51
26	51
26.001	51
26.0021	51
26.0031	51
26.0499	51
26.0509	51
26.052	51
26.053	52
26.0541	52
26.0551	52
26.0997	57
26.1008	57
26.1018	56
26.1029	55
26.1039	54
26.105	54
26.1486	59
26.1496	57
26.1507	56
26.1517	56
26.1528	55
26.1538	54
26.1953	59
26.1964	57
26.1974	56
26.1985	55
26.1995	54
26.2006	53
26.2421	58
26.2431	56
26.2442	55
26.2452	54
26.2463	53
26.2473	53
26.2904	57
26.2915	56
26.2925	55
26.2936	54
26.2946	54
26.2957	53
26.2967	52
26.3388	52
26.3398	51
26.3409	51
26.3419	50
26.343	50
26.344	50
26.3451	50
26.3871	50
26.3881	49
26.3892	49
26.3902	49
26.3913	49
26.3923	49
26.3934	49
26.4359	49
26.437	48
26.438	48
26.4391	48
26.4401	48
26.4412	48
26.4422	48
26.4869	49
26.4879	49
26.489	49
26.49	49
26.4911	49
26.4921	50
26.4932	50
26.5399	50
26.5924	50
26.5934	49
26.637	49
26.6381	49
26.6391	49
26.6402	49
26.6838	54
26.6848	53
26.6859	52
26.6869	51
26.7316	56
26.7327	55
26.7337	54
26.7348	54
26.7789	58
26.7799	57
26.781	56
26.782	55
26.8283	60
26.8293	59
26.8304	58
26.8314	57
26.8776	61
26.8787	60
26.8797	59
26.8808	57
26.8818	56
26.9286	56
26.9297	55
26.9307	55
26.9318	54
26.9328	54
26.9806	53
26.9816	53
26.9827	53
26.9837	53
26.9848	53
27.032	52
27.0331	52
27.0341	52
27.0352	52
27.0362	52
27.0824	52
27.0835	51
27.0845	51
27.0856	51
27.0867	51
27.1334	51
27.1345	51
27.1355	51
27.1366	51
27.1376	51
27.1833	51
27.1844	50
27.1854	50
27.1865	50
27.1875	50
27.2327	50
27.2337	50
27.2348	50
27.2358	50
27.2369	50
27.2831	55
27.2842	55
27.2852	55
27.2863	54
27.2873	54
27.3341	59
27.3351	58
27.3362	57
27.3372	57
27.3383	56
27.386	61
27.3871	60
27.3881	59
27.3892	58
27.3902	58
27.437	63
27.438	61
27.4391	60
27.4401	59
27.4412	58
27.4874	63
27.4885	61
27.4895	60
27.4906	59
27.4916	58
27.5399	63
27.6397	67
27.6408	65
27.6418	63
27.6896	67
27.6907	65
27.6917	63
27.6928	62
27.7406	60
27.7416	59
27.7427	58
27.7437	57
27.7925	56
27.7936	56
27.7946	55
27.7957	55
27.8445	54
27.8456	54
27.8466	54
27.8477	53
27.8949	53
27.896	52
27.897	52
27.8981	52
27.9396	51
27.9406	50
27.9417	49
27.9427	49
27.9837	48
27.9847	48
27.9858	47
27.9868	47
28.0283	52
28.0294	51
28.0305	50
28.0315	50
28.0746	54
28.0756	53
28.0767	53
28.0777	52
28.1213	56
28.1224	55
28.1234	54
28.1245	54
28.1697	58
28.1707	57
28.1718	56
28.1728	55
28.218	60
28.219	58
28.2201	57
28.2211	56
28.2222	55
28.2674	55
28.2684	54
28.2695	53
28.2705	53
28.2716	52
28.3178	52
28.3189	52
28.3199	51
28.321	51
28.322	51
28.3693	51
28.3703	51
28.3714	51
28.3724	51
28.3735	51
28.4212	51
28.4223	51
28.4233	51
28.4244	51
28.4255	51
28.4717	51
28.4727	51
28.4738	51
28.4748	51
28.4759	50
28.5221	50
28.5231	50
28.5242	50
28.5252	50
28.5263	50
28.574	51
28.5751	51
28.5761	51
28.5772	51
28.5782	51
28.6224	57
28.6234	56
28.6245	55
28.6255	54
28.6266	53
28.6686	58
28.6696	57
28.6707	55
28.6717	54
28.6728	53
28.7148	57
28.7159	56
28.7169	55
28.718	54
28.719	53
28.7621	58
28.7631	56
28.7642	55
28.7652	55
28.7663	54
28.8094	58
28.8104	57
28.8115	56
28.8125	55
28.8136	54
28.8582	59
28.8593	57
28.8603	56
28.8614	56
28.8624	55
28.9076	60
28.9087	58
28.9097	57
28.9108	56
28.9118	55
28.958	60
28.9591	59
28.9601	58
28.9612	57
28.9622	57
29.009	62
29.01	60
29.0111	59
29.0121	58
29.0132	57
29.061	62
29.062	61
29.0631	60
29.0641	59
29.0652	58
29.1124	63
29.1135	62
29.1145	61
29.1156	60
29.1166	59
29.1602	63
29.1613	61
29.1623	60
29.1634	58
29.1644	57
29.2085	61
29.2096	60
29.2106	58
29.2117	57
29.2128	56
29.2564	60
29.2574	59
29.2585	58
29.2595	57
29.2606	56
29.3052	60
29.3063	59
29.3073	58
29.3084	57
29.3094	56
29.3562	61
29.3572	60
29.3583	59
29.3593	58
29.3604	57
29.4055	62
29.4066	60
29.4076	59
29.4087	58
29.4097	57
29.4555	61
29.4565	60
29.4576	59
29.4586	58
29.4597	57
29.5069	62
29.508	61
29.509	60
29.5101	59
29.5111	58
29.5589	63
29.5599	62
29.561	61
29.562	60
29.5631	59
29.6088	63
29.6099	62
29.6109	60
29.612	59
29.613	58
29.6577	62
29.6587	61
29.6598	59
29.6608	58
29.6619	57
29.7065	62
29.7076	60
29.7086	59
29.7097	58
29.7107	57
29.7564	61
29.7575	60
29.7585	59
29.7596	58
29.7606	57
29.8079	62
29.809	61
29.81	60
29.8111	59
29.8121	58
29.8589	63
29.8599	61
29.861	60
29.862	59
29.8631	58
29.9103	63
29.9114	62
29.9124	61
29.9135	60
29.9145	59
29.9628	64
30.0532	66
30.0542	63
30.0553	61
30.0973	64
30.0983	61
30.0994	59
30.1425	63
30.1435	60
30.1446	59
30.1876	62
30.1887	60
30.1897	58
30.1908	57
30.2349	55
30.236	54
30.237	53
30.2381	53
30.2827	52
30.2838	51
30.2848	51
30.2859	50
30.3305	50
30.3316	50
30.3326	49
30.3337	49
30.3794	49
30.3804	49
30.3815	49
30.3825	49
30.4298	49
30.4309	49
30.4319	49
30.433	49
30.4813	56
30.4823	55
30.4834	55
30.4844	55
30.5332	60
30.6278	58
30.6288	57
30.6735	61
30.6745	59
30.6756	57
30.7208	56
30.7218	55
30.7229	54
30.7686	53
30.7696	52
30.7707	52
30.8169	51
30.8179	51
30.819	50
30.8663	50
30.8673	50
30.8684	50
30.9167	50
30.9178	50
30.9188	50
30.9687	50
30.9698	50
30.9708	50
31.0212	51
31.0222	51
31.0233	51
31.0689	51
31.07	50
31.071	50
31.1141	49
31.1152	49
31.1162	48
31.154	47
31.1551	46
31.1561	45
31.1955	45
31.1966	44
31.1976	44
31.237	49
31.2381	48
31.2391	47
31.2817	52
31.2827	51
31.2838	50
31.3284	55
31.3295	54
31.3305	53
31.3757	58
31.3768	57
31.3778	55
31.4256	60
31.4267	59
31.4277	58
31.4766	63
31.4776	62
31.4787	60
31.5275	65
31.5286	64
31.5296	62
31.579	67
31.5801	65
31.5811	63
31.631	68
31.632	66
31.7271	64
31.7728	61
31.7738	59
31.8211	58
31.8222	57
31.8694	56
31.8705	55
31.9183	54
31.9193	53
31.9687	53
31.9698	52
32.0186	58
32.0197	57
32.0701	63
32.0712	61
32.1216	66
32.1226	65
32.1725	69
32.1736	67
32.2214	71
32.2224	68
32.2235	66
32.2713	64
32.2723	62
32.2734	60
32.3227	59
32.3238	58
32.3248	57
32.3752	57
32.3763	56
32.3773	56
32.4251	55
32.4262	54
32.4272	54
32.4708	52
32.4719	51
32.4729	51
32.516	50
32.517	49
32.5181	49
32.5628	49
32.5638	48
32.5649	48
32.609	53
32.61	53
32.6111	52
32.6568	57
32.6578	56
32.6589	55
32.7062	60
32.7072	59
32.7083	58
32.755	62
32.7561	61
32.7571	59
32.8049	64
32.806	62
32.807	61
32.8564	65
32.8575	64
32.8585	62
32.9084	67
33.0076	65
33.0087	63
33.0565	61
33.0575	59
33.1074	58
33.1085	57
33.1589	56
33.16	56
33.2088	55
33.2099	54
33.2587	60
33.2598	59
33.3097	64
33.3107	62
33.3601	67
33.3612	65
33.4105	69
33.4116	67
33.462	71
33.4636	69
33.6143	66
33.6626	70
33.6636	68
33.7125	65
33.7136	63
33.7629	62
33.764	60
33.8139	59
33.8149	58
33.8654	57
33.8664	56
33.9169	56
33.9179	55
33.9688	55
33.9699	54
34.0187	54
34.0197	53
34.0665	52
34.0675	52
34.1127	51
34.1138	50
34.1589	50
34.16	49
34.2052	49
34.2062	49
34.2519	54
34.253	53
34.3003	58
34.3013	57
34.3491	62
34.3502	60
34.3985	65
34.3995	63
34.4484	67
34.4494	65
34.4988	69
34.4999	67
34.5498	71
34.5508	69
34.6013	73
34.6023	70
34.6533	74
34.6543	72
34.7036	75
34.7047	72
34.7546	75
34.7556	72
34.8029	76
34.804	72
34.8528	75
34.8539	72
34.9027	75
34.9038	72
34.9537	76
34.9547	73
35.0057	76
35.1542	79
35.1973	80
35.2404	81
35.2845	81
35.3297	82
35.377	83
35.378	79
35.4253	75
35.4264	72
35.4757	69
35.4768	67
35.5283	65
35.5293	63
35.5776	61
35.5787	60
35.6286	59
35.6296	58
35.6764	56
35.6774	55
35.7247	54
35.7258	54
35.7762	59
35.7772	58
35.8266	64
35.8276	62
35.8749	66
35.876	64
35.9211	68
35.9222	65
35.9684	69
35.9695	66
36.0162	69
36.0173	67
36.0651	70
36.0661	68
36.116	72
36.1171	69
36.1675	73
36.1685	70
36.2179	74
36.219	71
36.2694	75
36.2705	72
36.3214	76
36.4574	77
36.5021	79
36.5031	75
36.5472	71
36.5483	67
36.5924	65
36.5935	62
36.6381	60
36.6392	58
36.6849	57
36.6859	55
36.7332	54
36.7342	54
36.7836	53
36.7847	53
36.832	52
36.833	52
36.8803	51
36.8813	51
36.9291	50
36.9302	50
36.9785	50
36.9796	50
37.0279	50
37.029	50
37.0783	56
37.0794	55
37.1288	61
37.1298	59
37.1792	64
37.1803	63
37.2296	67
37.2307	65
37.2806	70
37.2816	67
37.3321	72
37.3331	69
37.3841	73
37.5364	76
37.5863	79
37.6356	82
37.685	84
37.7349	86
37.7854	87
37.7864	83
37.8384	79
37.9865	81
38.0359	83
38.0847	85
38.1346	87
38.1845	88
38.2344	90
38.2859	91
38.3374	92
38.3893	94
38.4382	95
38.4855	95
38.5343	95
38.5847	95
38.6362	96
38.6882	97
38.7391	98
38.7896	98
38.8395	98
38.8894	98
38.9403	99
38.9913	99
39.0428	99
39.0947	100
39.1441	100
39.1909	99
39.2376	99
39.2844	98
39.3327	97
39.3816	97
39.4309	97
39.4829	98
39.5349	98
39.7098	97
39.7544	96
39.8012	95
39.8479	95
39.8963	95
39.9451	95
39.9945	95
40.0444	96
40.0959	96
40.1479	97
40.3238	96
40.3685	95
40.4142	94
40.4615	94
40.5093	94
40.5581	94
40.608	95
40.659	96
40.7089	96
40.7604	97
40.8108	97
40.8618	98
40.9143	98
41.1012	98
41.1475	97
41.1937	96
41.241	96
41.2893	96
41.3382	96
41.3881	96
41.4375	97
41.4874	97
41.5388	97
41.5913	98
41.9296	98
41.98	98
42.0315	99
42.0835	99
42.2857	99
42.3382	100
42.5299	99
42.5777	99
42.625	98
42.6738	98
42.7221	98
42.771	98
42.8214	98
42.8719	98
42.9228	98
42.9748	99
43.0236	99
43.0704	99
43.1134	97
43.157	96
43.2012	95
43.2474	94
43.2926	94
43.3383	93
43.3845	93
43.4313	93
43.4791	93
43.5279	94
43.5768	94
43.6256	94
43.6267	89
43.675	84
43.6761	80
43.7249	76
43.726	72
43.7754	70
43.7764	67
43.8258	65
43.8268	63
43.8773	62
43.8783	60
43.9287	59
43.9298	58
43.9807	57
43.9818	56
44.0306	56
44.0316	55
44.081	54
44.0821	54
44.1309	53
44.132	53
44.1803	52
44.1813	52
44.2307	52
44.2318	51
44.2812	51
44.2822	51
44.3321	51
44.3332	51
44.3831	51
44.3841	51
44.4351	51
44.4361	51
44.487	51
44.4881	51
44.5353	51
44.5363	50
44.5805	50
44.5815	49
44.6235	48
44.6246	47
44.6682	47
44.6693	47
44.7144	47
44.7155	46
44.7607	46
44.7617	46
44.8058	46
44.8069	46
44.8515	46
44.8526	46
44.8983	46
44.8993	46
44.9466	46
44.9477	46
44.996	47
44.9971	47
45.0449	47
45.0459	47
45.0948	47
45.0958	48
45.1447	48
45.1457	48
45.1967	49
45.1977	49
45.2455	49
45.2465	49
45.2948	49
45.2959	49
45.34	48
45.3411	48
45.3863	48
45.3873	47
45.433	47
45.4341	47
45.4803	47
45.4813	47
45.5281	47
45.5291	47
45.577	47
45.578	47
45.6274	54
45.6284	53
45.6794	59
45.6804	58
45.7282	64
45.7292	62
45.7765	66
45.7776	64
45.8254	68
45.8264	66
45.8275	64
45.8753	62
45.8763	60
45.8774	59
45.9262	58
45.9273	57
45.9284	56
45.9782	56
45.9793	55
45.9803	55
46.0281	54
46.0292	54
46.0302	53
46.0764	58
46.0775	57
46.0785	56
46.1227	61
46.1237	59
46.1248	57
46.17	61
46.171	60
46.1721	58
46.1731	57
46.2188	56
46.2199	55
46.2209	54
46.222	53
46.2692	53
46.2703	53
46.2713	52
46.2724	52
46.3212	52
46.3223	52
46.3233	52
46.3244	52
46.3726	58
46.3737	57
46.3747	56
46.3758	56
46.4194	61
46.4204	59
46.4215	58
46.4225	56
46.4614	60
46.4625	58
46.4635	56
46.4646	54
46.4656	53
46.504	51
46.505	50
46.5061	49
46.5071	48
46.5082	48
46.5486	47
46.5497	47
46.5507	46
46.5518	46
46.5528	46
46.5959	46
46.597	46
46.598	46
46.5991	47
46.6001	47
46.6453	53
46.6463	52
46.6474	52
46.6484	52
46.6495	51
46.6957	57
46.6968	56
46.6978	55
46.6989	55
46.6999	54
46.701	54
46.7487	54
46.8028	53
46.8474	58
46.8485	57
46.8495	56
46.8506	55
46.8958	54
46.8968	53
46.8979	52
46.8989	52
46.9457	51
46.9467	51
46.9478	51
46.9488	51
46.994	50
46.9951	50
46.9961	50
46.9972	50
47.0434	56
47.0444	55
47.0455	54
47.0465	54
47.0949	59
47.0959	58
47.097	57
47.098	57
47.1463	62
47.1474	61
47.1485	60
47.1495	59
47.1978	64
47.1993	62
47.2976	61
47.2986	59
47.2997	58
47.347	57
47.348	56
47.3491	55
47.3979	55
47.399	54
47.4	54
47.4499	53
47.451	53
47.452	53
47.5019	53
47.5029	53
47.504	52
47.5523	52
47.5533	52
47.5544	52
47.6022	58
47.6032	57
47.6043	56
47.6515	61
47.6526	60
47.6536	58
47.7009	63
47.702	61
47.703	60
47.7508	65
47.7519	63
47.7529	61
47.8013	66
47.8023	64
47.8034	62
47.8527	67
47.8538	65
47.8548	63
47.9047	68
47.9058	66
47.9992	63
48.0003	61
48.0418	64
48.0428	61
48.0843	64
48.0854	61
48.1274	64
48.1284	62
48.171	65
48.1721	62
48.1731	60
48.2167	58
48.2178	56
48.2188	55
48.2619	54
48.2629	52
48.264	51
48.3081	51
48.3092	50
48.3102	50
48.357	49
48.358	49
48.3591	49
48.4069	49
48.4079	49
48.409	49
48.4578	49
48.4589	50
48.4599	50
48.5093	56
48.5103	56
48.5114	55
48.5576	61
48.5586	59
48.5597	58
48.6065	62
48.6075	61
48.6086	59
48.6564	64
48.6574	62
48.6585	61
48.7073	66
48.7084	64
48.7094	62
48.7588	67
48.7598	65
48.7609	63
48.8098	68
48.8108	66
48.8119	64
48.8129	62
48.8622	61
48.8633	60
48.8643	59
48.8654	58
48.91	57
48.9111	56
48.9121	55
48.9132	54
48.9589	53
48.9599	52
48.961	52
48.962	51
49.0083	51
49.0093	51
49.0104	51
49.0114	50
49.0582	50
49.0592	50
49.0603	50
49.0613	50
49.1096	50
49.1107	50
49.1117	50
49.1128	50
49.1601	50
49.1611	50
49.1622	50
49.1632	50
49.211	50
49.2121	50
49.2131	50
49.2142	50
49.262	50
49.263	50
49.2641	50
49.2651	50
49.314	51
49.315	51
49.3161	51
49.3171	51
49.3654	51
49.3665	51
49.3675	51
49.3686	51
49.4116	50
49.4127	50
49.4137	49
49.4148	49
49.4578	48
49.4589	48
49.4599	48
49.461	47
49.5035	47
49.5046	47
49.5056	47
49.5067	47
49.5498	46
49.5508	46
49.5519	46
49.5529	46
49.596	46
49.5971	46
49.5981	46
49.5992	46
49.6433	46
49.6443	46
49.6454	46
49.6464	46
49.6911	47
49.6921	47
49.6932	47
49.6942	47
49.7389	47
49.7399	47
49.741	47
49.742	47
49.7883	47
49.7893	47
49.7904	48
49.7914	48
49.8387	48
49.8398	48
49.8408	48
49.8419	49
49.8897	49
49.8907	49
49.8918	49
49.8928	49
49.9406	49
49.9417	50
49.9427	50
49.9438	50
49.9926	50
49.9937	50
49.9947	50
49.9958	51
50.0446	51
50.0456	51
50.0467	51
50.0477	51
50.0955	51
50.0965	51
50.0976	51
50.0986	51
50.1407	50
50.1417	49
50.1428	49
50.1438	48
50.1853	48
50.1864	47
50.1874	47
50.1885	47
50.23	46
50.231	46
50.2321	46
50.2331	46
50.2757	46
50.2767	46
50.2778	45
50.2788	45
50.3214	45
50.3224	45
50.3235	45
50.3245	45
50.3676	45
50.3686	45
50.3697	45
50.3707	45
50.4143	46
50.4154	46
50.4164	46
50.4175	46
50.4611	46
50.4622	46
50.4632	46
50.4643	46
50.5073	46
50.5084	46
50.5094	46
50.5105	46
50.5541	46
50.5551	46
50.5562	46
50.5572	46
50.6029	46
50.604	46
50.605	47
50.6061	47
50.6523	47
50.6534	48
50.6544	48
50.6555	48
50.7017	48
50.7028	48
50.7038	48
50.7049	48
50.7521	48
50.7532	49
50.7542	49
50.7553	49
50.8031	49
50.8041	49
50.8052	50
50.8062	50
50.855	56
50.8561	55
50.8571	55
50.8582	55
50.906	60
50.907	59
50.9081	58
50.9091	57
50.9569	62
50.958	61
50.959	60
50.9601	59
51.0063	63
51.0074	62
51.0084	60
51.0095	59
51.0568	64
51.0578	62
51.0589	61
51.0599	59
51.1082	64
51.1093	63
51.1103	61
51.1114	60
51.1602	65
51.1612	64
51.1623	62
51.1633	61
51.2101	66
51.2111	64
51.2122	62
51.2132	61
51.2589	65
51.26	63
51.261	61
51.2621	60
51.3083	64
51.3093	62
51.3104	61
51.3114	59
51.3582	64
51.3592	62
51.3603	61
51.3613	60
51.4097	64
51.4107	63
51.4118	61
51.4128	60
51.4616	65
51.4627	63
51.4637	62
51.4648	61
51.5131	66
51.5141	64
51.5152	63
51.5162	61
51.563	66
51.564	64
51.5651	62
51.5661	61
51.6139	65
51.615	64
51.616	62
51.6171	61
51.6659	65
51.667	64
51.668	63
51.6691	61
51.7179	66
51.719	64
51.72	63
51.7211	62
51.7693	66
51.7704	65
51.7714	63
51.7725	62
51.8161	66
51.8171	64
51.8182	62
51.8192	60
51.8613	63
51.8623	61
51.8634	59
51.8644	57
51.8655	56
51.9075	55
51.9085	54
51.9096	53
51.9106	52
51.9117	51
51.9553	50
51.9564	50
51.9574	50
51.9585	49
51.9595	49
52.0031	49
52.0042	49
52.0052	49
52.0063	49
52.0073	48
52.052	48
52.053	48
52.0541	48
52.0551	48
52.0562	48
52.1024	49
52.1034	49
52.1045	49
52.1055	49
52.1066	49
52.1544	55
52.1554	55
52.1565	55
52.1575	55
52.1586	54
52.2042	60
52.2053	59
52.2063	58
52.2074	57
52.2084	56
52.2526	61
52.2536	59
52.2547	58
52.2557	57
52.2568	56
52.3019	60
52.303	59
52.304	58
52.3051	57
52.3061	56
52.3072	55
52.3534	55
52.3545	54
52.3555	54
52.3566	54
52.3576	53
52.3587	53
52.4054	53
52.4064	53
52.4075	52
52.4085	52
52.4096	52
52.4106	52
52.4578	52
52.5119	52
52.5513	50
52.5524	49
52.5534	49
52.5545	48
52.5949	47
52.596	47
52.597	46
52.5981	46
52.6391	46
52.6401	46
52.6412	45
52.6422	45
52.6832	45
52.6842	45
52.6853	45
52.6863	45
52.7284	50
52.7294	49
52.7305	49
52.7315	48
52.7746	53
52.7756	52
52.7767	52
52.7778	51
52.8229	56
52.824	55
52.825	54
52.8261	54
52.8728	59
52.8739	58
52.8749	57
52.876	56
52.877	55
52.9238	55
52.9248	54
52.9259	54
52.9269	53
52.928	53
52.9758	53
52.9769	53
52.9779	52
52.979	52
52.98	52
53.0273	52
53.0283	52
53.0294	52
53.0304	52
53.0315	52
53.0792	52
53.169	56
53.1701	55
53.1711	54
53.21	57
53.2111	55
53.2121	54
53.2515	57
53.2526	55
53.2536	53
53.293	57
53.2941	55
53.2951	53
53.3356	57
53.3366	55
53.3377	54
53.3792	57
53.3802	56
53.3813	54
53.4244	58
53.4254	57
53.4265	55
53.4275	54
53.4706	53
53.4716	52
53.4727	51
53.4737	51
53.5173	50
53.5184	50
53.5194	49
53.5205	49
53.5636	48
53.5646	48
53.5657	48
53.5667	47
53.6109	47
53.6119	47
53.613	47
53.614	47
53.6597	47
53.6608	47
53.6618	48
53.6629	48
53.708	48
53.7091	48
53.7101	48
53.7112	48
53.7574	48
53.7585	48
53.7595	48
53.7606	49
53.8073	54
53.8084	54
53.8094	53
53.8105	53
53.8578	59
53.8588	58
53.8599	57
53.8609	56
53.9092	61
53.9103	60
53.9113	59
53.9124	58
53.9607	63
53.9618	62
53.9628	61
53.9639	60
54.0127	65
54.0137	63
54.0148	62
54.0158	61
54.0636	65
54.0647	64
54.0657	62
54.0668	61
54.1151	66
54.1161	64
54.1172	63
54.1182	61
54.1634	66
54.1645	64
54.1655	62
54.1666	60
54.2081	64
54.2091	61
54.2102	59
54.2112	58
54.2538	61
54.2548	59
54.2559	58
54.2569	56
54.2995	60
54.3005	58
54.3016	57
54.3026	56
54.3452	60
54.3462	58
54.3473	57
54.3483	55
54.3909	59
54.3919	58
54.393	56
54.394	55
54.4382	59
54.4392	58
54.4403	57
54.4413	56
54.486	60
54.487	59
54.4881	57
54.4891	56
54.5364	61
54.5374	60
54.5385	59
54.5395	58
54.5868	62
54.5879	61
54.5889	60
54.59	59
54.6383	64
54.6394	62
54.6404	61
54.6415	60
54.6902	65
54.6913	63
54.6923	62
54.6934	61
54.7359	65
54.737	63
54.738	61
54.7391	59
54.7785	62
54.7795	60
54.7806	58
54.7816	56
54.8216	59
54.8226	57
54.8237	55
54.8247	54
54.8641	57
54.8652	56
54.8662	54
54.8673	53
54.9093	57
54.9104	55
54.9114	54
54.9125	53
54.9545	57
54.9555	56
54.9566	54
54.9576	53
55.0012	58
55.0023	56
55.0033	55
55.0044	54
55.0496	59
55.0506	58
55.0517	57
55.0527	56
55.0989	60
55.1	59
55.101	58
55.1021	57
55.1494	62
55.1504	61
55.1515	59
55.1525	58
55.2003	63
55.2014	62
55.2024	60
55.2035	59
55.2523	64
55.2534	63
55.3563	61
55.3573	60
55.4072	65
55.4083	63
55.4093	62
55.4555	60
55.4565	59
55.4576	57
55.4991	55
55.5002	54
55.5012	53
55.5432	51
55.5443	50
55.5453	50
55.5884	49
55.5895	48
55.5905	48
55.6346	48
55.6357	47
55.6367	47
55.6803	47
55.6814	47
55.6824	47
55.7266	52
55.7276	51
55.7287	51
55.7728	56
55.7738	54
55.7749	53
55.819	58
55.8201	57
55.8211	56
55.8668	60
55.8679	59
55.8689	57
55.9173	62
55.9183	61
55.9194	59
55.9687	64
55.9703	63
56.0732	62
56.0742	60
56.121	65
56.122	63
56.1667	66
56.1677	64
56.2119	67
56.2129	64
56.2576	67
56.2586	65
56.3033	68
56.3043	65
56.3495	68
56.3505	66
56.3973	69
56.3983	67
56.3994	64
56.4483	63
56.4493	61
56.4504	60
56.5002	59
56.5012	58
56.5023	57
56.5506	56
56.5517	55
56.5527	55
56.5984	54
56.5995	53
56.6005	52
56.6452	51
56.6462	51
56.6473	50
56.6951	50
56.6961	50
56.6972	50
56.746	50
56.7471	50
56.7481	50
56.797	50
56.798	50
56.7991	50
56.8474	50
56.8485	50
56.8495	50
56.8989	50
56.9	50
56.901	50
56.9508	50
56.9519	51
56.9529	51
56.9966	50
56.9976	49
56.9987	49
57.0423	48
57.0433	48
57.0444	48
57.0885	48
57.0895	47
57.0906	47
57.1352	47
57.1363	47
57.1373	47
57.1841	47
57.1851	47
57.1862	47
57.234	48
57.2351	48
57.2361	48
57.2834	48
57.2844	48
57.2855	48
57.3322	48
57.3333	48
57.3343	48
57.3821	48
57.3832	49
57.3842	49
57.4331	49
57.4342	49
57.4352	49
57.4846	49
57.4856	50
57.4867	50
57.5365	50
57.5376	50
57.5386	50
57.5885	50
57.5896	51
57.5906	51
57.6389	51
57.6399	50
57.641	50
57.6862	50
57.6872	50
57.6883	49
57.7334	49
57.7345	49
57.7355	48
57.7828	48
57.7839	48
57.7849	48
57.8322	49
57.8333	49
57.8343	49
57.8826	49
57.8837	49
57.8847	49
57.9346	49
57.9357	50
57.9367	50
57.9866	50
57.9876	50
57.9887	50
58.0359	50
58.037	50
58.038	50
58.0864	50
58.0874	50
58.0885	50
58.1383	50
58.1394	50
58.1404	50
58.1888	50
58.1898	50
58.1909	50
58.2366	50
58.2376	50
58.2387	49
58.2859	49
58.287	49
58.288	49
58.3343	49
58.3353	49
58.3364	49
58.3837	49
58.3847	49
58.3858	49
58.4341	49
58.4351	49
58.4362	49
58.484	49
58.485	49
58.4861	49
58.536	50
58.537	50
58.5381	50
58.5858	50
58.5869	50
58.5879	50
58.631	49
58.6321	49
58.6331	48
58.6741	48
58.6751	47
58.6762	46
58.7193	46
58.7203	46
58.7214	46
58.765	46
58.766	46
58.7671	46
58.8123	46
58.8133	46
58.8144	46
58.8611	46
58.8622	47
58.8632	47
58.91	47
58.911	47
58.9121	47
58.9588	47
58.9599	47
58.9609	47
59.0087	48
59.0098	48
59.0108	48
59.0607	49
59.0617	49
59.0628	49
59.1101	49
59.1111	49
59.1122	50
59.1594	55
59.1605	55
59.1615	54
59.2083	59
59.2094	58
59.2104	57
59.2582	62
59.2593	60
59.2603	59
59.3097	64
59.3107	63
59.3118	61
59.3606	66
59.3617	64
59.3627	63
59.4121	67
59.4132	65
59.4142	64
59.4636	68
59.4651	66
59.5633	64
59.5644	62
59.6069	65
59.608	62
59.609	60
59.6542	58
59.6552	57
59.6563	56
59.7004	55
59.7015	53
59.7025	52
59.7472	52
59.7482	51
59.7493	50
59.7934	50
59.7945	49
59.7955	49
59.8402	49
59.8412	48
59.8423	48
59.8874	48
59.8885	48
59.8895	48
59.9352	48
59.9363	48
59.9373	48
59.9841	48
59.9851	48
59.9862	48
60.0335	54
60.0345	53
60.0356	53
60.0839	58
60.085	57
60.086	57
60.1333	62
60.1343	60
60.1354	59
60.1827	64
60.1837	62
60.1848	60
60.2326	65
60.2336	63
60.2347	62
60.2825	66
60.2835	64
60.2846	62
60.3329	67
60.334	65
60.335	63
60.3361	62
60.3844	60
60.3855	59
60.3865	58
60.3876	57
60.4363	56
60.4374	56
60.4384	55
60.4395	55
60.4847	54
60.4857	53
60.4868	52
60.4878	52
60.5319	51
60.533	51
60.534	50
60.5351	50
60.5797	50
60.5808	49
60.5819	49
60.5829	49
60.6286	49
60.6297	49
60.6307	49
60.6318	49
60.6769	48
60.678	48
60.679	48
60.6801	48
60.7258	48
60.7268	48
60.7279	48
60.7289	48
60.7746	48
60.7757	48
60.7767	48
60.7778	48
60.8246	48
60.8256	49
60.8267	49
60.8277	49
60.8765	49
60.8776	49
60.8786	50
60.8797	50
60.928	50
60.929	50
60.9301	50
60.9311	50
60.9784	50
60.9794	50
60.9805	50
60.9815	50
61.0241	50
61.0251	49
61.0262	49
61.0272	48
61.0703	48
61.0714	48
61.0724	47
61.0735	47
61.1186	47
61.1197	47
61.1207	47
61.1218	47
61.1696	48
61.1706	48
61.1717	48
61.1728	49
61.2211	49
61.2221	49
61.2232	50
61.2242	50
61.273	50
61.2741	50
61.2751	50
61.2762	51
61.3224	50
61.3234	50
61.3245	50
61.3255	50
61.3697	49
61.3707	49
61.3718	49
61.3728	48
61.4185	48
61.4196	48
61.4206	48
61.4217	48
61.4674	48
61.4684	48
61.4695	48
61.4705	48
61.5168	48
61.5178	48
61.5189	48
61.5199	48
61.5667	49
61.5677	49
61.5688	49
61.5698	49
61.6161	49
61.6171	49
61.6182	49
61.6192	49
61.668	49
61.6691	50
61.6701	50
61.6712	50
61.7179	50
61.7189	50
61.72	50
61.721	50
61.7652	49
61.7662	49
61.7673	49
61.7683	49
61.8119	48
61.813	48
61.814	48
61.8151	48
61.8582	47
61.8592	47
61.8603	47
61.8613	47
61.9049	47
61.906	47
61.907	47
61.9081	47
61.9511	47
61.9522	47
61.9532	46
61.9543	46
61.9984	46
61.9995	46
62.0005	46
62.0016	46
62.0447	46
62.0457	46
62.0468	46
62.0478	46
62.0919	46
62.093	46
62.094	46
62.0951	46
62.1403	47
62.1413	47
62.1424	47
62.1434	47
62.1891	47
62.1902	47
62.1912	48
62.1923	48
62.2396	48
62.2406	48
62.2417	48
62.2427	48
62.2905	49
62.2916	49
62.2926	49
62.2937	49
62.3409	49
62.342	49
62.343	49
62.3441	50
62.3919	50
62.3929	50
62.394	50
62.395	50
62.4434	50
62.4444	50
62.4455	50
62.4465	50
62.4953	51
62.4964	51
62.4974	51
62.4985	51
62.5473	51
62.5483	51
62.5494	51
62.5504	51
62.5972	51
62.5982	51
62.5993	51
62.6003	50
62.6476	50
62.6487	50
62.6497	50
62.6508	50
62.697	50
62.698	50
62.6991	50
62.7001	50
62.7474	50
62.7485	50
62.7495	50
62.7506	50
62.7979	50
62.7989	50
62.8	50
62.801	50
62.8488	50
62.8499	50
62.8509	50
62.852	50
62.9008	50
62.9018	50
62.9029	50
62.9039	51
62.9522	51
62.9533	51
62.9543	51
62.9554	51
63.0032	51
63.0042	51
63.0053	51
63.0063	51
63.0546	51
63.0557	51
63.0567	51
63.0578	51
63.1055	57
63.1066	56
63.1076	56
63.1087	55
63.1533	60
63.1544	59
63.1554	57
63.1565	56
63.2022	61
63.2032	60
63.2043	58
63.2053	57
63.251	62
63.2521	60
63.2531	59
63.2542	58
63.3004	62
63.3015	61
63.3025	59
63.3036	58
63.3514	63
63.3524	61
63.3535	60
63.3545	59
63.4023	64
63.4034	62
63.4044	61
63.4055	60
63.4065	59
63.4548	58
63.4559	57
63.4569	56
63.458	56
63.459	55
63.5052	55
63.5063	54
63.5073	54
63.5084	53
63.5094	53
63.5541	52
63.5551	52
63.5562	51
63.5572	51
63.5583	51
63.604	50
63.605	50
63.6061	50
63.6071	50
63.6082	50
63.656	50
63.7536	56
63.7547	54
63.7557	53
63.7972	58
63.7983	56
63.7993	55
63.8004	53
63.8435	52
63.8445	52
63.8456	51
63.8466	50
63.8886	49
63.8897	49
63.8908	48
63.8918	48
63.9349	48
63.9359	47
63.937	47
63.938	47
63.9816	47
63.9827	47
63.9837	47
63.9848	47
64.03	47
64.031	47
64.0321	47
64.0331	47
64.0788	47
64.0799	47
64.0809	47
64.082	47
64.1293	48
64.1303	48
64.1314	49
64.1324	49
64.1802	55
64.1813	55
64.1823	54
64.1834	54
64.2322	60
64.2332	59
64.2343	58
64.2353	57
64.2842	63
64.2852	61
64.2863	60
64.2873	59
64.3345	64
64.3356	63
64.3366	61
64.3377	60
64.3387	59
64.3844	57
64.3855	56
64.3865	56
64.3876	55
64.3886	54
64.4327	53
64.4338	53
64.4348	52
64.4359	51
64.4369	51
64.4806	50
64.4816	50
64.4827	50
64.4837	49
64.4848	49
64.5278	49
64.5289	49
64.5299	48
64.531	48
64.532	48
64.5756	48
64.5767	48
64.5777	48
64.5788	48
64.5798	48
64.6245	48
64.6255	48
64.6266	48
64.6276	48
64.6287	48
64.6749	48
64.676	48
64.677	49
64.6781	49
64.6791	49
64.7248	49
64.7259	49
64.7269	49
64.728	49
64.729	50
64.7758	55
64.7768	55
64.7779	54
64.7789	54
64.78	54
64.8283	59
64.926	63
64.927	61
64.9281	60
64.9696	63
64.9706	61
64.9717	59
65.0142	62
65.0153	60
65.0163	58
65.0599	62
65.061	60
65.062	58
65.0631	57
65.1067	55
65.1077	54
65.1088	53
65.1098	52
65.154	52
65.155	51
65.1561	51
65.1571	50
65.2018	50
65.2028	49
65.2039	49
65.2049	49
65.2511	49
65.2522	49
65.2532	49
65.2543	49
65.3016	49
65.3026	49
65.3037	49
65.3047	50
65.353	56
65.3541	55
65.3551	55
65.3562	55
65.404	60
65.405	59
65.4061	58
65.4071	57
65.4539	62
65.4549	61
65.456	59
65.457	58
65.5022	63
65.5032	61
65.5043	60
65.5054	58
65.5064	57
65.5516	56
65.5526	55
65.5537	54
65.5547	54
65.5558	53
65.6025	53
65.6036	52
65.6046	52
65.6057	52
65.6067	52
65.6535	52
65.6545	51
65.6556	51
65.6566	51
65.6577	51
65.7039	51
65.705	51
65.706	51
65.7071	51
65.7081	51
65.7544	51
65.7554	51
65.7565	50
65.7575	50
65.7586	50
65.8063	50
65.8074	51
65.8084	51
65.8095	51
65.8105	51
65.8578	51
65.8588	51
65.8599	51
65.8609	51
65.862	51
65.9076	57
65.9087	56
65.9097	55
65.9108	55
65.9118	54
65.9565	59
65.9575	58
65.9586	57
65.9596	56
65.9607	55
66.0043	60
66.0053	58
66.0064	57
66.0074	56
66.0085	55
66.0547	60
66.0558	59
66.0568	58
66.0579	57
66.0589	56
66.1067	61
66.1078	60
66.1088	59
66.1099	58
66.1109	58
66.1582	63
66.1592	62
66.1603	60
66.1613	59
66.1624	59
66.2086	63
66.2096	62
66.2107	60
66.2117	59
66.2128	58
66.2601	63
66.2611	62
66.2622	61
66.2632	60
66.2643	59
66.3115	64
66.3126	62
66.3136	61
66.3147	60
66.3157	59
66.3619	63
66.363	62
66.364	60
66.3651	59
66.3661	58
66.4119	63
66.4129	61
66.414	60
66.415	59
66.4161	58
66.4633	63
66.4644	61
66.4654	60
66.4665	59
66.4675	58
66.5153	63
66.5163	62
66.5174	61
66.5184	60
66.5195	59
66.5672	64
66.5683	63
66.5693	61
66.5704	60
66.5714	59
66.615	64
66.6161	62
66.6171	60
66.6182	59
66.6192	57
66.6602	61
66.6612	59
66.6623	58
66.6633	56
66.6644	55
66.7048	58
66.7059	57
66.7069	55
66.708	54
66.709	53
66.749	57
66.75	55
66.7511	54
66.7521	53
66.7532	52
66.7947	56
66.7957	55
66.7968	54
66.7978	53
66.7989	52
66.8398	56
66.8409	55
66.842	54
66.843	53
66.8441	52
66.8861	56
66.8871	55
66.8882	54
66.8892	53
66.8903	53
66.9339	57
66.9349	56
66.936	55
66.937	54
66.9381	53
66.9827	58
66.9838	57
66.9848	56
66.9859	55
66.9869	54
67.0337	59
67.0347	58
67.0358	58
67.0368	57
67.0379	56
67.0857	61
67.0867	60
67.0878	59
67.0888	58
67.0899	58
67.1366	63
67.1376	61
67.1387	60
67.1397	59
67.1408	58
67.1812	62
67.1823	60
67.1833	58
67.1844	57
67.1854	55
67.2259	59
67.2269	57
67.228	56
67.229	54
67.2301	53
67.2721	57
67.2732	56
67.2742	55
67.2753	54
67.2763	53
67.3194	58
67.3205	56
67.3215	55
67.3226	54
67.3236	53
67.3667	58
67.3677	57
67.3688	55
67.3698	54
67.3709	54
67.4145	58
67.4155	57
67.4166	56
67.4176	55
67.4187	54
67.4628	59
67.4639	58
67.4649	56
67.466	55
67.467	55
67.5111	59
67.5122	58
67.5133	57
67.5143	56
67.5154	55
67.5605	60
67.5616	59
67.5626	58
67.5637	57
67.5647	56
67.6125	61
67.6136	60
67.6146	59
67.6157	58
67.6167	57
67.6634	62
67.6645	61
67.6655	60
67.6666	59
67.6676	58
67.7139	63
67.7149	61
67.716	60
67.717	59
67.7181	58
67.7654	63
67.7664	62
67.7675	60
67.7685	59
67.7696	58
67.8173	63
67.8184	62
67.8194	61
67.8205	60
67.8215	59
67.9218	58
67.9659	62
67.967	60
67.968	58
67.9691	57
68.0148	56
68.0158	55
68.0169	54
68.0179	53
68.0647	53
68.0658	52
68.0668	52
68.0679	52
68.1151	52
68.1162	51
68.1172	51
68.1183	51
68.165	51
68.1661	51
68.1671	51
68.1682	51
68.217	51
68.2181	51
68.2191	51
68.2202	51
68.269	51
68.27	51
68.2711	51
68.2721	51
68.3178	51
68.3188	51
68.3199	50
68.3209	50
68.3619	55
68.363	54
68.364	53
68.3651	52
68.4055	56
68.4066	54
68.4076	53
68.4087	52
68.4491	56
68.4502	54
68.4512	53
68.4523	52
68.4927	56
68.4938	54
68.4948	53
68.4959	52
68.5363	56
68.5374	54
68.5384	53
68.5395	52
68.5805	56
68.5815	55
68.5826	53
68.5836	52
68.5847	51
68.6277	51
68.6288	50
68.6298	50
68.6309	49
68.6319	49
68.6766	49
68.6776	49
68.6787	49
68.6797	49
68.6808	49
68.727	49
68.7281	49
68.7291	49
68.7302	49
68.7312	50
68.7785	50
68.7796	50
68.7806	50
68.7817	50
68.7827	50
68.83	50
68.831	50
68.8321	50
68.8331	51
68.8342	51
68.8815	51
68.8825	51
68.8836	51
68.8846	51
68.8857	51
68.9335	51
69.0285	56
69.0295	54
69.0306	53
69.0737	58
69.0747	56
69.0758	55
69.1194	59
69.1204	58
69.1215	56
69.1656	60
69.1667	59
69.1677	57
69.1688	56
69.2145	55
69.2155	54
69.2166	53
69.2176	53
69.2644	52
69.2654	52
69.2665	52
69.2675	51
69.3137	51
69.3148	51
69.3158	50
69.3169	50
69.3637	50
69.3647	50
69.3658	50
69.3668	50
69.4136	56
69.4146	55
69.4157	55
69.4167	54
69.4635	59
69.4645	58
69.4656	57
69.4666	57
69.5149	62
69.516	60
69.517	59
69.5181	59
69.5664	64
69.5675	62
69.5685	61
69.5696	60
69.6189	65
69.7176	63
69.7618	66
69.7628	64
69.8091	67
69.8101	65
69.8558	68
69.8569	65
69.9026	69
69.9036	66
69.9498	69
69.9509	67
69.9519	64
69.9982	62
69.9992	61
70.0003	59
70.047	58
70.0481	57
70.0491	56
70.0964	55
70.0975	54
70.0985	53
70.1463	53
70.1474	52
70.1484	52
70.1973	52
70.1983	52
70.1994	52
70.2487	58
70.2498	57
70.2508	56
70.3002	62
70.3012	61
70.3023	60
70.3501	65
70.3512	63
70.3522	61
70.4	66
70.4011	64
70.4021	62
70.4504	67
70.4515	65
70.4525	63
70.5019	67
70.503	65
70.504	64
70.5539	68
70.555	66
70.6516	64
70.6526	61
70.6973	65
70.6983	62
70.743	66
70.744	63
70.7882	67
70.7892	64
70.8344	67
70.8354	65
70.8365	62
70.8827	61
70.8838	59
70.8848	58
70.9321	57
70.9331	56
70.9342	55
70.982	54
70.9831	54
70.9841	53
71.033	53
71.034	52
71.0351	52
71.0855	52
71.1889	52
71.1899	52
71.2356	51
71.2367	51
71.2834	56
71.2845	55
71.3333	60
71.3344	59
71.3838	64
71.3848	62
71.4357	67
71.587	71
71.6363	74
71.6862	77
71.7372	80
71.7891	83
71.8359	85
71.8369	80
71.8811	76
71.8821	72
71.9263	69
71.9273	66
71.972	63
71.973	61
72.0182	59
72.0192	57
72.0644	56
72.0655	55
72.1122	54
72.1133	53
72.1627	52
72.1637	52
72.2136	58
72.2147	57
72.2656	63
72.2666	62
72.3149	66
72.3159	64
72.3632	68
72.3643	66
72.4089	69
72.41	66
72.4552	69
72.4562	67
72.5014	70
72.5024	67
72.5492	70
72.5502	67
72.5965	71
72.5975	68
72.6448	71
72.6459	68
72.6958	72
72.6968	69
72.7483	73
72.8958	76
72.942	78
72.9893	80
73.0355	82
73.0823	83
73.1296	84
73.1306	80
73.1774	76
73.1784	72
73.2262	69
73.2273	67
73.2761	64
73.2772	63
73.3266	61
73.3276	60
73.3775	58
73.3786	57
73.429	57
73.4301	56
73.481	55
73.482	55
73.5319	61
73.5329	60
73.5792	64
73.5802	62
73.628	66
73.6291	64
73.6785	68
73.6795	66
73.7299	70
73.731	68
73.7809	72
73.7819	69
73.8313	73
73.8324	71
73.8807	74
73.8817	71
73.9306	74
73.9316	71
73.981	75
73.9821	72
74.0315	75
74.0325	72
74.0824	76
74.0835	73
74.1339	76
74.135	73
74.1859	77
74.1869	74
74.2378	77
74.3749	79
74.4222	80
74.4705	82
74.5194	84
74.5688	86
74.6192	87
74.6203	83
74.6722	79
74.8141	81
74.8619	82
74.9107	84
74.9601	86
75.01	88
75.0594	89
75.1109	90
75.1628	92
75.2137	93
75.2558	93
75.2999	92
75.3419	91
75.385	90
75.4275	90
75.4696	89
75.5137	89
75.5615	89
75.6114	90
75.6613	91
75.7118	92
75.7632	93
75.8147	95
75.8666	96
75.9149	96
75.9596	96
76.0053	95
76.0063	89
76.0531	84
76.0541	79
76.1004	75
76.1014	72
76.1487	69
76.1498	66
76.197	64
76.1981	62
76.2454	60
76.2464	58
76.2953	57
76.2963	56
76.3473	56
76.3483	55
76.3982	55
76.3992	54
76.447	53
76.4481	53
76.4975	52
76.4985	52
76.549	52
76.55	52
76.5994	52
76.6004	51
76.6503	51
76.6514	51
76.7013	51
76.7024	51
76.7538	51
76.7548	51
76.8052	51
76.8063	51
76.8531	51
76.8541	50
76.9014	50
76.9024	50
76.9502	50
76.9513	49
76.9986	49
76.9996	49
77.0469	49
77.0479	49
77.0963	49
77.0973	49
77.1472	49
77.1483	49
77.1987	49
77.1998	50
77.2507	50
77.2518	50
77.3027	50
77.3037	50
77.3536	50
77.3546	50
77.4046	50
77.4056	50
77.4565	51
77.4576	51
77.5064	51
77.5074	50
77.5563	50
77.5573	50
77.6057	50
77.6067	50
77.6556	50
77.6566	50
77.7055	50
77.7065	50
77.7565	50
77.7575	50
77.8069	50
77.8079	50
77.8573	50
77.8584	50
77.9083	56
77.9093	56
77.9603	61
77.9613	60
78.0107	65
78.0117	64
78.0611	68
78.0621	66
78.111	70
78.1121	68
78.1131	65
78.1614	64
78.1625	62
78.1635	60
78.2129	59
78.214	58
78.215	57
78.2649	56
78.2659	56
78.267	55
78.3163	55
78.3174	54
78.3184	54
78.3651	60
78.3662	58
78.3672	57
78.4108	62
78.4119	60
78.4129	58
78.4576	62
78.4586	60
78.4597	58
78.4607	57
78.5049	56
78.5059	55
78.507	54
78.508	53
78.5527	52
78.5537	52
78.5548	51
78.5558	50
78.601	50
78.6021	50
78.6031	50
78.6042	50
78.6499	49
78.6509	49
78.652	49
78.653	49
78.6987	55
78.6998	54
78.7008	54
78.7019	53
78.7492	58
78.7502	57
78.7513	57
78.7523	56
78.7534	56
78.8006	55
78.8017	54
78.8027	54
78.8038	53
78.8048	53
78.851	53
78.8521	52
78.8531	52
78.8542	52
78.8552	52
78.902	57
78.903	57
78.9041	56
78.9051	55
78.9062	55
78.9519	60
78.9529	59
78.954	58
78.955	57
78.9561	56
79.0013	61
79.0023	60
79.0034	58
79.0044	57
79.0055	56
79.0065	56
79.0527	55
79.0538	54
79.0548	54
79.0559	53
79.057	53
79.058	53
79.1042	53
79.1053	53
79.1063	53
79.1074	53
79.1084	53
79.1095	53
79.1556	58
79.1567	57
79.1577	57
79.1588	56
79.1598	55
79.1609	55
79.1619	54
79.2076	54
79.2087	54
79.2097	53
79.2108	53
79.2118	53
79.2129	53
79.214	53
79.2565	52
79.2575	52
79.2586	52
79.2596	51
79.2607	51
79.2617	51
79.2628	51
79.3048	56
79.3059	55
79.3069	54
79.308	53
79.309	53
79.3101	52
79.3111	52
79.3547	57
79.3558	56
79.3568	55
79.3579	55
79.3589	54
79.36	54
79.361	53
79.3621	53
79.4067	53
79.4078	53
79.4088	52
79.4099	52
79.4109	52
79.412	52
79.413	52
79.5106	52
79.5117	51
79.5127	51
79.5138	51
79.5569	56
79.5579	55
79.559	54
79.56	53
79.5611	52
79.6036	57
79.6047	56
79.6057	55
79.6068	54
79.6078	53
79.6504	57
79.6514	56
79.6525	55
79.6535	54
79.6546	53
79.6556	53
79.7003	52
79.7013	52
79.7024	52
79.7034	51
79.7045	51
79.7055	51
79.7497	51
79.7507	50
79.7518	50
79.7528	50
79.7539	50
79.7549	50
79.799	50
79.8001	50
79.8011	50
79.8022	50
79.8032	50
79.8043	50
79.8484	55
79.8495	55
79.8505	54
79.8516	53
79.8526	53
79.8537	53
79.8989	58
79.8999	57
79.901	56
79.902	55
79.9031	55
79.9041	54
79.9488	59
79.9498	58
79.9509	57
79.9519	57
79.953	56
79.954	55
80.0002	60
80.0018	59
80.0559	58
80.0989	56
80.1	55
80.101	54
80.1021	53
80.1446	57
80.1457	56
80.1467	55
80.1478	54
80.1903	58
80.1914	57
80.1924	55
80.1935	54
80.2371	59
80.2382	57
80.2392	56
80.2403	55
80.2844	59
80.2854	58
80.2865	57
80.2875	55
80.3322	60
80.3332	59
80.3343	57
80.3353	56
80.3364	55
80.3816	54
80.3826	54
80.3837	53
80.3847	52
80.3858	52
80.4325	52
80.4336	52
80.4346	51
80.4357	51
80.4367	51
80.4845	51
80.4855	51
80.4866	51
80.4876	51
80.4887	51
80.5338	51
80.5349	51
80.5359	50
80.537	50
80.538	50
80.5832	50
80.5842	50
80.5853	50
80.5863	50
80.5874	50
80.631	49
80.6321	49
80.6331	49
80.6342	49
80.6352	49
80.6788	48
80.6799	48
80.6809	48
80.682	48
80.683	48
80.7282	54
80.7292	53
80.7303	53
80.7313	53
80.7324	52
80.7781	58
80.7791	57
80.7802	56
80.7812	55
80.7823	55
80.8285	60
80.8296	59
80.8306	58
80.8317	57
80.8327	56
80.8805	61
80.8815	60
80.8826	59
80.8836	58
80.8847	58
80.9324	63
80.9335	62
80.9345	60
80.9356	59
81.0322	58
81.0333	57
81.0795	61
81.0806	60
81.0816	58
81.1273	63
81.1284	61
81.1294	59
81.1772	64
81.1783	62
81.1793	61
81.2282	65
81.2292	64
81.2303	62
81.2313	61
81.2812	60
81.3794	58
81.3805	57
81.4304	63
81.4314	61
81.4325	60
81.4829	59
81.4839	58
81.485	57
81.5343	56
81.5354	56
81.5364	55
81.5784	54
81.5795	53
81.5805	51
81.6226	50
81.6236	50
81.6247	49
81.6672	48
81.6683	48
81.6693	47
81.7119	47
81.7129	46
81.714	46
81.7586	46
81.7597	46
81.7607	46
81.8059	46
81.8069	46
81.808	46
81.8532	46
81.8542	47
81.8553	47
81.9005	47
81.9015	47
81.9026	47
81.9488	47
81.9498	47
81.9509	47
81.9992	47
82.0003	48
82.0013	48
82.0507	48
82.0518	49
82.0528	49
82.1027	49
82.1037	50
82.1048	50
82.1541	50
82.1552	50
82.1562	50
82.2061	50
82.2072	51
82.2082	51
82.2534	50
82.2544	50
82.2555	49
82.298	49
82.2991	48
82.3001	48
82.3427	47
82.3437	47
82.3448	46
82.3884	46
82.3894	46
82.3905	46
82.4351	46
82.4362	46
82.4372	46
82.4819	46
82.483	46
82.484	46
82.5292	46
82.5302	46
82.5313	46
82.577	46
82.578	47
82.5791	47
82.6253	47
82.6264	47
82.6274	47
82.6747	47
82.6757	47
82.6768	48
82.7241	48
82.7251	48
82.7262	48
82.7729	48
82.774	48
82.775	48
82.8213	48
82.8223	48
82.8234	48
82.8696	48
82.8706	48
82.8717	48
82.9185	48
82.9195	48
82.9206	48
82.9673	48
82.9684	48
82.9694	48
83.0172	48
83.0183	49
83.0193	49
83.0687	49
83.0697	49
83.0708	49
83.1207	50
83.1217	50
83.1228	50
83.1726	50
83.1737	50
83.1747	50
83.2204	50
83.2214	50
83.2225	50
83.2687	49
83.2698	49
83.2708	49
83.3171	49
83.3181	49
83.3192	49
83.3649	48
83.3659	48
83.367	48
83.4142	48
83.4153	48
83.4163	48
83.4636	48
83.4647	48
83.4657	48
83.513	49
83.5141	49
83.5151	49
83.5634	49
83.5645	49
83.5655	49
83.6154	49
83.6165	50
83.6175	50
83.6674	50
83.6684	50
83.6695	50
83.7183	50
83.7194	50
83.7204	50
83.7671	50
83.7682	50
83.7692	50
83.8165	50
83.8176	49
83.8186	49
83.8664	49
83.8675	49
83.8685	49
83.9169	49
83.9179	49
83.919	49
83.9662	49
83.9673	49
83.9683	49
84.0177	50
84.0188	50
84.0198	50
84.0697	50
84.0707	50
84.0718	50
84.1216	51
84.1227	51
84.1237	51
84.17	50
84.171	50
84.1721	50
84.2178	50
84.2188	49
84.2199	49
84.2666	49
84.2677	49
84.2687	49
84.315	49
84.316	49
84.3171	49
84.3664	49
84.3675	49
84.3685	49
84.4174	49
84.4185	50
84.4195	50
84.4688	56
84.4699	56
84.4709	55
84.5203	61
84.5213	60
84.5224	59
84.5707	64
84.5718	62
84.5728	61
84.6212	65
84.6222	64
84.6233	62
84.6716	67
84.6726	65
84.6737	63
84.7225	67
84.7236	65
84.7246	64
84.7745	68
84.8795	66
84.9289	64
84.93	62
84.9793	67
84.9804	65
85.0313	70
85.0324	67
85.0801	71
85.0812	69
85.1253	72
85.1264	68
85.1715	71
85.1726	68
85.2178	71
85.2188	68
85.265	71
85.2661	68
85.2671	66
85.3144	63
85.3155	62
85.3165	60
85.3649	59
85.3659	58
85.367	57
85.4153	56
85.4163	55
85.4174	55
85.4668	54
85.4678	54
85.4689	53
85.5193	53
85.6211	53
85.6689	52
85.67	51
85.7178	51
85.7188	51
85.7661	50
85.7672	50
85.816	50
85.8171	50
85.8664	50
85.8675	50
85.9179	50
85.919	50
85.9699	50
85.9709	50
86.0203	50
86.0213	51
86.0676	56
86.0686	55
86.1154	60
86.1164	59
86.1647	63
86.1658	61
86.2162	66
86.2173	64
86.2677	69
86.2687	67
86.3181	71
86.3191	69
86.3696	73
86.3706	70
86.421	74
86.4221	71
86.472	75
86.473	72
86.5229	75
86.524	72
86.5734	76
86.5744	73
86.6243	76
86.6254	73
86.6763	77
86.6774	74
86.7277	77
86.7288	74
86.7787	77
86.7797	74
86.827	77
86.8281	74
86.8759	76
86.8769	73
86.9263	76
86.9273	73
86.9773	76
86.9783	73
87.0292	77
87.1805	80
87.232	82
87.2845	85
87.4893	87
87.5391	89
87.5817	89
87.6237	89
87.6657	88
87.7093	88
87.7529	87
87.7976	87
87.8428	88
87.888	88
87.9342	88
87.9804	89
88.0277	89
88.0776	90
88.1275	91
88.1779	92
88.2284	93
88.2793	94
88.3313	95
88.377	96
88.4248	95
88.4742	95
88.5235	96
88.5729	96
88.6228	96
88.6738	97
88.7253	98
88.7767	98
88.8271	99
88.876	99
88.9259	98
88.9779	99
89.0298	99
89.0797	100
89.1296	100
89.1811	100
89.2325	100
89.5224	100
89.5734	100
89.6249	100
89.6768	100
89.7288	101
89.7755	100
89.8212	99
89.8664	98
89.8675	92
89.9132	86
89.9142	81
89.961	77
89.962	73
90.0104	70
90.0114	67
90.0623	65
90.0634	64
90.1143	62
90.1153	61
90.1647	59
90.1658	58
90.2141	57
90.2152	56
90.2635	55
90.2645	54
90.3118	53
90.3129	53
90.3607	52
90.3617	52
90.4101	51
90.4111	51
90.4615	51
90.4626	51
90.5135	51
90.5145	51
90.5649	51
90.566	51
90.6122	51
90.6132	50
90.6595	50
90.6605	49
90.7057	49
90.7067	48
90.7525	48
90.7535	48
90.8008	48
90.8018	48
90.8481	48
90.8491	48
90.8959	48
90.8969	47
90.9442	48
90.9453	48
90.9941	48
90.9952	48
91.0451	48
91.0461	49
91.0965	49
91.0976	49
91.1485	49
91.1496	50
91.2005	50
91.2015	50
91.2514	50
91.2525	50
91.3024	50
91.3034	50
91.3528	50
91.3539	50
91.4038	50
91.4048	50
91.4558	50
91.4568	50
91.5077	51
91.5088	51
91.5586	51
91.5597	51
91.6075	50
91.6085	50
91.6558	50
91.6569	50
91.7036	49
91.7047	49
91.752	49
91.753	49
91.8003	49
91.8013	49
91.8486	48
91.8497	48
91.8975	48
91.8985	48
91.9484	49
91.9495	49
92.0004	49
92.0015	49
92.0471	49
92.0482	49
92.0944	49
92.0955	48
92.1417	48
92.1428	48
92.1895	48
92.1906	48
92.2384	48
92.2394	48
92.2878	48
92.2888	48
92.3366	48
92.3377	48
92.386	48
92.387	48
92.4364	49
92.4375	49
92.4869	49
92.4879	49
92.5378	49
92.5389	49
92.5893	50
92.5903	50
92.6407	56
92.6418	56
92.6838	60
92.6848	58
92.7258	61
92.7269	59
92.7684	62
92.7694	60
92.812	63
92.813	61
92.8561	64
92.8571	62
92.9018	65
92.9028	62
92.9485	66
92.9496	64
92.9506	62
92.9974	60
92.9985	59
92.9995	57
93.0457	56
93.0468	55
93.0478	54
93.0951	53
93.0962	53
93.0972	53
93.145	52
93.1461	52
93.1471	52
93.1955	51
93.1965	51
93.1976	51
93.2464	57
93.2475	56
93.2485	56
93.2984	61
93.2994	60
93.3005	59
93.3498	64
93.3509	63
93.3519	61
93.3987	66
93.3997	64
93.4008	62
93.4018	60
93.4459	59
93.447	57
93.448	56
93.4491	55
93.4927	54
93.4937	53
93.4948	52
93.4958	51
93.5405	51
93.5415	50
93.5426	50
93.5436	50
93.5894	55
93.5904	55
93.5915	54
93.5925	53
93.6398	59
93.6408	58
93.6419	57
93.6429	56
93.6918	61
93.6928	60
93.7936	59
93.7947	57
93.7957	56
93.8435	55
93.8446	55
93.8456	54
93.894	54
93.895	53
93.8961	53
93.9455	53
93.9465	53
93.9476	52
93.9969	58
93.9979	58
93.999	57
94.0467	62
94.0478	61
94.0488	59
94.0951	64
94.0961	62
94.0972	61
94.1445	65
94.1455	63
94.1466	61
94.1476	60
94.1954	59
94.1965	58
94.1975	57
94.1986	56
94.2474	55
94.2484	55
94.2495	54
94.2505	54
94.2952	53
94.2962	53
94.2973	52
94.2983	51
94.3435	51
94.3445	50
94.3456	50
94.3466	50
94.3908	49
94.3918	49
94.3929	49
94.3939	49
94.4391	54
94.4401	54
94.4412	53
94.4422	53
94.489	58
94.49	57
94.4911	56
94.4922	55
94.5394	61
94.5405	59
94.5415	58
94.5426	57
94.5909	62
94.592	61
94.593	60
94.5941	59
94.6423	64
94.6434	63
94.6444	61
94.6455	60
94.6948	65
94.7883	63
94.7894	60
94.7904	59
94.833	57
94.834	55
94.8351	54
94.8787	53
94.8797	52
94.8808	51
94.9254	50
94.9265	50
94.9275	50
94.9727	55
94.9738	54
94.9748	53
95.021	58
95.0221	57
95.0231	56
95.0704	61
95.0715	60
95.0725	58
95.1209	63
95.1219	62
95.123	60
95.1723	65
95.1739	64
95.2747	62
95.2757	60
95.3209	64
95.322	62
95.323	60
95.3698	59
95.3708	58
95.3719	56
95.4192	55
95.4202	55
95.4213	54
95.4685	53
95.4696	53
95.4706	52
95.5195	52
95.5206	52
95.5216	52
95.5715	52
95.5725	52
95.5736	52
95.6213	51
95.6224	51
95.6234	51
95.6697	50
95.6707	50
95.6718	50
95.7164	49
95.7175	49
95.7185	49
95.7642	49
95.7653	48
95.7663	48
95.8131	48
95.8141	48
95.8152	48
95.8625	48
95.8635	48
95.8646	48
95.914	49
95.915	49
95.9161	49
95.9664	50
95.9675	50
95.9685	50
96.0179	50
96.0189	50
96.02	50
96.0635	50
96.0646	49
96.0657	49
96.1108	48
96.1119	48
96.1129	48
96.1565	48
96.1576	47
96.1586	47
96.2033	47
96.2043	47
96.2054	47
96.2485	47
96.2495	46
96.2506	46
96.2942	46
96.2952	46
96.2963	46
96.3409	46
96.342	46
96.343	46
96.3893	46
96.3903	47
96.3914	47
96.4386	47
96.4397	47
96.4407	47
96.4896	48
96.4906	48
96.4917	48
96.5411	49
96.5421	49
96.5432	49
96.593	50
96.5941	50
96.5951	50
96.6403	50
96.6413	49
96.6424	49
96.6876	49
96.6886	48
96.6897	48
96.7354	48
96.7364	48
96.7375	48
96.7827	48
96.7837	48
96.7848	47
96.8305	47
96.8315	47
96.8326	47
96.8783	47
96.8793	47
96.8804	47
96.9276	48
96.9287	48
96.9297	48
96.9781	48
96.9791	48
96.9802	49
97.029	49
97.0301	49
97.0311	49
97.0805	49
97.0816	50
97.0826	50
97.133	50
97.134	50
97.1351	51
97.1844	51
97.1855	51
97.1865	51
97.2338	50
97.2348	50
97.2359	50
97.2847	50
97.2858	50
97.2869	50
97.3367	50
97.3378	50
97.3388	51
97.3887	51
97.3897	51
97.3908	51
97.4391	51
97.4401	51
97.4412	51
97.488	50
97.489	50
97.4901	50
97.5363	50
97.5373	49
97.5384	49
97.5851	49
97.5862	49
97.5872	49
97.6361	49
97.6371	49
97.6382	49
97.6876	50
97.6886	50
97.6897	50
97.7396	50
97.7406	50
97.7417	50
97.7915	51
97.7926	51
97.7936	51
97.8414	51
97.8425	50
97.8435	50
97.8903	50
97.8913	50
97.8924	50
97.9375	49
97.9386	49
97.9396	49
97.9838	48
97.9848	48
97.9859	48
98.0305	47
98.0316	47
98.0326	47
98.0773	47
98.0783	47
98.0794	47
98.1251	47
98.1261	47
98.1272	47
98.1745	47
98.1755	47
98.1766	48
98.2259	48
98.227	48
98.228	49
98.2779	49
98.279	49
98.28	50
98.3299	50
98.3309	50
98.332	50
98.3792	56
98.3803	56
98.3813	55
98.4276	60
98.4286	59
98.4297	57
98.4775	62
98.4785	61
98.4796	59
98.5274	64
98.5284	62
98.5295	61
98.5768	65
98.5778	63
98.5789	62
98.6272	66
98.6283	64
98.6293	63
98.6776	67
98.6787	65
98.6797	63
98.6808	62
98.7296	60
98.7307	59
98.7317	58
98.7328	57
98.7811	57
98.7822	56
98.7832	56
98.7843	55
98.8331	55
98.8341	54
98.8352	54
98.8362	54
98.8835	53
98.8845	53
98.8856	52
98.8866	52
98.9344	52
98.9355	52
98.9365	52
98.9376	52
98.9833	57
98.9844	56
98.9854	55
98.9865	55
99.0332	60
99.0343	59
99.0353	58
99.0364	57
99.0852	62
99.0862	61
99.0873	60
99.0883	59
99.1356	64
99.1366	62
99.1377	61
99.1387	59
99.1398	58
99.1881	58
99.1891	57
99.1902	56
99.1912	56
99.1923	55
99.24	55
99.2411	55
99.2421	54
99.2432	54
99.2442	54
99.2883	53
99.2894	52
99.2904	52
99.2915	51
99.2926	51
99.3346	56
99.3356	55
99.3367	54
99.3377	53
99.3388	52
99.3829	57
99.384	56
99.385	55
99.3861	54
99.3871	54
99.4333	59
99.4344	58
99.4354	57
99.4365	56
99.4375	55
99.4386	55
99.4853	54
99.4864	54
99.4874	54
99.4885	53
99.4896	53
99.4906	53
99.5373	53
99.5384	53
99.5394	53
99.5405	52
99.5415	52
99.5426	52
99.5882	52
99.5893	52
99.5903	52
99.5914	52
99.5924	52
99.5935	52
99.6355	57
99.6365	56
99.6376	55
99.6386	54
99.6397	53
99.6407	52
99.6859	57
99.687	56
99.688	56
99.6891	55
99.6901	55
99.6912	54
99.6922	54
99.7364	54
99.7374	53
99.7385	53
99.7395	52
99.7406	52
99.7416	52
99.7427	51
99.7883	51
99.7894	52
99.7904	52
99.7915	52
99.7925	52
99.7936	52
99.7946	52
99.8397	58
99.8408	57
99.8419	56
99.8429	56
99.844	55
99.845	55
99.8461	54
99.8902	60
99.8912	59
99.8923	58
99.8933	57
99.8944	56
99.8954	56
99.8965	55
99.8975	54
99.9406	54
99.9417	53
99.9427	53
99.9438	52
99.9448	52
99.9459	52
99.9469	51
99.948	51
99.9905	51
99.9916	51
99.9926	51
99.9937	51
99.9947	51
99.9958	51
99.9968	51
99.9979	51
100.042	56
100.043	56
100.044	55
100.045	55
100.046	55
100.047	54
100.048	54
100.049	54
100.094	59
100.095	58
100.179	56
100.18	54
100.181	53
100.182	51
100.183	50
100.22	49
100.221	48
100.222	47
100.223	47
100.224	46
100.225	45
100.264	45
100.265	45
100.266	45
100.267	44
100.268	44
100.269	44
100.308	44
100.309	44
100.31	44
100.311	44
100.312	44
100.313	44
100.353	49
100.354	49
100.356	49
100.357	48
100.358	48
100.359	48
100.4	53
100.401	52
100.402	51
100.403	51
100.404	50
100.405	50
100.447	54
100.448	54
100.449	53
100.45	52
100.451	52
100.452	51
100.453	51
100.495	51
100.496	50
100.497	50
100.498	50
100.499	49
100.5	49
100.502	49
100.544	49
100.545	49
100.546	49
100.547	49
100.548	49
100.549	49
100.55	49
100.593	49
100.595	49
100.596	49
100.597	49
100.598	49
100.599	49
100.6	49
100.644	55
100.645	54
100.646	54
100.647	53
100.648	53
100.649	53
100.65	53
100.694	58
100.695	57
100.696	56
100.697	56
100.699	55
100.7	55
100.701	54
100.746	59
100.747	58
100.748	57
100.749	57
100.75	56
100.751	56
100.752	55
100.798	60
100.799	59
100.898	58
100.899	57
100.9	56
100.901	55
100.946	54
100.947	53
100.949	53
100.95	52
100.951	52
100.997	51
100.998	51
100.999	51
101	51
101.001	51
101.047	51
101.048	51
101.049	51
101.05	51
101.051	50
101.098	50
101.099	50
101.1	50
101.101	50
101.102	50
101.15	50
101.151	51
101.152	51
101.153	51
101.154	51
101.201	57
101.202	56
101.203	56
101.204	55
101.205	55
101.248	60
101.249	58
101.25	57
101.251	56
101.252	55
101.293	59
101.294	57
101.295	55
101.296	54
101.297	53
101.338	57
101.339	56
101.34	55
101.341	54
101.342	53
101.383	57
101.384	56
101.386	54
101.387	53
101.388	52
101.389	51
101.43	51
101.431	50
101.432	50
101.433	49
101.434	49
101.435	49
101.479	49
101.48	48
101.481	48
101.482	48
101.483	48
101.484	48
101.526	48
101.527	48
101.528	48
101.529	47
101.53	47
101.531	47
101.573	47
101.574	47
101.575	47
101.576	47
101.577	47
101.578	47
101.621	47
101.622	47
101.623	47
101.624	47
101.625	47
101.626	47
101.67	47
101.671	48
101.672	48
101.673	48
101.674	48
101.676	48
101.721	48
101.722	49
101.723	49
101.724	49
101.725	49
101.726	49
101.772	55
101.773	55
101.774	55
101.775	54
101.776	54
101.777	54
101.824	59
101.825	59
101.826	58
101.827	57
101.828	57
101.829	56
101.93	55
101.931	55
101.976	54
101.977	53
101.978	52
101.979	52
102.024	57
102.025	56
102.026	55
102.027	55
102.074	59
102.075	58
102.076	57
102.077	56
102.123	61
102.124	60
102.125	58
102.126	57
102.172	62
102.173	61
102.174	59
102.176	58
102.222	63
102.223	61
102.224	60
102.225	58
102.272	63
102.273	61
102.274	60
102.275	59
102.276	58
102.322	57
102.323	56
102.324	55
102.325	55
102.326	54
102.373	54
102.374	53
102.375	53
102.376	52
102.377	52
102.423	52
102.425	52
102.426	51
102.427	51
102.428	51
102.474	51
102.475	51
102.476	51
102.477	51
102.478	51
102.524	57
102.525	56
102.526	56
102.528	55
102.529	54
102.575	60
102.576	58
102.577	57
102.578	57
102.579	56
102.626	61
102.627	60
102.628	59
102.629	58
102.63	57
102.677	62
102.678	61
102.679	60
102.68	59
102.681	58
102.729	63
102.73	62
102.828	66
102.829	63
102.83	61
102.831	60
102.877	58
102.878	57
102.879	56
102.88	55
102.925	54
102.926	53
102.927	53
102.928	52
102.975	52
102.976	52
102.977	51
102.978	51
103.024	51
103.025	50
103.026	50
103.027	50
103.072	50
103.073	50
103.074	50
103.075	50
103.121	55
103.122	54
103.123	53
103.124	53
103.169	58
103.17	57
103.171	56
103.173	55
103.219	60
103.22	59
103.221	58
103.222	57
103.269	62
103.27	60
103.271	59
103.272	58
103.32	63
103.321	62
103.322	60
103.323	59
103.372	64
103.373	62
103.471	61
103.472	59
103.473	58
103.52	57
103.521	56
103.522	55
103.569	54
103.57	53
103.571	53
103.62	52
103.621	52
103.622	52
103.672	58
103.673	58
103.674	57
103.723	62
103.724	61
103.725	60
103.772	64
103.773	62
103.774	61
103.821	65
103.822	63
103.823	62
103.824	60
103.873	59
103.874	58
103.875	57
103.876	56
103.925	56
103.926	55
103.927	55
103.928	54
103.977	54
103.978	54
103.979	53
103.98	53
104.024	52
104.025	52
104.027	51
104.028	51
104.068	50
104.069	49
104.07	49
104.071	48
104.112	53
104.113	51
104.114	50
104.115	50
104.157	54
104.158	53
104.159	52
104.16	51
104.205	56
104.206	55
104.207	54
104.208	53
104.254	58
104.255	57
104.256	57
104.257	56
104.305	61
104.306	60
104.307	59
104.308	58
104.355	63
104.356	61
104.357	60
104.359	59
104.407	64
104.408	62
104.509	61
104.51	59
104.511	58
104.556	56
104.557	55
104.558	54
104.603	53
104.604	53
104.605	52
104.651	51
104.652	51
104.653	50
104.699	56
104.7	55
104.701	54
104.748	59
104.749	58
104.75	57
104.797	62
104.798	60
104.799	59
104.846	64
104.848	62
104.849	60
104.85	59
104.898	58
104.9	57
104.901	57
104.902	56
104.95	55
104.951	55
104.953	54
104.954	54
105	54
105.001	53
105.002	53
105.003	52
105.046	51
105.047	51
105.048	50
105.049	49
105.091	49
105.092	48
105.093	48
105.094	48
105.137	53
105.138	52
105.14	51
105.141	51
105.184	55
105.185	54
105.186	53
105.187	52
105.23	57
105.231	56
105.232	55
105.234	54
105.277	58
105.278	57
105.279	56
105.28	55
105.324	59
105.325	58
105.327	57
105.328	55
105.375	60
105.376	59
105.377	58
105.378	57
105.426	62
105.427	61
105.428	60
105.429	59
105.478	64
105.479	63
105.577	61
105.578	59
105.579	57
105.623	56
105.624	55
105.625	54
105.672	59
105.673	57
105.674	56
105.72	61
105.722	60
105.723	58
105.769	63
105.77	61
105.771	60
105.819	64
105.82	63
105.821	61
105.869	66
105.87	64
105.871	62
105.919	66
105.92	64
105.921	62
105.922	61
105.969	60
105.97	58
105.971	57
105.972	56
106.02	56
106.021	55
106.023	55
106.024	54
106.072	54
106.073	54
106.074	53
106.076	53
106.124	53
106.125	53
106.126	53
106.127	52
106.173	52
106.174	51
106.175	51
106.176	51
106.22	56
106.222	55
106.223	54
106.224	53
106.27	59
106.271	58
106.272	57
106.274	56
106.32	61
106.321	59
106.322	58
106.323	57
106.371	62
106.372	61
106.373	60
106.374	59
106.423	64
106.424	62
106.425	61
106.426	60
106.474	65
106.475	63
106.476	62
106.477	61
106.526	66
106.527	64
106.622	62
106.623	60
106.624	58
106.67	57
106.671	56
106.672	54
106.717	54
106.718	53
106.719	52
106.766	52
106.767	51
106.768	51
106.816	57
106.817	56
106.818	55
106.866	60
106.867	59
106.868	58
106.917	63
106.918	62
106.919	61
106.967	65
106.968	64
106.97	62
106.971	61
107.019	59
107.02	58
107.022	58
107.023	57
107.071	56
107.072	55
107.073	55
107.074	54
107.122	54
107.123	53
107.124	53
107.125	53
107.17	52
107.171	52
107.172	51
107.173	51
107.22	51
107.221	51
107.222	51
107.223	51
107.269	56
107.27	55
107.271	54
107.272	54
107.318	59
107.319	58
107.32	57
107.321	56
107.368	61
107.369	60
107.37	59
107.371	58
107.419	62
107.42	61
107.421	60
107.422	58
107.47	63
107.471	62
107.472	61
107.473	60
107.522	65
107.523	63
107.524	62
107.525	61
107.568	65
107.569	63
107.57	61
107.571	59
107.572	57
107.616	56
107.617	55
107.618	54
107.619	53
107.62	53
107.664	52
107.665	51
107.666	51
107.667	50
107.668	50
107.713	50
107.714	50
107.715	49
107.716	49
107.717	49
107.764	49
107.765	49
107.766	49
107.767	50
107.768	50
107.815	50
107.816	50
107.817	50
107.818	50
107.819	50
107.865	50
107.866	50
107.867	50
107.868	50
107.869	50
107.917	50
107.918	51
107.919	51
107.92	51
107.921	51
107.969	51
107.97	51
107.971	51
107.972	51
107.973	51
108.014	50
108.015	49
108.016	49
108.017	49
108.018	48
108.057	47
108.058	47
108.059	46
108.06	46
108.061	45
108.101	45
108.102	45
108.104	45
108.105	45
108.106	44
108.144	44
108.146	44
108.147	44
108.148	44
108.149	44
108.189	44
108.19	44
108.191	44
108.192	44
108.193	44
108.234	44
108.235	44
108.236	44
108.237	44
108.239	44
108.283	45
108.284	45
108.285	45
108.286	46
108.287	46
108.333	47
108.334	47
108.335	47
108.336	48
108.337	48
108.386	49
108.387	49
108.388	49
108.389	50
108.39	50
108.435	50
108.436	49
108.437	49
108.438	49
108.439	49
108.481	49
108.482	49
108.483	48
108.484	48
108.485	47
108.524	47
108.525	46
108.526	46
108.527	46
108.528	45
108.569	45
108.57	45
108.571	45
108.572	45
108.573	45
108.614	45
108.615	45
108.616	45
108.617	45
108.618	45
108.661	45
108.662	45
108.663	45
108.664	45
108.665	45
108.708	45
108.709	46
108.71	46
108.711	46
108.712	46
108.755	46
108.756	46
108.757	46
108.759	46
108.76	46
108.803	46
108.804	46
108.805	46
108.806	46
108.807	46
108.851	47
108.853	47
108.854	47
108.855	47
108.856	47
108.902	48
108.903	48
108.905	48
108.906	49
108.907	49
108.954	49
108.955	49
108.956	50
108.957	50
108.958	50
109.006	50
109.007	50
109.008	50
109.009	51
109.01	51
109.057	51
109.058	51
109.059	51
109.06	51
109.062	51
109.107	51
109.108	50
109.109	50
109.11	50
109.111	50
109.157	50
109.158	50
109.159	50
109.16	50
109.161	50
109.208	50
109.209	50
109.21	50
109.211	50
109.212	50
109.259	50
109.26	50
109.261	50
109.262	50
109.263	50
109.31	50
109.311	50
109.312	51
109.313	51
109.314	51
109.362	51
109.363	51
109.364	51
109.365	51
109.366	51
109.413	51
109.415	51
109.416	51
109.417	51
109.418	51
109.465	51
109.466	51
109.467	51
109.468	51
109.469	51
109.515	51
109.516	51
109.517	51
109.519	51
109.52	50
109.564	50
109.565	50
109.566	50
109.567	49
109.568	49
109.614	49
109.615	49
109.616	50
109.617	50
109.618	50
109.665	50
109.666	50
109.667	50
109.668	50
109.669	50
109.717	50
109.718	50
109.719	50
109.72	50
109.721	50
109.768	50
109.769	51
109.77	51
109.771	51
109.772	51
109.82	51
109.821	51
109.822	51
109.823	51
109.824	51
109.871	51
109.872	51
109.873	51
109.874	51
109.875	51
109.922	51
109.924	51
109.925	51
109.926	51
109.927	51
109.974	51
109.976	51
109.977	51
109.978	51
109.979	51
110.023	51
110.024	50
110.025	50
110.026	50
110.027	49
110.07	49
110.071	49
110.072	48
110.073	48
110.074	48
110.116	48
110.117	47
110.118	47
110.119	47
110.12	47
110.162	47
110.163	47
110.164	47
110.165	47
110.166	47
110.209	47
110.21	47
110.211	47
110.212	47
110.213	47
110.257	47
110.258	47
110.259	47
110.26	47
110.261	47
110.304	47
110.305	47
110.306	47
110.307	47
110.308	47
110.352	53
110.353	52
110.354	52
110.355	52
110.356	51
110.402	56
110.403	56
110.404	55
110.405	54
110.406	54
110.451	59
110.452	58
110.454	57
110.455	56
110.456	55
110.501	60
110.502	59
110.503	58
110.504	57
110.506	56
110.553	61
110.554	60
110.555	59
110.556	58
110.557	57
110.603	62
110.604	61
110.605	60
110.606	59
110.607	58
110.654	63
110.655	61
110.656	60
110.657	59
110.658	58
110.659	57
110.706	56
110.707	56
110.708	55
110.709	55
110.71	55
110.711	54
110.758	54
110.759	53
110.76	53
110.761	53
110.762	52
110.763	52
110.81	52
110.811	52
110.812	52
110.813	52
110.814	52
110.815	52
110.856	51
110.857	51
110.858	50
110.86	50
110.861	49
110.862	49
110.903	49
110.904	48
110.905	48
110.906	48
110.907	48
110.908	48
110.95	53
110.951	52
110.952	51
110.953	51
110.954	51
110.955	50
110.996	55
110.997	54
110.998	53
110.999	52
111	52
111.001	51
111.043	56
111.044	55
111.045	54
111.047	53
111.048	52
111.049	52
111.092	57
111.093	56
111.094	55
111.095	54
111.096	54
111.097	53
111.099	53
111.143	52
111.144	52
111.145	52
111.146	51
111.147	51
111.148	51
111.149	51
111.194	51
111.195	51
111.196	51
111.197	51
111.198	51
111.199	51
111.2	51
111.246	51
111.247	51
111.248	52
111.249	52
111.25	52
111.251	52
111.252	52
111.295	57
111.297	56
111.298	55
111.299	55
111.3	54
111.301	53
111.302	53
111.343	58
111.344	57
111.345	56
111.346	55
111.347	54
111.349	53
111.35	53
111.391	57
111.392	56
111.393	55
111.394	54
111.395	53
111.396	52
111.397	52
111.398	51
111.439	51
111.44	51
111.442	50
111.443	50
111.444	50
111.445	50
111.446	50
111.447	49
111.49	49
111.491	49
111.492	49
111.493	50
111.494	50
111.495	50
111.496	50
111.497	50
111.541	50
111.542	50
111.543	51
111.544	51
111.546	51
111.547	51
111.548	51
111.549	51
111.593	57
111.594	56
111.595	55
111.596	55
111.597	54
111.598	54
111.599	54
111.6	54
111.644	59
111.645	58
111.646	57
111.647	56
111.648	56
111.649	55
111.65	55
111.651	54
111.652	54
111.69	53
111.691	52
111.692	51
111.693	51
111.694	50
111.695	50
111.696	49
111.697	49
111.698	48
111.738	48
111.739	49
111.74	49
111.741	49
111.742	49
111.744	49
111.745	49
111.746	49
111.747	49
111.785	53
111.786	53
111.787	52
111.788	51
111.789	51
111.79	50
111.791	50
111.792	50
111.793	49
111.833	54
111.834	53
111.835	52
111.836	52
111.837	51
111.838	51
111.839	51
111.84	50
111.841	50
111.842	50
111.881	50
111.882	50
111.883	50
111.884	49
111.885	49
111.886	49
111.887	49
111.889	49
111.89	48
111.891	48
111.931	48
111.932	48
111.933	49
111.934	49
111.935	49
111.936	49
111.937	49
111.938	49
111.939	49
111.94	49
111.982	54
111.983	54
111.984	54
111.985	54
111.986	54
111.987	53
111.988	53
111.989	53
111.99	53
111.991	53
112.032	58
112.033	57
112.035	56
112.036	56
112.037	55
112.038	54
112.039	54
112.04	53
112.041	53
112.042	53
112.043	53
112.079	52
112.08	51
112.081	50
112.082	50
112.083	49
112.084	49
112.085	48
112.086	48
112.087	48
112.088	48
112.089	47
112.125	47
112.126	47
112.127	47
112.129	47
112.13	47
112.131	47
112.132	47
112.133	47
112.134	47
112.135	47
112.136	47
112.173	52
112.174	51
112.175	51
112.176	51
112.177	50
112.178	50
112.179	50
112.181	50
112.182	50
112.183	49
112.184	49
112.185	49
112.223	49
112.224	49
112.225	49
112.226	49
112.227	49
112.228	49
112.229	49
112.23	49
112.232	49
112.233	49
112.234	49
112.235	49
112.275	50
112.276	50
112.277	50
112.278	50
112.279	50
112.28	51
112.281	51
112.282	51
112.283	51
112.284	51
112.285	51
112.286	51
112.327	56
112.328	56
112.329	55
112.33	55
112.331	55
112.332	55
112.333	54
112.334	54
112.335	54
112.336	54
112.337	54
112.424	52
112.425	51
112.426	50
112.427	49
112.428	48
112.429	47
112.431	47
112.432	46
112.468	50
112.469	49
112.47	49
112.471	48
112.472	48
112.473	47
112.474	47
112.475	47
112.512	51
112.514	50
112.515	50
112.516	49
112.517	49
112.518	48
112.519	48
112.52	47
112.521	47
112.559	47
112.56	47
112.561	46
112.562	46
112.563	46
112.564	46
112.565	46
112.566	46
112.567	46
112.605	46
112.606	46
112.607	46
112.608	46
112.609	46
112.61	46
112.611	46
112.612	47
112.613	47
112.652	51
112.653	51
112.654	50
112.655	50
112.656	49
112.657	49
112.658	49
112.659	49
112.66	48
112.699	53
112.701	52
112.702	52
112.703	52
112.704	51
112.705	51
112.706	51
112.707	50
112.708	50
112.748	55
112.749	54
112.75	53
112.751	53
112.753	53
112.754	52
112.755	52
112.756	52
112.757	51
112.758	51
112.799	51
112.8	51
112.801	51
112.802	50
112.803	50
112.804	50
112.805	50
112.806	50
112.807	50
112.808	50
112.849	50
112.85	50
112.851	50
112.852	50
112.853	50
112.854	50
112.856	50
112.857	50
112.858	50
112.859	50
112.9	50
112.901	50
112.902	50
112.903	50
112.904	50
112.905	50
112.906	50
112.907	50
112.908	50
112.909	51
112.951	56
112.952	55
112.953	55
112.954	55
112.955	54
112.956	54
112.957	54
112.958	54
112.959	54
112.961	53
113.003	58
113.004	57
113.005	57
113.006	56
113.007	55
113.008	55
113.009	55
113.01	54
113.103	53
113.104	52
113.105	52
113.106	51
113.107	51
113.108	50
113.109	50
113.15	55
113.151	54
113.152	53
113.153	53
113.154	52
113.155	51
113.156	51
113.196	55
113.197	54
113.198	53
113.2	52
113.201	52
113.202	51
113.203	50
113.243	55
113.244	54
113.245	53
113.246	52
113.247	51
113.248	51
113.249	50
113.29	55
113.291	54
113.292	53
113.293	53
113.294	52
113.295	52
113.296	51
113.297	51
113.339	51
113.34	50
113.341	50
113.342	50
113.343	49
113.344	49
113.345	49
113.346	49
113.388	49
113.389	49
113.39	49
113.391	49
113.392	49
113.393	49
113.394	49
113.395	49
113.437	49
113.439	49
113.44	49
113.441	49
113.442	49
113.443	49
113.444	49
113.445	49
113.487	49
113.488	49
113.49	49
113.491	49
113.492	49
113.493	49
113.494	49
113.495	49
113.538	49
113.539	50
113.54	50
113.542	50
113.543	50
113.544	50
113.545	51
113.546	51
113.59	56
113.591	56
113.592	55
113.593	55
113.594	54
113.595	54
113.596	54
113.597	54
113.641	59
113.642	58
113.643	57
113.644	56
113.645	56
113.646	55
113.647	55
113.648	54
113.691	59
113.692	58
113.693	57
113.694	56
113.695	56
113.696	55
113.697	54
113.698	54
113.741	59
113.742	58
113.743	57
113.744	56
113.745	56
113.746	55
113.747	55
113.748	54
113.792	59
113.793	58
113.794	57
113.795	56
113.796	56
113.797	55
113.798	54
113.799	54
113.842	59
113.843	58
113.844	57
113.845	56
113.846	56
113.847	55
113.848	55
113.849	54
113.893	59
113.895	58
113.949	57
113.95	56
113.994	61
113.995	59
113.996	58
113.997	57
113.998	56
113.999	55
114.042	59
114.043	58
114.044	57
114.045	56
114.046	55
114.047	54
114.09	59
114.091	58
114.092	57
114.094	56
114.095	55
114.096	54
114.139	59
114.14	58
114.141	57
114.142	56
114.143	55
114.144	54
114.189	59
114.19	58
114.191	57
114.192	56
114.193	56
114.194	55
114.24	60
114.241	59
114.242	58
114.243	57
114.244	57
114.245	56
114.246	55
114.293	55
114.294	54
114.295	54
114.296	54
114.297	53
114.298	53
114.299	53
114.345	53
114.346	53
114.347	53
114.348	52
114.349	52
114.35	52
114.351	52
114.397	52
114.398	52
114.399	52
114.4	52
114.401	52
114.402	52
114.403	52
114.445	51
114.446	51
114.447	51
114.449	51
114.45	51
114.451	50
114.452	50
114.494	55
114.495	54
114.496	54
114.497	53
114.498	53
114.499	52
114.5	52
114.543	57
114.544	56
114.545	55
114.546	54
114.547	54
114.548	53
114.549	53
114.594	58
114.595	57
114.596	56
114.597	56
114.598	55
114.599	55
114.6	54
114.644	59
114.645	58
114.646	57
114.647	57
114.648	56
114.649	55
114.65	55
114.651	55
114.696	54
114.697	54
114.698	54
114.699	53
114.7	53
114.701	53
114.702	53
114.703	53
114.748	52
114.749	52
114.75	52
114.751	52
114.752	52
114.753	52
114.754	52
114.755	52
114.8	52
114.801	52
114.802	52
114.803	52
114.804	52
114.805	52
114.806	52
114.807	52
114.848	51
114.849	51
114.85	51
114.851	51
114.852	50
114.853	50
114.854	50
114.856	50
114.894	54
114.895	53
114.896	52
114.897	51
114.898	51
114.899	50
114.9	50
114.901	49
114.939	54
114.94	53
114.941	52
114.942	51
114.943	51
114.944	50
114.945	49
114.946	49
114.986	53
114.987	52
114.988	52
114.989	51
114.99	51
114.991	50
114.992	50
114.993	50
115.034	54
115.035	54
115.036	53
115.037	53
115.038	52
115.039	52
115.04	51
115.041	51
115.082	56
115.084	55
115.085	54
115.086	53
115.087	53
115.088	52
115.089	52
115.09	51
115.131	56
115.132	55
115.133	54
115.134	54
115.135	53
115.136	53
115.137	52
115.138	52
115.18	57
115.181	56
115.182	55
115.183	54
115.184	54
115.185	53
115.186	52
115.187	52
115.23	57
115.231	56
115.232	55
115.233	55
115.234	54
115.235	54
115.236	53
115.237	53
115.238	53
115.28	52
115.281	52
115.282	52
115.283	52
115.284	51
115.285	51
115.286	51
115.287	51
115.288	51
115.33	51
115.331	51
115.333	51
115.334	51
115.335	50
115.336	50
115.337	50
115.338	50
115.339	50
115.382	50
115.383	50
115.384	50
115.385	50
115.386	51
115.387	51
115.388	51
115.389	51
115.39	51
115.433	51
115.434	51
115.435	51
115.436	51
115.437	51
115.438	51
115.439	51
115.44	51
115.441	51
115.484	51
115.485	51
115.486	51
115.487	51
115.488	50
115.489	50
115.49	50
115.491	50
115.492	50
115.536	51
115.537	51
115.538	51
115.539	51
115.54	51
115.541	51
115.542	51
115.543	51
115.544	51
115.581	50
115.583	50
115.584	49
115.585	49
115.586	48
115.587	48
115.588	47
115.589	47
115.59	47
115.627	47
115.628	46
115.629	46
115.63	46
115.631	46
115.632	46
115.633	45
115.634	45
115.635	45
115.671	45
115.672	45
115.673	45
115.674	45
115.675	45
115.677	45
115.678	45
115.679	45
115.68	45
115.717	45
115.718	45
115.719	45
115.72	45
115.721	45
115.722	45
115.723	45
115.724	45
115.725	45
115.763	45
115.764	45
115.765	45
115.766	45
115.767	45
115.768	45
115.77	45
115.771	45
115.772	45
115.81	45
115.811	46
115.812	46
115.813	46
115.814	46
115.815	46
115.816	46
115.817	46
115.818	46
115.857	46
115.858	46
115.859	46
115.86	46
115.861	46
115.863	46
115.864	46
115.865	46
115.866	46
115.905	47
115.906	47
115.907	47
115.908	47
115.909	47
115.91	47
115.911	47
115.912	47
115.913	47
115.955	47
115.956	48
115.957	48
115.958	48
115.959	48
115.96	48
115.961	49
115.962	49
115.963	49
116.007	49
116.008	49
116.009	50
116.01	50
116.011	50
116.012	50
116.013	50
116.014	51
116.015	51
116.059	51
116.06	51
116.061	51
116.062	51
116.063	51
116.064	51
116.065	51
116.066	51
116.067	51
116.11	51
116.111	51
116.112	51
116.113	51
116.115	51
116.116	51
116.117	51
116.118	51
116.119	51
116.16	51
116.161	50
116.162	50
116.163	50
116.164	50
116.165	50
116.167	50
116.168	50
116.169	50
116.209	50
116.21	49
116.211	49
116.212	49
116.213	49
116.214	49
116.215	48
116.216	48
116.217	48
116.256	48
116.257	48
116.258	48
116.26	48
116.261	48
116.262	48
116.263	48
116.264	48
116.265	48
116.306	48
116.307	48
116.308	48
116.309	48
116.31	49
116.312	49
116.313	49
116.314	49
116.315	49
116.357	49
116.358	49
116.359	49
116.36	50
116.361	50
116.362	50
116.364	50
116.365	50
116.366	50
116.409	50
116.41	50
116.411	51
116.412	51
116.413	51
116.414	51
116.416	51
116.417	51
116.418	51
116.459	51
116.46	51
116.461	51
116.462	50
116.463	50
116.464	50
116.465	50
116.466	50
116.467	50
116.509	50
116.51	50
116.511	50
116.512	50
116.513	50
116.514	50
116.515	50
116.516	50
116.517	50
116.557	49
116.558	49
116.559	49
116.56	49
116.562	49
116.563	49
116.564	48
116.565	48
116.566	48
116.607	48
116.608	48
116.609	48
116.61	48
116.611	48
116.612	48
116.613	48
116.614	49
116.615	49
116.658	49
116.659	49
116.66	50
116.661	50
116.662	50
116.663	50
116.664	50
116.666	50
116.667	50
116.71	50
116.711	51
116.712	51
116.713	51
116.714	51
116.715	51
116.716	51
116.717	51
116.719	51
116.757	50
116.758	50
116.759	49
116.76	49
116.761	49
116.762	48
116.763	48
116.764	48
116.765	48
116.803	47
116.804	47
116.805	47
116.806	47
116.807	46
116.808	46
116.809	46
116.81	46
116.811	46
116.848	46
116.849	46
116.85	46
116.851	46
116.852	46
116.854	46
116.855	46
116.856	46
116.857	46
116.896	46
116.897	46
116.898	46
116.899	46
116.9	46
116.901	46
116.902	46
116.903	46
116.904	46
116.944	46
116.945	47
116.985	46
