10.1345	0.472303
10.2041	0.690102
10.2736	0.690102
10.3458	0.665134
10.4159	0.685006
10.4896	0.813562
10.5653	1.26904
10.6435	1.37976
10.7339	1.19526
10.8368	1.39887
10.9235	1.52371
11.0007	1.24314
11.0805	1.20225
11.1651	1.13504
11.2586	1.02664
11.3558	1.11127
11.453	0.987792
11.5564	0.928065
11.6489	1.03858
11.7382	1.07495
11.8291	1.05631
11.9184	1.07495
12.0124	1.0209
12.1096	0.987792
12.2083	0.97203
12.3097	0.946848
12.4095	0.962273
12.5046	1.00962
12.6002	1.00407
12.699	0.97203
12.7998	0.951779
12.9007	0.951779
13.0015	0.951779
13.1045	0.932578
13.2032	0.850738
13.3009	0.736861
13.3997	0.486015
13.4985	0.486015
13.5993	0.832807
13.7002	0.951779
13.8016	0.946848
13.905	1.04432
14.0059	0.951779
14.1088	0.932355
14.2122	0.928286
14.3121	0.961798
14.4139	0.824421
14.5148	0.713834
14.6182	0.464143
14.7143	0.624278
14.8052	0.528155
14.9008	0.502037
15.0032	0.351511
15.1051	0.471097
15.2075	0.468794
15.3068	0.483443
15.4102	0.464143
15.5074	0.493896
15.6078	0.478381
15.7091	0.355241
15.8084	0.483443
15.9103	0.470983
16.0137	0.464143
16.1072	0.513319
16.196	0.540656
16.2869	0.528155
16.3809	0.510451
16.4781	0.493896
16.5769	0.486015
16.6767	0.480899
16.7765	0.480899
16.8758	0.483443
16.9787	0.466401
17.0785	0.481018
17.1767	0.488614
17.276	0.483443
17.3769	0.47589
17.4788	0.470983
17.578	0.483684
17.6726	0.507616
17.7692	0.49658
17.8664	0.493896
17.9662	0.480899
18.0676	0.47377
18.1637	0.499294
18.2625	0.486015
18.3649	0.468568
18.4668	0.470983
18.5697	0.466401
18.6622	0.389468
18.7578	0.502037
18.8592	0.59178
18.959	0.481018
19.0582	0.483443
19.1627	0.459583
19.252	0.403218
19.3455	0.513319
19.4442	0.486015
19.5477	0.464032
19.6443	0.496834
19.7325	0.679842
19.8224	1.06866
19.9196	0.987792
20.0188	0.966887
20.1228	0.923156
20.2242	0.947539
20.3229	0.97203
20.4238	0.951779
20.5252	0.946848
20.6292	0.923156
20.73	0.952478
20.8214	1.05024
20.9164	1.00962
21.0147	0.977228
21.1134	0.97203
21.2127	0.966887
21.3136	0.951779
21.416	0.937136
21.519	0.932355
21.6229	0.923814
21.7212	0.977228
21.8183	0.987792
21.9155	0.987792
22.0148	0.966887
22.1162	0.946848
22.2186	0.937136
22.3226	1.0388
22.4192	0.993668
22.5106	1.05024
22.6047	1.0209
22.6992	1.01523
22.7969	1.10529
22.8999	1.39887
23.0023	1.40638
23.0984	1.62271
23.1987	1.43514
23.299	1.79569
23.3977	2.06556
23.4991	1.8937
23.602	2.217
23.6955	2.69492
23.7864	2.77281
23.8799	3.07991
23.9792	3.02152
24.0831	3.00239
24.1766	2.95158
24.2675	2.64077
24.3599	2.72555
24.4529	2.5811
24.5533	2.75069
24.6567	2.78486
24.7533	3.10442
24.8442	3.16893
24.9372	3.09731
25.0354	3.29814
25.1383	3.26402
25.2402	3.29768
25.3432	3.37979
25.4466	3.24823
25.5438	2.71781
25.6362	2.59576
25.7308	2.66498
25.8275	2.4829
25.9288	2.72219
26.0323	2.78353
26.1316	3.02302
26.2251	3.07991
26.3212	3.12059
26.4184	3.45727
26.5218	3.24823
26.6195	2.58032
26.7146	2.14545
26.8112	1.98632
26.911	2.04382
27.0145	2.32071
27.1159	2.36712
27.2151	2.41722
27.3171	2.47266
27.42	2.332
27.5229	2.332
27.6227	1.80382
27.723	1.55474
27.827	1.84719
27.922	2.01977
28.0113	2.28427
28.1043	2.06488
28.201	1.98632
28.3003	2.29636
28.4037	2.32016
28.5045	2.38003
28.6053	2.50025
28.6978	2.59576
28.7923	2.53808
28.8906	2.44307
28.992	2.36712
29.0954	2.32071
29.1915	2.49647
29.2882	2.4829
29.3885	2.39191
29.4899	2.36712
29.5918	2.35606
29.6895	2.4562
29.7909	2.36712
29.8933	2.34284
29.9936	2.27399
30.0803	1.66129
30.1706	1.59368
30.2652	1.90356
30.3618	1.98632
30.4643	1.99189
30.5645	1.79525
30.6565	1.3053
30.751	1.39594
30.8487	1.47372
30.9512	1.4057
31.0514	1.43691
31.1365	1.69205
31.22	1.86764
31.3114	1.57536
31.4086	1.48169
31.5105	1.41295
31.6139	1.39243
31.709	1.38859
31.8036	0.888327
31.9007	0.987792
32.0016	1.07075
32.1045	0.932578
32.2043	0.962036
32.3052	1.3087
32.4076	1.40672
32.4984	1.58446
32.592	1.66829
32.6891	1.48169
32.7879	1.45804
32.8913	1.3921
32.9901	1.21534
33.0899	0.961798
33.1913	0.947078
33.2926	1.0652
33.3935	0.951779
33.497	0.928065
33.5967	0.721705
33.695	0.732921
33.7963	0.946848
33.8993	0.932355
34.0011	0.94288
34.0952	1.0209
34.1876	1.0383
34.2832	1.12958
34.3815	0.977228
34.4818	0.956762
34.5842	0.937136
34.6866	0.937814
34.7859	0.966887
34.8857	0.961798
34.9887	0.932355
35.091	0.820983
35.1803	0.537475
35.2675	0.550426
35.36	0.519152
35.4582	0.855074
35.5601	0.942423
35.6588	0.97203
35.7591	1.07662
35.8579	0.972273
35.9514	1.02664
36.048	0.993161
36.1505	0.937362
36.2524	0.941967
36.3511	0.851164
36.4404	0.806213
36.5297	0.671844
36.6206	1.05631
36.7156	1.00962
36.8144	0.97203
36.9116	0.987792
37.0104	0.97203
37.1117	1.0652
37.2126	0.951779
37.315	0.937136
37.4185	0.812057
37.5193	0.714009
37.6186	0.483443
37.7179	0.483443
37.8203	0.585851
37.9217	0.710481
38.0188	0.493896
38.1176	0.486015
38.2174	0.480899
38.3203	0.466401
38.4212	0.476122
38.5173	0.499294
38.6192	0.470983
38.7221	0.466401
38.8225	0.478381
38.9233	0.47589
39.0258	0.468568
39.1271	0.47377
39.2206	0.513319
39.3157	0.504811
39.4139	0.488614
39.5178	0.461797
39.6056	0.410463
39.6928	0.550426
39.7842	0.525119
39.8793	0.504811
39.9775	0.488614
40.0789	0.473424
40.1749	0.374759
40.2627	0.54713
40.3514	0.540656
40.4444	0.516219
40.5411	0.49658
40.642	0.47589
40.7433	0.473424
40.8447	0.473424
40.945	0.359051
41.0375	0.519152
41.1304	0.516219
41.224	0.513319
41.3211	0.493896
41.4204	0.483443
41.5218	0.473424
41.6263	0.344688
41.7213	0.252471
41.8143	0.25811
41.9125	0.36646
42.0145	0.470983
42.1179	0.348107
42.2182	0.478381
42.3211	0.466401
42.4172	0.374567
42.5128	0.502037
42.6079	0.504811
42.7051	0.493896
42.8044	0.483443
42.9058	0.473424
43.0066	0.476239
43.0964	0.534332
43.1841	0.54713
43.2756	0.525119
43.3675	0.522119
43.462	0.507616
43.5598	0.491241
43.6575	0.614051
43.7578	0.956762
43.8597	0.941967
43.9632	0.928065
44.0635	0.957233
44.1627	0.966887
44.2636	0.951779
44.3655	0.941967
44.4695	0.923594
44.5629	1.02718
44.6507	1.09426
44.7431	1.0383
44.834	1.05631
44.9291	1.00962
45.0273	0.977228
45.1271	0.961798
45.2279	0.952478
45.3225	1.01523
45.4155	1.03244
45.5105	1.00962
45.6104	1.08202
45.7112	0.952245
45.8084	0.987792
45.9087	1.31555
46.0106	1.41363
46.1056	1.64064
46.2013	1.63162
46.3037	1.87472
46.4024	2.06711
46.4864	2.42704
46.5783	2.61059
46.6787	2.5115
46.7831	2.52771
46.8782	1.76684
46.9765	1.95446
47.0778	2.01205
47.1808	1.8656
47.28	1.69247
47.3804	1.43514
47.4843	1.38539
47.5851	1.54702
47.6839	1.45804
47.7842	1.43514
47.8877	1.3921
47.9817	1.53216
48.0673	1.26125
48.154	1.10752
48.2443	1.46087
48.3394	1.51443
48.4403	1.42767
48.5406	1.5555
48.6393	1.45804
48.7418	1.4057
48.8447	1.5158
48.9413	1.98683
49.0406	1.93377
49.1425	1.88393
49.2444	1.88393
49.3479	1.85657
49.4403	2.07716
49.5322	2.08848
49.6257	2.05328
49.7213	2.00815
49.8212	1.9236
49.9231	1.88393
50.027	1.84719
50.1231	1.9982
50.2124	2.1499
50.3038	2.10048
50.3968	2.06488
50.4898	2.06488
50.5854	2.00815
50.6842	1.94406
50.7855	1.8937
50.889	1.97261
50.9893	1.91352
51.0912	1.88393
51.193	1.88576
51.2913	1.95446
51.3927	1.8937
51.496	1.85701
51.5969	1.90356
51.7009	1.84675
51.7991	1.95544
51.8899	2.24466
51.9856	2.51019
52.0848	2.41722
52.1872	2.46176
52.2849	2.4562
52.3878	2.68181
52.4918	2.77144
52.5774	2.10209
52.6656	2.1755
52.7576	2.219
52.8558	1.95446
52.9582	2.2257
53.0617	2.32016
53.152	2.12548
53.2345	1.74594
53.3186	1.7132
53.4073	1.62197
53.4998	1.94682
53.5933	2.05328
53.6905	1.97558
53.7903	2.04382
53.8922	1.88393
53.9957	1.85613
54.098	1.87518
54.191	2.06488
54.2824	2.10048
54.3738	2.10048
54.4689	2.01924
54.5698	1.90356
54.6732	1.85657
54.7615	2.1755
54.8471	2.24223
54.9375	2.1249
55.0325	2.01924
55.1324	1.9236
55.2353	1.86516
55.3387	1.6245
55.4379	1.20921
55.5257	1.64139
55.6171	1.57536
55.7095	1.68724
55.802	1.55746
55.9002	1.46584
56.0037	1.39243
56.1039	1.3162
56.1948	1.05631
56.2862	1.05024
56.3803	1.0209
56.4826	1.28949
56.5809	1.46584
56.6775	1.48974
56.7794	1.41295
56.8814	1.41295
56.979	1.47484
57.0709	1.56636
57.1665	1.50611
57.2658	1.45033
57.3646	1.45804
57.467	1.4057
57.5709	1.38572
57.6686	1.47447
57.7653	1.48974
57.8651	1.4427
57.969	1.38572
58.0688	1.4427
58.1712	1.40638
58.2684	1.48169
58.3661	1.47372
58.4664	1.43514
58.5683	1.41398
58.6565	1.63162
58.7474	1.58446
58.8436	1.49788
58.9413	1.47372
59.0431	1.41363
59.1424	1.57119
59.2412	1.45804
59.3436	1.40604
59.4466	1.39853
59.5458	1.45177
59.6366	1.32039
59.7296	1.54866
59.8226	1.54866
59.9177	1.51443
60.0165	1.57955
60.1163	1.4427
60.2156	1.45033
60.3159	1.43514
60.4188	1.74942
60.5144	2.00815
60.6111	1.98632
60.7082	1.97558
60.807	1.94406
60.9104	1.85657
61.0065	1.99769
61.1011	2.03046
61.2035	1.87427
61.3048	1.89508
61.401	1.99718
61.4992	1.95446
61.5985	1.93377
61.7003	1.8853
61.7944	2.04181
61.8874	2.06488
61.9809	2.05328
62.0744	2.05328
62.1716	1.97558
62.273	1.8937
62.3743	1.8937
62.4778	1.85613
62.5796	1.8853
62.6794	1.9236
62.7803	1.90356
62.8832	1.8656
62.9856	1.87518
63.0885	1.98268
63.1852	1.98632
63.2834	1.95446
63.3853	1.88393
63.4877	2.22731
63.5864	2.43007
63.6904	2.30899
63.7802	1.603
63.8711	1.98058
63.9641	2.06488
64.0613	1.97558
64.1632	2.00168
64.2671	1.84719
64.3669	2.04534
64.463	2.49647
64.5581	2.52405
64.6574	2.41722
64.7588	2.48547
64.8617	2.21594
64.9525	1.58446
65.0429	1.59368
65.1364	1.92495
65.2336	1.97558
65.336	1.99189
65.4368	1.90402
65.534	2.09906
65.6359	2.35492
65.7368	2.37945
65.8402	2.32071
65.9395	2.53934
66.0377	2.44307
66.1412	2.31961
66.2431	2.35549
66.3449	2.35606
66.4463	2.36712
66.5502	2.31008
66.6432	2.58178
66.7319	2.70328
66.8228	2.64077
66.9169	2.55226
67.0167	2.40449
67.1196	2.33256
67.2089	2.68738
67.3024	2.5666
67.3975	2.52405
67.4941	2.4829
67.5955	2.36769
67.6969	2.36769
67.8003	2.31961
67.9027	2.22731
67.9972	1.64975
68.0976	1.91352
68.1995	1.88439
68.3002	1.90542
68.3885	2.31146
68.4757	2.20171
68.5634	2.18852
68.659	2.38468
68.761	2.35492
68.8639	2.33089
68.9652	2.36885
69.0566	1.57536
69.1486	1.56636
69.2468	1.8323
69.3461	1.93377
69.4464	2.03312
69.5494	1.86471
69.6512	1.76747
69.7448	1.15497
69.8388	1.0209
69.9328	1.0209
70.0295	1.3656
70.1288	1.45033
70.2317	1.5158
70.3331	1.42027
70.4334	1.43514
70.5369	1.39177
70.634	1.48244
70.7259	1.17477
70.8174	1.05024
70.9145	1.35821
71.0154	1.42767
71.1193	1.38539
71.2181	1.09408
71.3163	1.09938
71.4187	0.937362
71.5211	0.820587
71.6193	0.488614
71.7202	0.47589
71.8189	0.486379
71.9087	0.935081
72.0006	1.04424
72.0947	1.0209
72.1966	1.05971
72.2979	0.94777
72.3919	1.0209
72.4844	1.0383
72.5794	1.00962
72.6787	0.966887
72.7827	0.808145
72.8788	0.749325
72.9723	0.513319
73.0653	0.516219
73.1598	0.634519
73.2586	0.97203
73.36	0.946848
73.4634	0.928065
73.5621	1.09381
73.6614	0.966887
73.7639	0.937362
73.8637	0.961798
73.964	0.956762
74.0654	0.946848
74.1689	0.927843
74.267	0.855719
74.3579	0.792232
74.4535	0.502037
74.5518	0.488614
74.6542	0.585851
74.7503	0.749133
74.8448	0.507616
74.9431	0.488614
75.0424	0.483443
75.1458	0.464143
75.2387	0.516356
75.3249	0.557139
75.4105	0.560557
75.4967	0.557139
75.5944	0.491241
75.6947	0.478381
75.7976	0.466401
75.8979	0.478734
75.9883	0.531226
76.0828	0.888327
76.1795	0.993161
76.2777	0.977228
76.3806	0.932802
76.4799	0.966887
76.5818	0.941967
76.6838	0.941967
76.7877	0.923594
76.8838	0.998588
76.981	0.987792
77.0787	0.982482
77.1812	0.937136
77.2851	0.923594
77.387	0.942195
77.4888	0.942651
77.5881	0.966887
77.6879	0.961798
77.7893	0.946848
77.8912	1.05971
77.9936	0.937588
78.094	0.956762
78.1954	1.30192
78.2988	1.39243
78.3938	1.64149
78.4873	1.66829
78.5835	1.99718
78.6817	2.07661
78.7831	2.01254
78.885	2.47326
78.9842	2.41722
79.0867	2.69427
79.1901	3.01693
79.2878	3.5624
79.3892	3.43232
79.4926	3.71403
79.5866	2.55226
79.6827	2.62129
79.7815	2.91609
79.8818	2.98988
79.9832	2.84054
80.0814	2.44491
80.1733	2.219
80.2674	2.04181
80.364	2.11047
80.4669	2.332
80.5656	2.43129
80.6613	2.51019
80.7611	2.52472
80.8635	2.34397
80.9648	2.25041
81.0625	1.96496
81.1602	1.47372
81.2631	1.51544
81.3619	1.33687
81.4653	1.16008
81.5609	1.50689
81.6497	1.62197
81.7411	1.57536
81.8356	1.52285
81.9312	1.50611
82.0331	1.41295
82.1366	1.3921
82.2358	1.45105
82.3251	1.61243
82.4176	1.55746
82.5116	1.53135
82.6078	1.49788
82.7065	1.45804
82.8037	1.48169
82.9009	1.48169
82.9997	1.45804
83.1031	1.3921
83.2028	1.44377
83.2995	1.48974
83.3967	1.48169
83.4955	1.45804
83.5979	1.40604
83.7008	1.39954
83.799	1.46621
83.8993	1.43514
84.0002	1.42767
84.1041	1.38572
84.2002	1.49788
84.2974	1.48169
84.3999	1.4057
84.5033	1.50846
84.6041	1.42767
84.7055	1.42027
84.809	1.27609
84.9114	0.937362
85.0143	1.0494
85.1083	1.02144
85.2007	1.0383
85.2969	1.12341
85.3977	1.42767
85.5017	1.38506
85.603	1.18414
85.7002	0.864318
85.7985	0.977228
85.9004	0.941967
86.0027	0.93804
86.0983	1.12958
86.1992	0.951779
86.3011	0.942423
86.404	0.932578
86.5059	0.941967
86.6073	0.946848
86.7107	0.928286
86.81	0.967127
86.9093	0.966887
87.0122	0.932578
87.1125	0.837373
87.215	0.468568
87.3178	0.349968
87.4203	0.468568
87.5221	0.471326
87.6067	0.56752
87.6923	0.560557
87.7806	0.543874
87.8709	0.531226
87.9634	0.519152
88.0606	0.493896
88.1609	0.478381
88.2623	0.473424
88.3599	0.491613
88.4571	0.493896
88.5559	0.486015
88.6568	0.47589
88.7597	0.466289
88.859	0.483563
88.9608	0.471097
89.0627	0.471326
89.1641	0.473424
89.2675	0.464254
89.3636	0.374567
89.456	0.259576
89.5564	0.478381
89.6598	0.464032
89.7585	0.486379
89.8494	0.528155
89.9434	0.89329
90.0448	0.947078
90.1472	0.937588
90.2459	0.97203
90.3431	0.987792
90.444	0.951779
90.5474	0.928729
90.6419	1.01523
90.7349	1.03244
90.8305	1.00407
90.9266	0.998588
91.0275	0.951779
91.131	0.927843
91.2339	0.933026
91.3353	0.946848
91.4382	0.932355
91.5411	0.933249
91.6383	0.987792
91.7344	0.998588
91.8311	0.993161
91.9309	0.961798
92.0296	0.972515
92.1242	1.01523
92.2208	0.993161
92.3191	0.977228
92.4189	0.961798
92.5203	0.946848
92.6237	1.04432
92.7088	1.12803
92.7949	1.11428
92.8848	1.06866
92.9798	1.13582
93.0776	1.47372
93.1779	1.43514
93.2813	1.50811
93.3816	1.43585
93.4751	1.92495
93.5723	2.09906
93.6747	1.87472
93.7761	1.65779
93.8764	1.43514
93.9799	1.50811
94.078	1.46658
94.1779	1.56292
94.2776	1.92502
94.3732	2.00815
94.472	2.06556
94.5739	1.88393
94.6778	1.84763
94.7708	1.67816
94.8611	1.59368
94.9557	1.64975
95.0534	1.47372
95.1553	1.41295
95.2571	1.41398
95.3522	1.26203
95.451	1.45804
95.5539	1.39887
95.6521	1.46658
95.7467	1.52285
95.8449	1.46584
95.9489	1.38506
96.046	1.48282
96.139	1.54866
96.2309	1.56636
96.3234	1.55746
96.4211	1.47372
96.5235	1.4057
96.6227	1.45141
96.7178	1.51443
96.8129	1.51443
96.9101	1.48169
97.0115	1.42027
97.1154	1.38539
97.2162	1.42837
97.3192	1.39887
97.4215	1.40672
97.5187	1.48169
97.6185	1.4427
97.722	1.39177
97.8239	1.41398
97.92	1.49788
98.013	1.54866
98.1075	1.52285
98.2084	1.42767
98.3123	1.38539
98.4105	1.58839
98.5104	1.4427
98.6102	1.4427
98.7121	1.5307
98.8155	1.85613
98.9169	1.89416
99.0162	2.05463
99.1185	1.87563
99.2225	2.19354
99.3176	2.65095
99.4163	2.43007
99.5198	2.66819
99.6185	3.03911
99.7188	2.98988
99.8227	3.34882
99.9231	3.46826
100.025	3.8875
100.12	3.91533
100.202	3.05539
100.29	3.28278
100.383	3.2447
100.478	3.15507
100.576	3.4203
100.677	3.43232
100.781	3.24823
100.88	2.53871
100.979	2.29636
101.081	2.36712
101.184	2.43675
101.276	2.6256
101.366	2.64077
101.461	2.91879
101.556	3.04569
101.653	2.96338
101.755	2.92855
101.859	2.66819
101.958	2.2854
102.057	2.07661
102.155	1.94406
102.255	1.93377
102.355	2.27231
102.456	2.36712
102.558	2.48547
102.66	2.34284
102.764	2.32071
102.859	1.75713
102.957	1.95446
103.055	1.97558
103.152	2.08777
103.252	1.9236
103.355	1.87472
103.453	1.82301
103.552	1.46584
103.655	1.50811
103.755	1.44305
103.855	1.55474
103.959	1.84763
104.05	2.10048
104.14	2.28427
104.237	1.97558
104.338	1.8937
104.442	1.85657
104.538	1.48974
104.633	1.52285
104.731	1.59653
104.829	1.45804
104.933	1.74012
105.028	2.00919
105.12	2.219
105.213	2.06488
105.307	2.04181
105.409	1.88393
105.513	1.85657
105.606	1.54866
105.703	1.59653
105.802	1.45804
105.901	1.45033
106.003	1.77534
106.107	1.84763
106.203	2.11047
106.303	1.93377
106.406	1.86516
106.509	1.86516
106.605	1.74798
106.7	1.51443
106.799	1.57955
106.9	1.42027
107.002	1.5307
107.104	1.87518
107.203	1.95446
107.301	2.06556
107.402	1.91352
107.505	1.85657
107.599	2.18161
107.695	2.4829
107.797	2.35492
107.9	2.34341
107.997	2.47073
108.084	2.75213
108.171	2.75213
108.265	2.55226
108.368	2.332
108.463	2.52537
108.551	2.71937
108.643	2.61059
108.738	2.53808
108.834	2.49647
108.936	2.34284
109.04	2.32071
109.14	2.40449
109.241	2.36712
109.344	2.33089
109.447	2.32071
109.546	2.43007
109.648	2.36712
109.75	2.33089
109.853	2.33089
109.957	2.32016
110.052	2.52471
110.144	2.59576
110.239	2.53808
110.335	2.62129
110.434	2.41722
110.536	2.36712
110.637	2.37945
110.74	2.66819
110.839	2.91755
110.933	3.19032
111.026	3.07991
111.125	3.03759
111.229	3.24823
111.326	3.5615
111.422	3.63977
111.524	3.76787
111.627	3.84873
111.721	4.46645
111.816	4.6695
111.913	4.81549
111.973	7.35239
112.061	3.42053
112.156	5.67912
112.217	8.73981
112.309	3.61641
112.37	8.54467
112.451	3.26324
112.541	4.38261
112.635	4.7482
112.731	4.46922
112.832	4.66422
112.892	7.74665
112.986	2.82474
113.085	4.56967
113.179	3.70077
113.273	3.59323
113.371	3.80712
113.47	3.86755
113.573	3.84781
113.674	3.80712
113.774	3.80712
113.876	3.76787
113.977	3.23066
114.073	2.97948
114.172	2.91609
114.275	2.91431
114.379	3.23335
114.477	3.5615
114.577	3.36629
114.678	3.41463
114.782	3.69613
114.877	4.18892
114.969	4.17695
115.065	3.97264
115.163	3.95117
115.262	3.96742
115.364	4.23885
115.466	4.23988
115.527	6.75901
115.609	2.9099
115.699	4.78103
115.792	4.64597
115.888	4.5433
115.989	4.23988
116.05	6.75901
116.143	2.58315
116.239	4.49365
116.34	4.28301
116.4	6.75625
116.491	2.62631
116.589	4.42117
116.65	6.95213
116.739	2.54017
116.831	4.72608
116.926	4.51834
117.008	0.586608
