10.0343	34
10.0785	35
10.366	39
10.4007	43
10.436	46
10.4761	50
10.4771	49
10.5135	47
10.5145	46
10.5529	45
10.5539	44
10.5907	43
10.5917	43
10.6275	47
10.6285	45
10.6669	49
10.6679	48
10.712	52
10.7131	52
10.7141	51
10.7609	51
10.7619	50
10.763	50
10.8113	50
10.8124	50
10.8134	50
10.8638	50
10.9463	48
10.9473	47
10.9841	46
10.9851	45
11.0235	44
11.0245	43
11.0629	43
11.0639	42
11.1033	42
11.1044	42
11.1443	42
11.1454	41
11.1879	42
11.189	42
11.2331	42
11.2341	43
11.2835	43
11.2846	44
11.3313	51
11.3324	51
11.3791	56
11.3802	55
11.4269	60
11.428	58
11.4763	63
11.4774	61
11.5278	66
11.5289	64
11.5803	69
11.7163	71
11.7605	74
11.8062	76
11.8513	77
11.896	79
11.9412	80
11.9422	76
11.9884	72
11.9895	69
12.0363	66
12.0373	64
12.0846	62
12.0856	60
12.1334	59
12.1345	57
12.1828	56
12.1839	55
12.2322	55
12.2333	54
12.2826	53
12.2837	53
12.3341	53
12.3352	53
12.3845	59
12.3856	58
12.4328	63
12.4339	61
12.4806	65
12.4817	63
12.5279	67
12.529	64
12.5752	68
12.5762	66
12.6235	69
12.6246	67
12.6729	70
12.674	68
12.7223	71
12.7233	69
12.7722	72
12.7732	70
12.8232	73
12.8242	71
12.8736	74
12.8746	71
12.924	75
12.9251	72
12.9744	75
12.9755	72
13.0249	76
13.0259	72
13.0758	76
13.0769	73
13.1278	76
13.1288	73
13.1772	77
13.1782	73
13.226	76
13.2271	73
13.2749	76
13.2759	72
13.3232	75
13.3243	72
13.3721	75
13.3731	72
13.422	75
13.423	72
13.4714	75
13.4724	72
13.5213	75
13.5223	72
13.5722	76
13.5733	73
13.6227	76
13.6237	73
13.6731	76
13.6741	73
13.7235	76
13.7246	73
13.774	76
13.775	73
13.8249	76
13.826	73
13.8769	77
13.8779	74
13.9283	77
13.9294	74
13.9788	77
13.9798	74
14.0281	77
14.0292	74
14.0796	77
14.0807	74
14.1311	77
14.1322	74
14.1831	78
14.1841	75
14.2345	78
14.2356	75
14.2844	78
14.2855	74
14.3354	77
14.3364	74
14.3874	78
14.3884	75
14.4373	78
14.4383	74
14.4867	77
14.4877	74
14.5371	77
14.5381	74
14.5891	77
14.5901	74
14.641	78
14.6421	74
14.6899	77
14.6909	74
14.7356	76
14.7366	72
14.7807	75
14.7818	71
14.827	73
14.828	70
14.8732	73
14.8743	70
14.9231	73
14.9242	70
14.9751	74
14.9761	71
15.0255	75
15.0266	72
15.0276	69
15.076	67
15.077	65
15.0781	63
15.1279	61
15.129	60
15.13	59
15.1794	58
15.1804	57
15.1815	56
15.2303	56
15.2314	55
15.2324	54
15.2792	54
15.2802	53
15.2813	52
15.3296	52
15.3307	52
15.3317	52
15.3816	52
15.4814	51
15.4824	51
15.5302	50
15.5313	50
15.5801	50
15.5812	50
15.6306	50
15.6316	50
15.682	56
15.683	56
15.7314	61
15.7324	60
15.7797	64
15.7808	62
15.8307	67
15.8317	65
15.8816	69
15.8827	67
15.9326	71
15.9336	69
15.9347	67
15.9846	65
15.9856	63
15.9867	62
16.0365	60
16.0376	59
16.0386	58
16.0843	57
16.0854	56
16.0864	55
16.13	54
16.1311	53
16.1321	52
16.1742	51
16.1752	50
16.1763	49
16.2188	48
16.2199	48
16.2209	47
16.264	47
16.265	47
16.2661	47
16.3092	52
16.3102	51
16.3113	51
16.3554	55
16.3564	54
16.3575	53
16.4032	58
16.4042	57
16.4053	56
16.4515	61
16.4526	59
16.4536	58
16.5004	62
16.5014	61
16.5025	59
16.5498	64
16.5508	62
16.5519	60
16.5991	65
16.6002	63
16.6012	62
16.6485	66
16.6496	64
16.6506	62
16.699	66
16.7	65
16.7011	63
16.7494	67
16.7504	65
16.7515	64
16.7988	68
16.7998	65
16.8009	63
16.8482	68
16.8492	65
16.8503	64
16.8986	68
16.8996	66
16.9007	64
16.9501	68
16.9511	66
16.9522	65
17.002	69
17.1023	66
17.1034	64
17.1512	62
17.1522	60
17.2006	59
17.2016	58
17.25	56
17.251	56
17.2999	55
17.3009	54
17.3498	60
17.3508	59
17.4002	64
17.4013	62
17.4506	67
17.4517	65
17.5021	69
17.5032	67
17.5536	71
17.5551	69
17.6964	72
17.7437	75
17.7926	77
17.8409	80
17.8898	82
17.9397	84
17.9407	80
17.9912	76
17.9922	73
18.0431	70
18.0442	68
18.093	66
18.094	64
18.1418	62
18.1429	60
18.1897	58
18.1907	57
18.2385	56
18.2396	55
18.2889	54
18.29	54
18.3404	60
18.3415	59
18.3914	64
18.3924	63
18.4429	67
18.4439	65
18.4933	70
18.4943	67
18.5443	72
18.5453	69
18.5962	73
18.5972	71
18.6414	74
18.6424	70
18.6876	73
18.6886	69
18.7354	72
18.7365	69
18.7848	73
18.7858	70
18.8347	73
18.8357	70
18.8862	74
18.8872	71
18.9366	75
18.9376	72
18.9854	75
18.9865	72
19.0353	75
19.0364	72
19.0868	75
19.0879	72
19.1388	76
19.3751	78
19.424	80
19.4739	83
19.5254	85
19.5773	87
19.6261	89
19.7622	89
19.8068	89
19.8531	89
19.9003	89
19.9502	90
20.0002	92
20.0495	92
20.101	93
20.153	95
20.3526	95
20.403	96
20.4534	96
20.5038	97
20.5553	97
20.6068	98
20.6588	99
20.7092	99
20.758	99
20.8032	98
20.8499	97
20.8977	97
20.945	97
20.9934	97
21.0433	97
21.0926	97
21.142	97
21.1919	97
21.2413	97
21.2912	98
21.3427	98
21.3937	98
21.4446	99
21.4961	99
21.5476	100
21.5995	100
21.651	100
21.7004	100
21.7487	100
21.7975	100
21.8459	99
21.8947	99
21.9431	99
21.9919	98
22.0423	98
22.0928	99
22.1443	99
22.1957	99
22.2472	100
22.2992	100
22.6311	99
22.6784	99
22.7262	98
22.7756	98
22.8255	98
22.8765	98
22.9284	99
22.9794	99
23.0298	100
23.0781	99
23.1259	99
23.1758	99
23.2279	99
23.5818	100
23.6316	100
23.6799	99
23.7256	99
23.7713	98
23.8181	97
23.8649	97
23.9121	96
23.9605	96
24.0114	96
24.0634	97
24.1132	98
24.16	97
24.2052	97
24.2509	96
24.2966	95
24.3433	95
24.3885	94
24.4347	94
24.4825	94
24.5325	94
24.5839	95
24.6359	96
24.6879	97
24.7346	97
24.7808	97
24.8265	96
24.8717	95
24.9179	95
24.9652	95
25.0146	95
25.0656	95
25.1171	96
25.169	97
25.3744	98
25.5724	97
25.6186	97
25.6648	96
25.7121	96
25.7594	96
25.8072	96
25.8566	96
25.9075	96
25.9585	97
26.01	97
26.0619	98
26.1108	98
26.1591	98
26.2058	98
26.2526	97
26.3015	97
26.3498	97
26.3981	97
26.4475	97
26.4995	97
26.6933	97
26.7416	97
26.7899	96
26.8388	96
26.8887	97
26.9396	97
26.9916	98
27.043	99
27.093	99
27.1434	99
27.1933	99
27.2432	99
27.2936	99
27.3446	99
27.3965	100
27.4475	100
27.4984	100
27.5499	100
27.5987	100
27.6481	100
27.6985	100
27.7495	100
27.8015	100
27.8534	101
27.9932	99
28.0378	98
28.084	97
28.1308	96
28.1791	96
28.228	96
28.2774	96
28.3278	97
28.3288	91
28.3798	86
28.3808	82
28.4317	78
28.4328	75
28.4811	71
28.4822	69
28.5321	66
28.5331	64
28.584	63
28.5851	61
28.6329	60
28.6339	58
28.6775	56
28.6786	55
28.7237	54
28.7248	53
28.771	52
28.7721	52
28.8183	51
28.8194	50
28.8672	50
28.8682	50
28.9165	50
28.9176	50
28.9675	50
28.9685	50
29.019	50
29.02	50
29.0709	50
29.072	50
29.1224	50
29.1234	51
29.1702	50
29.1712	50
29.2185	50
29.2196	49
29.2663	49
29.2674	49
29.3157	49
29.3168	49
29.3661	49
29.3672	49
29.4155	49
29.4166	49
29.4654	49
29.4665	49
29.5169	49
29.518	49
29.5689	50
29.5699	50
29.6188	50
29.6198	50
29.6676	50
29.6687	50
29.7165	49
29.7175	49
29.7664	49
29.7675	49
29.8179	49
29.8189	50
29.8688	50
29.8699	50
29.9203	50
29.9214	50
29.9723	50
29.9733	51
30.0185	50
30.0195	49
30.061	48
30.0621	48
30.1052	47
30.1062	47
30.1503	46
30.1514	46
30.196	46
30.1971	46
30.2433	46
30.2444	46
30.2911	46
30.2922	46
30.3389	46
30.34	46
30.3878	47
30.3888	47
30.4388	47
30.4398	48
30.4902	48
30.4913	49
30.5421	49
30.5432	49
30.5889	49
30.5899	48
30.6351	48
30.6362	48
30.6808	48
30.6819	47
30.7281	47
30.7292	47
30.7759	47
30.777	47
30.8242	47
30.8253	47
30.8736	48
30.8747	48
30.9246	48
30.9256	48
30.9771	49
30.9781	49
31.0291	50
31.0301	50
31.0763	49
31.0773	49
31.1204	54
31.1215	53
31.1609	57
31.1619	55
31.2029	58
31.2039	56
31.2454	59
31.2465	57
31.2911	61
31.2922	59
31.3379	63
31.3389	61
31.3857	65
31.3868	63
31.3878	61
31.4356	60
31.4367	58
31.4377	57
31.4866	56
31.4876	56
31.4887	55
31.538	55
31.5391	54
31.5402	54
31.59	54
31.5911	53
31.5921	53
31.6425	53
31.7355	52
31.7365	51
31.7833	51
31.7843	50
31.8316	50
31.8327	50
31.8805	49
31.8815	49
31.9288	49
31.9298	49
31.9798	55
31.9808	55
32.0307	60
32.0318	59
32.0817	64
32.0827	63
32.1336	68
32.1347	66
32.1814	70
32.1825	67
32.1835	65
32.2313	63
32.2324	61
32.2334	60
32.2818	58
32.2828	57
32.2839	56
32.3338	56
32.3348	55
32.3359	55
32.3852	54
32.3862	54
32.3873	54
32.4356	53
32.4367	53
32.4377	52
32.4808	51
32.4818	50
32.4829	50
32.5265	49
32.5276	49
32.5286	49
32.5733	54
32.5743	53
32.5754	52
32.6195	57
32.6205	56
32.6216	55
32.6678	59
32.6689	58
32.6699	57
32.7167	61
32.7177	60
32.7188	59
32.7661	63
32.7671	62
32.7682	60
32.8165	65
32.8175	63
32.8186	62
32.8685	66
32.8695	65
32.8706	63
32.9178	68
32.9189	65
32.9199	63
32.9672	67
32.9682	65
32.9693	63
33.0155	67
33.0166	65
33.0176	63
33.0644	67
33.0654	65
33.0665	63
33.1159	67
33.1169	65
33.118	64
33.1668	68
33.1678	66
33.1689	64
33.2177	69
33.2188	66
33.2198	65
33.2682	69
33.2692	67
33.2703	65
33.3191	69
33.3202	67
33.3212	65
33.3696	69
33.3706	67
33.3717	65
33.42	69
33.421	67
33.4221	65
33.472	69
33.473	67
33.4741	65
33.5239	70
33.525	68
33.526	66
33.5738	70
33.5749	67
33.5759	65
33.6227	69
33.6237	67
33.6248	64
33.6715	68
33.6726	66
33.6736	64
33.7214	68
33.7225	66
33.7235	64
33.7719	68
33.7729	66
33.774	64
33.8228	68
33.8239	66
33.8249	64
33.8743	69
33.8754	67
33.8764	65
33.9258	69
33.9268	67
33.9279	65
33.9777	70
33.9788	68
33.9798	66
34.0276	70
34.0287	67
34.0297	65
34.0733	69
34.0744	66
34.0754	64
34.1195	67
34.1206	64
34.1216	62
34.1658	66
34.1668	63
34.1679	61
34.2125	65
34.2136	63
34.2146	61
34.2598	65
34.2609	62
34.2619	61
34.3087	65
34.3097	63
34.3108	61
34.3575	65
34.3586	63
34.3596	62
34.4069	66
34.4079	64
34.409	62
34.4573	66
34.4584	65
34.4594	63
34.5072	67
34.5083	65
34.5093	63
34.5582	68
34.5592	66
34.5603	64
34.6097	68
34.6107	66
34.6118	64
34.6617	69
34.6627	67
34.7651	65
34.8129	63
34.814	61
34.8623	65
34.8633	63
34.9122	68
34.9132	66
34.9631	70
34.9642	68
35.0151	72
35.0162	69
35.0676	74
35.2042	75
35.2478	77
35.2919	78
35.3371	79
35.3849	81
35.4332	83
35.4836	85
35.5361	87
35.7331	82
35.7846	85
35.8339	86
35.8823	88
35.9285	89
35.9758	89
36.0236	90
36.0724	91
36.0735	85
36.1244	81
36.1255	78
36.1754	74
36.1764	71
36.2258	68
36.2269	66
36.2778	64
36.2788	63
36.3287	61
36.3297	60
36.3749	58
36.376	56
36.419	55
36.4201	54
36.4632	52
36.4642	51
36.5084	50
36.5094	50
36.5535	49
36.5546	48
36.5987	48
36.5998	48
36.6444	47
36.6455	47
36.6912	47
36.6922	47
36.74	47
36.7411	47
36.7899	47
36.791	48
36.8383	48
36.8393	48
36.8866	48
36.8876	48
36.9354	48
36.9365	48
36.9848	48
36.9859	48
37.0347	48
37.0358	48
37.0852	49
37.0862	49
37.1356	49
37.1367	49
37.186	49
37.1871	49
37.2365	49
37.2375	49
37.2874	50
37.2885	50
37.3389	50
37.34	50
37.3909	50
37.3919	50
37.4423	50
37.4434	51
37.4922	50
37.4933	50
37.5421	50
37.5432	50
37.5915	56
37.5926	55
37.6409	60
37.6419	59
37.6903	64
37.6913	62
37.7402	67
37.7412	65
37.7911	69
37.7922	67
37.8431	71
37.8441	69
37.894	73
37.8951	70
37.9429	74
37.9439	71
37.9907	74
37.9917	70
38.0401	74
38.0411	71
38.0889	74
38.09	71
38.1388	74
38.1399	71
38.1887	74
38.1898	71
38.2392	75
38.2402	72
38.2912	76
38.2922	73
38.3426	76
38.3437	73
38.3935	77
38.3946	74
38.4424	77
38.4434	73
38.4902	76
38.4912	73
38.5396	75
38.5406	72
38.5905	76
38.5916	73
38.6415	76
38.6425	73
38.6935	77
38.6945	74
38.7444	77
38.7454	74
38.7948	77
38.7959	74
38.8447	77
38.8458	74
38.8946	77
38.8957	73
38.9456	77
38.9466	73
38.9966	77
38.9976	74
39.0486	77
39.1961	79
39.2429	81
39.2896	82
39.3379	84
39.3868	86
39.4362	87
39.4372	83
39.4887	79
39.4897	75
39.5406	72
39.5417	70
39.5853	67
39.5863	64
39.6284	61
39.6294	59
39.6714	57
39.6725	55
39.7156	54
39.7166	52
39.7602	51
39.7613	51
39.8064	55
39.8075	54
39.8532	59
39.8543	58
39.9015	62
39.9026	60
39.9504	65
39.9514	63
39.9998	67
40.0008	65
40.0497	69
40.0507	67
40.1012	71
40.1022	69
40.1531	73
40.1541	70
40.1972	73
40.1983	70
40.2413	72
40.2424	68
40.2849	71
40.286	67
40.3291	70
40.3301	67
40.3737	69
40.3748	66
40.4194	69
40.4205	66
40.4667	69
40.4678	67
40.5145	70
40.5156	67
40.5634	71
40.5644	68
40.6133	72
40.6143	69
40.6642	73
40.6653	70
40.7141	74
40.7152	71
40.7656	75
40.7667	72
40.8161	75
40.8171	72
40.867	76
40.8681	73
40.919	76
40.9201	73
40.9673	76
40.9683	73
41.014	76
41.0151	72
41.0597	74
41.0608	71
41.1065	73
41.1075	70
41.1527	73
41.1538	69
41.199	72
41.2	69
41.2462	72
41.2473	69
41.2951	72
41.2961	69
41.3445	73
41.3455	70
41.3944	73
41.3954	70
41.4438	74
41.4448	71
41.4937	74
41.4947	71
41.5451	75
41.5462	72
41.5971	76
41.5982	73
41.7425	70
41.7883	72
41.7893	69
41.8361	66
41.8371	64
41.8854	62
41.8865	60
41.9353	59
41.9364	58
41.9858	57
41.9868	56
42.0373	55
42.0383	55
42.0892	54
42.0903	54
42.1407	54
42.1417	53
42.1916	53
42.1927	53
42.2421	52
42.2431	52
42.2925	52
42.2935	51
42.3445	51
42.3455	52
42.3922	57
42.3933	56
42.4406	61
42.4416	60
42.4878	64
42.4889	62
42.5367	66
42.5378	64
42.584	68
42.585	65
42.6313	69
42.6323	66
42.6801	70
42.6812	67
42.7284	71
42.7295	68
42.7773	71
42.7784	69
42.8277	72
42.8288	70
42.8782	73
42.8792	71
42.9291	74
42.9302	71
42.9811	75
42.9822	72
43.0299	76
43.031	72
43.0767	75
43.0777	71
43.1197	74
43.1208	70
43.1633	72
43.1644	68
43.2075	71
43.2085	67
43.2537	70
43.2548	67
43.2989	70
43.2999	67
43.3446	70
43.3456	67
43.3908	70
43.3919	67
43.4376	70
43.4386	67
43.4854	70
43.4864	68
43.5342	71
43.5353	68
43.5831	72
43.5841	69
43.6325	73
43.6335	70
43.6819	73
43.6829	70
43.7318	74
43.7328	71
43.7822	74
43.7832	71
43.8326	75
43.8337	72
43.8841	75
43.8852	73
43.9356	76
43.9366	73
43.9875	77
44.1377	79
44.1871	82
44.2376	84
44.288	86
44.3389	88
44.3899	90
44.391	85
44.4424	81
44.4435	77
44.4943	74
44.4954	71
44.5421	68
44.5432	66
44.5868	63
44.5878	60
44.6304	58
44.6314	56
44.6745	55
44.6756	53
44.7207	52
44.7218	52
44.7664	57
44.7675	55
44.8116	60
44.8127	58
44.8573	62
44.8584	60
44.9041	64
44.9051	62
44.9524	66
44.9535	64
45.0023	68
45.0034	66
45.0517	70
45.0527	67
45.1021	71
45.1032	69
45.1526	72
45.1536	70
45.2045	74
45.2056	71
45.2533	74
45.2544	71
45.3027	74
45.3038	71
45.3479	74
45.349	70
45.3947	73
45.3957	70
45.4414	73
45.4425	69
45.4882	72
45.4892	69
45.536	72
45.537	69
45.5854	72
45.5864	70
45.6358	73
45.6368	70
45.6877	74
45.6888	71
45.7361	75
45.7371	72
45.7834	75
45.7844	71
45.8322	74
45.8333	71
45.8821	74
45.8832	71
45.9331	75
45.9341	72
45.985	76
45.9861	73
46.0355	76
46.0365	73
46.0827	76
46.0838	72
46.1295	75
46.1306	71
46.1773	74
46.1784	71
46.2272	74
46.2283	71
46.2782	75
46.2792	72
46.3307	76
46.4693	77
46.5118	78
46.5129	73
46.557	70
46.5581	67
46.6048	64
46.6059	62
46.6542	60
46.6553	59
46.7062	58
46.7073	57
46.7582	57
46.7592	56
46.808	55
46.8091	54
46.8543	53
46.8553	52
46.9026	52
46.9036	51
46.952	51
46.953	51
47.0008	50
47.0019	50
47.0502	50
47.0513	50
47.1012	56
47.1022	56
47.1532	61
47.1542	60
47.2046	65
47.2056	64
47.2529	68
47.254	65
47.3023	69
47.3033	67
47.3517	71
47.3527	68
47.4026	72
47.4037	69
47.4546	73
47.4557	71
47.5066	75
47.5076	72
47.6573	69
47.7062	73
47.7561	76
47.8065	79
47.858	82
47.91	84
47.9598	86
48.0885	86
48.1316	86
48.1757	86
48.2214	86
48.2666	87
48.3128	87
48.3617	88
48.4116	90
48.4631	91
48.5145	92
48.5628	93
48.6117	94
48.6616	94
48.7126	95
48.7641	96
48.8155	97
48.8675	97
48.9158	98
48.9647	98
49.014	98
49.0639	98
49.1154	98
49.1659	99
49.2168	99
49.2678	99
49.3198	100
49.3712	100
49.4179	100
49.4647	99
49.5104	98
49.5566	97
49.6028	97
49.6501	96
49.6979	96
49.7457	96
49.7951	96
49.8455	96
49.8965	97
49.9475	97
49.9994	98
50.0514	99
50.1023	99
50.148	99
50.1921	98
50.2368	96
50.2825	96
50.3282	95
50.3744	95
50.4212	94
50.4679	94
50.5142	94
50.5614	94
50.6108	94
50.6602	95
50.7096	95
50.76	96
50.8115	96
50.8634	97
51.0147	97
51.0652	98
51.1166	98
51.1686	99
51.2185	99
51.2673	99
51.3167	99
51.3177	93
51.3671	87
51.3682	83
51.4186	79
51.4197	75
51.4706	72
51.4716	70
51.522	67
51.5231	65
51.5719	63
51.573	61
51.6229	60
51.6239	59
51.6748	58
51.6759	57
51.7268	56
51.7279	56
51.7783	55
51.7793	55
51.825	54
51.8261	53
51.8707	52
51.8718	51
51.917	50
51.918	50
51.9648	49
51.9658	49
52.0126	49
52.0136	49
52.0614	49
52.0625	49
52.1129	49
52.114	49
52.1649	49
52.1659	50
52.2142	50
52.2153	50
52.2625	49
52.2636	49
52.3125	49
52.3135	49
52.3644	50
52.3655	50
52.4164	50
52.4174	50
52.4673	50
52.4684	50
52.5151	50
52.5161	50
52.5576	49
52.5587	48
52.6012	47
52.6023	47
52.6454	46
52.6464	46
52.6905	46
52.6916	46
52.7362	46
52.7373	46
52.783	46
52.7841	46
52.8319	46
52.8329	46
52.8823	47
52.8833	47
52.9338	48
52.9348	48
52.9853	48
52.9863	49
53.0367	49
53.0378	49
53.0887	49
53.0897	50
53.1323	49
53.1333	48
53.1759	48
53.1769	47
53.2169	46
53.2179	45
53.2584	45
53.2594	44
53.2999	44
53.3009	44
53.3424	43
53.3435	43
53.386	43
53.3871	43
53.4317	44
53.4328	44
53.4779	44
53.479	44
53.5247	44
53.5257	45
53.5715	45
53.5725	45
53.6193	45
53.6203	46
53.6681	46
53.6692	46
53.7164	46
53.7175	47
53.7664	47
53.7674	47
53.8163	48
53.8173	48
53.8667	48
53.8677	48
53.9182	49
53.9192	49
53.9697	49
53.9707	49
54.0216	50
54.0227	50
54.0726	50
54.0736	50
54.1235	56
54.1245	56
54.1718	61
54.1729	59
54.2165	63
54.2175	61
54.2622	65
54.2632	62
54.3079	66
54.3089	63
54.3536	67
54.3546	64
54.3993	67
54.4003	65
54.4014	62
54.4471	61
54.4481	59
54.4492	58
54.4949	56
54.4959	55
54.497	54
54.5453	53
54.5464	53
54.5474	53
54.5958	52
54.5968	52
54.5979	52
54.6472	52
54.6483	52
54.6493	52
54.6986	58
54.6997	57
54.7007	56
54.7443	61
54.7454	59
54.7464	58
54.7869	61
54.7879	59
54.789	57
54.83	60
54.831	58
54.8321	56
54.8731	60
54.8741	58
54.8752	56
54.8762	55
54.9182	53
54.9193	52
54.9203	51
54.9214	50
54.9634	50
54.9645	49
54.9655	48
54.9666	48
55.0102	48
55.0112	48
55.0123	48
55.0133	48
55.058	53
55.059	52
55.0601	52
55.0611	52
55.1074	57
55.1084	56
55.1095	55
55.1105	54
55.1578	60
55.1588	58
55.1599	57
55.1609	57
55.162	56
55.2093	55
55.2103	55
55.2114	54
55.2124	54
55.2135	54
55.2612	53
55.2623	53
55.2633	53
55.2644	53
55.2654	53
55.3122	52
55.3132	52
55.3143	52
55.3153	52
55.3164	52
55.3626	58
55.3636	57
55.3647	56
55.3657	55
55.3668	55
55.414	60
55.4156	59
55.5059	62
55.507	60
55.508	58
55.5091	56
55.5506	55
55.5516	54
55.5527	52
55.5537	51
55.5958	50
55.5968	50
55.5979	49
55.5989	48
55.642	48
55.643	48
55.6441	48
55.6451	48
55.6877	53
55.6887	52
55.6898	51
55.6908	51
55.7339	55
55.735	54
55.736	53
55.7371	53
55.7802	57
55.7812	56
55.7823	55
55.7833	54
55.8264	58
55.8274	57
55.8285	55
55.8295	54
55.8747	59
55.8758	58
55.8768	56
55.8779	55
55.8789	55
55.9262	54
55.9272	54
55.9283	54
55.9293	53
55.9304	53
55.9782	53
55.9792	53
55.9803	53
55.9813	52
55.9824	52
56.0296	52
56.0307	52
56.0317	52
56.0328	52
56.0338	51
56.081	51
56.0821	51
56.0831	51
56.0842	51
56.0852	51
56.1289	51
56.1299	50
56.131	50
56.132	50
56.1331	50
56.174	55
56.1751	54
56.1761	53
56.1772	52
56.1782	51
56.2197	55
56.2208	54
56.2218	53
56.2229	52
56.2239	51
56.2649	56
56.266	54
56.267	53
56.2681	52
56.2691	52
56.3106	56
56.3117	55
56.3127	54
56.3138	53
56.3148	52
56.3568	56
56.3579	55
56.3589	54
56.36	53
56.361	52
56.4052	57
56.4062	56
56.4073	55
56.4083	55
56.4094	54
56.4567	59
56.4582	58
56.5622	57
56.6074	62
56.6084	60
56.6095	59
56.6105	57
56.6557	56
56.6567	55
56.6578	54
56.6588	53
56.7056	53
56.7066	52
56.7077	52
56.7087	52
56.7565	52
56.7576	52
56.7586	52
56.7597	52
56.807	57
56.808	57
56.8091	56
56.8101	55
56.8579	61
56.859	59
56.86	58
56.8611	58
56.9104	63
57.0055	61
57.0065	59
57.0076	57
57.0517	56
57.0528	54
57.0538	53
57.0985	52
57.0995	52
57.1006	51
57.1463	51
57.1473	50
57.1484	50
57.1946	50
57.1957	49
57.1967	49
57.245	49
57.2461	50
57.2471	50
57.2934	56
57.2944	55
57.2955	54
57.3427	59
57.3438	58
57.3448	57
57.3937	62
57.3948	61
57.3958	59
57.4452	65
57.4462	63
57.4473	62
57.4967	67
57.4977	65
57.4988	63
57.5492	68
57.7009	65
57.7476	63
57.7487	61
57.7497	60
57.7965	58
57.7975	57
57.7986	56
57.8464	55
57.8474	55
57.8485	54
57.8973	53
57.8984	53
57.8994	53
57.9493	53
57.9504	52
57.9514	52
57.9997	52
58.0007	52
58.0018	51
58.0491	51
58.0501	51
58.0512	51
58.1016	51
58.1026	51
58.1037	51
58.152	51
58.153	51
58.1541	51
58.2029	51
58.204	51
58.205	51
58.2507	56
58.2518	55
58.2528	55
58.2991	59
58.3001	58
58.3012	57
58.3479	62
58.349	60
58.35	59
58.3984	64
58.3994	62
58.4005	61
58.4483	65
58.4493	63
58.4504	62
58.4992	66
58.5003	65
58.5013	63
58.5517	68
58.6436	65
58.6867	62
58.6877	60
58.7319	58
58.7329	56
58.7781	55
58.7792	54
58.8249	53
58.8259	52
58.8732	57
58.8742	56
58.9226	61
58.9236	60
58.972	64
58.973	63
59.0224	67
59.0234	65
59.0245	63
59.0743	62
59.0754	61
59.0764	59
59.1243	58
59.1253	57
59.1264	56
59.1742	55
59.1752	55
59.1763	54
59.2235	53
59.2246	53
59.2256	52
59.2734	52
59.2745	52
59.2755	52
59.3249	57
59.326	57
59.327	56
59.3753	62
59.3764	60
59.3774	59
59.4268	64
59.4279	63
59.4289	61
59.4788	66
59.4799	64
59.4809	63
59.5307	68
59.5318	66
59.5328	64
59.5738	68
59.5749	65
59.5759	62
59.6185	65
59.6195	63
59.6206	60
59.6216	59
59.6657	57
59.6668	56
59.6678	55
59.6689	54
59.712	53
59.713	52
59.7141	51
59.7151	51
59.7587	50
59.7598	49
59.7608	49
59.7619	49
59.8055	48
59.8065	48
59.8076	48
59.8086	48
59.8528	48
59.8538	47
59.8549	47
59.8559	47
59.9	47
59.9011	47
59.9021	47
59.9032	47
59.9478	47
59.9489	47
59.9499	47
59.951	47
59.9972	47
59.9983	48
59.9993	48
60.0004	48
60.0471	48
60.0482	48
60.0492	48
60.0503	49
60.097	49
60.0981	49
60.0991	49
60.1002	49
60.1464	49
60.1475	49
60.1485	49
60.1496	49
60.1958	49
60.1969	49
60.1979	49
60.199	49
60.2457	49
60.2468	49
60.2478	49
60.2489	49
60.2956	49
60.2967	49
60.2977	49
60.2988	49
60.3466	49
60.3476	50
60.3487	50
60.3497	50
60.3986	50
60.3996	50
60.4007	50
60.4017	50
60.4474	50
60.4484	50
60.4495	50
60.4505	50
60.4957	49
60.4967	49
60.4978	49
60.4988	49
60.5435	49
60.5446	48
60.5456	48
60.5467	48
60.5918	48
60.5929	48
60.5939	48
60.595	48
60.6402	48
60.6412	48
60.6423	48
60.6433	48
60.6885	48
60.6895	48
60.6906	48
60.6916	48
60.7379	48
60.7389	48
60.74	48
60.741	48
60.7873	48
60.7883	49
60.7894	49
60.7904	49
60.8372	49
60.8382	49
60.8393	49
60.8403	49
60.8891	49
60.8902	50
60.8912	50
60.8923	50
60.9411	50
60.9421	50
60.9432	51
60.9442	51
60.991	50
60.992	50
60.9931	50
60.9941	50
61.0367	50
61.0377	49
61.0388	48
61.0398	48
61.0829	48
61.084	47
61.085	47
61.0861	47
61.1318	47
61.1328	47
61.1339	47
61.1349	47
61.1833	48
61.1843	48
61.1854	49
61.1864	49
61.2347	49
61.2358	49
61.2368	50
61.2379	50
61.2867	50
61.2877	50
61.2888	50
61.2898	50
61.3361	50
61.3371	50
61.3382	50
61.3392	50
61.3839	50
61.3849	49
61.386	49
61.387	49
61.4322	49
61.4332	49
61.4343	49
61.4353	48
61.481	48
61.4821	48
61.4831	48
61.4842	48
61.5304	48
61.5315	48
61.5325	48
61.5336	48
61.5803	49
61.5814	49
61.5824	49
61.5835	49
61.6297	49
61.6308	49
61.6318	49
61.6329	49
61.6817	49
61.6827	49
61.6838	50
61.6848	50
61.7289	49
61.73	49
61.731	49
61.7321	49
61.7762	49
61.7773	48
61.7783	48
61.7794	48
61.8235	48
61.8245	48
61.8256	47
61.8266	47
61.8702	47
61.8713	47
61.8723	47
61.8734	47
61.9165	47
61.9175	47
61.9186	47
61.9196	46
61.9627	46
61.9638	46
61.9648	46
61.9659	46
62.01	46
62.011	46
62.0121	46
62.0131	47
62.0567	47
62.0578	46
62.0588	46
62.0599	46
62.1045	46
62.1056	47
62.1066	47
62.1077	47
62.1529	47
62.1539	47
62.155	47
62.156	47
62.2023	47
62.2033	48
62.2044	48
62.2054	48
62.2522	48
62.2532	48
62.2543	49
62.2553	49
62.3031	49
62.3042	49
62.3052	49
62.3063	49
62.3535	49
62.3546	50
62.3556	50
62.3567	50
62.4045	56
62.4056	55
62.4066	55
62.4077	54
62.4565	60
62.4575	59
62.4586	58
62.4596	58
62.5084	63
62.5095	62
62.5105	60
62.5116	59
62.5599	64
62.561	63
62.562	62
62.5631	60
62.6098	65
62.6108	63
62.6119	62
62.6129	60
62.6607	65
62.6618	63
62.6628	62
62.6639	60
62.7096	65
62.7107	63
62.7117	61
62.7128	60
62.7138	58
62.7611	58
62.7621	57
62.7632	56
62.7642	56
62.7653	55
62.8115	54
62.8126	54
62.8136	53
62.8147	53
62.8157	52
62.8625	52
62.8635	52
62.8646	52
62.8656	52
62.8667	51
62.9144	51
62.9155	51
62.9165	51
62.9176	51
62.9186	51
62.9659	51
62.9669	51
62.968	51
62.969	52
62.9701	52
63.0168	57
63.0179	57
63.0189	56
63.02	55
63.021	55
63.0688	60
63.0699	59
63.0709	58
63.072	58
63.073	57
63.1166	62
63.1176	60
63.1187	59
63.1197	57
63.1208	56
63.1649	61
63.1659	59
63.167	58
63.168	57
63.1691	56
63.1701	55
63.2143	54
63.2153	54
63.2164	53
63.2174	53
63.2185	52
63.2195	52
63.2631	51
63.2642	51
63.2652	51
63.2663	50
63.2673	50
63.2684	50
63.3125	50
63.3136	50
63.3146	50
63.3157	50
63.3167	50
63.3178	50
63.3629	55
63.364	55
63.365	54
63.3661	54
63.3671	54
63.3682	53
63.4149	59
63.416	58
63.417	57
63.4181	57
63.4191	56
63.4202	56
63.4643	61
63.4653	59
63.4664	58
63.4674	57
63.4685	56
63.4695	55
63.4706	55
63.5157	54
63.5168	54
63.5178	53
63.5189	53
63.5199	53
63.521	52
63.522	52
63.5651	52
63.5662	52
63.5672	51
63.5683	51
63.5693	51
63.5704	51
63.5714	50
63.6145	50
63.6156	50
63.6166	50
63.6177	50
63.6187	50
63.6198	50
63.6208	50
63.666	55
63.667	55
63.6681	55
63.6691	54
63.6702	54
63.6712	54
63.6723	54
63.7142	59
63.7153	58
63.7163	56
63.7174	55
63.7184	55
63.7195	54
63.7205	53
63.7216	53
63.761	52
63.762	51
63.7631	50
63.7641	50
63.7652	50
63.7662	49
63.7673	49
63.7683	49
63.8046	48
63.8056	47
63.8067	47
63.8077	47
63.8088	46
63.8099	46
63.8109	46
63.812	45
63.8503	50
63.8514	49
63.8524	49
63.8535	49
63.8545	48
63.8556	48
63.8566	48
63.8577	48
63.8955	52
63.8965	51
63.8976	51
63.8986	50
63.8997	49
63.9007	49
63.9018	49
63.9028	48
63.9039	48
63.9422	48
63.9433	48
63.9443	47
63.9454	47
63.9464	47
63.9475	47
63.9485	47
63.9496	47
63.9506	47
63.9895	47
63.9906	47
63.9916	47
63.9927	47
63.9937	47
63.9948	47
63.9958	47
63.9969	47
63.9979	47
64.0378	52
64.0389	51
64.0399	51
64.041	51
64.042	51
64.0431	50
64.0441	50
64.0452	50
64.0462	50
64.0867	55
64.0878	54
64.0888	54
64.0899	53
64.0909	53
64.092	52
64.093	52
64.0941	52
64.0951	51
64.0962	51
64.1382	51
64.1392	51
64.1403	51
64.1413	51
64.1424	51
64.1434	51
64.1445	51
64.1455	51
64.1466	51
64.1476	51
64.1891	51
64.1902	51
64.1912	51
64.1923	51
64.1933	51
64.1944	51
64.1954	51
64.1965	51
64.1975	51
64.1986	51
64.2406	56
64.2416	56
64.2427	55
64.2437	55
64.2448	54
64.2459	54
64.2469	54
64.248	53
64.249	53
64.2501	53
64.2926	58
64.2936	58
64.397	57
64.3981	56
64.3991	55
64.4002	55
64.4422	54
64.4433	53
64.4443	53
64.4454	52
64.4464	52
64.4475	51
64.4485	51
64.4895	56
64.4905	55
64.4916	54
64.4926	53
64.4937	52
64.4947	52
64.4958	51
64.5368	56
64.5378	55
64.5389	54
64.5399	53
64.541	52
64.542	52
64.5431	51
64.5441	51
64.5851	51
64.5861	50
64.5872	50
64.5882	50
64.5893	50
64.5903	50
64.5914	49
64.5924	49
64.6339	49
64.635	49
64.636	49
64.6371	49
64.6382	49
64.6392	49
64.6403	49
64.6413	49
64.6839	54
64.6849	54
64.686	53
64.687	53
64.6881	53
64.6891	52
64.6902	52
64.6912	52
64.7343	57
64.7353	56
64.7364	56
64.7374	55
64.7385	55
64.7395	54
64.7406	54
64.7416	53
64.7852	58
64.7863	57
64.7873	57
64.7884	56
64.7894	55
64.7905	55
64.7915	55
64.7926	54
64.7936	54
64.8377	54
64.8388	53
64.8398	53
64.8409	53
64.8419	53
64.843	53
64.8445	53
64.9338	52
64.9349	51
64.9359	50
64.937	49
64.938	49
64.9391	48
64.9774	48
64.9785	47
64.9795	47
64.9806	46
64.9816	46
64.9827	45
65.0221	45
65.0231	45
65.0242	45
65.0252	45
65.0263	45
65.0273	45
65.0683	45
65.0694	45
65.0704	45
65.0715	45
65.0725	45
65.0736	45
65.1151	45
65.1161	46
65.1172	46
65.1182	46
65.1193	46
65.1203	46
65.1618	52
65.1629	51
65.1639	50
65.165	50
65.166	50
65.1671	49
65.2102	54
65.2112	54
65.2123	53
65.2133	53
65.2144	52
65.2154	52
65.2601	57
65.2611	56
65.2622	55
65.2632	55
65.2643	54
65.2653	54
65.311	59
65.3121	58
65.3131	57
65.3142	57
65.3152	56
65.3163	55
65.3625	60
65.3635	59
65.3646	58
65.3656	58
65.3672	57
65.4638	56
65.4649	55
65.466	54
65.467	53
65.5122	58
65.5132	57
65.5143	56
65.5153	55
65.5164	54
65.5621	54
65.5631	53
65.5642	53
65.5652	52
65.5663	52
65.613	52
65.6141	52
65.6151	52
65.6162	51
65.6172	51
65.664	51
65.6651	51
65.6661	51
65.6672	51
65.6682	51
65.7144	51
65.7155	51
65.7165	50
65.7176	50
65.7186	50
65.7649	50
65.7659	50
65.767	50
65.768	50
65.7691	50
65.8168	50
65.8179	50
65.8189	51
65.82	51
65.8211	51
65.8688	51
65.8698	51
65.8709	51
65.8719	51
65.873	51
65.9187	51
65.9197	51
65.9208	50
65.9218	50
65.9229	50
65.9659	50
65.967	49
65.968	49
65.9691	49
65.9701	49
66.0143	49
66.0153	49
66.0164	49
66.0174	48
66.0185	48
66.0652	49
66.0663	49
66.0673	49
66.0684	50
66.0694	50
66.1162	56
66.1172	55
66.1183	55
66.1193	54
66.1204	54
66.1676	59
66.1687	58
66.1697	58
66.1708	57
66.1718	56
66.2181	61
66.2191	60
66.2202	59
66.2212	58
66.2223	57
66.2695	62
66.2706	61
66.2716	60
66.2727	59
66.2737	58
66.3215	63
66.4213	67
66.4224	65
66.4234	63
66.4733	68
66.4743	66
66.4754	64
66.5252	69
66.5263	67
66.5274	65
66.5762	69
66.5772	67
66.5783	65
66.5793	63
66.6234	61
66.6245	59
66.6255	58
66.6266	56
66.6686	55
66.6696	54
66.6707	53
66.6717	52
66.7127	51
66.7138	50
66.7148	49
66.7159	48
66.7568	48
66.7579	47
66.7589	47
66.76	47
66.802	52
66.8031	51
66.8041	50
66.8052	50
66.8483	55
66.8493	54
66.8504	53
66.8514	52
66.8955	57
66.8966	56
66.8976	55
66.8987	54
66.9433	58
66.9444	57
66.9454	56
66.9465	55
66.9922	60
66.9932	59
66.9943	57
66.9953	56
67.0432	61
67.0442	60
67.0453	59
67.0463	58
67.0474	57
67.0961	57
67.1902	61
67.1912	59
67.1923	57
67.2348	55
67.2359	54
67.2369	53
67.2811	52
67.2821	51
67.2832	51
67.3283	50
67.3294	50
67.3304	49
67.3756	49
67.3767	49
67.3777	48
67.4229	54
67.4239	53
67.425	52
67.4712	57
67.4723	56
67.4733	56
67.5196	60
67.5206	59
67.5217	58
67.5695	62
67.5705	61
67.5716	60
67.6219	65
67.7233	63
67.7244	61
67.7743	60
67.7753	59
67.8262	58
67.8273	57
67.8772	56
67.8782	56
67.9265	55
67.9276	54
67.9733	53
67.9743	52
68.0221	52
68.0232	51
68.0721	51
68.0731	51
68.122	57
68.123	56
68.1724	61
68.1734	60
68.2254	65
68.3708	63
68.4139	66
68.4575	68
68.5011	71
68.5447	73
68.5894	74
68.5904	71
68.6372	68
68.6382	65
68.686	63
68.6871	61
68.7365	60
68.7375	59
68.788	58
68.789	57
68.8394	56
68.8405	55
68.8909	55
68.892	54
68.9429	54
68.9439	54
68.9896	59
68.9907	58
69.0348	62
69.0358	60
69.08	63
69.081	61
69.1262	65
69.1273	63
69.1735	66
69.1745	64
69.2223	68
69.2234	65
69.2722	69
69.2733	67
69.3216	71
69.3227	68
69.3721	72
69.3731	69
69.422	73
69.423	70
69.4719	74
69.4729	71
69.5234	74
69.5244	72
69.5748	75
69.5759	72
69.6268	76
69.6279	73
69.6756	76
69.6767	73
69.7229	76
69.724	72
69.7681	75
69.7691	71
69.8154	74
69.8164	70
69.8621	73
69.8632	70
69.9089	73
69.9099	69
69.9567	72
69.9577	69
70.005	73
70.0061	70
70.0539	73
70.0549	70
70.1032	73
70.1043	70
70.1532	74
70.1542	71
70.2046	75
70.2057	72
70.2561	75
70.2571	73
70.3075	76
70.3086	73
70.3575	76
70.3585	73
70.4074	76
70.4084	73
70.4578	76
70.4588	73
70.5093	76
70.5103	73
70.5613	77
70.5623	74
70.6127	77
70.6137	74
70.6579	77
70.6589	73
70.7036	75
70.7046	71
70.7493	74
70.7503	70
70.7945	73
70.7955	69
70.8412	72
70.8423	69
70.8901	72
70.8911	69
70.9389	73
70.94	70
70.9888	73
70.9899	70
71.0398	74
71.0408	71
71.0918	75
71.0928	72
71.1432	76
71.1443	73
71.1936	76
71.1946	73
71.2414	76
71.2424	73
71.2897	75
71.2908	72
71.3396	75
71.3407	72
71.3901	75
71.3911	72
71.442	76
71.4431	73
71.4945	77
71.6416	79
71.692	82
71.6931	78
71.744	75
71.7451	72
71.796	69
71.797	67
71.8438	64
71.8448	62
71.8884	60
71.8895	58
71.9336	56
71.9347	55
71.9798	54
71.9809	53
72.0266	52
72.0276	51
72.0728	51
72.0739	50
72.1211	50
72.1222	50
72.1716	50
72.1726	50
72.2231	50
72.2241	50
72.275	57
72.276	56
72.3238	61
72.3249	60
72.3706	64
72.3716	62
72.4163	66
72.4173	63
72.4625	67
72.4636	64
72.5093	68
72.5103	65
72.5566	69
72.5576	66
72.6038	69
72.6049	66
72.6527	70
72.6537	67
72.7042	71
72.7052	69
72.7562	73
72.7572	71
72.8081	75
72.9494	77
72.9967	79
73.0429	80
73.0896	82
73.138	84
73.1863	85
73.1874	81
73.2357	77
73.2367	73
73.2856	70
73.2866	68
73.336	65
73.3371	64
73.387	62
73.388	60
73.4385	59
73.4395	58
73.4909	57
73.492	57
73.5393	56
73.5403	55
73.5865	60
73.5876	58
73.6354	63
73.6364	61
73.6858	66
73.6869	64
73.7378	68
73.8886	72
73.939	76
73.9894	79
74.0399	81
74.0913	84
74.1423	86
74.1434	82
74.1948	78
74.1959	75
74.2467	72
74.2478	69
74.293	66
74.294	64
74.3376	61
74.3387	59
74.3839	57
74.3849	56
74.4311	55
74.4322	54
74.4795	53
74.4805	53
74.5278	58
74.5289	57
74.5772	62
74.5782	60
74.6287	65
74.6297	63
74.6811	68
74.8204	71
74.8682	74
74.917	77
74.9664	79
75.0163	82
75.0662	84
75.0673	80
75.1193	76
75.2642	78
75.3072	79
75.3493	80
75.3924	81
75.4349	81
75.4769	81
75.5216	82
75.5699	83
75.6198	85
75.6697	87
75.7207	89
75.7727	90
75.9669	90
76.0132	90
76.061	91
76.1088	91
76.1566	92
76.2049	92
76.2538	93
76.3042	94
76.3562	95
76.5579	95
76.6083	96
76.6593	97
76.7108	97
76.7632	98
76.9586	92
77.0064	92
77.0548	93
77.1047	93
77.1551	94
77.2066	95
77.2586	96
77.3089	97
77.31	91
77.3594	86
77.3604	82
77.4109	78
77.4119	74
77.4628	71
77.4639	69
77.5127	66
77.5137	64
77.5626	63
77.5637	61
77.612	59
77.613	58
77.6624	57
77.6635	56
77.7128	55
77.7139	55
77.7638	54
77.7649	54
77.8142	53
77.8153	53
77.8652	53
77.8662	52
77.9162	52
77.9172	52
77.9681	52
77.9692	52
78.0185	52
78.0196	51
78.0695	51
78.0705	51
78.1194	51
78.1205	51
78.1698	51
78.1709	50
78.2213	51
78.2224	51
78.2733	51
78.2743	51
78.3252	51
78.3263	51
78.3735	51
78.3746	50
78.4192	50
78.4203	49
78.466	49
78.4671	48
78.5133	48
78.5143	48
78.5611	48
78.5621	48
78.6099	48
78.611	48
78.6588	48
78.6598	48
78.7077	48
78.7087	48
78.7591	49
78.7602	49
78.8111	49
78.8121	50
78.8626	50
78.8636	50
78.912	50
78.913	50
78.9619	50
78.9629	49
79.0123	50
79.0133	50
79.0633	50
79.0643	50
79.1152	50
79.1163	50
79.1667	50
79.1677	50
79.2187	50
79.2197	51
79.2675	50
79.2686	50
79.3164	50
79.3174	50
79.3663	50
79.3673	50
79.4183	50
79.4193	50
79.4697	50
79.4708	50
79.5175	50
79.5185	50
79.5647	49
79.5658	49
79.612	49
79.6131	49
79.6598	48
79.6609	48
79.7097	48
79.7108	48
79.7591	49
79.7602	49
79.809	49
79.8101	49
79.8584	49
79.8595	49
79.9088	49
79.9099	49
79.9587	49
79.9598	49
80.0107	49
80.0118	50
80.0595	56
80.0606	55
80.1063	60
80.1073	59
80.152	63
80.153	61
80.1977	64
80.1988	62
80.2445	66
80.2455	63
80.2917	67
80.2928	64
80.3401	68
80.3411	66
80.3894	70
80.3905	67
80.3915	65
80.4409	63
80.442	62
80.443	60
80.4929	59
80.4939	58
80.495	57
80.5422	56
80.5433	55
80.5443	55
80.5916	54
80.5927	53
80.5937	53
80.6389	58
80.6399	57
80.641	56
80.6872	60
80.6883	59
80.6893	58
80.7366	62
80.7376	61
80.7387	59
80.7865	64
80.7875	62
80.7886	61
80.8369	65
80.838	64
80.839	62
80.8401	61
80.8894	60
80.8905	59
80.8915	58
80.8926	57
80.9413	56
80.9424	56
80.9434	55
80.9445	55
80.9907	54
80.9918	53
80.9928	53
80.9939	53
81.0375	58
81.0385	56
81.0396	55
81.0406	54
81.0858	59
81.0869	58
81.0879	56
81.089	55
81.1336	60
81.1347	59
81.1357	57
81.1368	56
81.1378	55
81.1841	55
81.1851	54
81.1862	54
81.1872	53
81.1883	53
81.2355	53
81.2366	53
81.2376	52
81.2387	52
81.2397	52
81.287	58
81.288	57
81.2891	57
81.2901	56
81.2912	56
81.3348	60
81.3358	59
81.3369	58
81.3379	56
81.339	55
81.3847	60
81.3857	59
81.3868	58
81.3878	57
81.3889	56
81.3899	55
81.4367	55
81.4377	54
81.4388	54
81.4398	54
81.4409	53
81.4419	53
81.4886	53
81.4897	53
81.5847	52
81.5858	51
81.5868	50
81.5879	49
81.6289	48
81.6299	48
81.631	47
81.632	47
81.6735	47
81.6746	46
81.6756	46
81.6767	46
81.7182	46
81.7192	46
81.7203	46
81.7213	46
81.7644	51
81.7654	50
81.7665	50
81.7675	49
81.8117	54
81.8127	54
81.8138	53
81.8148	52
81.859	57
81.86	56
81.8611	55
81.8621	54
81.9062	59
81.9073	58
81.9083	56
81.9094	55
81.9104	54
81.9551	53
81.9561	53
81.9572	52
81.9582	52
81.9593	51
82.0055	51
82.0066	51
82.0076	51
82.0087	51
82.0097	50
82.057	51
82.0581	51
82.0591	51
82.0602	51
82.0612	51
82.109	51
82.11	51
82.1111	51
82.1121	51
82.1132	52
82.1599	57
82.161	57
82.162	56
82.1631	55
82.1641	55
82.2119	60
82.2129	59
82.214	58
82.215	58
82.2161	57
82.2592	62
82.2602	60
82.2613	59
82.2623	57
82.2634	56
82.3038	60
82.3049	58
82.3059	56
82.307	55
82.308	54
82.3485	58
82.3495	56
82.3506	55
82.3516	54
82.3527	53
82.3537	52
82.3947	51
82.3957	50
82.3968	50
82.3978	49
82.3989	49
82.3999	48
82.4414	48
82.4425	48
82.4436	48
82.4446	48
82.4457	47
82.4467	47
82.4882	47
82.4893	47
82.4903	47
82.4914	47
82.4924	47
82.4935	47
82.5355	47
82.5365	47
82.5376	47
82.5386	47
82.5397	47
82.5407	47
82.5833	47
82.5843	47
82.5854	47
82.5864	47
82.5875	47
82.5885	47
82.6321	47
82.6332	47
82.6342	48
82.6353	48
82.6363	48
82.6374	48
82.681	48
82.6821	48
82.6831	48
82.6842	48
82.6852	49
82.6863	49
82.7299	54
82.7309	53
82.732	53
82.733	52
82.7341	52
82.7351	52
82.7787	57
82.7798	56
82.7808	55
82.7819	54
82.7829	54
82.784	53
82.827	58
82.8281	57
82.8291	56
82.8302	55
82.8312	54
82.8323	54
82.8754	58
82.8764	57
82.8775	56
82.8785	55
82.8796	54
82.8806	54
82.9242	58
82.9253	57
82.9263	56
82.9274	55
82.9284	55
82.9295	54
82.9736	59
82.9747	58
82.9757	57
82.9768	56
82.9778	55
82.9789	54
83.024	59
83.0251	58
83.0261	57
83.0272	57
83.0282	56
83.0293	56
83.0755	61
83.0766	59
83.0776	58
83.0787	58
83.0797	57
83.0808	56
83.1275	61
83.1285	60
83.2283	59
83.2293	57
83.2304	56
83.2314	55
83.2761	54
83.2771	54
83.2782	53
83.2792	52
83.3244	52
83.3255	51
83.3265	51
83.3276	50
83.3722	50
83.3733	50
83.3743	50
83.3754	49
83.4216	55
83.4226	54
83.4237	54
83.4247	53
83.4715	58
83.4726	57
83.4736	57
83.4747	56
83.5209	61
83.5219	59
83.523	58
83.524	57
83.5251	56
83.5724	56
83.5734	55
83.5745	55
83.5755	54
83.5766	54
83.6238	53
83.6249	53
83.6259	53
83.627	52
83.628	52
83.6758	52
83.6768	52
83.6779	52
83.6789	52
83.68	52
83.7272	52
83.7283	52
83.7293	52
83.7304	52
83.7314	52
83.7761	58
83.7771	57
83.7782	56
83.7792	55
83.7803	54
83.8255	59
83.8265	58
83.8276	57
83.8286	56
83.8297	55
83.8759	60
83.8769	59
83.878	58
83.879	57
83.8801	56
83.9258	61
83.9268	60
83.9279	59
83.9289	58
83.93	57
83.9757	61
83.9767	60
83.9778	59
83.9788	58
83.9799	57
83.981	56
84.0282	56
84.0293	55
84.0303	55
84.0314	55
84.0324	54
84.0335	54
84.0802	54
84.0812	53
84.0823	53
84.0833	53
84.0844	53
84.0854	53
84.129	52
84.13	52
84.1311	51
84.1321	51
84.1332	51
84.1342	50
84.1779	50
84.1789	50
84.18	49
84.181	49
84.1821	49
84.1831	49
84.2257	49
84.2267	49
84.2278	49
84.2288	48
84.2299	48
84.2309	48
84.2745	48
84.2756	48
84.2766	48
84.2777	48
84.2787	48
84.2798	48
84.3239	48
84.3249	48
84.326	49
84.327	49
84.3281	49
84.3291	49
84.3743	55
84.3754	54
84.3764	54
84.3775	54
84.3785	53
84.3796	53
84.4263	58
84.4274	58
84.4284	57
84.4295	56
84.4305	56
84.4316	56
84.4777	61
84.4788	60
84.4798	59
84.4809	58
84.4819	57
84.483	56
84.5282	61
84.5292	60
84.5303	59
84.5313	58
84.5324	57
84.5334	57
84.5781	61
84.5791	60
84.5802	59
84.5812	58
84.5823	57
84.5833	56
84.6285	61
84.6296	60
84.6306	58
84.6317	57
84.6327	57
84.6338	56
84.6789	61
84.68	59
84.681	58
84.6821	58
84.6831	57
84.6842	56
84.7299	61
84.731	60
84.732	59
84.7331	58
84.7341	57
84.7352	56
84.7819	61
84.7829	60
84.784	59
84.785	59
84.7861	58
84.7871	57
84.8333	62
84.8344	61
84.8354	60
84.8365	59
84.8375	58
84.8386	57
84.8843	62
84.8853	61
84.8864	60
84.8874	59
84.8885	58
84.8895	57
84.9352	62
84.9363	61
84.9373	59
84.9384	58
84.9394	58
84.9405	57
84.9862	62
84.9872	61
84.9883	59
84.9893	58
84.9904	58
84.9914	57
85.0387	62
85.0906	60
85.1332	58
85.1342	57
85.1353	55
85.1363	54
85.1794	58
85.1805	57
85.1815	56
85.1826	54
85.2262	59
85.2272	57
85.2283	56
85.2293	55
85.274	59
85.275	58
85.2761	57
85.2771	56
85.3234	61
85.3244	59
85.3255	58
85.3265	57
85.3738	62
85.3748	60
85.3759	59
85.3769	58
85.4242	63
85.4253	62
85.4263	60
85.4274	59
85.4284	58
85.4762	57
85.4773	57
85.4783	56
85.4794	55
85.4804	55
85.5287	55
85.5297	54
85.5308	54
85.5318	54
85.5329	53
85.5801	53
85.5812	53
85.5822	53
85.5833	53
85.5843	52
85.6285	52
85.6295	51
85.6306	51
85.6316	51
85.6327	50
85.6768	56
85.6779	55
85.6789	54
85.68	53
85.681	53
85.7257	58
85.7267	57
85.7278	56
85.7288	55
85.7299	54
85.774	59
85.775	58
85.7761	57
85.7771	56
85.7782	55
85.8239	60
85.8249	59
85.826	58
85.827	57
85.8281	56
85.8743	61
85.8754	60
85.8764	59
85.8775	58
85.8785	57
85.8796	56
85.9263	55
85.9274	55
85.9284	55
85.9295	54
85.9305	54
85.9316	54
85.9783	53
85.9793	53
85.9804	53
85.9814	53
85.9825	53
85.9835	52
86.0292	52
86.0303	52
86.0313	52
86.0324	52
86.0334	51
86.0345	51
86.0765	51
86.0775	50
86.0786	50
86.0796	49
86.0807	49
86.0817	49
86.1243	49
86.1253	48
86.1264	48
86.1274	48
86.1285	48
86.1295	48
86.1737	48
86.1747	48
86.1758	48
86.1768	48
86.1779	48
86.1789	48
86.2252	49
86.2262	49
86.2273	50
86.2283	50
86.2294	50
86.2304	51
86.2761	56
86.2771	56
86.2782	55
86.2792	55
86.2803	54
86.2813	54
86.3265	59
86.3275	58
86.3286	57
86.3296	56
86.3307	56
86.3317	55
86.378	60
86.379	59
86.3801	58
86.3811	58
86.3822	57
86.3832	56
86.4294	62
86.4305	60
86.4315	59
86.4326	58
86.4336	57
86.4347	57
86.4804	62
86.4814	60
86.4825	59
86.4835	58
86.4846	57
86.4856	57
86.5313	62
86.5324	60
86.5334	59
86.5345	58
86.5355	57
86.5366	57
86.5818	62
86.5828	60
86.5839	59
86.5849	58
86.586	57
86.587	56
86.6327	61
86.6338	60
86.6348	59
86.6359	58
86.6369	57
86.638	56
86.6847	61
86.6858	60
86.6868	59
86.6879	59
86.6889	58
86.69	57
86.7362	62
86.7372	61
86.7383	60
86.7393	59
86.7404	58
86.7414	58
86.7871	63
86.7881	61
86.7892	60
86.7902	59
86.7913	58
86.7923	57
86.8354	62
86.8365	60
86.8375	59
86.8386	57
86.8396	56
86.8407	55
86.8848	60
86.8858	59
86.8869	57
86.8879	56
86.889	56
86.89	55
86.9347	60
86.9358	59
86.9368	58
86.9379	57
86.9389	56
86.94	55
86.9857	60
86.9867	59
86.9878	58
86.9888	57
86.9899	57
86.9909	56
87.0376	61
87.0387	60
87.0397	59
87.0408	58
87.0418	58
87.0429	57
87.0875	62
87.0886	60
87.0896	59
87.0907	58
87.0917	57
87.0928	56
87.1369	61
87.138	60
87.139	58
87.1401	57
87.1411	57
87.1422	56
87.1879	61
87.1889	59
87.19	58
87.191	58
87.1921	57
87.1931	56
87.2393	61
87.2404	60
87.2414	59
87.2425	58
87.2435	57
87.2446	57
87.2913	62
87.2924	61
87.2934	60
87.2945	59
87.2955	58
87.2966	57
87.3422	62
87.3433	61
87.3443	60
87.3454	59
87.3464	58
87.3475	57
87.3937	62
87.3947	61
87.3958	60
87.3968	59
87.3979	58
87.3989	57
87.4447	62
87.4457	61
87.4468	59
87.4478	58
87.4489	58
87.4499	57
87.4966	62
87.4977	61
87.5896	58
87.5906	56
87.5917	55
87.5927	53
87.6316	52
87.6326	50
87.6337	49
87.6347	48
87.6741	48
87.6752	47
87.6762	46
87.6773	46
87.7172	45
87.7183	45
87.7193	45
87.7204	45
87.7603	50
87.7614	49
87.7624	48
87.7635	48
87.805	52
87.806	51
87.8071	51
87.8081	50
87.8501	54
87.8512	53
87.8522	52
87.8533	52
87.8953	56
87.8964	55
87.8974	54
87.8985	53
87.8995	52
87.9421	51
87.9431	50
87.9442	50
87.9452	50
87.9463	49
87.9883	49
87.9893	48
87.9904	48
87.9914	48
87.9925	47
88.0361	47
88.0372	47
88.0382	47
88.0393	47
88.0403	47
88.0865	48
88.0876	48
88.0886	48
88.0897	49
88.0907	49
88.1359	55
88.137	54
88.138	53
88.1391	53
88.1401	53
88.1863	58
88.1874	57
88.1884	57
88.1895	56
88.1905	55
88.2373	60
88.2384	59
88.2394	58
88.2405	57
88.2415	57
88.2893	62
88.3864	66
88.3875	63
88.3885	61
88.3896	59
88.4348	58
88.4358	56
88.4369	55
88.4379	55
88.4847	60
88.4857	58
88.4868	57
88.4878	57
88.534	62
88.5351	60
88.5361	59
88.5372	58
88.5834	63
88.5845	61
88.5855	60
88.5866	58
88.6339	63
88.6349	61
88.636	60
88.637	59
88.6848	64
88.6859	62
88.6869	61
88.688	60
88.7368	65
88.7378	63
88.7389	62
88.7399	61
88.7872	65
88.7883	64
88.7893	62
88.7904	61
88.8371	65
88.8382	64
88.8392	62
88.8403	60
88.886	65
88.887	63
88.8881	61
88.8891	60
88.9364	64
88.9374	63
88.9385	61
88.9395	60
88.9884	65
88.9894	63
89.0892	62
89.0902	60
89.0913	59
89.1386	58
89.1396	56
89.1407	55
89.1905	55
89.1916	55
89.1926	54
89.242	54
89.243	54
89.2441	53
89.2934	59
89.2945	58
89.2955	58
89.3396	62
89.3407	60
89.3417	59
89.3853	62
89.3864	60
89.3874	59
89.4321	63
89.4331	61
89.4342	59
89.4352	58
89.4799	56
89.4809	55
89.482	54
89.483	53
89.5293	53
89.5303	52
89.5314	52
89.5324	52
89.5802	51
89.5813	51
89.5823	51
89.5834	51
89.6322	51
89.6333	51
89.6343	51
89.6354	51
89.6842	51
89.7824	51
89.7834	50
89.8275	55
89.8286	54
89.8732	58
89.8743	57
89.92	61
89.9211	59
89.9683	64
89.9694	62
90.0188	66
90.0198	64
90.0209	63
90.0718	61
90.1726	60
90.2215	64
90.2714	69
90.3197	72
90.3686	75
90.4179	78
90.419	74
90.4699	72
90.471	69
90.5219	67
90.5229	65
90.5733	63
90.5744	62
90.6211	60
90.6222	58
90.6679	57
90.6689	55
90.7141	54
90.7152	53
90.7609	52
90.7619	52
90.8087	57
90.8097	56
90.8559	60
90.857	59
90.9037	63
90.9048	61
90.9526	66
90.9537	64
91.003	68
91.0041	66
91.054	70
91.055	68
91.1055	72
91.1065	69
91.1575	73
91.1585	71
91.2094	75
91.2105	72
91.2604	76
91.2614	73
91.3113	76
91.3124	73
91.3617	76
91.3628	73
91.4127	76
91.4137	73
91.4647	77
91.6164	79
91.6648	82
91.6658	77
91.7131	74
91.7141	71
91.7614	68
91.7625	65
91.8097	63
91.8108	61
91.8581	59
91.8591	58
91.9069	57
91.908	56
91.9579	55
91.9589	54
92.0099	54
92.0109	54
92.0566	53
92.0577	52
92.1039	51
92.1049	51
92.1512	50
92.1522	50
92.199	50
92.2	49
92.2478	55
92.2489	54
92.2967	60
92.2977	58
92.3455	63
92.3466	61
92.3949	66
92.396	64
92.4454	68
92.4464	66
92.4958	70
92.4968	68
92.5467	72
92.5478	69
92.5987	73
92.5998	71
92.6486	74
92.6496	71
92.6917	74
92.6927	70
92.7332	72
92.7342	68
92.7757	70
92.7768	66
92.8193	69
92.8204	66
92.864	68
92.865	65
92.9102	68
92.9112	66
92.9575	69
92.9585	66
93.0063	70
93.0074	67
93.0552	71
93.0562	68
93.104	72
93.1051	69
93.154	72
93.155	70
93.2049	73
93.206	71
93.2559	74
93.2569	71
93.3078	75
93.3089	72
93.3593	76
93.3603	73
93.4081	76
93.4092	73
93.4549	76
93.4559	72
93.5016	74
93.5027	71
93.55	74
93.551	71
93.5988	74
93.5999	71
93.6498	74
93.6508	71
93.7012	75
93.7023	72
93.7527	76
93.7537	73
93.8026	76
93.8036	73
93.8525	76
93.8535	73
93.9029	76
93.904	73
93.9549	76
93.9559	73
94.0063	77
94.0074	74
94.0546	77
94.0557	73
94.1035	76
94.1045	73
94.1539	76
94.155	73
94.2054	76
94.2064	73
94.2574	77
94.4013	79
94.4496	81
94.4995	83
94.5499	85
94.6019	87
94.7515	82
94.7962	83
94.8408	84
94.8866	85
94.9338	86
94.9811	87
95.0294	88
95.0788	89
95.1298	90
95.1812	92
95.2322	93
95.2821	94
95.3288	94
95.3777	94
95.427	95
95.4764	95
95.5274	96
95.5793	97
95.6292	97
95.6765	97
95.7233	97
95.7711	96
95.8199	96
95.8693	96
95.9208	97
95.9727	98
96.0247	98
96.1644	92
96.2101	92
96.2553	92
96.301	91
96.3478	91
96.3961	92
96.446	93
96.4964	93
96.4975	88
96.5484	84
96.5495	80
96.6004	76
96.6014	73
96.6476	70
96.6487	67
96.6949	64
96.696	62
96.7427	60
96.7438	59
96.79	57
96.7911	56
96.8383	55
96.8394	54
96.8867	53
96.8877	52
96.9361	52
96.9371	52
96.9865	52
96.9875	51
97.0374	51
97.0385	51
97.0894	51
97.0905	51
97.1414	51
97.1424	51
97.1928	51
97.1939	51
97.2427	51
97.2438	51
97.2942	51
97.2953	51
97.3462	51
97.3472	51
97.3981	51
97.3992	51
97.4491	51
97.4501	51
97.4974	51
97.4985	50
97.5457	50
97.5468	50
97.5951	50
97.5962	50
97.6466	50
97.6477	50
97.6986	50
97.6996	50
97.7501	50
97.7511	50
97.802	51
97.8031	51
97.8519	50
97.853	50
97.8992	50
97.9002	50
97.9459	49
97.947	49
97.9922	48
97.9932	48
98.0395	48
98.0405	48
98.0867	48
98.0878	47
98.1345	47
98.1356	47
98.1844	48
98.1855	48
98.2354	48
98.2365	49
98.2874	49
98.2884	49
98.3393	50
98.3404	50
98.3877	49
98.3887	49
98.4365	49
98.4376	49
98.4864	49
98.4875	49
98.5363	49
98.5374	49
98.5857	49
98.5868	49
98.6361	49
98.6372	49
98.6876	50
98.6887	50
98.7391	50
98.7401	50
98.7906	50
98.7916	50
98.8425	50
98.8436	50
98.8929	50
98.894	50
98.9444	50
98.9455	51
98.9933	50
98.9943	50
99.0437	50
99.0448	50
99.0957	50
99.0967	50
99.1471	50
99.1482	51
99.1996	51
99.2007	51
99.2516	51
99.2527	51
99.2999	57
99.301	56
99.3461	61
99.3472	59
99.3945	63
99.3955	61
99.4454	66
99.4465	64
99.4974	69
99.4985	67
99.5494	71
99.5504	69
99.6003	73
99.6013	70
99.6024	68
99.6481	65
99.6492	63
99.6502	61
99.6991	60
99.7001	59
99.7012	58
99.7495	57
99.7505	56
99.7516	55
99.802	55
99.8035	54
99.9548	60
99.9558	59
100.006	58
100.007	57
100.057	56
100.058	56
100.109	55
100.11	55
100.15	53
100.151	51
100.19	55
100.191	53
100.233	57
100.234	55
100.277	59
100.278	57
100.321	61
100.322	59
100.367	63
100.368	61
100.369	59
100.414	57
100.415	56
100.416	54
100.462	54
100.463	53
100.464	52
100.51	52
100.511	51
100.512	51
100.559	51
100.56	50
100.561	50
100.609	50
100.61	50
100.611	50
100.659	50
100.66	50
100.661	50
100.71	50
100.711	50
100.712	50
100.761	50
100.762	50
100.763	51
100.812	57
100.814	56
100.815	56
100.861	61
100.862	59
100.863	58
100.909	62
100.91	61
100.911	59
100.959	64
100.96	62
100.961	61
101.009	65
101.01	63
101.011	62
101.059	66
101.06	64
101.061	63
101.11	67
101.111	65
101.112	64
101.162	68
101.163	66
101.164	65
101.212	69
101.213	66
101.214	64
101.258	68
101.259	65
101.261	63
101.303	66
101.304	64
101.305	62
101.349	65
101.35	62
101.351	60
101.395	64
101.396	62
101.397	60
101.442	64
101.443	62
101.444	60
101.491	64
101.492	62
101.493	61
101.538	65
101.539	62
101.54	61
101.585	65
101.586	63
101.587	61
101.633	65
101.635	63
101.636	61
101.682	65
101.683	63
101.684	62
101.733	66
101.734	64
101.735	63
101.785	67
101.786	65
101.787	64
101.837	68
101.838	66
101.839	64
101.889	69
101.89	67
101.891	65
101.937	69
101.938	67
101.939	64
101.985	68
101.986	66
101.987	64
102.034	68
102.035	65
102.036	63
102.083	67
102.084	65
102.085	63
102.132	67
102.134	65
102.135	63
102.182	67
102.183	65
102.184	63
102.232	67
102.233	65
102.234	63
102.282	68
102.283	65
102.284	64
102.332	68
102.333	66
102.334	64
102.383	68
102.384	66
102.385	64
102.433	68
102.435	66
102.436	65
102.484	69
102.485	67
102.487	65
102.535	69
102.536	67
102.537	65
102.586	69
102.587	67
102.588	65
102.637	69
102.638	67
102.639	65
102.689	70
102.69	67
102.691	65
102.741	70
102.742	68
102.743	66
102.791	70
102.792	68
102.793	65
102.838	69
102.839	66
102.84	64
102.887	68
102.888	66
102.889	64
102.936	67
102.937	65
102.938	63
102.985	67
102.986	65
102.987	63
103.034	67
103.035	65
103.036	63
103.083	67
103.084	65
103.085	63
103.131	67
103.132	65
103.133	63
103.18	67
103.181	65
103.182	63
103.229	67
103.23	65
103.231	63
103.28	67
103.281	65
103.282	63
103.331	68
103.332	66
103.333	64
103.383	69
103.481	66
103.482	64
103.53	68
103.531	65
103.532	63
103.58	62
103.581	60
103.582	59
103.631	58
103.632	57
103.633	56
103.683	55
103.684	55
103.685	55
103.734	54
103.735	53
103.736	53
103.783	53
103.784	52
103.785	52
103.834	51
103.835	51
103.836	51
103.885	51
103.886	51
103.887	51
103.938	51
104.035	50
104.036	50
104.079	49
104.08	48
104.123	48
104.124	47
104.168	47
104.169	46
104.216	47
104.217	47
104.266	47
104.267	48
104.317	48
104.318	48
104.367	48
104.368	49
104.419	55
104.42	55
104.469	61
104.47	59
104.519	64
104.52	62
104.566	66
104.567	64
104.613	68
104.614	65
104.662	69
104.663	66
104.71	70
104.711	67
104.759	71
104.76	68
104.809	72
104.81	69
104.859	73
104.86	70
104.911	74
105.15	76
105.196	78
105.244	80
105.29	81
105.337	83
105.338	79
105.388	75
105.389	72
105.439	69
105.441	67
105.491	65
105.493	63
105.542	62
105.543	60
105.588	58
105.589	57
105.636	56
105.637	54
105.685	54
105.686	53
105.734	53
105.735	52
105.782	58
105.783	56
105.832	61
105.833	60
105.882	65
105.883	63
105.932	68
105.933	65
105.982	70
105.983	67
106.034	72
106.035	69
106.086	73
106.087	71
106.136	74
106.137	71
106.185	75
106.186	71
106.233	75
106.234	71
106.283	75
106.284	72
106.333	75
106.334	72
106.383	75
106.384	72
106.435	76
106.436	73
106.487	76
106.488	73
106.539	77
106.54	74
106.586	77
106.587	73
106.632	76
106.633	72
106.68	75
106.681	71
106.727	74
106.728	71
106.777	74
106.778	71
106.826	74
106.827	71
106.877	75
106.878	72
106.927	75
106.929	72
106.978	76
106.98	73
107.03	76
107.031	73
107.081	77
107.082	74
107.132	77
107.133	74
107.18	77
107.181	73
107.231	76
107.232	73
107.279	76
107.28	73
107.329	76
107.33	72
107.379	76
107.38	72
107.429	76
107.43	73
107.481	76
107.482	73
107.531	77
107.532	73
107.578	76
107.579	72
107.626	75
107.627	72
107.674	75
107.675	71
107.723	74
107.724	71
107.774	75
107.775	72
107.825	75
107.826	72
107.875	76
107.876	73
107.928	76
108.067	78
108.111	79
108.155	80
108.2	81
108.245	82
108.294	83
108.295	79
108.345	75
108.346	72
108.397	70
108.398	67
108.446	65
108.448	63
108.491	61
108.492	59
108.535	57
108.536	55
108.58	54
108.581	52
108.626	52
108.627	51
108.672	50
108.673	50
108.719	55
108.72	54
108.766	59
108.767	58
108.814	62
108.815	60
108.863	64
108.864	63
108.913	67
108.915	65
108.965	70
108.966	67
109.017	72
109.018	69
109.068	73
109.069	71
109.118	74
109.119	71
109.168	75
109.169	72
109.219	75
109.22	72
109.27	75
109.271	72
109.321	76
109.322	73
109.373	77
109.374	74
109.425	77
109.426	74
109.476	77
109.477	74
109.526	78
109.527	74
109.575	77
109.576	74
109.625	77
109.626	73
109.676	77
109.677	74
109.728	77
109.729	74
109.779	77
109.78	74
109.831	78
109.832	74
109.882	78
109.883	75
109.934	78
109.935	75
109.985	78
109.987	75
110.033	78
110.034	74
110.079	76
110.08	73
110.125	75
110.126	71
110.172	74
110.173	70
110.219	73
110.22	70
110.267	73
110.268	70
110.314	73
110.315	70
110.363	73
110.364	70
110.413	73
110.414	70
110.462	74
110.463	71
110.512	74
110.513	71
110.563	75
110.564	72
110.614	76
110.615	72
110.665	76
110.666	73
110.718	77
110.961	79
111.008	80
111.009	76
111.056	73
111.057	70
111.105	67
111.106	65
111.156	63
111.157	61
111.208	60
111.209	59
111.26	58
111.261	57
111.308	56
111.309	55
111.356	54
111.357	53
111.403	52
111.404	52
111.453	51
111.454	51
111.503	51
111.504	51
111.556	51
111.704	57
111.752	61
111.799	65
111.847	69
111.895	73
111.946	76
111.947	73
111.999	70
112.141	73
112.189	76
112.239	78
112.291	81
112.343	84
112.392	86
112.435	87
112.479	87
112.526	87
112.572	88
112.619	88
112.665	89
112.713	90
112.763	91
112.813	92
112.863	93
112.914	94
112.966	95
113.018	96
113.208	95
113.254	95
113.302	95
113.351	95
113.4	95
113.45	96
113.499	96
113.551	97
113.602	97
113.653	98
113.703	98
113.754	98
113.804	99
113.855	99
113.907	99
113.955	99
114.004	99
114.052	99
114.101	98
114.15	98
114.2	98
114.251	99
114.303	99
114.356	100
114.553	100
114.604	100
114.655	100
114.707	100
114.759	100
114.811	101
114.997	100
115.046	99
115.094	99
115.142	98
115.191	98
115.242	98
115.292	98
115.343	99
115.394	99
115.445	99
115.594	99
115.639	98
115.683	97
115.729	96
115.775	95
115.823	95
115.87	95
115.918	95
115.919	89
115.969	84
115.97	80
116.021	76
116.022	73
116.073	71
116.074	68
116.125	66
116.126	64
116.174	62
116.175	61
116.222	59
116.223	58
116.271	56
116.272	55
116.321	55
116.322	54
116.372	54
116.373	53
116.424	53
116.425	53
116.474	52
116.475	52
116.524	52
116.525	51
116.572	51
116.573	51
116.622	51
116.624	50
116.675	51
116.676	51
116.724	51
116.725	50
116.771	50
116.772	49
116.817	49
116.818	49
116.864	48
116.865	48
116.911	48
116.912	48
116.951	47
116.952	46
116.991	45
116.992	44
117.032	44
117.033	43
117.073	43
117.074	43
117.114	42
117.115	42
117.157	42
117.158	42
117.199	42
117.2	42
117.242	42
117.243	42
117.284	42
117.285	42
117.326	42
117.327	42
117.369	42
117.37	42
117.414	42
117.415	42
117.458	43
117.459	43
117.503	43
117.504	43
117.547	43
117.548	43
117.592	44
117.593	44
117.638	44
117.639	44
117.685	44
117.686	44
117.732	45
117.733	45
117.78	45
117.781	46
117.828	46
117.829	46
117.877	46
117.878	47
117.927	47
117.928	47
117.976	48
117.977	48
118.027	48
118.028	48
118.079	49
118.08	49
118.13	49
118.131	50
118.182	50
118.183	50
118.229	50
118.23	49
118.276	49
118.277	49
118.323	48
118.324	48
118.372	48
118.373	48
118.421	48
118.422	48
118.471	48
118.473	49
118.522	49
118.523	49
118.572	49
118.573	49
118.624	49
118.625	50
118.671	49
118.672	49
118.717	54
118.718	53
118.762	58
118.763	56
118.803	60
118.804	58
118.845	61
118.846	58
118.886	61
118.887	59
118.927	62
118.928	59
118.969	62
118.97	59
119.009	62
119.011	59
119.012	57
119.054	55
119.055	54
119.056	53
119.099	52
119.1	51
119.101	50
119.144	49
119.146	49
119.147	48
119.187	48
119.188	47
119.189	47
119.229	46
119.23	45
119.231	45
119.271	49
119.272	48
119.273	48
119.308	51
119.309	50
119.31	48
119.344	51
119.345	49
119.346	48
119.379	50
119.38	48
119.381	47
119.414	49
119.415	47
119.416	46
119.417	45
119.449	43
119.45	42
119.451	42
119.452	41
119.484	40
119.485	39
119.486	39
119.487	38
119.52	38
119.521	37
119.522	37
119.523	37
119.555	36
119.556	36
119.557	36
119.558	36
119.59	36
119.591	36
119.592	36
119.593	36
119.625	40
119.626	39
119.627	39
119.628	38
119.66	42
119.661	41
119.662	40
119.663	40
119.694	43
119.696	42
119.697	41
119.698	40
119.729	44
119.73	43
119.731	42
119.732	41
119.733	40
119.765	40
119.766	39
119.767	38
119.768	38
119.769	37
119.8	37
119.801	37
119.802	36
119.803	36
119.804	36
119.835	36
119.836	36
119.837	36
119.838	36
119.839	36
119.87	36
119.871	36
119.873	36
119.874	36
119.875	36
119.905	39
119.906	39
119.907	38
119.908	38
119.909	38
119.941	41
119.942	40
119.943	40
119.944	40
119.945	39
119.976	42
119.977	42
119.978	41
119.979	40
119.98	39
119.981	39
120.011	38
120.012	38
120.013	38
120.014	37
120.015	37
120.016	37
120.046	37
120.047	36
120.048	36
120.049	36
120.051	36
120.052	36
120.082	35
120.083	35
120.084	35
120.085	35
120.086	35
120.087	35
120.117	39
120.118	39
120.119	38
120.12	38
120.121	38
120.122	38
120.153	41
120.154	41
120.155	40
120.156	40
120.157	39
120.158	39
120.188	42
120.19	41
120.191	41
120.192	40
120.193	40
120.194	39
120.195	39
120.225	39
120.226	38
120.227	38
120.228	38
120.229	37
120.23	37
120.231	37
120.26	37
120.261	37
120.262	37
120.263	36
120.264	36
120.265	36
120.266	36
120.296	36
120.297	36
120.298	36
120.299	36
120.3	36
120.301	36
120.302	36
120.331	40
120.332	39
120.333	39
120.334	38
120.335	38
120.336	38
120.337	37
120.367	41
120.368	40
120.369	40
120.37	39
120.371	39
120.372	39
120.373	38
120.374	38
120.402	38
120.403	37
120.404	37
120.405	37
120.406	36
120.408	36
120.409	36
120.41	36
120.438	36
120.439	36
120.44	36
120.441	36
120.442	36
120.443	36
120.444	36
120.445	36
120.474	35
120.475	35
120.675	60
120.71	57
