10.0342	34
10.0742	34
10.112	40
10.327	39
10.3618	43
10.3965	46
10.4313	49
10.4324	48
10.4698	46
10.4708	45
10.5051	44
10.5061	43
10.5439	42
10.545	42
10.5802	46
10.5812	45
10.6191	48
10.6201	47
10.6579	51
10.659	49
10.66	48
10.7015	48
10.7026	47
10.7036	46
10.7483	46
10.7493	46
10.7504	46
10.7987	47
10.7998	47
10.8008	47
10.8512	48
10.9389	47
10.94	46
10.9767	45
10.9778	44
11.0161	43
11.0172	43
11.0555	42
11.0566	42
11.096	41
11.097	41
11.137	41
11.138	41
11.1806	41
11.1816	42
11.2252	42
11.2263	42
11.2735	43
11.2746	44
11.3229	50
11.324	50
11.3707	56
11.3718	55
11.4185	60
11.4196	58
11.4679	63
11.469	61
11.5194	66
11.5205	64
11.5714	69
11.5724	67
11.6186	71
11.6197	68
11.6638	71
11.6648	68
11.7084	70
11.7095	67
11.7531	70
11.7542	67
11.7988	69
11.7999	66
11.844	69
11.845	66
11.8886	69
11.8897	66
11.9333	69
11.9343	66
11.9795	69
11.9806	66
12.0273	69
12.0284	67
12.0757	70
12.0767	68
12.1245	71
12.1256	68
12.1739	72
12.1749	69
12.2233	73
12.2243	70
12.2737	73
12.2748	71
12.3247	74
12.3257	71
12.3761	75
12.3771	72
12.4244	76
12.4255	72
12.4722	75
12.4733	72
12.5195	74
12.5206	71
12.5668	74
12.5678	70
12.6151	73
12.6162	70
12.6645	74
12.6656	71
12.7139	74
12.7149	71
12.7638	74
12.7648	71
12.8147	75
12.8158	72
12.8652	75
12.8662	72
12.9156	76
12.9167	73
12.966	76
12.9671	73
13.0165	76
13.0175	73
13.0674	76
13.0685	73
13.1194	77
13.1205	74
13.1688	77
13.1698	74
13.2182	77
13.2192	73
13.267	76
13.2681	73
13.3159	76
13.3169	72
13.3647	75
13.3658	72
13.4146	75
13.4157	72
13.464	75
13.4651	72
13.5134	75
13.5144	72
13.5638	75
13.5649	72
13.6143	76
13.6153	73
13.6647	76
13.6657	73
13.7151	76
13.7162	73
13.7655	76
13.7666	73
13.8165	76
13.8176	73
13.868	77
13.869	74
13.9199	77
13.921	74
13.9714	78
13.9725	74
14.0203	78
14.0213	74
14.0224	71
14.0717	68
14.0728	66
14.0738	64
14.1232	63
14.1243	61
14.1253	60
14.1752	59
14.1763	58
14.1773	57
14.2266	56
14.2277	56
14.2287	55
14.276	54
14.2771	54
14.2781	53
14.3265	53
14.3275	52
14.3286	52
14.3785	52
14.4798	52
14.4809	51
14.5303	51
14.5313	51
14.5817	51
14.5828	51
14.6337	51
14.6347	51
14.682	51
14.683	51
14.7293	56
14.7303	55
14.7744	60
14.7755	58
14.8201	62
14.8212	60
14.8658	64
14.8669	61
14.9152	65
14.9163	63
14.9173	62
14.9683	61
15.0691	59
15.1206	64
15.1216	63
15.172	61
15.1731	60
15.223	59
15.224	58
15.2718	57
15.2729	55
15.3223	55
15.3233	54
15.3737	54
15.3748	53
15.4257	53
15.4267	53
15.474	52
15.4751	52
15.5229	51
15.5239	51
15.5728	51
15.5738	51
15.6232	51
15.6243	51
15.6757	51
15.8244	57
15.8753	62
15.9263	67
15.9778	71
16.0297	75
16.077	78
16.078	75
16.1227	71
16.1237	68
16.1668	65
16.1678	62
16.2115	60
16.2125	58
16.2566	56
16.2577	55
16.3023	54
16.3034	53
16.3486	52
16.3496	51
16.3958	50
16.3969	50
16.4442	56
16.4452	55
16.493	60
16.4941	59
16.5424	63
16.5435	62
16.5918	66
16.5928	64
16.6412	68
16.6422	66
16.6916	70
16.6927	68
16.742	72
16.7431	69
16.7914	73
16.7925	70
16.8408	73
16.8419	70
16.8907	74
16.8918	71
16.9417	74
16.9427	71
16.9936	75
16.9947	72
17.0446	76
17.0456	73
17.0934	76
17.0945	73
17.1423	76
17.1433	72
17.1916	75
17.1927	72
17.241	75
17.2421	72
17.2909	75
17.292	72
17.3414	75
17.3424	72
17.3918	76
17.3928	73
17.4422	76
17.4433	73
17.4937	76
17.4948	73
17.5452	77
17.5462	74
17.593	77
17.594	73
17.6408	76
17.6418	72
17.6875	75
17.6886	71
17.7353	74
17.7364	71
17.7842	74
17.7852	71
17.8325	74
17.8336	71
17.8814	74
17.8824	71
17.9307	74
17.9318	71
17.9812	74
17.9822	72
18.0331	75
18.0342	72
18.0825	76
18.0835	73
18.1303	75
18.1313	72
18.1786	75
18.1797	72
18.2275	75
18.2285	71
18.2774	75
18.2784	72
18.3289	75
18.3299	72
18.3798	76
18.3809	73
18.4303	76
18.4313	73
18.4817	77
18.4828	73
18.5327	77
18.5337	74
18.5847	77
18.5857	74
18.6314	77
18.6324	73
18.6771	76
18.6781	72
18.7238	74
18.7249	71
18.7727	74
18.7738	71
18.8226	74
18.8237	71
18.8741	75
18.8751	72
18.925	76
18.9261	73
18.9739	76
18.9749	72
19.0227	75
19.0238	72
19.0732	75
19.0742	72
19.1251	76
19.1262	73
19.2679	75
19.3136	77
19.3147	73
19.3609	70
19.362	67
19.4093	64
19.4103	62
19.4597	61
19.4607	59
19.5112	58
19.5122	58
19.5631	57
19.5642	56
19.6135	55
19.6146	55
19.6597	53
19.6608	52
19.7039	51
19.7049	50
19.7475	55
19.7485	54
19.7916	58
19.7926	56
19.8373	60
19.8384	58
19.8846	63
19.8856	61
19.9345	65
19.9355	63
19.9839	68
19.9849	65
20.0338	69
20.0348	67
20.0847	71
20.0858	69
20.0868	66
20.1372	65
20.1383	63
20.1393	62
20.1892	61
20.1903	59
20.1913	58
20.2386	57
20.2396	56
20.2407	55
20.2879	54
20.289	54
20.29	53
20.3373	53
20.3384	52
20.3394	52
20.3878	51
20.3888	51
20.3899	51
20.4382	51
20.4392	51
20.4403	51
20.4886	51
20.4897	51
20.4907	50
20.5396	50
20.5406	50
20.5417	50
20.5916	51
20.5926	51
20.5937	51
20.6436	51
20.6446	51
20.6457	51
20.6955	51
20.6965	51
20.6976	51
20.7444	51
20.7454	51
20.7465	50
20.7895	50
20.7906	49
20.7916	48
20.8358	48
20.8368	48
20.8379	47
20.8836	47
20.8846	47
20.8857	47
20.9308	47
20.9319	47
20.9329	47
20.9792	47
20.9802	47
20.9813	48
21.0291	48
21.0301	48
21.0312	48
21.0785	48
21.0795	48
21.0806	48
21.1278	48
21.1289	48
21.1299	48
21.1778	49
21.1788	49
21.1799	49
21.2271	49
21.2282	49
21.2292	49
21.277	49
21.2781	49
21.2791	49
21.328	49
21.329	49
21.3301	50
21.3795	50
21.3805	50
21.3816	50
21.4304	50
21.4315	50
21.4325	50
21.4819	50
21.483	50
21.484	50
21.5334	51
21.5345	51
21.5355	51
21.5854	51
21.5864	51
21.5875	51
21.6373	51
21.6384	51
21.6394	51
21.6872	51
21.6883	51
21.6893	51
21.7356	50
21.7366	50
21.7377	50
21.7844	49
21.7855	49
21.7865	49
21.8327	49
21.8338	49
21.8348	49
21.8811	49
21.8821	49
21.8832	49
21.9299	48
21.931	48
21.932	48
21.9788	48
21.9798	48
21.9809	48
22.0292	49
22.0303	49
22.0313	49
22.0796	49
22.0807	49
22.0817	49
22.1306	49
22.1317	49
22.1327	50
22.1816	50
22.1826	50
22.1837	50
22.233	50
22.2341	50
22.2351	50
22.2845	50
22.2856	50
22.2866	50
22.337	51
22.3381	51
22.3391	51
22.3884	51
22.3895	51
22.3905	51
22.4336	50
22.4347	49
22.4357	49
22.4783	48
22.4793	48
22.4804	47
22.525	47
22.5261	47
22.5271	47
22.5718	47
22.5728	47
22.5739	47
22.6191	47
22.6201	47
22.6212	47
22.6663	47
22.6674	47
22.6684	47
22.7136	47
22.7147	47
22.7157	47
22.7614	47
22.7625	47
22.7635	47
22.8108	53
22.8119	53
22.8129	52
22.8618	58
22.8628	57
22.8639	56
22.9138	62
22.9148	61
22.9159	60
22.9652	65
22.9662	63
22.9673	62
23.0161	67
23.0172	65
23.0182	63
23.0645	67
23.0655	65
23.0666	63
23.1118	67
23.1128	64
23.1139	62
23.1149	60
23.1611	59
23.1622	58
23.1632	57
23.1643	56
23.2121	55
23.2131	55
23.2142	54
23.2152	54
23.263	53
23.264	53
23.2651	53
23.2662	52
23.3123	52
23.3134	51
23.3144	51
23.3155	51
23.3607	50
23.3617	50
23.3628	50
23.3638	50
23.4106	55
23.4116	55
23.4127	54
23.4137	54
23.461	59
23.462	58
23.4631	57
23.4642	57
23.512	62
23.513	61
23.5141	59
23.5151	58
23.5639	63
23.565	62
23.6647	60
23.6658	59
23.7099	57
23.7109	56
23.712	54
23.7545	53
23.7556	52
23.7566	51
23.8008	50
23.8018	50
23.8029	49
23.847	49
23.848	49
23.8491	48
23.8937	54
23.8948	53
23.8959	52
23.9426	57
23.9437	56
23.9447	55
23.993	61
23.9941	60
23.9951	59
24.045	64
24.0461	62
24.1469	60
24.1479	59
24.191	63
24.192	61
24.1931	59
24.2362	57
24.2372	56
24.2383	54
24.2819	53
24.2829	52
24.284	51
24.3286	50
24.3297	50
24.3307	49
24.3743	49
24.3754	49
24.3764	48
24.4206	48
24.4216	48
24.4227	47
24.4673	47
24.4684	47
24.4694	47
24.5162	47
24.5172	47
24.5183	48
24.5677	48
24.5687	48
24.5698	49
24.6196	49
24.6207	49
24.6217	49
24.6711	50
24.6721	50
24.6732	50
24.7209	50
24.722	50
24.7231	50
24.7677	49
24.7688	49
24.7698	49
24.8134	48
24.8145	48
24.8155	48
24.8586	47
24.8596	47
24.8607	47
24.9048	46
24.9059	46
24.9069	46
24.9516	46
24.9526	46
24.9537	46
24.9999	46
25.001	47
25.002	47
25.0498	47
25.0509	47
25.0519	48
25.1008	48
25.1018	48
25.1029	49
25.1527	49
25.1538	49
25.1548	50
25.2042	50
25.2053	50
25.2063	50
25.2546	50
25.2557	50
25.2567	50
25.3056	50
25.3066	50
25.3077	50
25.3576	50
25.3587	50
25.3597	51
25.409	51
25.4101	51
25.4111	51
25.461	51
25.4621	51
25.4631	51
25.5109	51
25.512	50
25.513	50
25.5582	50
25.5592	50
25.5603	49
25.6044	49
25.6055	48
25.6065	48
25.6506	48
25.6517	47
25.6527	47
25.6974	47
25.6984	47
25.6995	47
25.7452	47
25.7462	47
25.7473	47
25.793	47
25.7941	47
25.7951	47
25.8419	47
25.8429	47
25.844	47
25.8923	48
25.8933	48
25.8944	48
25.9432	49
25.9443	49
25.9454	49
25.9947	49
25.9958	49
25.9968	50
26.0467	50
26.0478	50
26.0488	50
26.0971	50
26.0981	50
26.0992	50
26.146	50
26.147	50
26.1481	50
26.1927	49
26.1938	49
26.1948	48
26.2395	48
26.2405	48
26.2416	48
26.2878	48
26.2888	48
26.2899	48
26.3356	48
26.3366	48
26.3377	48
26.3839	48
26.385	48
26.386	48
26.4328	48
26.4338	48
26.4349	48
26.4837	48
26.4848	48
26.4858	49
26.5362	49
26.5373	50
26.5383	50
26.5871	50
26.5882	50
26.5892	50
26.6339	50
26.6349	49
26.636	49
26.6812	48
26.6822	48
26.6833	48
26.729	48
26.73	48
26.7311	48
26.7763	48
26.7773	48
26.7784	48
26.8256	48
26.8267	48
26.8277	48
26.875	48
26.8761	48
26.8771	48
26.9254	49
26.9265	49
26.9275	49
26.9774	49
26.9785	49
26.9795	50
27.0289	50
27.0299	50
27.031	50
27.0793	50
27.0803	50
27.0814	50
27.1303	50
27.1313	50
27.1324	50
27.1796	50
27.1807	50
27.1817	50
27.229	56
27.2301	55
27.2311	54
27.28	60
27.281	59
27.2821	58
27.3309	63
27.332	61
27.333	60
27.3829	65
27.384	64
27.4869	62
27.5383	61
27.5394	60
27.6886	58
27.739	63
27.791	68
27.9826	71
28.0278	67
28.0741	65
28.1208	62
28.1691	61
28.2175	59
28.2663	58
28.3168	57
28.3682	56
28.4202	55
28.4706	55
28.521	54
28.573	54
28.6218	53
28.6681	52
28.7143	51
28.7616	51
28.8088	50
28.8577	50
28.9071	50
28.9575	50
29.0085	50
29.0604	50
29.1119	50
29.1597	50
29.208	50
29.2558	49
29.3047	49
29.3551	49
29.4045	56
29.4544	61
29.5059	66
29.5578	71
29.6078	74
29.6566	77
29.7049	80
29.706	76
29.7548	73
29.7559	70
29.8063	67
29.8074	65
29.8573	64
29.8583	62
29.9088	60
29.9098	59
29.9607	58
29.9618	58
30.0085	63
30.0096	61
30.0511	64
30.0521	62
30.0952	65
30.0962	62
30.1398	65
30.1409	63
30.1419	60
30.185	59
30.1861	57
30.1871	55
30.2318	54
30.2328	53
30.2339	52
30.2791	52
30.2801	51
30.2812	51
30.3269	56
30.3279	55
30.329	54
30.3757	59
30.3768	58
30.3778	57
30.4256	62
30.4267	60
30.4277	59
30.4288	58
30.4776	57
30.4787	56
30.4797	56
30.4808	55
30.5296	55
30.5306	54
30.5317	54
30.5327	54
30.5773	53
30.5784	52
30.5794	52
30.5805	51
30.623	56
30.6241	55
30.6251	54
30.6262	53
30.6687	57
30.6698	56
30.6709	55
30.6719	53
30.673	52
30.7155	52
30.7166	51
30.7176	51
30.7187	50
30.7197	50
30.7633	49
30.7644	49
30.7654	49
30.7665	49
30.7675	49
30.8111	48
30.8122	48
30.8132	48
30.8143	48
30.8153	48
30.8605	54
30.8615	53
30.8626	53
30.8636	52
30.8647	52
30.9104	57
30.9115	57
30.9125	56
30.9136	55
30.9146	55
30.9157	54
30.9624	54
30.9635	53
30.9645	53
30.9656	53
30.9666	53
30.9677	53
31.0149	52
31.0679	52
31.1094	51
31.1104	50
31.1115	49
31.1125	49
31.1493	53
31.1504	51
31.1514	50
31.1525	49
31.1908	52
31.1919	51
31.1929	50
31.194	49
31.2323	53
31.2334	51
31.2344	50
31.2355	49
31.2365	48
31.277	48
31.278	47
31.2791	47
31.2801	47
31.2812	46
31.3237	46
31.3248	46
31.3258	46
31.3269	46
31.3279	46
31.371	46
31.372	46
31.3731	46
31.3741	47
31.3752	47
31.4204	47
31.4214	47
31.4225	48
31.4235	48
31.4246	48
31.4713	54
31.4724	54
31.4734	53
31.4745	53
31.4755	53
31.5223	59
31.5233	58
31.5244	57
31.5254	56
31.5265	56
31.5737	61
31.5748	60
31.5758	59
31.5769	58
31.578	57
31.6257	62
31.6268	61
31.7223	65
31.7234	63
31.7244	61
31.7255	59
31.7686	57
31.7696	56
31.7707	55
31.7717	53
31.8169	53
31.818	52
31.819	52
31.8201	51
31.8652	51
31.8663	51
31.8673	50
31.8684	50
31.9141	50
31.9151	50
31.9162	49
31.9172	49
31.964	49
31.965	49
31.9661	50
31.9671	50
32.0144	55
32.0155	55
32.0165	54
32.0176	54
32.0659	59
32.067	58
32.068	58
32.0691	57
32.1174	62
32.1184	61
32.1195	60
32.1205	59
32.1683	64
32.1694	62
32.1704	61
32.1715	60
32.2172	64
32.2182	63
32.2193	61
32.2203	59
32.2665	64
32.2676	62
32.2686	60
32.2697	59
32.3175	64
32.3185	62
32.3196	61
32.3206	60
32.3217	59
32.37	58
32.371	57
32.3721	57
32.3731	56
32.4204	61
32.5128	65
32.5139	62
32.5149	60
32.5596	58
32.5606	57
32.5617	55
32.6064	54
32.6074	53
32.6085	53
32.6536	52
32.6547	51
32.6557	51
32.703	56
32.7041	56
32.7051	55
32.7519	60
32.7529	59
32.754	57
32.8018	62
32.8028	61
32.8039	59
32.8527	64
32.8538	63
32.8548	61
32.8559	60
32.9047	59
32.9057	58
32.9068	57
32.9078	57
32.954	56
32.9551	55
32.9562	54
32.9572	54
33.0034	53
33.0045	52
33.0055	52
33.0066	51
33.0523	51
33.0533	51
33.0544	51
33.0554	50
33.1027	50
33.1038	50
33.1048	50
33.1059	50
33.1542	56
33.1552	56
33.1563	55
33.1573	55
33.2041	60
33.2051	59
33.2062	58
33.2072	57
33.2545	62
33.2556	61
33.2566	59
33.2577	58
33.3055	63
33.3065	62
33.3076	60
33.3086	59
33.3559	64
33.357	62
33.358	61
33.3591	60
33.4063	65
33.4074	63
33.4084	61
33.4095	60
33.4573	65
33.4583	63
33.4594	62
33.4604	60
33.4615	59
33.5093	58
33.5103	57
33.5114	57
33.5124	56
33.5135	55
33.5602	55
33.5612	54
33.5623	54
33.5633	53
33.5644	53
33.609	52
33.6101	52
33.6111	52
33.6122	51
33.6132	51
33.6579	50
33.6589	50
33.66	50
33.661	50
33.6621	49
33.7073	49
33.7083	49
33.7094	49
33.7104	49
33.7115	49
33.7577	49
33.7587	49
33.7598	49
33.7608	49
33.7619	49
33.8086	50
33.8097	50
33.8107	50
33.8118	50
33.8128	50
33.8601	50
33.8612	50
33.8622	50
33.8633	51
33.8643	51
33.9116	51
33.9127	51
33.9137	51
33.9148	51
33.9158	51
33.9636	51
33.9646	51
33.9657	51
33.9667	51
33.9678	51
34.0134	51
34.0145	51
34.0155	51
34.0166	50
34.0176	50
34.0612	50
34.0623	50
34.0633	49
34.0644	49
34.0654	49
34.1075	49
34.1085	48
34.1096	48
34.1106	48
34.1117	47
34.1537	47
34.1547	47
34.1558	47
34.1568	47
34.1579	46
34.1999	46
34.201	46
34.202	46
34.2031	46
34.2041	46
34.2472	46
34.2482	47
34.2493	47
34.2503	47
34.2514	47
34.2955	47
34.2966	47
34.2976	47
34.2987	47
34.2997	47
34.3444	47
34.3454	47
34.3465	48
34.3475	48
34.3486	48
34.3938	48
34.3948	48
34.3959	48
34.3969	48
34.398	48
34.4437	48
34.4447	48
34.4458	49
34.4468	49
34.4479	49
34.4941	49
34.4952	49
34.4962	49
34.4973	49
34.4983	50
34.5451	50
34.5461	50
34.5472	50
34.5482	50
34.5493	50
34.5965	50
34.5976	50
34.5986	50
34.5997	50
34.6007	50
34.6485	50
34.6496	51
34.6506	51
34.6517	51
34.6527	51
34.6989	51
34.7	51
34.701	51
34.7021	51
34.7031	51
34.7499	51
34.7509	51
34.752	50
34.753	50
34.7541	50
34.7982	50
34.7992	50
34.8003	50
34.8013	50
34.8024	49
34.8481	49
34.8492	49
34.8502	49
34.8513	49
34.8523	49
34.898	49
34.8991	49
34.9001	49
34.9012	49
34.9022	49
34.949	49
34.95	50
34.9511	50
34.9521	50
34.9532	50
35.001	50
35.002	50
35.0031	50
35.0041	51
35.0052	51
35.0529	51
35.054	51
35.055	51
35.0561	51
35.0571	51
35.1033	51
35.1043	51
35.1054	51
35.1064	51
35.1075	50
35.1495	50
35.1506	49
35.1516	49
35.1527	48
35.1537	48
35.1926	47
35.1936	47
35.1947	46
35.1957	46
35.1968	45
35.2357	45
35.2367	45
35.2378	44
35.2388	44
35.2399	44
35.2798	44
35.2809	44
35.2819	44
35.283	44
35.284	44
35.325	44
35.326	44
35.3271	44
35.3281	44
35.3292	44
35.3723	45
35.3733	45
35.3744	45
35.3754	45
35.3765	46
35.4201	46
35.4211	46
35.4222	46
35.4232	46
35.4243	46
35.4705	47
35.4715	47
35.4726	47
35.4736	48
35.4747	48
35.5225	48
35.5236	49
35.6249	49
35.6259	49
35.627	49
35.6727	55
35.6737	54
35.6748	53
35.721	59
35.7221	57
35.7231	56
35.773	62
35.7741	61
35.8728	59
35.8739	58
35.919	62
35.9201	60
35.9663	64
35.9674	62
36.0141	66
36.0152	64
36.063	68
36.064	65
36.1139	69
36.115	67
36.1654	71
36.1664	69
36.2153	73
36.2163	70
36.2174	68
36.2668	66
36.2678	64
36.2689	62
36.3187	61
36.3198	60
36.3208	59
36.3655	57
36.3665	56
36.3676	55
36.4106	53
36.4117	52
36.4127	51
36.4548	50
36.4558	49
36.4569	49
36.4994	48
36.5005	48
36.5015	47
36.5441	47
36.5451	47
36.5462	46
36.5893	46
36.5903	46
36.5914	46
36.635	46
36.636	46
36.6371	46
36.6817	46
36.6828	46
36.6838	46
36.73	46
36.7311	46
36.7321	47
36.7805	47
36.7815	47
36.7826	48
36.8288	48
36.8299	48
36.8309	48
36.8771	48
36.8782	48
36.8792	48
36.926	48
36.927	48
36.9281	48
36.9754	48
36.9764	48
36.9775	48
37.0248	48
37.0258	48
37.0269	48
37.0757	49
37.0768	49
37.0778	49
37.1261	49
37.1272	49
37.1282	50
37.1766	50
37.1776	50
37.1787	50
37.227	50
37.2281	50
37.2291	50
37.278	50
37.279	50
37.2801	50
37.3294	50
37.3305	50
37.3315	50
37.3814	50
37.3825	51
37.3835	51
37.4329	51
37.4339	51
37.435	51
37.4838	51
37.4849	51
37.4859	51
37.5337	50
37.5348	50
37.5358	50
37.5836	50
37.5847	50
37.5857	50
37.633	50
37.6341	50
37.6351	50
37.6824	50
37.6834	50
37.6845	49
37.7323	49
37.7334	49
37.7344	49
37.7827	49
37.7838	49
37.7848	49
37.8347	50
37.8358	50
37.8368	50
37.8856	50
37.8867	50
37.8877	50
37.9361	50
37.9371	50
37.9382	50
37.9839	50
37.9849	49
37.986	49
38.0332	49
38.0343	49
38.0353	49
38.0821	49
38.0832	49
38.0842	49
38.132	49
38.1331	49
38.1341	49
38.1819	49
38.183	49
38.184	49
38.2318	49
38.2329	49
38.2339	49
38.2833	49
38.2844	50
38.2854	50
38.3347	50
38.3358	50
38.3368	50
38.3867	50
38.3877	50
38.3888	51
38.4356	50
38.4366	50
38.4377	50
38.4828	49
38.4839	49
38.4849	49
38.5317	49
38.5327	49
38.5338	49
38.5821	49
38.5832	49
38.5842	49
38.6336	49
38.6347	50
38.6357	50
38.6856	50
38.6866	50
38.6877	50
38.7365	50
38.7376	50
38.7386	50
38.7869	50
38.788	50
38.789	50
38.8369	50
38.8379	50
38.839	50
38.8868	50
38.8878	50
38.8889	50
38.9372	50
38.9382	50
38.9393	50
38.9882	56
38.9892	56
38.9903	55
39.0396	61
39.0407	60
39.0417	59
39.0916	64
39.0926	62
39.0937	61
39.1409	66
39.142	64
39.143	62
39.1877	66
39.1888	64
39.1898	62
39.2345	65
39.2355	63
39.2366	61
39.2807	65
39.2817	63
39.2828	61
39.2838	59
39.329	57
39.3301	56
39.3311	55
39.3322	55
39.3779	54
39.3789	53
39.38	52
39.381	52
39.4273	51
39.4283	51
39.4294	51
39.4304	51
39.4792	51
39.4803	51
39.4813	51
39.4824	51
39.5307	51
39.5317	51
39.5328	51
39.5338	51
39.5753	56
39.5763	55
39.5774	54
39.5785	53
39.6184	57
39.6194	55
39.6205	54
39.6215	52
39.6615	56
39.6625	55
39.6636	53
39.6646	52
39.7051	56
39.7061	54
39.7072	53
39.7082	52
39.7093	51
39.7497	50
39.7508	49
39.7518	49
39.7529	48
39.7539	47
39.7965	47
39.7975	47
39.7986	47
39.7996	47
39.8007	47
39.8432	47
39.8443	47
39.8453	47
39.8464	47
39.8474	47
39.891	47
39.8921	47
39.8931	47
39.8942	47
39.8952	48
39.9399	53
39.9409	52
39.942	52
39.943	52
39.9441	51
39.9893	57
39.9903	56
39.9914	55
39.9924	55
39.9935	54
40.0386	59
40.0397	58
40.0407	57
40.0418	56
40.0428	55
40.0439	54
40.0901	54
40.0912	54
40.0922	53
40.0933	53
40.0943	53
40.0954	53
40.1421	53
40.1431	52
40.1442	52
40.1452	52
40.1463	52
40.1473	52
40.1857	51
40.1867	50
40.1878	49
40.1888	48
40.1899	48
40.1909	47
40.2298	52
40.2308	51
40.2319	50
40.2329	49
40.234	49
40.235	48
40.2729	52
40.2739	51
40.275	50
40.276	50
40.2771	49
40.2781	48
40.2792	48
40.317	47
40.318	47
40.3191	47
40.3201	46
40.3212	46
40.3222	46
40.3233	45
40.3616	45
40.3627	45
40.3637	45
40.3648	45
40.3658	45
40.3669	44
40.368	44
40.4068	44
40.4079	44
40.4089	45
40.41	45
40.411	45
40.4121	45
40.4131	45
40.4541	50
40.4552	50
40.4562	50
40.4573	50
40.4583	50
40.4594	49
40.4604	49
40.5014	54
40.5024	53
40.5035	52
40.5045	52
40.5056	51
40.5066	51
40.5077	50
40.5087	50
40.5502	50
40.5513	50
40.5523	50
40.5534	49
40.5544	49
40.5555	49
40.5565	49
40.5576	49
40.5996	49
40.6007	49
40.6017	49
40.6028	49
40.6038	49
40.6049	49
40.6059	49
40.607	49
40.6506	55
40.6516	54
40.6527	54
40.6537	54
40.6548	53
40.6558	53
40.6569	53
40.6579	53
40.7	58
40.701	57
40.7021	56
40.7031	55
40.7042	55
40.7052	54
40.7063	54
40.7073	53
40.7084	53
40.7509	53
40.752	53
40.753	52
40.7541	52
40.7551	52
40.7562	52
40.7572	52
40.7583	52
40.7593	52
40.8013	57
40.8024	56
40.8035	56
40.8045	55
40.8056	54
40.8066	54
40.8077	54
40.8087	53
40.8098	53
40.8518	58
40.8528	57
40.8539	56
40.8549	55
40.856	55
40.857	54
40.8581	54
40.8591	54
40.8602	53
40.8612	53
40.9038	53
40.9584	52
40.9594	52
40.9605	51
40.9615	51
41.002	50
41.003	50
41.0041	49
41.0051	49
41.0062	49
41.0072	48
41.0083	48
41.0477	48
41.0487	47
41.0498	47
41.0508	47
41.0519	46
41.0529	46
41.054	46
41.0939	46
41.0949	46
41.096	46
41.097	46
41.0981	46
41.0991	47
41.1002	47
41.1401	52
41.1412	51
41.1422	51
41.1433	50
41.1443	50
41.1454	49
41.1464	49
41.1863	54
41.1874	53
41.1884	52
41.1895	51
41.1905	51
41.1916	50
41.1926	50
41.2331	54
41.2341	53
41.2352	53
41.2363	52
41.2373	51
41.2384	51
41.2394	51
41.2405	50
41.2814	50
41.2825	50
41.2835	49
41.2846	49
41.2856	49
41.2867	49
41.2877	49
41.2888	48
41.3303	48
41.3313	48
41.3324	48
41.3334	48
41.3345	48
41.3355	48
41.3366	48
41.3376	48
41.3797	48
41.3807	49
41.3818	49
41.3828	49
41.3839	49
41.3849	49
41.386	49
41.387	49
41.429	55
41.4301	54
41.4311	54
41.4322	53
41.4333	53
41.4343	53
41.4354	52
41.4364	52
41.479	57
41.48	56
41.4811	55
41.4821	55
41.4832	54
41.4842	54
41.4853	53
41.4863	53
41.5299	58
41.531	57
41.532	56
41.5331	56
41.5341	55
41.5352	55
41.5362	54
41.5373	54
41.5383	54
41.5824	54
41.5834	53
41.5845	53
41.5855	53
41.5866	53
41.5876	53
41.5887	52
41.5897	52
41.5908	52
41.6344	52
41.6354	52
41.6365	52
41.6375	52
41.6386	52
41.6396	52
41.6407	52
41.6417	52
41.6428	52
41.6821	51
41.6832	51
41.6842	50
41.6853	50
41.6863	50
41.6874	49
41.6884	49
41.6895	49
41.6905	49
41.7289	48
41.7299	48
41.731	48
41.732	48
41.7331	48
41.7341	48
41.7352	48
41.7362	48
41.7373	48
41.7746	52
41.7756	51
41.7767	51
41.7777	50
41.7788	50
41.7798	49
41.7809	49
41.7819	48
41.783	48
41.8219	52
41.8229	52
41.824	51
41.825	51
41.8261	51
41.8271	50
41.8282	50
41.8292	50
41.8303	50
41.8702	54
41.8713	54
41.8723	53
41.8734	53
41.8744	52
41.8755	52
41.8765	51
41.8776	51
41.8786	51
41.9201	56
41.9212	55
41.9222	54
41.9233	54
41.9243	53
41.9254	53
41.9264	53
41.9275	52
41.9285	52
41.97	57
41.9711	56
41.9721	56
41.9732	55
41.9742	54
41.9753	54
41.9763	53
41.9774	53
41.9784	53
41.9795	52
42.0215	52
42.0225	52
42.0236	52
42.0247	52
42.0257	52
42.0268	51
42.0278	51
42.0289	51
42.0299	51
42.031	51
42.0735	51
42.0745	51
42.0756	51
42.0766	51
42.0777	51
42.0787	51
42.0798	51
42.0808	51
42.0819	51
42.0829	51
42.1249	51
42.126	51
42.127	51
42.1281	51
42.1291	51
42.1302	51
42.1312	51
42.1323	51
42.1333	51
42.1344	51
42.1753	51
42.1764	51
42.1774	51
42.1785	51
42.1795	51
42.1806	50
42.1817	50
42.1827	50
42.1838	50
42.1848	50
42.2253	50
42.2263	50
42.2274	50
42.2284	50
42.2295	50
42.2305	50
42.2316	50
42.2326	50
42.2337	50
42.2347	50
42.2757	50
42.2767	50
42.2778	50
42.2788	50
42.2799	50
42.2809	50
42.282	50
42.283	50
42.2841	50
42.2851	50
42.3277	50
42.3287	50
42.3298	50
42.3308	51
42.3319	51
42.4274	50
42.4285	50
42.4295	50
42.4306	50
42.4316	50
42.4327	49
42.4337	49
42.4747	49
42.4758	49
42.4768	48
42.4779	48
42.4789	48
42.48	48
42.481	48
42.5225	48
42.5236	48
42.5246	48
42.5257	48
42.5267	48
42.5278	48
42.5288	48
42.5703	53
42.5714	53
42.5724	52
42.5735	52
42.5745	51
42.5756	51
42.5766	51
42.6176	55
42.6187	54
42.6197	54
42.6208	53
42.6218	52
42.6229	52
42.6239	51
42.6659	56
42.667	55
42.668	54
42.6691	54
42.6701	53
42.6712	53
42.6722	52
42.6733	52
42.7143	51
42.7153	51
42.7164	51
42.7174	50
42.7185	50
42.7195	50
42.7206	49
42.7216	49
42.7631	49
42.7642	49
42.7652	49
42.7663	49
42.7673	49
42.7684	49
42.7694	49
42.7705	49
42.813	49
42.8141	49
42.8151	49
42.8162	49
42.8172	50
42.8183	50
42.8193	50
42.8204	50
42.8635	55
42.8645	55
42.8656	54
42.8666	54
42.8677	53
42.8687	53
42.8698	53
42.8708	52
42.9144	57
42.9155	57
42.9165	56
42.9176	56
42.9186	55
42.9197	55
42.9207	54
42.9218	54
42.9659	59
42.9675	58
43.0215	57
43.0226	56
43.0646	60
43.0656	58
43.0667	57
43.0677	56
43.0688	54
43.0698	53
43.1077	52
43.1087	51
43.1098	50
43.1108	49
43.1119	48
43.1129	47
43.1513	47
43.1523	47
43.1534	46
43.1544	46
43.1555	46
43.1565	45
43.1954	45
43.1964	45
43.1975	45
43.1985	45
43.1996	44
43.2006	44
43.2411	44
43.2421	45
43.2432	45
43.2442	45
43.2453	45
43.2464	45
43.2863	50
43.2873	50
43.2884	49
43.2894	49
43.2905	48
43.2915	48
43.332	53
43.333	52
43.3341	51
43.3351	51
43.3362	50
43.3372	50
43.3782	54
43.3793	53
43.3803	53
43.3814	52
43.3824	51
43.3835	51
43.425	55
43.426	54
43.4271	53
43.4281	53
43.4292	52
43.4302	51
43.4722	56
43.4733	55
43.4743	54
43.4754	53
43.4764	53
43.4775	52
43.4785	51
43.5211	51
43.5222	51
43.5232	50
43.5243	50
43.5253	50
43.5264	50
43.5274	50
43.57	49
43.571	49
43.5721	49
43.5731	49
43.5742	49
43.5752	49
43.5763	49
43.6188	49
43.6199	49
43.6209	49
43.622	48
43.623	48
43.6241	48
43.6251	48
43.6677	48
43.6687	48
43.6698	48
43.6708	48
43.6719	48
43.6729	48
43.674	48
43.7176	48
43.7186	48
43.7197	49
43.7207	49
43.7218	49
43.7228	49
43.7239	49
43.768	49
43.7691	49
43.7701	49
43.7712	50
43.7722	50
43.7733	50
43.7743	50
43.8184	50
43.8195	50
43.8205	50
43.8216	50
43.8226	50
43.8237	50
43.8247	50
43.8694	50
43.8704	50
43.8715	50
43.8725	50
43.8736	50
43.8746	51
43.8757	51
43.9209	56
43.9219	56
43.923	55
43.924	55
43.9251	55
43.9261	54
43.9272	54
43.9728	59
43.9739	59
43.9749	58
43.976	57
43.977	57
43.9781	56
43.9791	56
44.0227	60
44.0237	59
44.0248	58
44.0258	57
44.0269	56
44.0279	55
44.029	55
44.0731	60
44.0742	59
44.0752	58
44.0763	57
44.0773	56
44.0784	56
44.0794	55
44.123	60
44.1241	59
44.1251	58
44.1262	57
44.1272	56
44.1283	55
44.1293	55
44.1724	59
44.1735	58
44.1745	57
44.1756	56
44.1766	55
44.1777	55
44.1787	54
44.2228	59
44.2239	58
44.2249	57
44.226	56
44.227	55
44.2281	55
44.2291	55
44.2733	60
44.2743	59
44.2754	58
44.2764	57
44.2775	56
44.2785	56
44.2796	55
44.3242	60
44.3253	59
44.3263	58
44.3274	57
44.3284	56
44.3295	56
44.3305	55
44.3752	60
44.3762	59
44.3773	58
44.3783	57
44.3794	57
44.3804	56
44.3815	55
44.4272	61
44.4282	60
44.4293	59
44.4303	58
44.4314	57
44.4324	57
44.4335	56
44.4791	61
44.4802	60
44.4812	59
44.4823	58
44.4833	58
44.4844	57
44.5752	55
44.5763	54
44.5773	53
44.5784	52
44.5794	51
44.6183	50
44.6193	49
44.6204	48
44.6214	47
44.6225	47
44.6629	46
44.664	46
44.6651	46
44.6661	46
44.6672	46
44.7087	46
44.7097	46
44.7108	46
44.7118	46
44.7129	46
44.7549	51
44.7559	50
44.757	50
44.758	50
44.7591	49
44.8001	54
44.8011	53
44.8022	52
44.8032	52
44.8043	51
44.8452	55
44.8463	54
44.8473	53
44.8484	52
44.8494	51
44.8505	50
44.892	50
44.893	49
44.8941	49
44.8951	49
44.8962	48
44.8972	48
44.9403	48
44.9414	48
44.9424	48
44.9435	48
44.9445	48
44.9456	48
44.9892	48
44.9902	48
44.9913	48
44.9923	48
44.9934	49
44.9944	49
45.038	54
45.0391	54
45.0401	53
45.0412	53
45.0422	52
45.0433	52
45.0879	57
45.089	56
45.09	55
45.0911	55
45.0921	54
45.0932	54
45.1378	59
45.1389	58
45.14	57
45.141	56
45.1421	55
45.1431	55
45.1893	60
45.1904	59
45.1919	58
45.2901	57
45.2912	56
45.2922	55
45.2933	55
45.3353	59
45.3364	57
45.3374	56
45.3385	55
45.3815	59
45.3826	57
45.3836	56
45.3847	55
45.4283	59
45.4293	58
45.4304	56
45.4314	55
45.4756	60
45.4766	58
45.4777	57
45.4787	56
45.5228	60
45.5239	58
45.5249	57
45.526	56
45.527	55
45.5717	54
45.5728	53
45.5738	53
45.5749	52
45.5759	52
45.6227	52
45.6237	51
45.6248	51
45.6258	51
45.6269	51
45.6746	51
45.6757	51
45.6767	51
45.6778	51
45.6788	51
45.7235	51
45.7245	51
45.7256	50
45.7266	50
45.7277	50
45.7718	50
45.7729	49
45.7739	49
45.775	49
45.776	49
45.8207	49
45.8217	49
45.8228	49
45.8238	49
45.8249	49
45.8695	49
45.8706	49
45.8716	49
45.8727	49
45.8737	49
45.9205	55
45.9215	54
45.9226	54
45.9236	54
45.9247	53
45.9724	59
45.9735	58
45.9745	58
45.9756	57
45.9766	56
46.0223	61
46.0234	60
46.0244	59
46.0255	58
46.0265	57
46.0712	62
46.0722	60
46.0733	59
46.0743	58
46.0754	57
46.1174	61
46.1185	59
46.1195	57
46.1206	56
46.1216	55
46.1647	59
46.1658	58
46.1668	56
46.1679	55
46.1689	54
46.213	59
46.2141	58
46.2151	57
46.2162	56
46.2172	55
46.2635	60
46.2645	59
46.2656	58
46.2666	57
46.2677	56
46.3154	61
46.3165	60
46.3175	59
46.3186	58
46.3196	58
46.3679	63
46.4583	66
46.4593	63
46.4604	60
46.5003	63
46.5013	60
46.5024	58
46.5449	61
46.546	59
46.547	57
46.5922	61
46.5933	60
46.5943	58
46.6416	63
46.6427	61
46.6437	60
46.6448	58
46.692	57
46.6931	57
46.6941	56
46.6952	55
46.7445	55
46.7456	54
46.7466	54
46.7477	54
46.796	53
46.797	53
46.7981	53
46.7991	53
46.8432	58
46.8443	57
46.8453	56
46.8464	55
46.891	59
46.8921	58
46.8931	57
46.8942	56
46.9409	60
46.942	59
46.943	58
46.9441	57
46.9893	62
46.9903	60
46.9914	59
46.9924	58
47.0392	62
47.0402	61
47.0413	59
47.0423	58
47.0901	63
47.0912	62
47.0922	60
47.0933	59
47.0943	58
47.1416	57
47.1427	57
47.1437	56
47.1448	55
47.1458	55
47.1931	54
47.1941	54
47.1952	54
47.1962	53
47.1973	53
47.2424	52
47.2435	52
47.2445	52
47.2456	51
47.2466	51
47.2923	51
47.2934	51
47.2944	50
47.2955	50
47.2965	50
47.3417	50
47.3427	50
47.3438	50
47.3449	49
47.3459	49
47.3927	50
47.3937	50
47.3948	50
47.3958	50
47.3969	50
47.4441	50
47.4452	50
47.4462	51
47.4473	51
47.4483	51
47.4961	57
47.4971	57
47.4982	56
47.4992	56
47.5003	55
47.5465	61
47.5475	59
47.5486	58
47.5496	57
47.5507	56
47.5969	61
47.598	60
47.599	59
47.6001	58
47.6011	57
47.6463	62
47.6473	61
47.6484	59
47.6494	58
47.6505	57
47.6957	62
47.6967	60
47.6978	59
47.6988	58
47.6999	57
47.7456	61
47.7466	60
47.7477	59
47.7487	58
47.7498	57
47.796	62
47.7971	61
47.7981	59
47.7992	58
47.8002	58
47.8475	63
47.8485	61
47.8496	60
47.8506	59
47.8517	58
47.9	63
47.9955	66
47.9966	64
47.9976	61
48.0386	64
48.0397	62
48.0407	59
48.0812	62
48.0822	60
48.0833	58
48.1242	61
48.1253	59
48.1263	57
48.1673	60
48.1684	58
48.1694	56
48.1705	55
48.2125	53
48.2136	52
48.2146	51
48.2157	51
48.2577	50
48.2587	49
48.2598	49
48.2608	48
48.3039	48
48.305	47
48.306	47
48.3071	47
48.3522	47
48.3533	48
48.3543	48
48.3554	48
48.4021	54
48.4032	53
48.4042	53
48.4053	53
48.4531	58
48.4542	57
48.4552	57
48.4563	56
48.5051	61
48.6044	60
48.6054	58
48.6537	63
48.6548	61
48.6558	60
48.7047	59
48.7057	58
48.7068	57
48.7562	56
48.7572	56
48.7583	55
48.8071	54
48.8082	54
48.8092	54
48.8591	53
48.8601	53
48.8612	53
48.9069	52
48.9079	51
48.909	51
48.9557	50
48.9568	50
48.9578	50
49.0051	50
49.0062	50
49.0072	50
49.055	50
49.0561	50
49.0571	50
49.1065	50
49.1075	50
49.1086	50
49.1569	50
49.158	50
49.159	50
49.2074	50
49.2084	50
49.2095	50
49.2583	56
49.2594	56
49.2604	55
49.3103	61
49.3113	60
49.3124	59
49.3617	64
49.3628	63
49.3638	61
49.4079	65
49.409	63
49.41	61
49.4542	65
49.4552	63
49.4563	61
49.4999	64
49.5009	62
49.502	60
49.5461	64
49.5471	62
49.5482	60
49.5923	64
49.5934	61
49.5944	60
49.6396	63
49.6407	61
49.6417	60
49.6874	64
49.6885	62
49.6895	60
49.7352	64
49.7363	62
49.7373	61
49.7846	65
49.7856	63
49.7867	61
49.835	66
49.8361	64
49.8371	62
49.886	67
49.887	65
49.8881	63
49.9369	68
49.938	66
49.939	64
49.9889	68
49.99	66
49.991	65
50.0409	69
50.1385	66
50.1396	63
50.1832	61
50.1843	59
50.2279	57
50.2289	55
50.2736	54
50.2746	53
50.3187	52
50.3198	51
50.365	56
50.366	55
50.4117	59
50.4128	58
50.4585	62
50.4595	60
50.5047	64
50.5058	62
50.5509	66
50.552	63
50.553	61
50.5998	60
50.6008	58
50.6019	57
50.6492	56
50.6502	55
50.6513	54
50.6986	54
50.6996	53
50.7007	52
50.749	52
50.75	52
50.7511	52
50.7999	52
50.801	51
50.802	51
50.8524	51
50.8535	52
50.8545	52
50.9034	51
50.9044	51
50.9055	51
50.9538	51
50.9548	51
50.9559	51
51.0032	57
51.0042	56
51.0053	55
51.0536	61
51.0547	59
51.0557	58
51.1051	63
51.1061	62
51.1072	61
51.1576	66
51.2573	64
51.2584	62
51.3062	60
51.3072	59
51.3561	64
51.3571	62
51.4076	67
51.4086	65
51.4595	69
51.4606	67
51.511	72
51.512	69
51.5609	73
51.5619	70
51.6118	74
51.6129	71
51.6638	75
51.6649	72
51.7158	76
51.7169	73
51.8602	75
51.9059	77
51.9537	79
52.0015	81
52.0504	83
52.1003	85
52.1013	81
52.1528	77
52.1538	74
52.2027	71
52.2037	68
52.251	66
52.252	63
52.3004	62
52.3014	60
52.3513	59
52.3524	58
52.4033	57
52.4043	56
52.4557	56
52.5934	59
52.6375	63
52.6816	66
52.7273	69
52.7735	72
52.8214	74
52.8224	71
52.8713	68
52.8723	66
52.9217	64
52.9227	62
52.9737	61
52.9747	60
53.0252	59
53.0262	58
53.0771	57
53.0782	56
53.1223	55
53.1233	54
53.1669	52
53.168	51
53.2079	55
53.209	54
53.2494	57
53.2505	55
53.2909	59
53.292	56
53.3335	60
53.3345	58
53.3771	61
53.3781	59
53.4223	63
53.4233	60
53.468	64
53.469	62
53.5147	65
53.5158	63
53.5609	67
53.562	64
53.6082	68
53.6093	65
53.6571	69
53.6581	67
53.7054	70
53.7065	67
53.7548	71
53.7558	68
53.8052	72
53.8063	69
53.8557	73
53.8567	70
53.9071	74
53.9082	71
53.9586	75
53.9597	72
54.0106	76
54.0116	73
54.0615	77
54.0626	73
54.113	77
54.114	74
54.1613	77
54.1624	73
54.206	76
54.207	72
54.2517	74
54.2527	70
54.2974	73
54.2984	70
54.3431	72
54.3441	69
54.3888	72
54.3898	68
54.4361	71
54.4371	68
54.4839	71
54.4849	68
54.5343	72
54.5353	69
54.5847	73
54.5858	70
54.6362	74
54.6373	71
54.6882	75
54.8205	76
54.8631	78
54.9083	79
54.9534	80
55.0002	82
55.048	83
55.049	79
55.0974	75
55.0984	72
55.1478	69
55.1489	67
55.1988	65
55.1998	63
55.2507	61
55.2518	60
55.3022	59
55.3032	58
55.3542	57
55.3552	57
55.4051	56
55.4062	55
55.4529	60
55.4539	59
55.4965	63
55.4975	60
55.5406	64
55.5417	61
55.5858	65
55.5868	62
55.632	66
55.6331	63
55.6777	67
55.6788	64
55.7245	67
55.7255	65
55.7707	68
55.7717	66
55.8169	69
55.818	66
55.8647	69
55.8658	67
55.9152	70
55.9162	68
55.9666	72
55.9677	70
56.0186	74
56.0196	71
56.0705	75
56.0716	72
56.1189	75
56.1199	72
56.1646	75
56.1656	71
56.2098	73
56.2108	70
56.2555	72
56.2565	69
56.3012	72
56.3022	69
56.3474	71
56.3484	68
56.3952	71
56.3962	68
56.4456	72
56.4467	69
56.4981	73
56.6436	76
56.693	78
56.694	75
56.7439	72
56.745	69
56.7949	67
56.7959	65
56.8453	63
56.8464	61
56.8968	60
56.8979	59
56.9487	58
56.9498	57
56.9944	56
56.9955	54
57.0402	53
57.0412	52
57.0864	51
57.0874	51
57.1331	50
57.1342	50
57.182	49
57.183	49
57.2314	49
57.2324	49
57.2808	55
57.2818	55
57.3296	60
57.3307	59
57.3795	63
57.3806	62
57.4305	67
57.4315	65
57.482	69
57.483	67
57.5339	71
57.6846	75
57.7319	77
57.7812	79
57.8306	82
57.8811	84
57.933	86
57.985	88
58.1872	90
58.235	91
58.2844	92
58.3327	92
58.3821	93
58.4325	94
58.4824	95
58.5344	95
58.5843	96
58.6294	96
58.6725	95
58.7177	94
58.7634	94
58.8107	93
58.8595	94
58.9084	94
58.9572	95
59.0072	95
59.0591	96
59.1085	96
59.1584	97
59.2073	97
59.2572	97
59.3086	98
59.3596	98
59.4111	99
59.4625	99
59.5145	100
59.5617	99
59.6059	98
59.6526	97
59.6988	97
59.7456	96
59.7918	96
59.8386	95
59.8859	95
59.9337	95
59.9825	95
60.0324	96
60.0829	96
60.1322	97
60.1816	97
60.2315	97
60.2814	97
60.3319	98
60.3828	98
60.4348	99
60.4831	99
60.5304	98
60.5782	98
60.627	98
60.6754	98
60.7242	97
60.7731	97
60.823	97
60.8745	98
60.9264	99
61.0687	98
61.1171	97
61.168	97
61.2195	98
61.2715	99
61.3208	99
61.3681	98
61.4164	98
61.4175	92
61.4653	86
61.4663	82
61.5147	78
61.5157	74
61.5646	71
61.5656	68
61.614	66
61.615	64
61.6659	62
61.667	61
61.7158	59
61.7168	58
61.7631	57
61.7641	56
61.8098	54
61.8109	53
61.8561	52
61.8571	52
61.9028	51
61.9039	50
61.949	50
61.9501	49
61.9963	49
61.9974	49
62.0426	48
62.0436	48
62.0898	48
62.0909	48
62.1382	48
62.1392	48
62.187	48
62.1881	48
62.2375	48
62.2385	48
62.2884	49
62.2895	49
62.3388	49
62.3399	49
62.3898	49
62.3908	49
62.4413	50
62.4423	50
62.4932	50
62.4943	50
62.5452	50
62.5462	51
62.5951	50
62.5961	50
62.6455	50
62.6466	50
62.6949	50
62.6959	50
62.7448	50
62.7458	50
62.7952	56
62.7963	55
62.8462	61
62.8472	60
62.8982	65
62.8992	64
63.0531	62
63.1045	67
63.1523	71
63.2011	74
63.25	77
63.2989	79
63.2999	76
63.3498	72
63.3509	70
63.4008	67
63.4018	65
63.4527	64
63.4537	62
63.5031	61
63.5042	59
63.552	58
63.553	57
63.6019	56
63.6029	55
63.6534	54
63.6544	54
63.7053	60
63.7064	59
63.7515	64
63.7526	62
63.7951	65
63.7962	63
63.8408	66
63.8419	63
63.886	66
63.8871	64
63.9323	67
63.9333	65
63.979	68
63.9801	65
64.0273	69
64.0284	66
64.0762	70
64.0772	67
64.1266	71
64.1277	69
64.1781	73
64.1792	70
64.2301	74
64.479	77
64.5263	79
64.5741	81
64.6229	83
64.6733	85
64.7227	87
64.7238	82
64.7742	78
64.7753	75
64.8267	72
64.8277	69
64.8771	67
64.8782	65
64.9244	63
64.9254	61
64.968	58
64.969	56
65.0126	55
65.0137	54
65.0578	52
65.0589	52
65.104	56
65.1051	55
65.1513	60
65.1524	58
65.1991	63
65.2002	61
65.2485	65
65.2496	63
65.2989	68
65.3	65
65.3509	70
65.352	68
65.4019	72
65.4029	69
65.4518	73
65.4528	70
65.5001	74
65.5011	71
65.549	74
65.55	71
65.5999	74
65.601	71
65.6509	75
65.6519	72
65.7013	75
65.7024	72
65.7517	76
65.7528	73
65.8037	76
65.8048	73
65.8551	77
65.8562	74
65.9055	77
65.9066	74
65.9544	77
65.9554	73
66.0022	76
66.0032	73
66.0526	76
66.0537	73
66.1051	76
66.259	79
66.3105	82
66.3609	84
66.4108	86
66.4623	88
66.5142	90
66.5662	92
66.7038	91
66.7479	91
66.7936	91
66.8388	91
66.885	91
66.9328	91
66.9817	92
67.0326	93
67.0846	94
67.1355	95
67.1802	95
67.2248	94
67.2711	94
67.3184	94
67.3656	94
67.4134	94
67.4618	94
67.5101	94
67.5595	95
67.612	95
67.8163	96
67.8672	97
67.9187	98
67.9649	98
68.0132	97
68.0631	97
68.1136	98
68.1635	98
68.2154	98
68.2674	99
68.4045	98
68.4481	96
68.4917	95
68.5353	94
68.5794	93
68.6262	93
68.675	93
68.7254	94
68.7764	95
68.7775	89
68.8279	84
68.8289	80
68.8794	77
68.8804	73
68.9314	71
68.9324	68
68.9807	66
68.9817	64
69.0269	61
69.028	59
69.0721	58
69.0731	56
69.1178	55
69.1188	53
69.164	53
69.1651	52
69.2124	51
69.2134	51
69.2623	51
69.2633	50
69.3116	50
69.3127	50
69.3615	50
69.3626	50
69.412	50
69.413	50
69.4619	50
69.4629	50
69.5134	50
69.5144	50
69.5649	50
69.5659	50
69.6174	50
69.6184	51
69.6667	50
69.6677	50
69.715	50
69.7161	50
69.7602	49
69.7613	49
69.8075	48
69.8085	48
69.8542	48
69.8553	48
69.901	47
69.902	47
69.9483	47
69.9493	47
69.9961	47
69.9971	47
70.0449	47
70.046	47
70.0943	48
70.0954	48
70.1442	48
70.1453	48
70.1952	49
70.1962	49
70.2471	49
70.2482	49
70.2986	50
70.2997	50
70.3485	50
70.3496	50
70.3984	50
70.3995	50
70.4489	50
70.4499	50
70.5003	50
70.5014	50
70.5523	50
70.5534	50
70.6038	50
70.6048	50
70.6495	50
70.6505	49
70.6957	49
70.6967	48
70.7414	48
70.7424	48
70.7866	47
70.7876	47
70.8328	47
70.8339	47
70.8806	47
70.8817	47
70.93	47
70.931	47
70.9799	48
70.9809	48
71.0309	48
71.0319	48
71.0834	49
71.0844	49
71.1348	49
71.1358	50
71.1868	50
71.1878	50
71.2335	50
71.2346	49
71.2818	49
71.2829	49
71.3317	49
71.3328	49
71.3822	49
71.3832	49
71.4342	50
71.4352	50
71.4851	50
71.4861	50
71.536	56
71.5371	56
71.5849	61
71.5859	59
71.6342	64
71.6353	62
71.6841	67
71.6852	65
71.7351	69
71.7362	67
71.7871	71
71.9247	73
71.9704	76
72.0166	78
72.0628	79
72.1101	81
72.1112	77
72.1605	74
72.1616	71
72.212	68
72.2131	66
72.264	64
72.265	63
72.3133	61
72.3144	59
72.3611	58
72.3622	57
72.4068	61
72.4079	59
72.4531	63
72.4541	61
72.4993	65
72.5003	63
72.5471	66
72.5481	64
72.5944	68
72.5954	65
72.6427	69
72.6438	66
72.6931	70
72.6942	68
72.6952	66
72.7462	64
72.8469	62
72.8942	66
72.8953	64
72.9404	62
72.9415	60
72.9877	58
72.9888	57
73.034	55
73.035	54
73.0807	53
73.0818	52
73.128	51
73.129	51
73.1753	51
73.1763	50
73.2241	50
73.2252	50
73.2735	50
73.2746	50
73.3239	56
73.325	55
73.3749	60
73.3759	59
73.4264	65
73.4274	63
73.4783	68
73.4794	66
73.5298	71
73.5308	68
73.5771	72
73.5781	69
73.6254	72
73.6265	69
73.6275	67
73.6758	64
73.6769	63
73.6779	61
73.7273	60
73.7284	59
73.7294	58
73.7783	57
73.7793	56
73.7804	55
73.8287	55
73.8297	54
73.8308	53
73.8781	53
73.8791	53
73.8802	52
73.928	52
73.929	51
73.9301	51
73.9784	51
73.9795	51
73.9805	51
74.0288	51
74.0299	50
74.0309	50
74.0798	50
74.0808	50
74.0819	50
74.1313	51
74.1323	51
74.1334	51
74.1833	51
74.1843	51
74.1854	51
74.2352	51
74.2363	51
74.2373	51
74.2814	50
74.2825	50
74.2835	49
74.3266	49
74.3277	48
74.3287	48
74.3723	47
74.3734	47
74.3744	47
74.4196	47
74.4206	47
74.4217	47
74.4679	47
74.469	47
74.47	47
74.5168	47
74.5178	47
74.5189	47
74.5662	48
74.5672	48
74.5683	48
74.6166	48
74.6176	48
74.6187	49
74.6686	49
74.6696	49
74.6707	50
74.7179	49
74.719	49
74.72	49
74.7647	49
74.7657	49
74.7668	48
74.8114	48
74.8125	48
74.8135	48
74.8592	48
74.8603	48
74.8613	48
74.9081	48
74.9091	48
74.9102	48
74.9575	48
74.9585	48
74.9596	48
75.0074	48
75.0084	48
75.0095	49
75.0568	49
75.0578	49
75.0589	49
75.1082	49
75.1093	49
75.1103	50
75.1602	50
75.1612	50
75.1623	50
75.2111	50
75.2122	50
75.2132	50
75.2531	49
75.2542	48
75.2552	47
75.2973	47
75.2983	46
75.2994	46
75.3393	46
75.3403	45
75.3414	45
75.3824	44
75.3834	44
75.3845	44
75.4249	44
75.426	43
75.427	43
75.4669	43
75.468	43
75.469	43
75.5111	43
75.5121	43
75.5132	43
75.5589	44
75.5599	44
75.561	44
75.6088	45
75.6098	45
75.6109	46
75.6587	46
75.6597	47
75.6608	47
75.7091	48
75.7102	48
75.7112	48
75.7606	49
75.7617	49
75.7627	49
75.812	49
75.8131	50
75.8141	50
75.864	50
75.8651	50
75.8661	50
75.9123	50
75.9134	50
75.9144	49
75.957	49
75.958	48
75.9591	48
76.0027	47
76.0037	47
76.0048	47
76.0499	47
76.051	47
76.052	47
76.0972	47
76.0983	47
76.0993	47
76.1456	47
76.1466	47
76.1477	47
76.1939	47
76.1949	47
76.196	47
76.2422	47
76.2433	48
76.2443	48
76.2921	48
76.2932	48
76.2942	48
76.3436	49
76.3447	49
76.3457	49
76.3945	56
76.3956	55
76.3966	55
76.4434	60
76.4444	59
76.4455	57
76.4938	62
76.4948	61
76.4959	60
76.5453	65
76.5463	63
76.5474	62
76.5957	66
76.5968	64
76.5978	63
76.6467	67
76.6477	65
76.6488	64
76.6971	68
76.6982	66
76.6992	64
76.7003	63
76.7496	61
76.7506	60
76.7517	59
76.7527	58
76.801	57
76.8021	56
76.8031	56
76.8042	55
76.8488	54
76.8499	53
76.851	52
76.852	52
76.8972	51
76.8982	51
76.8993	51
76.9003	50
76.9455	50
76.9466	50
76.9476	50
76.9487	49
76.9938	55
76.9949	54
76.9959	53
76.997	53
77.0422	58
77.0432	57
77.0443	56
77.0453	55
77.0916	60
77.0926	59
77.0937	58
77.0947	57
77.142	61
77.143	60
77.1441	59
77.1451	58
77.1462	57
77.1935	57
77.1945	56
77.1956	55
77.1966	55
77.1977	54
77.2455	54
77.2465	53
77.2476	53
77.2486	53
77.2497	53
77.2969	53
77.2979	52
77.299	52
77.3	52
77.3011	52
77.3478	58
77.3489	57
77.3499	56
77.351	56
77.352	55
77.3988	60
77.3998	59
77.4009	58
77.4019	57
77.403	57
77.4503	62
77.4518	61
77.5547	59
77.6015	64
77.6025	62
77.6036	60
77.6046	59
77.6514	58
77.6524	57
77.6535	56
77.6545	55
77.7013	54
77.7023	54
77.7034	53
77.7044	53
77.7517	52
77.7528	52
77.7538	52
77.7549	52
77.8022	57
77.8032	57
77.8043	56
77.8053	56
77.8526	61
77.8536	59
77.8547	58
77.8557	57
77.9041	63
77.9051	61
77.9062	60
77.9072	59
77.9556	64
77.9571	63
78.0585	61
78.0595	60
78.0606	58
78.1084	57
78.1094	56
78.1105	55
78.1583	55
78.1593	54
78.1604	53
78.2092	53
78.2103	53
78.2113	53
78.2612	59
78.2623	58
78.2633	57
78.4093	56
78.4103	54
78.456	53
78.4571	53
78.5028	52
78.5038	51
78.5506	50
78.5516	50
78.5989	50
78.6	49
78.6478	49
78.6488	49
78.6971	49
78.6982	49
78.7471	49
78.7481	49
78.798	56
78.799	55
78.8484	61
78.8494	60
78.8999	65
78.9009	63
78.9498	67
78.9508	65
78.9992	69
79.0002	67
79.0501	71
79.0512	69
79.1016	73
79.1027	70
79.1535	74
79.1546	71
79.205	75
79.2061	72
79.2539	76
79.2549	72
79.3027	75
79.3038	72
79.3526	75
79.3537	72
79.4041	76
79.4051	73
79.4555	76
79.4566	73
79.5075	77
79.5085	74
79.5548	77
79.5558	73
79.6015	75
79.6026	72
79.6483	75
79.6493	71
79.6977	74
79.6987	71
79.747	74
79.7481	71
79.7964	75
79.7975	71
79.8463	75
79.8474	72
79.8968	75
79.8978	72
79.9467	75
79.9477	72
79.9981	76
79.9992	73
80.0501	77
80.0511	74
80.0963	76
80.0974	73
80.1425	75
80.1436	71
80.1882	74
80.1893	70
80.235	73
80.236	70
80.2823	73
80.2833	70
80.3301	73
80.3311	70
80.3789	73
80.38	70
80.4299	73
80.4309	70
80.4819	74
80.4829	72
80.5312	75
80.5322	72
80.5806	75
80.5816	72
80.6284	75
80.6294	72
80.6762	75
80.6772	71
80.7261	74
80.7271	71
80.776	75
80.777	72
80.8264	75
80.8275	72
80.8784	76
80.8795	73
81.0785	76
81.1263	78
81.1762	81
81.2271	83
81.2791	86
81.3279	87
81.329	82
81.3773	78
81.3784	75
81.4288	72
81.4299	69
81.4808	67
81.4818	65
81.5322	63
81.5332	62
81.5763	59
81.5774	57
81.6205	56
81.6215	54
81.6646	53
81.6656	52
81.7092	56
81.7103	55
81.756	59
81.757	58
81.8033	62
81.8043	60
81.8505	64
81.8516	62
81.8978	66
81.8989	64
81.9462	68
81.9472	65
81.9966	69
81.9976	67
82.0481	71
82.0491	69
82.1001	73
82.1011	70
82.1515	74
82.1526	72
82.2035	75
82.2045	72
82.2508	76
82.2518	72
82.2954	74
82.2965	71
82.3401	73
82.3411	70
82.3858	72
82.3868	69
82.4325	71
82.4336	68
82.4793	71
82.4803	68
82.5266	71
82.5276	68
82.5744	72
82.5754	69
82.6227	72
82.6237	69
82.6721	72
82.6731	70
82.7215	73
82.7225	70
82.7703	73
82.7714	70
82.8186	74
82.8197	70
82.867	73
82.868	70
82.9158	74
82.9169	71
82.9647	74
82.9657	71
83.0146	74
83.0156	71
83.0661	75
83.0671	72
83.118	76
83.1191	73
83.17	76
83.171	73
83.2178	76
83.2188	73
83.2661	76
83.2671	72
83.3144	75
83.3155	72
83.3622	75
83.3633	71
83.4116	74
83.4127	71
83.461	74
83.462	71
83.5104	75
83.5114	72
83.5608	75
83.5619	72
83.6128	75
83.6138	73
83.6648	76
83.6658	73
83.7157	77
83.7167	74
83.7645	77
83.7656	73
83.8139	76
83.8149	73
83.8638	76
83.8649	73
83.9142	76
83.9153	73
83.9636	76
83.9647	73
84.0151	76
84.0161	73
84.0671	77
84.0681	74
84.119	77
84.2651	80
84.3129	82
84.3139	77
84.3643	74
84.3654	71
84.4153	69
84.4164	67
84.4673	65
84.4683	63
84.5187	61
84.5198	60
84.5692	59
84.5702	58
84.6196	57
84.6206	56
84.67	55
84.6711	55
84.721	54
84.722	54
84.773	53
84.774	53
84.8244	53
84.8255	53
84.8764	52
85.0303	59
85.0791	64
85.1243	68
85.1705	70
85.2167	73
85.2635	76
85.2645	72
85.3123	69
85.3134	67
85.3628	64
85.3638	63
85.4132	61
85.4142	60
85.4647	59
85.4657	58
85.5172	57
85.5182	56
85.5691	56
85.5702	55
85.618	54
85.619	54
85.6663	59
85.6673	58
85.7152	62
85.7162	61
85.7635	65
85.7645	63
85.8134	67
85.8144	65
85.8638	69
85.8649	67
85.9153	71
85.9164	69
85.9673	73
85.9683	70
86.0176	74
86.0187	71
86.0655	74
86.0665	71
86.1133	74
86.1143	71
86.1626	74
86.1637	71
86.2141	74
86.2152	72
86.2656	75
86.2666	72
86.316	76
86.317	73
86.3675	76
86.3685	73
86.4189	77
86.42	74
86.4699	77
86.4709	74
86.5208	77
86.5219	74
86.5713	77
86.5723	74
86.6222	77
86.6233	74
86.6742	78
86.826	80
86.8743	82
86.8753	78
86.9247	74
86.9258	71
86.9757	69
86.9767	66
87.0277	65
87.0287	63
87.0775	61
87.0786	60
87.128	59
87.129	58
87.1789	57
87.18	56
87.2304	55
87.2315	55
87.2829	54
87.3338	60
87.4882	66
87.5381	70
87.5806	73
87.6227	74
87.6647	75
87.7083	77
87.7519	78
87.7966	79
87.8417	80
87.8869	81
87.9331	83
87.9794	84
88.0266	85
88.0766	86
88.1265	88
88.1769	89
88.2273	91
88.2783	92
88.3302	93
88.5225	94
88.5719	94
88.6218	95
88.6727	96
88.7242	96
88.7757	97
88.8261	98
88.8749	98
88.9248	98
88.9768	98
89.0288	99
89.0787	99
89.1286	99
89.1801	100
89.2315	100
89.2834	100
89.3328	100
89.3796	100
89.4253	99
89.472	98
89.5214	98
89.5724	98
89.6238	98
89.6758	99
89.7278	99
89.9116	98
89.9594	98
90.0088	98
90.0613	98
90.2619	98
90.3102	98
90.3591	98
90.4085	98
90.46	98
90.5119	99
90.5633	99
90.6106	99
90.6579	98
90.7041	98
90.7509	97
90.7992	97
90.8465	97
90.8943	96
90.9426	96
90.9925	96
91.0435	97
91.095	98
91.147	98
91.5062	99
91.7021	98
91.7504	98
91.7987	98
91.847	98
91.8959	97
91.9469	98
91.9988	98
92.0456	98
92.0929	98
92.1401	97
92.1879	97
92.2368	97
92.2862	97
92.335	97
92.3844	97
92.4348	97
92.4853	98
92.5362	98
92.5877	99
92.6402	99
92.8109	97
92.855	96
92.9007	95
92.9475	95
92.9958	95
93.0442	95
93.0935	95
93.1434	96
93.1939	96
93.2454	97
93.2978	98
93.4911	97
93.5389	97
93.5883	97
93.6387	97
93.6907	98
94.0457	98
94.0935	98
94.0945	92
94.1429	86
94.1439	82
94.1933	78
94.1944	74
94.2453	71
94.2463	69
94.2931	66
94.2941	64
94.3414	62
94.3424	60
94.3887	58
94.3897	57
94.4375	56
94.4386	55
94.4874	54
94.4885	54
94.5379	53
94.5389	53
94.5893	53
94.5904	52
94.6408	52
94.6418	52
94.6933	52
94.6943	52
94.7405	51
94.7416	51
94.7862	50
94.7873	50
94.8309	49
94.8319	48
94.8766	48
94.8776	48
94.9233	47
94.9244	47
94.9711	47
94.9722	47
95.0195	47
95.0205	47
95.0688	48
95.0699	48
95.1193	48
95.1203	48
95.1708	49
95.1718	49
95.2222	49
95.2232	49
95.2726	49
95.2736	49
95.3194	49
95.3204	49
95.3677	49
95.3687	48
95.4171	49
95.4181	49
95.4664	49
95.4675	49
95.5174	49
95.5185	49
95.5694	49
95.5704	50
95.6192	50
95.6203	50
95.6676	49
95.6686	49
95.7143	49
95.7154	49
95.7621	48
95.7632	48
95.811	48
95.812	48
95.8604	48
95.8614	48
95.9119	49
95.9129	49
95.9643	49
95.9654	50
96.0158	50
96.0168	50
96.0614	49
96.0625	49
96.1087	49
96.1098	48
96.1544	48
96.1555	48
96.2012	48
96.2022	47
96.2464	47
96.2474	47
96.2921	47
96.2931	46
96.3388	46
96.3399	46
96.3872	46
96.3882	47
96.4365	47
96.4376	47
96.4875	48
96.4885	48
96.539	48
96.54	49
96.5909	49
96.592	49
96.6382	49
96.6392	49
96.6855	49
96.6865	48
96.7333	48
96.7343	48
96.7806	48
96.7816	48
96.8284	48
96.8294	48
96.8762	48
96.8772	48
96.9255	48
96.9266	48
96.976	48
96.977	48
97.0269	49
97.028	49
97.0784	49
97.0795	49
97.1304	50
97.1314	50
97.1818	56
97.1828	56
97.2312	61
97.2322	60
97.2821	65
97.2832	63
97.3336	68
97.3352	66
97.4864	70
97.5347	73
97.5836	76
97.6345	79
97.6855	82
97.6865	78
97.7375	75
97.7385	72
97.7894	69
97.7905	67
97.8393	65
97.8404	63
97.8882	61
97.8892	60
97.9349	58
97.936	56
97.9811	61
97.9822	59
98.0279	63
98.0289	61
98.0747	65
98.0757	63
98.1225	67
98.1235	64
98.1718	68
98.1729	66
98.2233	70
98.2244	68
98.2748	72
98.2764	70
98.4265	73
98.4759	76
98.477	73
98.5258	70
98.5269	67
98.5752	65
98.5762	63
98.6256	61
98.6267	60
98.6761	59
98.6771	58
98.7275	57
98.7286	56
98.779	55
98.7801	55
98.831	54
98.832	54
98.8809	53
98.8819	53
98.9318	59
98.9329	58
98.9812	63
98.9823	62
99.0311	66
99.0322	64
99.0831	69
99.0841	67
99.1335	71
99.1345	68
99.1855	72
99.4323	76
99.4838	79
99.5357	82
99.5866	84
99.6339	86
99.635	81
99.6843	77
99.6854	74
99.7343	71
99.7353	68
99.7862	66
99.7873	64
99.8382	63
99.8392	61
99.8881	60
99.8891	59
99.938	64
99.939	62
99.9879	66
99.9889	64
100.04	69
100.041	67
100.092	71
100.218	73
100.262	74
100.306	76
100.352	78
100.399	79
100.446	81
100.494	83
100.543	84
100.591	86
100.592	81
100.642	78
100.643	74
100.693	71
100.694	68
100.744	66
100.745	64
100.796	63
100.797	61
100.848	60
100.849	59
100.895	57
100.897	56
100.944	55
100.945	54
100.995	54
100.996	53
101.045	53
101.046	53
101.096	52
101.097	52
101.148	52
101.149	52
101.2	52
101.201	52
101.246	51
101.247	50
101.291	50
101.292	49
101.337	49
101.338	48
101.382	48
101.383	47
101.428	47
101.429	47
101.476	47
101.477	47
101.524	47
101.525	47
101.571	47
101.572	47
101.619	47
101.62	47
101.668	47
101.669	48
101.719	48
101.72	48
101.771	48
101.772	49
101.823	49
101.824	49
101.874	50
101.875	50
101.926	50
101.927	50
101.974	50
101.975	49
102.023	49
102.024	49
102.072	49
102.073	49
102.121	49
102.122	49
102.171	49
102.172	49
102.22	49
102.221	49
102.27	49
102.271	49
102.32	49
102.321	49
102.37	49
102.371	49
102.421	49
102.422	50
102.472	50
102.473	50
102.523	50
102.524	50
102.573	50
102.574	50
102.624	50
102.625	50
102.676	50
102.677	50
102.727	50
102.728	50
102.779	51
102.78	51
102.826	50
102.827	50
102.875	49
102.876	49
102.923	49
102.924	49
102.973	49
102.974	49
103.022	49
103.023	49
103.07	49
103.071	49
103.119	49
103.12	49
103.168	49
103.169	48
103.217	49
103.218	49
103.267	49
103.268	49
103.318	55
103.319	55
103.37	60
103.371	59
103.418	64
103.419	63
103.468	67
103.469	65
103.518	69
103.519	66
103.566	70
103.568	68
103.617	71
103.618	69
103.619	67
103.67	65
103.771	63
103.82	67
103.821	65
103.871	63
103.872	61
103.923	60
103.924	59
103.974	58
103.976	57
104.022	56
104.023	55
104.066	53
104.067	52
104.11	51
104.111	50
104.155	50
104.156	49
104.202	49
104.204	49
104.252	54
104.253	54
104.303	59
104.304	58
104.353	64
104.354	62
104.405	67
104.406	65
104.457	70
104.602	73
104.649	75
104.698	78
104.747	80
104.796	83
104.845	85
104.897	86
104.949	89
105.136	83
105.183	84
105.229	85
105.276	86
105.323	87
105.374	88
105.425	90
105.477	92
105.529	93
105.719	94
105.768	94
105.818	95
105.868	95
105.917	95
105.967	96
106.019	97
106.071	97
106.123	98
106.269	98
106.319	98
106.37	98
106.422	99
106.621	98
106.669	92
106.716	86
106.765	82
106.815	77
106.864	80
106.916	83
106.966	85
107.018	87
107.069	89
107.12	91
107.169	92
107.218	92
107.268	93
107.317	94
107.367	95
107.418	95
107.469	96
107.521	97
107.567	97
107.615	96
107.662	96
107.711	96
107.762	97
107.813	97
107.864	98
107.915	98
107.967	99
108.013	98
108.056	97
108.1	96
108.143	95
108.187	94
108.233	93
108.281	93
108.331	94
108.332	88
108.383	84
108.433	86
108.567	86
108.612	87
108.659	87
108.706	88
108.754	89
108.801	89
108.85	90
108.9	91
108.901	86
108.952	82
108.953	78
109.004	75
109.005	72
109.055	69
109.056	67
109.105	65
109.106	63
109.155	61
109.156	60
109.205	59
109.207	57
109.256	57
109.257	56
109.308	55
109.309	55
109.359	54
109.36	54
109.411	54
109.412	53
109.463	53
109.464	53
109.513	52
109.514	52
109.562	52
109.563	51
109.612	51
109.613	51
109.663	51
109.664	51
109.714	51
109.716	51
109.766	51
109.767	51
109.817	51
109.818	51
109.869	51
109.87	51
109.92	51
109.921	51
109.972	51
109.973	51
110.021	51
110.022	50
110.067	50
110.068	49
110.114	49
110.115	48
110.16	48
110.161	48
110.207	48
110.208	48
110.254	48
110.255	47
110.302	47
110.303	47
110.351	47
110.352	48
110.4	48
110.401	48
110.45	48
110.451	48
110.5	48
110.501	48
110.551	49
110.552	49
110.602	49
110.603	49
110.652	49
110.653	50
110.704	50
110.705	50
110.756	50
110.757	50
110.808	50
110.809	50
110.854	50
110.855	50
110.901	49
110.902	49
110.948	49
110.949	48
110.995	48
110.996	48
111.042	47
111.043	47
111.091	48
111.092	48
111.141	48
111.142	48
111.192	48
111.193	49
111.244	49
111.245	49
111.294	49
111.295	49
111.342	49
111.343	49
111.389	49
111.39	48
111.437	48
111.438	48
111.488	48
111.489	49
111.539	49
111.54	49
111.591	50
111.592	50
111.642	50
111.643	50
111.687	55
111.688	54
111.736	59
111.737	58
111.783	62
111.784	60
111.831	65
111.832	63
111.879	67
111.88	64
111.928	68
111.929	66
111.98	70
111.981	68
112.124	71
112.172	74
112.173	71
112.221	68
112.222	66
112.272	64
112.274	62
112.325	61
112.376	66
112.511	69
112.557	71
112.603	74
112.651	76
112.698	78
112.747	81
112.797	83
112.848	85
112.898	87
112.95	89
113.001	91
113.052	92
113.101	93
113.149	93
113.195	93
113.242	93
113.289	93
113.337	93
113.387	94
113.436	94
113.486	95
113.537	96
113.589	96
113.64	97
113.69	98
113.74	98
113.79	98
113.841	98
113.892	99
113.944	99
113.993	99
114.04	99
114.089	99
114.138	99
114.188	99
114.239	99
114.291	99
114.493	99
114.542	99
114.592	99
114.643	99
114.694	99
114.747	100
114.938	99
114.985	98
115.033	97
115.081	97
115.13	97
115.179	97
115.229	97
115.278	97
115.329	98
115.38	98
115.431	99
115.482	99
115.534	100
115.58	99
115.625	98
115.67	97
115.715	96
115.762	95
115.808	95
115.856	95
115.903	95
115.953	95
116.005	96
116.356	96
116.408	97
116.458	98
116.507	98
116.556	98
116.605	98
116.657	98
116.709	99
116.894	98
116.942	98
116.984	97
117.024	95
117.065	93
117.106	91
117.148	90
117.19	89
117.233	89
117.275	88
117.317	88
117.359	87
117.404	87
117.448	87
117.492	87
117.537	88
117.582	88
117.627	88
117.674	88
117.72	89
117.768	89
117.815	90
117.864	91
117.913	92
117.963	93
118.013	93
118.064	94
118.116	95
118.168	96
118.217	97
118.264	97
118.311	96
118.359	96
118.408	96
118.458	96
118.508	97
118.559	97
118.611	98
118.658	98
118.704	97
118.748	96
118.789	95
118.831	93
118.872	92
118.913	91
118.955	90
118.996	89
119.039	88
119.04	82
119.084	78
119.085	74
119.129	70
119.13	67
119.171	64
119.172	61
119.213	58
119.214	56
119.255	54
119.256	53
119.296	51
119.297	50
119.334	48
119.335	47
119.37	46
119.371	44
119.405	43
119.406	42
119.441	41
119.442	40
119.477	40
119.478	39
119.513	39
119.514	38
119.549	38
119.55	38
119.584	37
119.585	37
119.62	37
119.621	37
119.655	36
119.656	36
119.691	36
119.692	36
119.726	36
119.727	36
119.762	36
119.763	35
119.798	35
119.799	35
119.833	35
119.834	35
119.868	35
119.869	35
119.904	35
119.905	35
119.939	35
119.94	35
119.974	39
119.975	39
120.008	43
120.009	42
120.043	45
120.044	44
120.078	47
120.079	45
120.115	48
120.116	47
120.151	50
120.152	48
120.186	51
120.187	49
120.188	47
120.222	46
120.223	45
120.224	43
120.257	42
120.258	41
120.259	41
120.293	40
120.294	39
120.295	39
120.329	38
120.33	38
120.331	38
120.364	37
120.365	37
120.366	37
120.399	41
120.4	40
120.401	39
120.434	43
120.435	42
120.437	42
120.47	45
120.471	44
120.472	43
120.506	46
120.507	45
120.508	44
120.541	47
120.542	45
120.543	44
120.544	43
120.577	42
120.578	41
120.579	41
120.58	40
120.612	40
120.614	39
120.615	38
120.616	38
120.648	37
120.649	37
120.65	37
120.651	36
120.683	36
120.684	36
120.685	36
120.686	36
120.718	40
120.719	40
120.72	39
120.721	39
120.754	42
120.755	41
120.756	41
120.757	40
120.789	43
120.79	42
120.791	42
120.792	41
120.824	44
120.825	43
120.826	42
120.827	42
120.828	41
120.86	40
120.861	40
120.862	39
120.863	39
120.864	38
120.896	38
120.897	37
120.898	37
120.899	37
120.9	37
120.931	37
120.932	37
120.933	37
120.934	36
120.935	36
120.966	40
120.967	39
120.968	39
120.969	38
120.97	38
121.001	41
121.002	41
121.003	40
121.004	40
121.006	39
121.037	42
121.038	42
121.039	41
121.04	40
121.041	40
121.042	39
121.072	39
121.073	38
121.075	38
121.076	38
121.077	37
121.078	37
121.108	37
121.109	36
121.11	36
121.111	36
121.112	36
121.113	36
121.143	36
121.144	36
121.145	36
121.146	36
121.147	36
121.148	36
121.178	40
121.179	39
121.18	38
121.181	38
121.182	37
121.183	37
121.213	41
121.214	40
121.215	39
121.216	39
121.217	38
121.218	38
121.247	41
121.248	41
121.249	40
121.25	39
121.252	39
121.253	38
121.254	38
121.283	38
121.284	37
121.285	37
121.286	37
121.287	36
121.288	36
121.289	36
121.318	36
121.319	36
121.32	36
121.321	36
121.322	36
121.323	36
121.324	36
121.353	40
121.354	39
121.355	39
121.356	38
121.357	38
121.358	37
121.359	37
121.387	40
121.389	40
121.39	39
121.391	39
121.392	38
121.393	38
121.394	38
121.422	41
121.423	40
121.424	39
121.425	39
121.426	39
121.428	38
121.429	38
121.43	38
121.458	37
121.459	37
121.46	37
121.461	36
121.462	36
121.463	36
121.464	36
121.465	36
121.493	35
121.494	35
121.495	35
121.496	36
121.497	36
121.498	36
121.499	36
121.5	36
121.528	39
121.529	39
121.53	38
121.531	38
121.532	38
121.533	37
121.534	37
121.535	37
121.562	40
121.563	39
121.565	39
121.566	38
121.567	38
121.568	38
121.569	37
121.57	37
121.571	37
121.598	37
121.798	61
121.833	58
