10.0341	34
10.0699	34
10.1057	38
10.3175	38
10.3523	42
10.3871	45
10.4219	48
10.4229	47
10.4572	45
10.4582	44
10.4925	43
10.4935	42
10.5282	41
10.5292	40
10.5676	45
10.5686	44
10.6064	48
10.6075	47
10.6422	50
10.6432	49
10.6443	47
10.6826	46
10.6837	45
10.6847	45
10.7294	45
10.7304	45
10.7315	45
10.7798	46
10.7809	46
10.7819	47
10.8302	47
10.8313	48
10.8323	48
10.8816	55
10.8827	54
10.8837	54
10.9226	58
10.9237	56
10.9247	54
10.9589	57
10.9599	54
10.961	52
10.962	50
10.9972	49
10.9983	48
10.9993	46
11.0004	45
11.0366	44
11.0377	44
11.0387	43
11.0398	42
11.0771	42
11.0781	42
11.0792	42
11.0802	42
11.118	42
11.1191	41
11.1201	41
11.1212	41
11.1601	41
11.1611	41
11.1622	42
11.1632	42
11.2058	47
11.2068	47
11.2079	47
11.2089	46
11.2525	52
11.2536	51
11.2546	51
11.2557	50
11.304	56
11.3051	56
11.3061	55
11.3072	55
11.3518	60
11.3529	58
11.3539	57
11.355	56
11.3991	60
11.4002	59
11.4012	58
11.4023	56
11.4469	61
11.448	59
11.449	58
11.4501	57
11.4511	56
11.4979	55
11.4989	54
11.5	54
11.501	53
11.5021	53
11.5504	53
11.5514	53
11.5525	53
11.5535	53
11.5546	53
11.5997	52
11.6008	52
11.6018	51
11.6029	51
11.6039	51
11.6459	50
11.647	49
11.648	49
11.6491	49
11.6501	48
11.6901	48
11.6911	48
11.6922	47
11.6932	47
11.6943	46
11.7347	46
11.7358	46
11.7368	45
11.7379	45
11.7389	45
11.7794	45
11.7804	45
11.7815	45
11.7825	45
11.7836	45
11.8251	50
11.8261	50
11.8272	49
11.8282	49
11.8293	49
11.8692	53
11.8702	52
11.8713	51
11.8724	50
11.8734	50
11.9139	54
11.9149	53
11.916	52
11.917	51
11.9181	50
11.9596	55
11.9606	54
11.9617	53
11.9627	52
11.9638	51
12.0074	56
12.0084	55
12.0095	54
12.0105	53
12.0116	53
12.0557	58
12.0567	56
12.0578	55
12.0588	55
12.0599	54
12.1045	59
12.1056	58
12.1066	57
12.1077	56
12.1087	55
12.1539	60
12.155	58
12.156	57
12.1571	57
12.1581	56
12.2033	61
12.2044	59
12.2054	58
12.2065	57
12.2075	56
12.2532	61
12.2543	60
12.2553	59
12.2564	58
12.2574	57
12.3031	62
12.3042	60
12.3052	59
12.3063	58
12.3073	57
12.3551	62
12.4533	66
12.4544	64
12.4554	62
12.5006	65
12.5016	63
12.5027	61
12.5479	65
12.5489	63
12.55	61
12.5957	65
12.5967	63
12.5978	61
12.5988	59
12.6451	58
12.6461	57
12.6472	56
12.6482	55
12.6944	54
12.6955	54
12.6965	53
12.6976	53
12.7444	52
12.7454	52
12.7465	52
12.7475	51
12.7948	51
12.7958	51
12.7969	51
12.7979	51
12.8452	57
12.8463	56
12.8473	55
12.8484	55
12.8956	60
12.8967	59
12.8977	58
12.8988	57
12.9461	62
12.9471	61
12.9482	60
12.9492	59
12.9965	63
12.9976	62
12.9986	60
12.9997	59
13.0469	64
13.048	62
13.049	61
13.0501	60
13.0511	59
13.099	58
13.1	57
13.1011	56
13.1021	56
13.1032	55
13.1504	55
13.1514	54
13.1525	54
13.1535	53
13.1546	53
13.1998	52
13.2008	52
13.2019	52
13.2029	51
13.204	51
13.2486	51
13.2497	50
13.2507	50
13.2518	50
13.2528	50
13.2975	50
13.2985	49
13.2996	49
13.3006	49
13.3017	49
13.3458	49
13.3469	49
13.3479	49
13.349	48
13.35	48
13.3947	48
13.3957	49
13.3968	49
13.3978	49
13.3989	49
13.444	54
13.4451	54
13.4461	54
13.4472	53
13.4482	53
13.4934	58
13.4945	57
13.4955	56
13.4966	55
13.4976	55
13.5433	60
13.5444	58
13.5454	57
13.5465	57
13.5475	56
13.5943	61
13.5953	60
13.5964	59
13.5974	58
13.5985	57
13.6447	62
13.6458	61
13.6468	59
13.6479	58
13.6489	57
13.6952	62
13.6962	61
13.6973	60
13.6983	59
13.6994	58
13.7456	63
13.7466	61
13.7477	60
13.7487	59
13.7498	58
13.796	62
13.7971	61
13.7981	60
13.7992	59
13.8002	58
13.847	63
13.848	61
13.8491	60
13.8501	59
13.8512	58
13.8989	63
13.9	62
13.901	61
13.9021	60
13.9031	59
13.9504	64
13.9514	62
13.9525	61
13.9535	60
13.9546	59
13.9992	63
14.0003	62
14.0013	60
14.0024	59
14.0034	58
14.0492	62
14.0502	61
14.0513	59
14.0523	58
14.0534	57
14.1006	62
14.1017	61
14.1027	60
14.1038	59
14.1048	58
14.1521	63
14.1532	62
14.1542	60
14.1553	59
14.1563	59
14.2046	64
14.306	62
14.307	61
14.3081	59
14.3569	64
14.358	62
14.359	61
14.4084	66
14.4094	64
14.4105	63
14.4588	67
14.4599	65
14.4609	63
14.462	62
14.5092	60
14.5103	59
14.5113	58
14.5124	57
14.5607	56
14.5618	56
14.5628	55
14.5639	54
14.6132	54
14.6143	54
14.6153	54
14.6164	54
14.6631	53
14.6641	53
14.6652	52
14.6662	52
14.7114	58
14.7125	56
14.7135	55
14.7146	55
14.7576	59
14.7587	57
14.7597	56
14.7608	55
14.8033	59
14.8044	58
14.8054	56
14.8065	55
14.849	59
14.8501	58
14.8511	56
14.8522	55
14.8963	59
14.8974	58
14.8984	57
14.8995	55
14.9005	54
14.9473	54
14.9483	53
14.9494	53
14.9504	53
14.9515	53
14.9987	52
14.9998	52
15.0008	52
15.0019	52
15.0029	52
15.0497	51
15.0507	51
15.0518	51
15.0528	51
15.0539	51
15.1012	51
15.1022	51
15.1033	51
15.1043	51
15.1054	51
15.1531	51
15.1542	51
15.1552	51
15.1563	51
15.1573	51
15.2046	51
15.2056	51
15.2067	51
15.2077	51
15.2088	51
15.2529	51
15.254	50
15.255	50
15.2561	50
15.2571	50
15.3028	55
15.3039	55
15.3049	54
15.306	54
15.307	53
15.3538	59
15.3548	58
15.3559	57
15.3569	56
15.358	56
15.4057	61
15.4068	60
15.4078	59
15.4089	58
15.4099	57
15.4546	62
15.4556	61
15.4567	59
15.4577	58
15.4588	57
15.5029	61
15.504	60
15.505	59
15.5061	57
15.5071	56
15.5518	61
15.5528	59
15.5539	58
15.5549	57
15.556	56
15.6022	61
15.6032	60
15.6043	59
15.6053	58
15.6064	57
15.6542	62
15.6552	61
15.6563	60
15.6573	59
15.6584	58
15.7035	63
15.7046	61
15.7056	60
15.7067	59
15.7077	57
15.7534	62
15.7545	61
15.7555	59
15.7566	58
15.7576	57
15.8039	62
15.8049	61
15.806	59
15.807	58
15.8081	57
15.8554	62
15.8564	61
15.8575	60
15.8585	59
15.8596	58
15.9063	63
15.9074	62
15.9084	60
15.9095	59
15.9105	58
15.9578	63
15.9588	62
15.9599	60
15.9609	59
15.962	58
16.0097	63
16.0108	62
16.0119	61
16.0129	60
16.014	59
16.057	63
16.0581	62
16.0591	60
16.0602	59
16.0612	57
16.1027	61
16.1038	59
16.1048	57
16.1059	56
16.1069	55
16.1474	59
16.1484	57
16.1495	55
16.1505	54
16.1516	53
16.192	57
16.1931	56
16.1941	54
16.1952	53
16.1962	52
16.2372	56
16.2382	55
16.2393	54
16.2403	53
16.2414	52
16.2829	56
16.2839	55
16.285	54
16.286	53
16.2871	52
16.3291	56
16.3302	55
16.3312	54
16.3323	53
16.3333	53
16.3759	57
16.3769	56
16.378	55
16.379	54
16.3801	53
16.4242	58
16.4253	57
16.4263	56
16.4274	55
16.4284	54
16.4731	59
16.4741	58
16.4752	57
16.4762	56
16.4773	55
16.5224	60
16.5235	59
16.5245	57
16.5256	56
16.5267	56
16.5718	60
16.5729	59
16.5739	58
16.575	57
16.576	56
16.6212	61
16.6223	59
16.6233	58
16.6244	57
16.6254	57
16.6716	61
16.6727	60
16.6737	59
16.6748	58
16.6758	57
16.7215	62
16.7226	60
16.7237	59
16.7247	58
16.7258	57
16.7715	62
16.7725	60
16.7736	59
16.7746	58
16.7757	57
16.8208	62
16.8219	60
16.8229	59
16.824	58
16.825	57
16.8707	62
16.8718	60
16.8728	59
16.8739	58
16.8749	57
16.9217	62
16.9228	61
16.9238	59
16.9249	58
16.9259	58
16.9737	63
16.9747	61
16.9758	60
16.9768	59
16.9779	58
17.0246	63
17.0256	62
17.0267	61
17.0277	60
17.0288	59
17.075	63
17.0761	62
17.0771	61
17.0782	59
17.0792	58
17.0803	58
17.1234	56
17.1244	55
17.1255	54
17.1265	53
17.1276	53
17.1286	52
17.1722	52
17.1733	51
17.1743	51
17.1754	51
17.1764	50
17.1775	50
17.2216	50
17.2226	50
17.2237	50
17.2247	49
17.2258	49
17.2268	49
17.2715	49
17.2725	49
17.2736	49
17.2747	49
17.2757	49
17.2768	49
17.3219	49
17.323	49
17.324	50
17.3251	50
17.3261	50
17.3272	50
17.3724	50
17.3734	50
17.3745	50
17.3755	50
17.3766	50
17.3776	50
17.4228	50
17.4238	50
17.4249	50
17.4259	50
17.427	50
17.428	50
17.4738	50
17.4748	50
17.4759	50
17.4769	50
17.478	50
17.479	50
17.5257	50
17.5268	50
17.5278	51
17.5289	51
17.5299	51
17.531	51
17.5735	50
17.5746	50
17.5756	50
17.5767	49
17.5777	49
17.5788	49
17.6213	49
17.6224	49
17.6234	48
17.6245	48
17.6255	48
17.6266	48
17.6681	48
17.6691	48
17.6702	48
17.6712	47
17.6723	47
17.6733	47
17.7154	47
17.7164	47
17.7175	47
17.7185	47
17.7196	47
17.7206	47
17.7632	47
17.7642	47
17.7653	47
17.7663	47
17.7674	47
17.7684	47
17.812	47
17.8131	48
17.8141	48
17.8152	48
17.8162	48
17.8173	48
17.8609	48
17.8619	48
17.863	48
17.864	48
17.8651	48
17.8661	48
17.9103	48
17.9113	48
17.9124	49
17.9134	49
17.9145	49
17.9155	49
17.9607	49
17.9617	49
17.9628	49
17.9638	49
17.9649	49
17.9659	49
18.0127	49
18.0137	50
18.0148	50
18.0158	50
18.0169	50
18.0179	50
18.0615	50
18.0625	50
18.0636	50
18.0646	50
18.0657	49
18.0667	49
18.1109	49
18.1119	49
18.113	49
18.114	49
18.1151	49
18.1161	49
18.1592	49
18.1602	49
18.1613	49
18.1623	49
18.1634	49
18.1644	48
18.2075	48
18.2086	48
18.2096	48
18.2107	48
18.2117	48
18.2128	48
18.2569	48
18.2579	48
18.259	48
18.26	48
18.2611	48
18.2622	49
18.3079	49
18.3089	49
18.31	49
18.311	50
18.3121	50
18.3131	50
18.3588	56
18.3599	55
18.3609	55
18.362	54
18.363	54
18.3641	54
18.4092	59
18.4103	58
18.4113	57
18.4124	57
18.4134	56
18.4145	55
18.4607	60
18.4618	59
18.4628	58
18.4639	57
18.4649	57
18.466	56
18.5112	61
18.5122	60
18.5133	59
18.5143	58
18.5154	57
18.5164	56
18.5631	62
18.5642	60
18.6608	59
18.6619	57
18.7049	61
18.706	59
18.707	57
18.7081	56
18.7533	61
18.7543	59
18.7554	58
18.7564	57
18.8037	62
18.8047	60
18.8058	59
18.8068	58
18.8536	63
18.8547	61
18.8557	60
18.8568	59
18.8578	58
18.9056	57
18.9067	56
18.9077	56
18.9088	55
18.9098	55
18.9565	54
18.9576	54
18.9586	53
18.9597	53
18.9607	53
19.0049	52
19.0059	52
19.007	51
19.008	51
19.0091	51
19.0543	56
19.0553	55
19.0564	55
19.0574	54
19.0585	54
19.1057	59
19.1068	58
19.1078	57
19.1089	56
19.1099	56
19.1577	61
19.2522	65
19.2532	62
19.2543	60
19.2553	58
19.2979	56
19.2989	55
19.3	53
19.301	52
19.3446	52
19.3457	51
19.3467	50
19.3478	50
19.393	50
19.394	49
19.3951	49
19.3961	49
19.4423	49
19.4434	49
19.4445	49
19.4455	49
19.4923	49
19.4933	49
19.4944	49
19.4954	50
19.5437	56
19.5448	55
19.5458	55
19.5469	54
19.5956	60
19.5967	59
19.5977	58
19.5988	57
19.6429	62
19.644	60
19.645	59
19.6461	58
19.6871	61
19.6881	59
19.6892	58
19.6902	56
19.7317	60
19.7328	58
19.7338	56
19.7349	55
19.7758	58
19.7769	57
19.7779	55
19.779	54
19.8205	58
19.8215	56
19.8226	55
19.8236	54
19.8247	53
19.8678	52
19.8688	51
19.8699	51
19.8709	50
19.872	50
19.9161	50
19.9172	49
19.9182	49
19.9193	49
19.9203	49
19.9665	49
19.9676	49
19.9686	49
19.9697	49
19.9707	49
20.0164	49
20.0175	49
20.0185	49
20.0196	49
20.0206	49
20.0669	49
20.0679	49
20.069	49
20.07	50
20.0711	50
20.1184	50
20.1194	50
20.1205	50
20.1215	50
20.1226	50
20.1703	50
20.1714	51
20.1724	51
20.1735	51
20.1745	51
20.2207	51
20.2217	51
20.2228	50
20.2238	50
20.2249	50
20.2711	50
20.2722	50
20.2732	50
20.2743	50
20.2753	50
20.3205	50
20.3216	50
20.3226	50
20.3237	50
20.3247	49
20.3709	49
20.372	49
20.373	50
20.3741	50
20.3751	50
20.4214	50
20.4224	50
20.4235	50
20.4245	50
20.4256	50
20.4718	50
20.4729	50
20.4739	50
20.475	50
20.476	50
20.5222	50
20.5233	50
20.5243	50
20.5254	50
20.5264	50
20.5737	50
20.5748	50
20.5758	50
20.5769	50
20.5779	50
20.6252	50
20.6263	51
20.6273	51
20.6284	51
20.6294	51
20.6777	51
20.6787	51
20.6798	51
20.6808	51
20.6819	51
20.7275	51
20.7286	51
20.7296	51
20.7307	50
20.7317	50
20.7743	50
20.7753	49
20.7764	49
20.7774	49
20.7785	48
20.82	48
20.8211	48
20.8221	47
20.8232	47
20.8242	47
20.8673	47
20.8683	47
20.8694	47
20.8704	47
20.8715	47
20.9151	47
20.9161	47
20.9172	47
20.9182	47
20.9193	47
20.9629	47
20.9639	47
20.965	47
20.966	47
20.9671	47
21.0117	47
21.0128	47
21.0138	48
21.0149	48
21.0159	48
21.0617	48
21.0627	48
21.0638	48
21.0648	48
21.0659	48
21.111	49
21.1121	49
21.1131	49
21.1142	49
21.1152	49
21.1609	49
21.162	49
21.163	49
21.1641	49
21.1651	49
21.2103	49
21.2114	49
21.2124	49
21.2135	49
21.2145	49
21.2597	49
21.2608	49
21.2618	49
21.2629	49
21.2639	49
21.3101	49
21.3112	49
21.3122	49
21.3133	49
21.3143	50
21.3611	50
21.3621	50
21.3632	50
21.3642	50
21.3653	50
21.4126	50
21.4136	50
21.4147	50
21.4157	50
21.4168	50
21.4641	50
21.4651	51
21.4662	51
21.4672	51
21.4683	51
21.5155	51
21.5166	51
21.5176	51
21.5187	51
21.5197	51
21.5675	51
21.5686	51
21.5696	51
21.5707	51
21.5717	51
21.619	51
21.62	51
21.6211	51
21.6221	51
21.6232	51
21.6699	51
21.6709	51
21.672	51
21.673	51
21.6741	51
21.7193	51
21.7203	50
21.7214	50
21.7224	50
21.7235	50
21.7687	50
21.7697	50
21.7708	49
21.7718	49
21.7729	49
21.817	49
21.818	49
21.8191	49
21.8201	49
21.8212	49
21.8653	49
21.8664	49
21.8674	48
21.8685	48
21.8695	48
21.9142	48
21.9152	48
21.9163	48
21.9173	48
21.9184	48
21.9625	48
21.9635	48
21.9646	48
21.9657	48
21.9667	48
22.0119	48
22.0129	48
22.014	48
22.015	48
22.0161	48
22.0618	49
22.0628	49
22.0639	49
22.0649	49
22.066	49
22.1127	49
22.1138	49
22.1148	49
22.1159	49
22.1169	50
22.1637	50
22.1648	50
22.1658	50
22.1669	50
22.1679	50
22.2152	50
22.2162	50
22.2173	51
22.2183	51
22.2194	51
22.2667	51
22.2677	51
22.2688	51
22.2698	51
22.2709	51
22.3186	51
22.3197	51
22.3207	51
22.3218	51
22.3229	51
22.3706	51
22.3716	51
22.3727	51
22.3737	51
22.3748	51
22.4173	51
22.4184	50
22.4194	50
22.4205	49
22.4215	49
22.4615	54
22.4625	53
22.4636	52
22.4646	51
22.4657	50
22.5082	55
22.5093	54
22.5103	53
22.5114	52
22.5124	52
22.5544	56
22.5555	55
22.5566	54
22.5576	53
22.5587	52
22.6017	57
22.6028	56
22.6038	55
22.6049	54
22.6059	53
22.649	58
22.6501	56
22.6511	55
22.6522	55
22.6532	54
22.6963	58
22.6973	57
22.6984	56
22.6994	55
22.7005	54
22.7441	58
22.7451	57
22.7462	56
22.7472	55
22.7483	54
22.794	59
22.7951	58
22.7961	57
22.7972	56
22.7982	56
22.8444	61
22.8455	59
22.8465	58
22.8476	57
22.8486	56
22.8954	61
22.8964	60
22.8975	59
22.8985	58
22.8996	57
22.9006	57
22.9478	56
22.9489	55
22.9499	55
22.951	55
22.9521	54
22.9531	54
22.9988	54
22.9999	53
23.0009	53
23.002	52
23.003	52
23.0041	52
23.0477	52
23.0487	51
23.0498	51
23.0508	51
23.0519	50
23.0529	50
23.0955	50
23.0965	49
23.0976	49
23.0986	49
23.0997	49
23.1007	49
23.1438	48
23.1448	48
23.1459	48
23.1469	48
23.148	48
23.1491	49
23.1937	54
23.1948	54
23.1958	53
23.1969	53
23.1979	53
23.199	52
23.2457	58
23.2467	57
23.3964	56
23.3974	55
23.3985	55
23.4452	54
23.4463	53
23.4473	53
23.4484	53
23.4957	52
23.4967	52
23.4978	52
23.4988	51
23.5476	51
23.5487	51
23.5497	51
23.5508	51
23.5996	51
23.6006	52
23.6017	52
23.6962	51
23.7404	56
23.7414	55
23.7861	59
23.7871	57
23.8328	61
23.8339	60
23.8801	64
23.8811	62
23.9289	66
23.93	64
23.9783	68
23.9794	66
23.9804	64
24.0298	62
24.0309	61
24.0319	59
24.0817	58
24.0828	58
24.0838	57
24.1322	56
24.1332	55
24.1343	55
24.1784	54
24.1794	53
24.1805	52
24.2225	51
24.2236	50
24.2246	49
24.2682	49
24.2693	48
24.2703	48
24.3139	47
24.315	47
24.316	47
24.3601	52
24.3612	52
24.3622	51
24.4053	56
24.4064	55
24.4074	53
24.4521	58
24.4531	57
24.4542	56
24.5009	60
24.502	59
24.503	58
24.5524	63
24.5535	61
24.5545	60
24.6049	65
24.7078	63
24.7089	62
24.754	60
24.7551	58
24.8008	57
24.8019	55
24.846	54
24.847	53
24.8917	52
24.8927	51
24.9379	56
24.939	55
24.9852	60
24.9862	58
25.0346	63
25.0356	61
25.0855	66
25.0866	64
25.1375	69
25.2914	66
25.3424	71
25.3434	68
25.3954	66
25.545	70
25.5913	73
25.6375	76
25.6837	78
25.731	80
25.7783	81
25.8266	83
25.8765	85
25.9275	87
25.9784	89
26.0299	90
26.0824	92
26.2715	92
26.3204	92
26.3687	93
26.4176	93
26.468	94
26.52	95
26.8598	95
26.9102	96
26.9622	97
27.0136	97
27.0641	98
27.115	98
27.1644	98
27.2143	98
27.2653	99
27.3162	99
27.3687	100
27.573	100
27.7752	100
27.8267	100
27.8776	101
27.9222	100
27.9669	99
28.0115	97
28.0578	96
28.104	96
28.1518	96
28.2001	96
28.249	96
28.2989	96
28.3509	97
28.4029	98
28.4527	98
28.5026	98
28.5546	99
28.6029	99
28.6497	98
28.6954	97
28.7421	97
28.7894	96
28.8372	96
28.8866	96
28.9365	97
28.9869	97
29.0389	97
29.0903	98
29.1408	99
29.1881	98
29.2364	98
29.2852	98
29.3352	98
29.3856	98
29.435	98
29.4854	98
29.5374	99
29.5873	99
29.6372	99
29.6855	99
29.7349	99
29.7853	99
29.8363	99
29.8872	99
29.9392	100
29.9906	100
30.0342	99
30.0768	98
30.1204	96
30.1656	95
30.2118	95
30.2596	94
30.3074	95
30.3557	95
30.4046	95
30.4561	96
30.5081	97
30.6504	96
30.6961	95
30.7433	95
30.7912	95
30.84	95
30.8899	95
30.9409	96
30.9928	97
31.0448	98
31.1761	96
31.2176	94
31.2607	93
31.3069	92
31.3537	92
31.4025	93
31.4529	93
31.5039	94
31.5554	95
31.6073	96
31.7502	96
31.7985	95
31.8468	95
31.8957	96
31.9446	96
31.9955	96
32.0465	97
32.098	98
32.1494	98
32.2981	98
32.35	99
32.4004	99
32.4498	99
32.495	98
32.5412	98
32.588	97
32.6342	96
32.6352	90
32.6836	85
32.6846	80
32.7324	76
32.7335	73
32.7823	70
32.7834	67
32.8328	65
32.8338	63
32.8847	62
32.8858	61
32.9341	59
32.9351	58
32.9835	57
32.9845	56
33.0323	55
33.0334	54
33.0822	53
33.0833	53
33.1337	53
33.1348	52
33.1841	52
33.1852	52
33.2351	52
33.2361	52
33.2855	51
33.2866	51
33.3365	51
33.3375	51
33.3869	51
33.3879	51
33.4373	51
33.4384	51
33.4893	51
33.4903	51
33.5402	51
33.5412	51
33.5891	50
33.5901	50
33.6379	50
33.639	50
33.6868	49
33.6878	49
33.7367	49
33.7377	49
33.7876	50
33.7887	50
33.8391	50
33.8402	50
33.8906	50
33.8916	50
33.9426	50
33.9436	50
33.994	51
33.9951	51
34.0434	57
34.0444	56
34.0891	61
34.0901	59
34.1353	63
34.1363	61
34.1815	65
34.1826	62
34.2283	66
34.2293	64
34.2756	67
34.2766	65
34.3249	68
34.326	66
34.3738	70
34.3749	67
34.4237	71
34.4248	69
34.4741	72
34.4752	70
34.524	74
34.5251	71
34.575	74
34.5761	71
34.6265	75
34.6275	72
34.6784	76
34.6795	73
34.7294	76
34.7304	73
34.7793	77
34.7803	73
34.8287	76
34.8297	73
34.878	76
34.8791	73
34.928	76
34.929	73
34.9789	76
34.98	73
35.0309	76
35.0319	73
35.0828	77
35.2178	78
35.2614	79
35.3055	80
35.3507	81
35.3991	83
35.4479	84
35.449	80
35.4989	76
35.4999	73
35.5508	70
35.5519	68
35.6007	66
35.6018	64
35.6506	62
35.6517	60
35.6984	59
35.6995	57
35.7494	56
35.7504	56
35.8003	55
35.8014	55
35.8492	60
35.8502	59
35.8959	63
35.897	61
35.9421	65
35.9432	63
35.9899	66
35.991	64
36.0383	68
36.0393	66
36.0882	70
36.0892	67
36.1402	71
36.1412	69
36.189	73
36.1901	70
36.2384	73
36.2395	70
36.2904	74
36.2914	71
36.3413	75
36.3423	72
36.3875	75
36.3886	71
36.4311	74
36.4322	70
36.4753	72
36.4763	69
36.5204	71
36.5215	68
36.5656	70
36.5667	67
36.6108	70
36.6118	67
36.6565	70
36.6575	67
36.7038	70
36.7048	67
36.7542	71
36.7553	68
36.8031	72
36.8041	69
36.8514	73
36.8524	70
36.8997	73
36.9008	70
36.9486	73
36.9496	70
36.998	73
36.999	70
37.0479	74
37.0489	71
37.0994	74
37.1004	72
37.1498	75
37.1508	72
37.2002	76
37.2013	73
37.2506	76
37.2517	73
37.3016	76
37.3027	73
37.3536	77
37.5064	79
37.5568	82
37.6062	84
37.6556	86
37.7055	87
37.7554	89
37.7565	84
37.8074	80
37.8085	76
37.8594	73
37.8604	71
37.9093	68
37.9103	66
37.9576	63
37.9586	61
38.0065	60
38.0075	58
38.0553	57
38.0564	56
38.1042	55
38.1052	54
38.1541	60
38.1551	59
38.204	64
38.205	62
38.2549	66
38.256	65
38.3069	69
38.308	67
38.4576	64
38.5044	68
38.5054	66
38.5548	64
38.5559	62
38.6063	60
38.6073	59
38.6578	58
38.6588	57
38.7097	57
38.7108	56
38.7607	55
38.7617	55
38.8106	54
38.8116	53
38.86	53
38.861	52
38.9109	52
38.912	52
38.9624	52
38.9635	52
39.0139	52
39.0149	51
39.0659	51
39.0669	52
39.2124	51
39.2586	56
39.3059	61
39.3537	65
39.4031	69
39.4546	73
39.507	77
39.6861	78
39.7303	79
39.7765	80
39.8222	82
39.8695	83
39.9189	85
39.9672	86
40.0166	88
40.0675	89
40.1195	91
40.1678	92
40.2135	92
40.2561	92
40.2997	91
40.3438	90
40.3895	90
40.4368	91
40.4835	91
40.5313	91
40.5802	92
40.6311	93
40.681	94
40.731	94
40.7824	95
40.8329	96
40.8838	97
40.9358	97
40.9851	98
41.0314	98
41.0776	97
41.1244	96
41.1706	96
41.2168	95
41.2646	95
41.3129	95
41.3623	95
41.4122	96
41.4616	96
41.512	97
41.564	97
41.616	98
41.6669	98
41.7137	98
41.7594	98
41.8056	97
41.8539	96
41.9033	97
41.9532	97
42.0042	97
42.0556	98
42.1076	98
42.1591	99
42.209	99
42.2594	99
42.3109	100
42.3628	100
42.5062	93
42.5546	94
42.6018	94
42.6496	94
42.698	94
42.7463	94
42.7952	95
42.8461	95
42.8472	90
42.8971	85
42.8981	81
42.9486	77
42.9496	74
43.0005	71
43.0016	68
43.0494	66
43.0504	64
43.093	61
43.094	59
43.136	57
43.1371	55
43.1802	54
43.1812	52
43.2253	51
43.2264	51
43.271	50
43.2721	49
43.3167	49
43.3178	48
43.363	48
43.364	48
43.4092	48
43.4103	47
43.456	47
43.457	47
43.5043	47
43.5053	47
43.5526	47
43.5537	47
43.6015	47
43.6025	48
43.6509	48
43.6519	48
43.7008	48
43.7018	48
43.7512	48
43.7522	49
43.8016	49
43.8027	49
43.8521	49
43.8531	49
43.9035	49
43.9046	50
43.955	50
43.956	50
44.007	50
44.008	50
44.0574	50
44.0584	50
44.1078	50
44.1088	50
44.1572	50
44.1582	50
44.2066	50
44.2076	50
44.257	50
44.258	50
44.3079	50
44.309	50
44.3584	50
44.3594	50
44.4099	50
44.4109	50
44.4618	50
44.4629	50
44.5138	51
44.5148	51
44.5605	50
44.5616	50
44.6025	49
44.6036	48
44.6472	47
44.6482	47
44.6924	47
44.6934	46
44.7391	46
44.7402	46
44.7848	46
44.7859	46
44.83	46
44.8311	46
44.8757	46
44.8768	46
44.923	46
44.924	46
44.9713	46
44.9724	46
45.0207	47
45.0218	47
45.0701	47
45.0711	47
45.1205	48
45.1216	48
45.1715	48
45.1725	49
45.2234	49
45.2245	49
45.2723	56
45.2733	55
45.318	60
45.319	58
45.3631	62
45.3642	60
45.4099	64
45.4109	62
45.4577	65
45.4588	63
45.505	67
45.506	65
45.5533	68
45.5544	66
45.6037	70
45.6048	67
45.6552	72
45.6563	69
45.7067	73
45.7077	71
45.7555	74
45.7566	71
45.8033	74
45.8044	71
45.8522	74
45.8532	71
45.9031	74
45.9042	71
45.9052	69
45.9556	67
45.9567	65
45.9577	63
46.0066	62
46.0076	60
46.0087	59
46.056	58
46.057	57
46.0581	56
46.1032	55
46.1043	54
46.1053	53
46.1505	52
46.1516	51
46.1526	51
46.1983	56
46.1994	55
46.2004	54
46.2482	60
46.2493	58
46.2503	57
46.2997	63
46.3008	61
46.3018	60
46.3522	65
46.4483	62
46.4898	60
46.4908	58
46.5334	56
46.5344	54
46.5796	53
46.5807	52
46.6279	52
46.629	51
46.6773	57
46.6784	56
46.7288	62
46.7298	60
46.7807	65
46.7818	64
46.8275	68
46.8285	65
46.8296	63
46.8748	61
46.8758	59
46.8769	58
46.9236	57
46.9247	56
46.9257	55
46.973	54
46.974	53
46.9751	53
47.0218	52
47.0229	52
47.0239	51
47.0723	51
47.0733	51
47.0744	51
47.1227	57
47.1238	56
47.1248	55
47.1747	61
47.1757	60
47.1768	59
47.2235	64
47.2245	62
47.2256	61
47.2718	65
47.2729	63
47.2739	61
47.3212	65
47.3223	63
47.3233	62
47.3716	66
47.3727	64
47.3737	63
47.4226	67
47.4237	65
47.4247	63
47.4751	68
47.578	66
47.6269	64
47.6279	62
47.6757	60
47.6768	59
47.7246	58
47.7256	56
47.7745	56
47.7755	55
47.8244	60
47.8254	59
47.8769	64
48.0208	68
48.0633	70
48.1053	72
48.1484	73
48.1925	75
48.2382	77
48.2839	78
48.3312	80
48.3806	82
48.3817	78
48.431	75
48.4321	72
48.483	69
48.4841	67
48.5334	65
48.5345	63
48.5812	61
48.5823	59
48.6301	58
48.6311	57
48.6805	56
48.6816	55
48.731	54
48.732	54
48.783	54
48.784	53
48.8344	53
48.8355	53
48.8832	52
48.8843	52
48.9316	51
48.9326	51
48.9809	50
48.982	50
49.0308	50
49.0319	50
49.0813	50
49.0823	50
49.1328	50
49.1338	50
49.1832	50
49.1842	50
49.2347	50
49.2357	50
49.2862	50
49.2872	51
49.3381	51
49.3392	51
49.3906	51
49.3917	51
49.4358	50
49.4368	49
49.482	49
49.4831	49
49.5277	48
49.5288	48
49.5739	47
49.575	47
49.6207	47
49.6217	47
49.669	47
49.6701	47
49.7163	47
49.7174	47
49.7641	47
49.7652	47
49.8135	47
49.8145	48
49.8644	48
49.8655	48
49.9154	49
49.9165	49
49.9669	49
49.9679	49
50.0188	49
50.0199	50
50.0708	50
50.0719	50
50.1181	50
50.1191	50
50.1643	49
50.1653	49
50.2089	48
50.21	47
50.2546	47
50.2557	47
50.2998	47
50.3009	46
50.3455	46
50.3466	46
50.3923	46
50.3933	46
50.4385	46
50.4396	46
50.4847	52
50.4858	51
50.531	56
50.532	55
50.5783	60
50.5793	58
50.6276	63
50.6287	61
50.677	66
50.6781	64
50.7269	68
50.728	66
50.7779	70
50.7789	67
50.8299	72
50.8309	69
50.9837	67
51.0331	71
51.0835	75
51.1355	78
51.187	81
51.2363	83
51.2374	79
51.2852	75
51.2862	72
51.3351	69
51.3361	67
51.3855	65
51.3866	63
51.4375	61
51.4385	60
51.4889	59
51.49	58
51.5399	57
51.5409	56
51.5898	55
51.5908	55
51.6407	60
51.6418	59
51.6922	64
51.6932	63
51.7447	68
51.8854	71
51.9322	73
51.9805	76
52.0288	78
52.0782	81
52.1302	83
52.5324	85
52.575	86
52.6186	86
52.6627	86
52.7079	86
52.7536	87
52.8009	87
52.8508	89
52.9007	90
52.9522	91
53.0036	93
53.0556	94
53.1055	95
53.1496	95
53.1922	94
53.2337	92
53.2746	91
53.3167	90
53.3603	89
53.4044	89
53.4501	89
53.4969	90
53.5431	90
53.5898	90
53.6382	91
53.6865	91
53.7354	92
53.7858	93
53.8367	94
53.8882	95
53.9397	96
53.9917	97
54.0426	97
54.0946	98
54.1429	98
54.1918	98
54.2364	97
54.2827	97
54.3284	96
54.3741	95
54.4208	95
54.4691	95
54.5185	95
54.569	96
54.6199	96
54.6719	97
54.7186	97
54.7633	96
54.8053	95
54.8484	94
54.893	93
54.9387	93
54.9849	92
55.0328	93
55.0811	93
55.1315	94
55.1825	95
55.234	95
55.2864	96
55.4818	96
55.5259	95
55.5711	94
55.6162	94
55.663	93
55.7098	93
55.756	93
55.8022	93
55.849	93
55.85	87
55.8989	83
55.8999	78
55.9504	75
55.9514	72
56.0023	69
56.0034	67
56.0543	65
56.0553	64
56.1042	62
56.1052	60
56.1514	59
56.1525	57
56.1966	55
56.1977	54
56.2423	53
56.2434	52
56.2875	51
56.2886	50
56.3337	50
56.3348	49
56.381	49
56.3821	49
56.4304	49
56.4314	49
56.4823	49
56.4834	49
56.5322	49
56.5333	49
56.5816	49
56.5827	49
56.6294	49
56.6305	49
56.6788	49
56.6798	49
56.7292	49
56.7303	49
56.7802	49
56.7812	49
56.8306	49
56.8317	49
56.8816	50
56.8826	50
56.9335	50
56.9346	50
56.9792	50
56.9803	49
57.0254	49
57.0265	48
57.0717	48
57.0727	48
57.1184	47
57.1195	47
57.1668	47
57.1678	47
57.2151	48
57.2161	48
57.2655	48
57.2666	48
57.3144	48
57.3154	48
57.3643	48
57.3653	48
57.4152	49
57.4163	49
57.4667	49
57.4678	49
57.5187	50
57.5198	50
57.5701	50
57.5712	50
57.6221	50
57.6231	51
57.6699	50
57.6709	50
57.7177	49
57.7187	49
57.7671	49
57.7681	49
57.8164	49
57.8175	49
57.8664	49
57.8674	49
57.9173	49
57.9184	49
57.9687	56
57.9698	55
58.0197	61
58.0207	60
58.0701	65
58.0711	63
58.1226	68
58.2702	71
58.318	74
58.3674	77
58.4178	80
58.4672	82
58.5181	85
58.5192	81
58.5706	77
58.5717	74
58.6147	70
58.6158	67
58.6589	64
58.6599	61
58.7035	59
58.7046	57
58.7487	56
58.7497	54
58.7954	53
58.7965	52
58.8432	52
58.8443	51
58.8916	57
58.8926	56
58.9404	61
58.9415	59
58.9903	64
58.9914	62
59.0423	67
59.0434	65
59.0922	70
59.0933	67
59.1421	71
59.1432	69
59.1915	72
59.1925	69
59.2414	73
59.2425	70
59.2924	74
59.2934	71
59.3438	75
59.3449	72
59.3953	76
59.3963	73
59.4468	76
59.4478	73
59.4987	77
59.4998	74
59.5475	77
59.5486	73
59.5911	76
59.5922	72
59.6374	74
59.6384	70
59.6841	73
59.6852	70
59.7309	73
59.7319	69
59.7771	72
59.7782	69
59.8239	72
59.8249	69
59.8712	72
59.8722	69
59.919	72
59.92	69
59.9673	72
59.9683	69
60.0167	73
60.0177	70
60.0671	73
60.0681	71
60.1165	74
60.1175	71
60.1659	74
60.1669	71
60.2152	74
60.2163	71
60.2657	75
60.2667	72
60.3161	75
60.3172	72
60.3671	76
60.3681	73
60.419	76
60.4201	73
60.4673	77
60.4684	73
60.5157	76
60.5167	72
60.5629	75
60.564	72
60.6113	74
60.6123	71
60.6596	74
60.6607	71
60.7085	74
60.7095	71
60.7573	74
60.7584	71
60.8067	74
60.8077	71
60.8576	75
60.8587	72
60.9096	75
60.9107	73
60.9595	76
60.9605	73
61.0067	76
61.0078	72
61.053	75
61.054	71
61.1008	74
61.1018	71
61.1502	74
61.1512	71
61.2016	74
61.2027	72
61.2542	75
61.4007	78
61.449	80
61.4984	82
61.5478	84
61.5977	86
61.6492	88
61.7	90
61.8408	90
61.8876	90
61.9338	91
61.9811	91
62.0273	91
62.0746	92
62.1229	92
62.1713	92
62.2212	93
62.2721	94
62.3226	95
62.3735	96
62.425	96
62.477	97
62.5284	98
62.5783	98
62.5793	92
62.6287	87
62.6297	82
62.6781	78
62.6791	75
62.7275	71
62.7285	69
62.7789	66
62.78	64
62.8299	63
62.831	61
62.8819	60
62.8829	59
62.9333	58
62.9344	57
62.9843	56
62.9853	56
63.0352	55
63.0363	54
63.0872	54
63.0882	54
63.1349	53
63.136	52
63.1838	52
63.1849	51
63.2332	51
63.2342	51
63.282	51
63.2831	50
63.3325	50
63.3335	50
63.3829	50
63.384	50
63.4349	50
63.4359	50
63.4842	50
63.4853	50
63.5341	50
63.5352	50
63.583	50
63.584	50
63.6334	50
63.6345	50
63.6854	50
63.6864	50
63.7347	50
63.7358	50
63.7799	49
63.781	48
63.824	48
63.8251	48
63.8697	47
63.8708	47
63.9154	47
63.9165	47
63.9627	47
63.9638	47
64.0105	47
64.0116	47
64.0589	47
64.0599	47
64.1088	47
64.1098	48
64.1602	48
64.1613	48
64.2117	49
64.2128	49
64.2637	49
64.2647	50
64.3151	50
64.3162	50
64.3639	50
64.365	49
64.4138	49
64.4149	49
64.4616	49
64.4627	49
64.5089	49
64.51	48
64.5567	48
64.5578	48
64.6056	48
64.6066	48
64.6555	48
64.6565	49
64.7054	49
64.7064	49
64.7558	49
64.7569	49
64.8078	49
64.8089	50
64.8592	50
64.8603	50
64.9076	50
64.9086	50
64.9512	55
64.9522	53
64.9948	57
64.9958	56
65.0394	60
65.0405	58
65.0857	62
65.0867	60
65.1329	64
65.134	62
65.135	60
65.1807	59
65.1818	57
65.1828	56
65.2301	55
65.2312	54
65.2322	54
65.2806	53
65.2816	53
65.2827	52
65.3315	52
65.3326	52
65.3336	52
65.3829	58
65.384	57
65.385	57
65.4334	62
65.4344	61
65.4355	59
65.4822	64
65.4833	62
65.4843	61
65.5306	65
65.5316	63
65.5327	61
65.5337	59
65.5815	58
65.5826	57
65.5836	57
65.5847	56
65.632	55
65.633	54
65.6341	54
65.6351	54
65.6824	59
65.6834	58
65.6845	57
65.6855	56
65.7328	61
65.7339	60
65.7349	59
65.736	58
65.7833	63
65.7843	61
65.7854	60
65.7864	59
65.7875	58
65.8357	57
65.8368	57
65.8378	56
65.8389	55
65.8399	55
65.8877	54
65.8887	54
65.8898	54
65.8908	54
65.8919	54
65.9365	59
65.9376	58
65.9386	57
65.9397	56
65.9407	55
65.9838	60
65.9849	58
65.9859	57
65.987	56
65.988	55
65.9891	54
66.0332	53
66.0342	53
66.0353	52
66.0363	52
66.0374	52
66.0384	51
66.0847	51
66.0857	51
66.0868	51
66.0878	51
66.0889	51
66.0899	51
66.1356	51
66.1367	51
66.1377	51
66.1388	51
66.1398	51
66.1409	51
66.1866	57
66.1876	56
66.1887	56
66.1897	55
66.1908	55
66.1918	54
66.1929	54
66.2375	53
66.2385	53
66.2396	53
66.2406	52
66.2417	52
66.2427	52
66.2438	52
66.289	52
66.29	52
66.2911	52
66.2921	52
66.2932	52
66.2942	52
66.2953	52
66.3404	58
66.3415	57
66.3425	56
66.3436	56
66.3446	55
66.3457	55
66.3467	54
66.3887	59
66.3898	58
66.3908	57
66.3919	56
66.3929	55
66.394	54
66.395	53
66.3961	53
66.4397	53
66.4407	52
66.4418	52
66.4428	52
66.4439	52
66.4449	52
66.446	52
66.447	52
66.4912	57
66.4922	57
66.4933	56
66.4943	56
66.4954	55
66.4964	55
66.4975	55
66.4985	54
66.5431	60
66.6465	58
66.6476	57
66.6875	55
66.6886	54
66.6896	53
66.6907	52
66.6917	51
66.6928	50
66.7316	49
66.7327	48
66.7337	48
66.7348	47
66.7358	47
66.7369	46
66.7763	46
66.7773	46
66.7784	46
66.7794	46
66.7805	46
66.7815	46
66.8209	51
66.822	50
66.823	49
66.8241	49
66.8251	48
66.8262	48
66.8672	53
66.8682	52
66.8693	51
66.8703	51
66.8714	50
66.8724	50
66.9144	55
66.9155	54
66.9165	53
66.9176	52
66.9186	52
66.9197	51
66.9208	51
66.9628	50
66.9638	50
66.9649	50
66.9659	49
66.967	49
66.968	49
66.9691	49
67.0122	49
67.0132	49
67.0143	49
67.0153	49
67.0164	49
67.0174	49
67.0185	49
67.0641	49
67.0652	50
67.0662	50
67.0673	50
67.0683	51
67.0694	51
67.0704	51
67.1156	57
67.1166	56
67.1177	56
67.1187	55
67.1198	55
67.1208	54
67.1219	54
67.1613	58
67.1623	57
67.1634	56
67.1644	55
67.1655	54
67.1665	53
67.1676	52
67.2054	56
67.2065	54
67.2075	53
67.2086	52
67.2096	51
67.2107	50
67.2117	50
67.2511	54
67.2522	53
67.2532	52
67.2543	51
67.2553	51
67.2564	50
67.2574	50
67.2585	49
67.2979	49
67.2989	48
67.3	48
67.301	48
67.3021	48
67.3031	48
67.3042	47
67.3052	47
67.3451	47
67.3462	47
67.3472	47
67.3483	47
67.3493	47
67.3504	47
67.3514	47
67.3525	47
67.3929	47
67.394	47
67.3951	47
67.3961	47
67.3972	47
67.3982	47
67.3993	47
67.4003	47
67.4408	47
67.4418	47
67.4429	47
67.4439	47
67.445	47
67.446	48
67.4471	48
67.4481	48
67.4891	53
67.4901	52
67.4912	52
67.4922	52
67.4933	51
67.4943	51
67.4954	51
67.4964	51
67.5379	55
67.539	54
67.54	54
67.5411	53
67.5421	53
67.5432	52
67.5442	52
67.5453	52
67.5894	57
67.5905	56
67.5915	56
67.5926	55
67.5936	55
67.5947	54
67.5957	54
67.5968	54
67.6403	59
67.6414	58
67.6424	57
67.6435	56
67.6445	56
67.6456	55
67.6466	55
67.6477	54
67.6902	59
67.6913	58
67.6923	57
67.6934	56
67.6944	56
67.6955	55
67.6965	54
67.6976	54
67.6986	54
67.7417	53
67.7428	53
67.7438	53
67.7449	52
67.7459	52
67.747	52
67.748	52
67.7491	52
67.7501	52
67.7937	52
67.7948	52
67.7958	52
67.7969	52
67.7979	52
67.799	52
67.8	52
67.8011	52
67.8021	52
67.8462	52
67.8472	52
67.8483	52
67.8493	52
67.8504	52
67.8514	52
67.8525	52
67.8535	52
67.8546	52
67.8976	52
67.8987	52
67.8997	51
67.9008	51
67.9018	51
67.9029	51
67.9039	51
67.905	51
67.9061	51
67.9444	51
67.9455	50
67.9465	50
67.9476	49
67.9486	49
67.9497	49
67.9507	48
67.9518	48
67.9528	48
67.9927	48
67.9938	48
67.9948	48
67.9959	48
67.9969	48
67.998	48
67.999	48
68.0001	48
68.0011	48
68.0421	48
68.0432	48
68.0442	49
68.0453	49
68.0463	49
68.0474	49
68.0484	49
68.0495	49
68.0505	49
68.0925	55
68.0936	54
68.0946	54
68.0957	53
68.0967	53
68.0978	53
68.0988	52
68.0999	52
68.1009	52
68.1419	57
68.143	56
68.144	55
68.1451	55
68.1461	54
68.1472	54
68.1482	53
68.1493	53
68.1503	53
68.1934	58
68.1945	57
68.1955	56
68.1966	56
68.1976	55
68.1987	55
68.1997	54
68.2008	54
68.2018	54
68.2454	59
68.3005	58
68.3015	56
68.3026	55
68.3446	54
68.3456	53
68.3467	52
68.3477	52
68.3488	51
68.3498	50
68.3882	50
68.3892	49
68.3903	48
68.3913	48
68.3924	47
68.3934	47
68.4313	46
68.4323	46
68.4334	46
68.4344	45
68.4355	45
68.4365	45
68.4743	49
68.4754	49
68.4764	48
68.4775	47
68.4785	47
68.4796	46
68.5185	51
68.5195	50
68.5206	49
68.5216	49
68.5227	48
68.5237	48
68.5615	52
68.5626	51
68.5636	50
68.5647	49
68.5657	48
68.5668	48
68.5678	47
68.6078	47
68.6088	47
68.6099	47
68.6109	47
68.612	46
68.613	46
68.6141	46
68.6566	47
68.6577	47
68.6587	47
68.6598	47
68.6608	47
68.6619	47
68.6629	47
68.7065	48
68.7076	48
68.7086	48
68.7097	48
68.7107	49
68.7118	49
68.7128	49
68.757	55
68.758	54
68.7591	54
68.7601	54
68.7612	53
68.7622	53
68.7633	53
68.8084	58
68.8095	57
68.8105	57
68.8116	56
68.8127	56
68.8137	55
68.8148	55
68.8599	60
68.861	59
68.862	58
68.8631	57
68.8641	57
68.8652	56
68.8662	56
68.9119	61
69.0133	59
69.0542	62
69.0553	60
69.0563	58
69.0574	56
69.0584	55
69.0999	54
69.101	52
69.102	52
69.1031	51
69.1041	50
69.1462	50
69.1472	49
69.1483	49
69.1493	48
69.1504	48
69.1945	48
69.1955	48
69.1966	48
69.1976	48
69.1987	48
69.2439	48
69.2449	48
69.246	48
69.247	49
69.2481	49
69.2933	54
69.2943	54
69.2954	54
69.2964	53
69.2975	53
69.3426	58
69.3437	57
69.3447	56
69.3458	55
69.3468	54
69.3936	60
69.3946	59
69.3957	58
69.3967	57
69.3978	56
69.4435	61
69.4446	60
69.4456	59
69.4467	58
69.4477	57
69.4945	62
69.4955	60
69.4966	59
69.4976	58
69.4987	58
69.4997	57
69.5459	56
69.547	55
69.548	55
69.5491	54
69.5501	54
69.5512	54
69.5974	53
69.5985	53
69.5995	53
69.6006	53
69.6016	52
69.6027	52
69.6494	52
69.6504	52
69.6515	52
69.6525	52
69.6536	52
69.6546	52
69.6982	51
69.6993	51
69.7003	51
69.7014	50
69.7024	50
69.7035	50
69.7439	49
69.745	49
69.746	48
69.7471	48
69.7481	48
69.7492	47
69.7901	47
69.7912	47
69.7922	47
69.7933	47
69.7943	47
69.7954	46
69.8369	46
69.838	46
69.839	47
69.8401	47
69.8411	47
69.8422	47
69.8837	52
69.8847	51
69.8858	51
69.8868	50
69.8879	50
69.8889	49
69.9309	54
69.932	53
69.933	53
69.9341	52
69.9351	52
69.9362	51
69.9787	56
69.9798	55
69.9808	54
69.9819	53
69.9829	53
69.984	52
70.0271	57
70.0281	56
70.0292	55
70.0302	54
70.0313	54
70.0323	53
70.0765	58
70.0775	57
70.0786	56
70.0796	55
70.0807	55
70.0817	54
70.1253	59
70.1264	58
70.1274	57
70.1285	56
70.1295	55
70.1306	54
70.1752	59
70.1763	58
70.1773	57
70.1784	56
70.1794	56
70.1805	55
70.2272	60
70.2282	59
70.2293	58
70.2303	58
70.2314	57
70.2325	56
70.2771	61
70.2781	60
70.2792	59
70.2802	58
70.2813	57
70.2823	56
70.3286	61
70.3296	60
70.3307	59
70.3317	58
70.3328	57
70.3338	56
70.379	61
70.38	60
70.3811	59
70.3821	58
70.3832	57
70.3842	57
70.4294	61
70.4305	60
70.4315	59
70.4326	58
70.4336	57
70.4347	56
70.4804	61
70.4814	60
70.4825	59
70.4835	58
70.4846	57
70.4856	56
70.5313	61
70.5324	60
70.5334	59
70.5345	58
70.5355	57
70.5366	57
70.5833	62
70.5843	61
70.5854	60
70.6794	58
70.6805	56
70.6815	55
70.6826	54
70.7251	53
70.7262	52
70.7272	51
70.7283	51
70.7703	55
70.7713	54
70.7724	53
70.7734	52
70.8155	56
70.8165	55
70.8176	54
70.8186	53
70.8622	57
70.8633	56
70.8643	55
70.8654	54
70.9116	59
70.9127	58
70.9137	57
70.9148	56
70.9605	61
70.9615	59
70.9626	58
70.9636	57
70.9647	56
71.0114	55
71.0125	55
71.0135	54
71.0146	54
71.0156	53
71.0624	53
71.0634	53
71.0645	52
71.0655	52
71.0666	52
71.1143	52
71.1154	52
71.1164	52
71.1175	52
71.1185	52
71.1663	52
71.1673	52
71.1684	52
71.1694	52
71.1705	52
71.2141	57
71.2151	56
71.2162	55
71.2172	55
71.2183	54
71.2624	58
71.2635	57
71.2645	56
71.2656	55
71.2666	54
71.3118	59
71.3128	58
71.3139	57
71.3149	56
71.316	55
71.3617	60
71.3627	59
71.3638	58
71.3648	57
71.3659	56
71.4132	61
71.4147	60
71.5155	65
71.5166	63
71.5176	61
71.5187	60
71.5654	59
71.5665	58
71.5675	57
71.5686	56
71.6143	55
71.6153	54
71.6164	53
71.6174	53
71.6631	52
71.6642	52
71.6652	51
71.6663	51
71.7141	51
71.7151	51
71.7162	51
71.7172	51
71.7661	51
71.7671	51
71.7682	51
71.8643	51
71.9084	56
71.9094	54
71.9105	53
71.9536	52
71.9546	51
71.9557	50
72.0003	50
72.0014	49
72.0024	49
72.0466	49
72.0476	48
72.0487	48
72.0928	48
72.0938	47
72.0949	47
72.1416	47
72.1427	47
72.1437	48
72.1931	48
72.1942	48
72.1952	49
72.2456	49
72.2467	49
72.2477	50
72.2976	50
72.2986	50
72.2997	50
72.3469	50
72.348	50
72.349	50
72.3932	49
72.3942	49
72.3953	49
72.4389	48
72.4399	48
72.441	47
72.4851	47
72.4862	47
72.4872	47
72.5319	53
72.5329	52
72.534	51
72.5786	56
72.5797	55
72.5807	54
72.6264	59
72.6275	58
72.6285	56
72.6758	61
72.6769	60
72.6779	58
72.7273	63
72.7283	62
72.7294	61
72.7792	66
72.7803	64
72.7813	63
72.8312	68
72.9257	65
72.9268	62
72.9725	60
72.9735	59
73.0192	57
73.0203	56
73.0655	54
73.0665	53
73.1128	52
73.1138	52
73.16	57
73.1611	56
73.2089	61
73.2099	59
73.2583	64
73.2593	62
73.3082	67
73.3092	65
73.3586	69
73.3597	67
73.3607	65
73.4101	63
73.4111	62
73.4122	60
73.4621	59
73.4631	58
73.4642	57
73.5135	57
73.5146	56
73.5156	55
73.5618	54
73.5629	53
73.5639	53
73.6102	52
73.6112	52
73.6123	51
73.659	51
73.6601	51
73.6611	50
73.71	50
73.711	50
73.7121	51
73.7609	57
73.762	56
73.763	55
73.8113	61
73.8124	60
73.8134	59
73.8607	63
73.8618	62
73.8628	60
73.9106	65
73.9117	63
73.9127	61
73.9611	66
73.9621	64
73.9632	63
74.0115	67
74.0125	65
74.0136	63
74.0625	68
74.0635	66
74.0646	64
74.1134	68
74.1145	66
74.1155	64
74.1649	69
74.1659	67
74.167	65
74.2169	69
74.2179	67
74.3135	64
74.3581	62
74.3592	60
74.4049	58
74.4059	57
74.4527	55
74.4537	54
74.501	54
74.5021	53
74.5493	52
74.5504	52
74.5992	57
74.6003	57
74.6507	62
74.6518	61
74.7001	65
74.7011	64
74.7473	68
74.7484	65
74.7936	68
74.7946	66
74.7957	63
74.8409	61
74.8419	59
74.843	58
74.8887	56
74.8897	55
74.8908	54
74.938	54
74.9391	53
74.9401	53
74.9869	52
74.9879	52
74.989	51
75.0368	51
75.0378	51
75.0389	51
75.0878	51
75.0888	51
75.0899	51
75.1402	51
75.2374	50
75.2384	50
75.281	49
75.282	48
75.3235	47
75.3246	47
75.3661	46
75.3671	46
75.4086	45
75.4097	45
75.4507	50
75.4517	49
75.4937	53
75.4948	52
75.54	56
75.541	55
75.5893	60
75.5904	59
75.6387	64
75.6398	62
75.6892	66
75.6902	65
75.6913	63
75.7401	61
75.7412	60
75.7422	59
75.7921	58
75.7932	57
75.7942	56
75.8441	56
75.8451	55
75.8462	55
75.8944	54
75.8955	54
75.8965	53
75.9401	52
75.9412	51
75.9422	51
75.9848	50
75.9859	49
75.9869	48
76.0305	48
76.0316	48
76.0326	48
76.0778	53
76.0788	52
76.0799	52
76.1261	57
76.1272	56
76.1282	55
76.1739	60
76.175	58
76.176	57
76.2217	62
76.2228	60
76.2238	59
76.2711	63
76.2722	61
76.2732	60
76.3226	65
76.3236	63
76.3247	62
76.3746	67
76.4754	65
76.4765	63
76.5253	61
76.5264	60
76.5758	65
76.5768	63
76.6267	67
76.6278	65
76.6771	70
76.6782	68
76.7291	72
76.8777	75
76.9271	77
76.976	80
77.0243	82
77.0737	84
77.1236	86
77.174	88
77.2255	89
77.2775	91
77.4833	92
77.6834	93
77.7339	88
77.7848	83
77.8352	79
77.8862	76
77.9372	72
77.9891	70
78.0396	67
78.0905	65
78.1404	63
78.1909	61
78.2423	60
78.2943	59
78.3468	58
78.3919	56
78.4382	55
78.4849	54
78.5322	53
78.58	52
78.6289	52
78.6782	52
78.7276	51
78.7796	51
78.83	51
78.8815	51
78.9314	51
78.9808	51
79.0312	51
79.0816	57
79.1341	63
79.3332	67
79.3836	71
79.4356	75
79.6294	77
79.6777	79
79.7271	81
79.7765	84
79.8264	85
79.8757	87
79.9267	89
79.9777	90
80.0296	92
80.079	93
80.1247	93
80.1704	93
80.2166	93
80.2634	93
80.3112	93
80.36	93
80.4105	94
80.463	95
80.6615	95
80.7114	95
80.7613	96
80.8112	96
80.8632	97
80.9146	98
80.9634	98
81.0144	98
81.0622	98
81.11	98
81.1588	97
81.2103	98
81.2623	99
81.3132	99
81.3621	99
81.4136	99
81.4661	100
81.6509	98
81.6961	97
81.7423	96
81.7896	96
81.8369	95
81.8842	95
81.9325	95
81.9819	95
81.9829	90
82.0328	85
82.0339	81
82.0848	77
82.0859	74
82.1363	71
82.1373	69
82.1883	66
82.1893	65
82.235	62
82.236	60
82.2823	59
82.2833	57
82.3269	55
82.328	54
82.3726	53
82.3737	52
82.4194	51
82.4204	51
82.4656	50
82.4667	49
82.5124	49
82.5134	49
82.5602	49
82.5612	48
82.6085	48
82.6096	48
82.6574	48
82.6584	48
82.7073	48
82.7083	49
82.7561	49
82.7572	49
82.8045	48
82.8055	48
82.8528	48
82.8538	48
82.9011	48
82.9022	48
82.95	48
82.951	48
82.9994	48
83.0004	48
83.0508	49
83.0519	49
83.1028	49
83.1039	49
83.1553	50
83.1563	50
83.2041	50
83.2052	50
83.253	50
83.254	49
83.3008	49
83.3018	49
83.3491	49
83.3502	49
83.3985	49
83.3995	49
83.4473	49
83.4484	49
83.4972	49
83.4983	49
83.5472	49
83.5482	49
83.5986	49
83.5997	49
83.6506	50
83.6516	50
83.702	50
83.7031	50
83.7514	50
83.7524	50
83.8002	50
83.8013	50
83.8507	50
83.8517	50
83.9006	50
83.9016	50
83.9505	50
83.9515	50
84.0014	50
84.0025	50
84.0534	50
84.0544	50
84.1043	50
84.1054	50
84.1532	50
84.1542	50
84.202	50
84.2031	50
84.2503	49
84.2514	49
84.2987	49
84.2997	49
84.3486	49
84.3496	49
84.3995	49
84.4006	49
84.4515	50
84.4526	50
84.503	50
84.504	50
84.5529	50
84.5539	50
84.6038	50
84.6049	50
84.6543	50
84.6553	50
84.7047	50
84.7057	50
84.7561	56
84.7572	56
84.8071	62
84.8081	60
84.8586	65
84.8596	64
84.9095	68
84.9105	66
84.961	70
84.9625	68
85.1095	71
85.1558	74
85.202	76
85.2482	78
85.2966	80
85.2976	76
85.347	73
85.348	70
85.3974	68
85.3985	65
85.4484	63
85.4494	62
85.5004	61
85.5014	59
85.5523	58
85.5534	58
85.6022	63
85.6033	61
85.6511	66
85.6521	64
85.6989	68
85.6999	65
85.7477	69
85.7488	66
85.7971	70
85.7982	68
85.847	72
85.8481	69
85.898	73
85.899	70
85.9001	68
85.9505	66
85.952	64
86.0985	68
86.1474	71
86.1973	75
86.1984	72
86.2498	69
86.3002	73
86.4531	77
86.504	80
86.5545	82
86.6054	85
86.6569	87
86.7089	89
86.7608	91
86.8102	92
86.8585	93
86.9084	93
86.9594	94
87.0114	95
87.0628	96
87.1127	97
87.1626	97
87.2141	98
87.2661	98
87.3181	99
87.369	99
87.4205	100
87.472	100
87.5239	100
87.567	100
87.609	98
87.651	96
87.6946	95
87.7382	94
87.7824	93
87.827	92
87.8722	92
87.9184	92
87.9647	92
88.0119	92
88.0613	92
88.1117	93
88.1622	94
88.2126	95
88.2636	96
88.3155	97
88.3612	97
88.4085	96
88.4568	96
88.5067	96
88.5561	97
88.606	97
88.657	97
88.7085	98
88.7599	98
88.8103	99
88.8592	99
88.9091	99
88.9611	99
89.1627	99
89.2142	100
89.2661	100
89.4542	99
89.5035	99
89.554	99
89.6049	99
89.6569	99
89.7089	100
89.8932	99
89.94	98
89.9883	97
90.0398	98
90.0917	98
90.2892	98
90.3376	98
90.3864	98
90.4369	98
90.4888	98
90.5413	99
90.7314	98
90.7787	98
90.8265	97
90.8738	97
90.9227	97
90.9726	97
91.023	97
91.074	98
91.1254	98
91.1774	99
91.5366	99
91.586	100
91.6343	99
91.6831	99
91.7315	99
91.7798	98
91.8281	98
91.8765	98
91.9258	98
91.9773	98
92.0293	99
92.076	99
92.1233	98
92.1706	98
92.2195	97
92.2683	97
92.3172	97
92.3666	97
92.4159	97
92.4664	98
92.5168	98
92.5683	98
92.6202	99
92.6664	99
92.7085	97
92.75	96
92.793	94
92.8372	93
92.8824	93
92.9296	93
92.9774	93
93.0263	93
93.0757	94
93.1245	94
93.1739	95
93.2254	95
93.2774	96
93.6193	97
93.6708	97
93.7227	98
93.7737	98
93.8241	99
93.874	99
93.925	99
93.9764	99
94.0257	100
94.072	99
94.1219	98
94.1718	99
94.2238	99
94.2752	100
94.3235	100
94.3713	99
94.4191	99
94.4202	92
94.4685	87
94.4696	82
94.5189	78
94.52	74
94.5699	71
94.571	69
94.6219	67
94.6229	65
94.6738	63
94.6749	62
94.7226	60
94.7237	59
94.7694	57
94.7705	56
94.8141	54
94.8151	53
94.8598	52
94.8608	51
94.9065	51
94.9076	50
94.9533	50
94.9543	49
95.0016	49
95.0027	49
95.051	49
95.052	49
95.1014	49
95.1025	49
95.1524	49
95.1534	49
95.2043	50
95.2054	50
95.2563	50
95.2574	50
95.3025	50
95.3036	49
95.3509	49
95.3519	49
95.4003	49
95.4013	49
95.4496	49
95.4507	49
95.5001	49
95.5011	49
95.5515	49
95.5526	50
95.6035	50
95.6045	50
95.6529	50
95.6539	50
95.7001	49
95.7012	49
95.7469	49
95.7479	48
95.7952	48
95.7963	48
95.8441	48
95.8451	48
95.8945	49
95.8956	49
95.9465	49
95.9476	49
95.9985	50
95.9995	50
96.0446	49
96.0457	49
96.0919	49
96.093	48
96.1387	48
96.1397	48
96.1854	48
96.1865	48
96.2306	47
96.2317	47
96.2763	47
96.2774	47
96.3231	47
96.3241	47
96.3709	47
96.3719	47
96.4187	47
96.4197	47
96.4686	47
96.4696	47
96.5201	48
96.5211	48
96.572	49
96.5731	49
96.6193	49
96.6203	48
96.666	48
96.6671	48
96.7133	54
96.7144	53
96.7611	58
96.7622	57
96.8089	61
96.81	60
96.8567	64
96.8578	62
96.9056	66
96.9066	64
96.9077	62
96.956	61
96.9571	59
96.9581	58
97.007	57
97.008	56
97.0091	56
97.0585	55
97.0595	55
97.0606	54
97.1104	54
97.1115	54
97.1125	53
97.1618	59
97.1629	58
97.1639	57
97.2128	63
97.2138	61
97.2149	60
97.2632	65
97.2643	63
97.2653	62
97.2664	61
97.3147	59
97.3157	58
97.3168	57
97.3178	56
97.3667	56
97.3677	55
97.3688	55
97.3698	54
97.4176	54
97.4186	54
97.4197	53
97.4207	53
97.4664	59
97.4675	57
97.4685	56
97.4696	56
97.5147	60
97.5158	59
97.5168	58
97.5179	56
97.5631	61
97.5641	60
97.5652	58
97.5662	57
97.5673	56
97.614	56
97.6151	55
97.6161	54
97.6172	54
97.6182	53
97.6645	53
97.6655	53
97.6666	52
97.6676	52
97.6687	52
97.7159	58
97.717	57
97.718	56
97.7191	56
97.7201	55
97.7674	61
97.769	60
97.8677	64
97.8687	62
97.8698	60
97.8708	59
97.915	57
97.916	56
97.9171	55
97.9181	54
97.9617	53
97.9628	52
97.9638	51
97.9649	51
98.0079	50
98.009	50
98.01	49
98.0111	49
98.0547	54
98.0557	53
98.0568	53
98.0578	52
98.1025	57
98.1035	56
98.1046	55
98.1056	54
98.1519	59
98.1529	58
98.154	57
98.155	56
98.2028	61
98.2039	60
98.2049	59
98.206	58
98.207	57
98.2543	56
98.2554	56
98.2564	55
98.2575	55
98.2585	54
98.3063	54
98.3073	54
98.3084	53
98.3094	53
98.3105	53
98.3577	53
98.3588	52
98.3598	52
98.3609	52
98.3619	52
98.406	51
98.4071	51
98.4081	51
98.4092	50
98.4102	50
98.4544	50
98.4554	50
98.4565	50
98.4575	49
98.4586	49
98.5043	55
98.5053	54
98.5064	54
98.5074	53
98.5085	53
98.5537	58
98.5547	57
98.5558	56
98.5568	55
98.5579	55
98.6041	60
98.6051	59
98.6062	58
98.6072	57
98.6083	56
98.6545	61
98.6556	60
98.6566	59
98.6577	58
98.6587	57
98.706	62
98.7071	61
98.7081	60
98.7092	59
98.7102	58
98.7575	63
98.7585	62
98.7596	60
98.7606	59
98.7617	58
98.8095	63
98.8105	62
98.9124	66
98.9134	65
98.9145	63
98.9155	61
98.9612	60
98.9623	58
98.9633	57
98.9644	56
99.0106	55
99.0117	54
99.0127	54
99.0138	53
99.0626	53
99.0637	53
99.0647	53
99.0658	53
99.114	59
99.1151	58
99.1161	57
99.1172	57
99.1655	62
99.1666	61
99.1676	60
99.1687	59
99.218	64
99.3645	62
99.3656	60
99.4134	59
99.4144	58
99.4155	57
99.4643	56
99.4654	55
99.4664	55
99.5158	54
99.5168	54
99.5179	53
99.5678	53
99.5688	53
99.5699	53
99.6161	52
99.6171	52
99.6182	51
99.6644	51
99.6654	51
99.6665	50
99.7143	56
99.7153	55
99.7164	55
99.7663	60
99.7673	59
99.7684	58
99.8182	64
99.8193	62
99.8203	61
99.8697	66
99.8707	64
99.8718	63
99.9196	67
99.9207	65
99.9217	63
99.9695	68
99.9706	65
99.9716	64
100.021	68
100.023	66
100.122	64
100.123	61
100.163	64
100.164	62
100.165	59
100.204	57
100.205	55
100.206	53
100.247	52
100.248	51
100.249	49
100.291	49
100.292	48
100.293	47
100.337	47
100.338	47
100.339	47
100.383	47
100.384	47
100.385	46
100.43	46
100.431	46
100.432	46
100.477	46
100.478	47
100.479	47
100.526	47
100.527	47
100.528	47
100.575	47
100.576	47
100.577	48
100.625	54
100.626	54
100.627	53
100.675	59
100.676	58
100.678	57
100.726	62
100.727	61
100.728	60
100.778	65
100.779	63
100.78	62
100.829	67
100.83	65
100.831	63
100.877	67
100.878	65
100.879	63
100.925	67
100.926	64
100.927	62
100.928	60
100.976	59
100.977	58
100.978	57
100.979	56
101.026	55
101.027	55
101.028	54
101.029	54
101.077	53
101.078	53
101.079	53
101.08	52
101.129	52
101.13	52
101.131	52
101.132	52
101.181	52
101.182	52
101.183	52
101.184	52
101.23	51
101.231	51
101.232	51
101.233	51
101.274	50
101.275	49
101.276	48
101.277	48
101.32	47
101.321	47
101.322	47
101.323	47
101.365	46
101.366	46
101.367	46
101.368	46
101.411	46
101.412	46
101.413	46
101.414	46
101.459	46
101.46	46
101.461	46
101.462	46
101.507	46
101.508	46
101.509	46
101.51	47
101.554	47
101.555	47
101.556	47
101.557	47
101.602	47
101.603	47
101.604	47
101.605	47
101.651	47
101.652	47
101.653	48
101.655	48
101.701	48
101.702	48
101.703	48
101.704	48
101.752	48
101.753	49
101.754	49
101.755	49
101.804	49
101.805	50
101.806	50
101.807	50
101.855	50
101.856	50
101.857	51
101.858	51
101.907	51
101.908	51
101.909	51
101.91	51
101.955	50
101.956	50
101.957	50
101.958	49
102.004	49
102.005	49
102.006	49
102.007	49
102.053	49
102.054	49
102.055	49
102.056	49
102.103	49
102.104	49
102.105	49
102.106	49
102.152	49
102.153	49
102.154	49
102.155	49
102.201	49
102.202	49
102.203	49
102.204	49
102.251	49
102.252	49
102.253	49
102.254	49
102.301	49
102.302	49
102.303	49
102.304	49
102.352	49
102.353	49
102.354	49
102.355	49
102.402	50
102.404	50
102.405	50
102.406	50
102.453	50
102.454	50
102.455	50
102.456	50
102.504	50
102.505	50
102.506	50
102.507	50
102.554	50
102.555	50
102.556	50
102.557	50
102.605	50
102.606	50
102.607	50
102.608	50
102.657	50
102.658	50
102.659	50
102.66	50
102.708	51
102.709	51
102.71	51
102.711	51
102.76	51
102.761	51
102.762	51
102.763	51
102.807	51
102.808	50
102.81	50
102.811	49
102.856	49
102.857	49
102.858	49
102.859	48
102.904	48
102.905	48
102.906	48
102.907	48
102.953	48
102.954	48
102.955	48
102.956	48
103.003	48
103.004	49
103.005	49
103.006	49
103.051	49
103.052	49
103.053	49
103.054	48
103.1	48
103.101	48
103.102	48
103.103	48
103.149	48
103.15	48
103.151	48
103.152	48
103.198	48
103.199	49
103.2	49
103.201	49
103.248	49
103.249	49
103.25	49
103.251	49
103.299	49
103.3	49
103.301	49
103.302	49
103.351	50
103.352	50
103.353	50
103.354	50
103.402	50
103.403	51
103.404	51
103.405	51
103.452	50
103.453	50
103.454	50
103.455	50
103.5	50
103.501	50
103.502	49
103.503	49
103.549	49
103.55	49
103.551	49
103.552	49
103.6	49
103.601	49
103.602	49
103.603	49
103.652	49
103.653	50
103.654	50
103.655	50
103.702	57
103.704	56
103.705	55
103.706	55
103.753	60
103.754	59
103.755	58
103.756	57
103.802	62
103.803	60
103.804	59
103.805	58
103.852	62
103.853	61
103.854	60
103.855	59
103.904	64
103.905	63
103.906	61
103.907	60
103.956	65
103.957	64
103.958	62
103.959	61
104.005	65
104.095	68
104.096	65
104.097	62
104.139	60
104.14	58
104.141	56
104.184	60
104.185	59
104.186	57
104.233	61
104.234	60
104.235	58
104.284	63
104.285	62
104.286	60
104.334	65
104.335	64
104.336	62
104.386	67
104.387	65
104.388	63
104.437	68
104.439	66
104.538	64
104.539	62
104.585	66
104.586	64
104.632	67
104.633	65
104.681	69
104.682	66
104.73	70
104.731	67
104.779	71
104.78	68
104.829	72
104.83	69
104.879	73
104.88	70
104.881	68
104.931	66
104.932	64
104.933	62
104.983	61
104.984	60
104.985	59
105.029	57
105.03	56
105.031	54
105.074	53
105.075	52
105.076	51
105.121	50
105.122	50
105.123	49
105.167	49
105.168	48
105.169	48
105.214	48
105.215	48
105.216	48
105.261	48
105.262	47
105.263	47
105.307	47
105.308	47
105.309	47
105.356	47
105.358	47
105.359	47
105.408	48
105.409	48
105.41	49
105.459	49
105.46	49
105.462	49
105.511	50
105.512	50
105.513	50
105.56	50
105.561	50
105.562	50
105.606	49
105.608	49
105.609	48
105.655	48
105.656	48
105.657	48
105.704	48
105.705	48
105.706	48
105.753	48
105.754	48
105.755	48
105.802	48
105.803	48
105.805	48
105.852	49
105.853	49
105.854	49
105.902	49
105.903	49
105.904	49
105.952	49
105.953	49
105.954	49
106.003	49
106.004	50
106.005	50
106.055	50
106.056	50
106.057	50
106.106	50
106.108	50
106.109	50
106.156	50
106.157	50
106.158	50
106.205	50
106.206	49
106.207	49
106.254	49
106.255	49
106.256	49
106.303	49
106.305	49
106.306	49
106.353	49
106.354	49
106.355	49
106.404	49
106.405	49
106.406	49
106.456	50
106.457	50
106.458	50
106.507	50
106.508	50
106.509	51
106.557	50
106.558	50
106.559	50
106.603	49
106.604	49
106.605	49
106.651	48
106.652	48
106.653	48
106.698	48
106.7	48
106.701	48
106.747	48
106.748	48
106.749	48
106.796	48
106.797	48
106.798	48
106.846	48
106.847	49
106.848	49
106.897	49
106.898	49
106.899	49
106.948	49
106.949	49
106.95	50
106.999	50
107	50
107.001	50
107.051	50
107.052	50
107.054	51
107.101	50
107.102	50
107.103	50
107.15	50
107.151	50
107.152	50
107.2	50
107.201	50
107.202	50
107.249	49
107.25	49
107.251	49
107.298	49
107.299	49
107.3	49
107.348	49
107.349	49
107.35	49
107.398	49
107.399	49
107.4	49
107.449	49
107.45	50
107.451	50
107.501	50
107.502	50
107.503	50
107.551	50
107.552	50
107.553	50
107.596	49
107.597	49
107.598	49
107.644	54
107.645	53
107.646	52
107.692	58
107.693	57
107.694	56
107.742	61
107.743	59
107.744	58
107.794	63
107.795	62
107.796	61
107.845	65
107.846	64
107.847	62
107.896	67
107.897	65
107.898	63
107.948	68
108.04	65
108.084	62
108.085	60
108.127	63
108.128	61
108.171	64
108.172	62
108.216	65
108.218	62
108.264	66
108.265	64
108.313	68
108.314	65
108.365	70
108.507	72
108.552	74
108.597	76
108.643	78
108.691	80
108.737	82
108.785	83
108.833	85
108.834	80
108.883	76
108.884	73
108.934	70
108.935	68
108.986	66
108.987	64
109.037	62
109.038	61
109.087	59
109.088	58
109.137	57
109.138	56
109.188	55
109.189	55
109.239	54
109.24	54
109.29	53
109.291	53
109.342	53
109.343	53
109.394	52
109.395	52
109.445	52
109.446	52
109.495	52
109.496	52
109.544	51
109.545	51
109.594	50
109.595	50
109.645	50
109.646	51
109.697	51
109.698	51
109.748	51
109.749	51
109.8	51
109.801	51
109.851	51
109.852	51
109.903	51
109.904	51
109.955	51
109.956	51
110.003	51
110.004	50
110.052	50
110.053	50
110.097	49
110.098	49
110.144	48
110.145	48
110.191	48
110.192	48
110.239	48
110.24	47
110.286	47
110.287	47
110.334	47
110.335	48
110.383	48
110.384	48
110.433	48
110.434	48
110.482	48
110.483	48
110.533	49
110.534	49
110.584	49
110.585	49
110.634	49
110.635	49
110.686	49
110.687	50
110.738	50
110.739	50
110.79	50
110.791	50
110.836	50
110.837	49
110.883	49
110.884	49
110.93	48
110.931	48
110.977	48
110.978	48
111.024	48
111.025	47
111.073	48
111.074	48
111.123	48
111.124	48
111.174	48
111.175	49
111.226	49
111.227	50
111.276	50
111.277	50
111.324	49
111.325	49
111.372	49
111.373	49
111.42	48
111.421	48
111.47	48
111.471	48
111.521	49
111.522	49
111.573	49
111.574	50
111.624	56
111.625	55
111.671	61
111.672	59
111.719	64
111.72	62
111.767	66
111.768	63
111.814	67
111.815	65
111.862	68
111.863	66
111.911	69
111.912	67
111.913	65
111.962	63
111.963	62
111.964	60
112.014	59
112.015	58
112.016	57
112.062	56
112.063	55
112.064	54
112.109	53
112.11	52
112.111	51
112.156	51
112.157	50
112.158	50
112.204	55
112.205	55
112.206	54
112.255	59
112.256	58
112.257	57
112.307	63
112.451	60
112.495	64
112.496	61
112.54	65
112.541	63
112.587	66
112.588	64
112.633	67
112.634	65
112.681	68
112.682	66
112.683	63
112.729	61
112.73	60
112.731	58
112.779	57
112.78	56
112.781	55
112.829	55
112.83	54
112.831	54
112.88	53
112.881	53
112.882	52
112.931	52
112.932	52
112.933	52
112.983	58
112.984	57
112.985	57
113.034	62
113.035	61
113.036	60
113.083	65
113.084	63
113.086	61
113.131	65
113.132	63
113.133	61
113.177	65
113.179	63
113.18	61
113.224	65
113.225	62
113.226	60
113.27	64
113.271	62
113.273	60
113.274	59
113.318	57
113.319	56
113.32	55
113.321	54
113.367	53
113.368	53
113.369	52
113.37	52
113.416	51
113.418	51
113.419	51
113.42	50
113.466	50
113.467	50
113.468	50
113.469	50
113.516	50
113.517	50
113.518	50
113.519	50
113.568	50
113.569	50
113.57	50
113.571	51
113.619	51
113.62	51
113.621	51
113.622	51
113.67	50
113.671	50
113.672	50
113.673	50
113.72	50
113.721	50
113.722	50
113.723	50
113.77	50
113.771	50
113.772	50
113.773	50
113.82	50
113.821	50
113.823	50
113.824	50
113.872	50
113.873	50
113.874	50
113.875	50
113.923	50
113.924	50
113.925	50
113.926	50
113.971	50
113.972	50
113.973	50
113.974	50
114.019	49
114.02	49
114.021	49
114.022	49
114.067	49
114.068	49
114.069	48
114.07	48
114.117	48
114.118	48
114.119	48
114.12	48
114.166	49
114.167	49
114.168	49
114.169	49
114.217	49
114.218	49
114.219	49
114.22	49
114.268	50
114.27	50
114.271	50
114.272	50
114.32	50
114.321	50
114.323	50
114.324	51
114.372	51
114.373	51
114.374	51
114.376	51
114.423	51
114.424	51
114.425	50
114.426	50
114.473	50
114.474	50
114.475	50
114.476	50
114.521	50
114.522	49
114.523	49
114.524	49
114.57	49
114.571	49
114.572	49
114.573	49
114.62	49
114.621	49
114.622	49
114.623	49
114.671	50
114.672	50
114.673	50
114.674	50
114.723	50
114.724	50
114.725	50
114.726	51
114.775	51
114.776	51
114.777	51
114.778	51
114.827	51
114.828	51
114.829	51
114.83	51
114.876	51
114.877	51
114.878	50
114.879	50
114.92	49
114.921	49
114.922	48
114.923	47
114.965	47
114.966	47
114.967	46
114.968	46
115.013	46
115.014	46
115.015	47
115.016	47
115.062	47
115.063	47
115.064	47
115.065	47
115.11	48
115.111	48
115.112	48
115.113	48
115.159	48
115.16	48
115.161	48
115.162	48
115.207	48
115.209	48
115.21	48
115.211	48
115.258	48
115.259	48
115.26	49
115.261	49
115.308	49
115.309	49
115.31	49
115.312	49
115.359	49
115.36	50
115.361	50
115.362	50
115.411	50
115.412	50
115.413	50
115.414	50
115.461	50
115.462	50
115.463	50
115.464	50
115.513	50
115.514	51
115.515	51
115.516	51
115.562	50
115.563	50
115.564	50
115.565	50
115.607	55
115.608	54
115.609	53
115.61	52
115.652	56
115.653	54
115.654	53
115.655	53
115.698	57
115.699	56
115.7	54
115.701	53
115.744	58
115.745	56
115.746	55
115.747	54
115.791	58
115.792	57
115.793	56
115.794	55
115.837	59
115.838	58
115.839	57
115.84	55
115.885	60
115.886	58
115.887	57
115.888	56
115.934	60
115.935	59
115.936	58
115.937	57
115.985	62
115.986	61
115.988	60
115.989	59
116.037	64
116.038	62
116.039	61
116.041	60
116.089	65
116.09	64
116.091	62
116.093	61
116.14	66
116.141	64
116.142	62
116.143	61
116.188	65
116.189	63
116.19	61
116.191	59
116.236	64
116.237	62
116.239	60
116.24	59
116.286	63
116.287	62
116.288	60
116.289	59
116.336	64
116.337	62
116.338	61
116.339	60
116.34	59
116.388	58
116.389	57
116.39	56
116.391	55
116.392	55
116.44	54
116.441	54
116.442	54
116.443	53
116.444	53
116.49	53
116.491	52
116.492	52
116.493	52
116.494	51
116.538	51
116.539	51
116.541	50
116.542	50
116.543	50
116.587	50
116.588	50
116.589	50
116.59	50
116.591	50
116.637	55
116.638	55
116.639	54
116.64	54
116.641	53
116.689	59
116.786	63
116.787	61
116.788	59
116.831	63
116.833	61
116.834	59
116.878	63
116.879	61
116.88	59
116.925	63
116.926	61
116.927	60
116.928	58
116.966	56
116.968	54
116.969	52
116.97	51
117.007	50
117.008	48
117.009	47
117.01	46
117.047	46
117.048	45
117.049	44
117.051	44
117.088	43
117.089	43
117.09	43
117.092	42
117.13	42
117.131	42
117.132	42
117.133	42
117.172	47
117.173	46
117.174	46
117.175	45
117.214	50
117.216	49
117.217	48
117.218	48
117.257	52
117.258	51
117.259	50
117.26	49
117.3	53
117.301	52
117.302	51
117.303	50
117.342	54
117.343	52
117.344	51
117.345	50
117.385	54
117.386	53
117.387	51
117.388	50
117.389	50
117.429	49
117.43	48
117.431	48
117.432	47
117.434	47
117.474	47
117.475	46
117.476	46
117.477	46
117.478	46
117.519	46
117.52	45
117.521	45
117.522	45
117.523	45
117.563	45
117.564	44
117.565	44
117.566	44
117.567	44
117.608	44
117.609	44
117.61	44
117.611	45
117.612	45
117.654	45
117.655	45
117.656	45
117.657	45
117.658	45
117.7	45
117.701	45
117.702	45
117.704	45
117.705	45
117.748	45
117.749	46
117.75	46
117.751	46
117.752	46
117.795	52
117.796	51
117.797	51
117.798	51
117.799	50
117.844	55
117.845	55
117.846	54
117.847	53
117.848	53
117.893	58
117.894	57
117.895	56
117.896	55
117.897	55
117.943	60
117.944	59
117.945	58
117.946	57
117.947	56
117.992	61
117.994	59
117.995	58
117.996	57
117.997	56
118.043	61
118.044	60
118.045	59
118.046	58
118.047	57
118.095	62
118.096	61
118.097	60
118.098	59
118.099	58
118.146	63
118.147	62
118.148	61
118.149	60
118.151	59
118.197	63
118.198	62
118.199	61
118.2	60
118.201	59
118.245	63
118.246	61
118.247	59
118.248	58
118.249	57
118.291	61
118.292	59
118.293	58
118.294	56
118.296	55
118.339	59
118.34	58
118.341	57
118.342	56
118.343	55
118.387	59
118.388	58
118.389	57
118.39	56
118.391	55
118.437	60
118.438	59
118.439	58
118.44	57
118.441	56
118.487	61
118.488	60
118.489	59
118.49	58
118.491	57
118.538	62
118.539	61
118.54	59
118.541	58
118.542	58
118.589	62
118.59	61
118.591	60
118.592	59
118.593	58
118.64	63
118.641	61
118.642	60
118.643	59
118.644	58
118.688	63
118.69	61
118.691	60
118.692	58
118.693	57
118.734	61
118.735	59
118.736	57
118.737	56
118.738	55
118.779	59
118.821	56
