10.0341	10
10.0691	11
10.0712	13
10.0736	15
10.0756	17
10.0776	19
10.1041	21
10.1062	23
10.1073	25
10.1104	27
10.112	29
10.1146	31
10.1162	33
10.1189	35
10.1204	37
10.1392	39
10.1402	41
10.1434	43
10.1444	45
10.1455	47
10.1465	49
10.1518	51
10.1528	53
10.1544	55
10.1565	57
10.1602	59
10.1612	61
10.1628	63
10.1649	65
10.1686	67
10.1696	69
10.1712	71
10.177	47
11.1712	1
11.4427	2
11.479	4
11.5145	6
11.5156	8
11.5501	10
11.5511	12
11.5522	14
11.5532	16
11.5856	18
11.5867	20
11.5877	22
11.5888	24
11.5898	26
11.5909	28
11.5919	30
11.593	32
11.6306	33
11.6621	34
11.6727	35
11.7042	36
11.7357	37
11.7462	38
11.7777	39
11.7882	40
11.8203	41
11.8308	42
11.8623	43
11.8728	44
11.9043	45
11.9148	46
11.9464	47
11.9569	48
11.9674	49
11.9989	50
12.0094	51
12.0409	52
12.0514	53
12.0619	54
12.0934	55
12.104	56
12.1355	57
12.146	58
12.1565	59
12.188	60
12.1985	61
12.209	62
12.2405	63
12.251	64
12.2531	43
12.3626	44
12.4049	45
12.4495	46
12.5146	47
12.5816	48
12.6504	49
12.7248	50
12.7993	51
12.8796	52
12.9642	53
13.0519	54
13.1467	55
13.248	56
13.3567	57
13.474	58
13.6052	59
13.7496	60
13.917	61
14.114	62
14.3617	63
14.4236	42
14.4777	43
14.5367	44
14.6363	45
14.7466	46
14.8632	47
14.9935	48
15.1395	49
15.3055	50
15.502	51
15.7507	52
16.1025	53
18.361	35
18.4492	36
18.4507	37
18.5562	38
18.6228	39
18.7002	40
18.7792	41
18.862	42
18.9527	43
19.0458	44
19.1054	29
19.1954	30
19.2783	31
19.4086	32
19.5525	33
19.7185	34
19.916	35
20.1646	36
20.516	37
22.3951	38
23.5849	39
23.8311	40
24.029	41
24.1939	42
24.3398	43
24.471	44
24.538	29
24.6431	30
24.6846	31
24.7649	32
24.8479	33
24.9365	34
25.0306	35
25.1315	36
25.2406	37
25.3582	38
25.4897	39
25.6346	40
25.8	41
25.9965	42
26.2452	43
26.5969	44
29.3121	45
29.5605	46
29.9117	47
30.1032	31
30.1595	32
30.1961	33
30.2744	34
30.3516	35
30.4381	36
30.5247	37
30.5845	24
30.6388	25
30.7329	26
30.8781	27
31.0451	28
31.2421	29
31.4885	30
31.8414	31
34.5564	32
34.909	33
35.1575	34
35.3555	35
35.5201	36
35.6668	37
35.7962	38
35.9154	39
36.0236	40
36.1225	41
36.217	42
36.3063	43
36.39	44
36.4699	45
36.5464	46
36.6199	47
36.6892	48
36.7565	49
36.8211	50
36.8831	51
36.944	52
37.0016	53
37.0592	54
37.1142	55
37.1675	56
37.219	57
37.2707	58
37.3032	39
37.3984	40
37.4269	41
37.495	42
37.5643	43
37.6374	44
37.7132	45
37.7929	46
37.8764	47
37.9647	48
38.0604	49
38.1619	50
38.27	51
38.3884	52
38.5172	53
38.6641	54
38.829	55
39.0277	56
39.2741	57
39.6266	58
40.4599	59
41.8783	39
41.9318	40
41.9574	41
42.0232	42
42.0903	43
42.1599	44
42.2335	45
42.3094	46
42.3877	47
42.4732	48
42.5615	49
42.6549	50
42.7566	51
42.8656	52
42.983	53
43.1135	54
43.1923	36
43.2799	37
43.3524	38
43.471	39
43.6029	40
43.7479	41
43.9127	42
44.1104	43
44.3587	44
44.7119	45
46.2816	46
47.7783	47
48.026	48
48.2217	49
48.3891	50
48.5348	51
48.6652	52
48.7833	53
48.8913	54
48.9899	36
49.0433	37
49.0756	38
49.1455	39
49.2174	40
49.2947	41
49.374	42
49.4575	43
49.5473	44
49.6406	45
49.7428	46
49.8503	47
49.9687	48
50.0982	49
50.2451	50
50.4107	51
50.6072	52
50.8554	53
51.2077	54
53.13	55
54.2751	56
54.5225	57
54.7195	58
54.8866	59
54.9522	39
55.0305	40
55.0575	41
55.1217	42
55.1891	43
55.2603	44
55.3316	45
55.4086	46
55.4875	47
55.5722	48
55.6608	49
55.7551	50
55.8572	51
55.966	52
56.0832	53
56.2136	54
56.3578	55
56.526	56
56.7216	57
56.97	58
57.3235	59
59.6615	60
60.0927	40
60.1463	41
60.1738	42
60.2384	43
60.3057	44
60.3761	45
60.448	46
60.5242	47
60.6046	48
60.6881	49
60.7774	50
60.8704	51
60.9725	52
61.0811	53
61.1982	54
61.3286	55
61.474	56
61.6408	57
61.8379	58
62.085	59
62.4384	60
65.1532	61
65.5054	62
65.5694	42
65.6511	43
65.6524	44
65.743	45
65.8116	46
65.8804	47
65.9537	48
66.0291	49
66.1089	50
66.1922	51
66.2809	52
66.3752	53
66.432	35
66.5245	36
66.5916	37
66.6996	38
66.8178	39
66.948	40
67.0933	41
67.2596	42
67.4553	43
67.7042	44
68.0573	45
70.4693	46
71.1238	47
71.3714	48
71.567	49
71.7336	50
71.7963	33
71.8558	34
71.8914	35
71.9647	36
72.0404	37
72.1186	38
72.204	39
72.292	40
72.3865	41
72.4873	42
72.596	43
72.7153	44
72.845	45
72.99	46
73.1557	47
73.3543	48
73.6002	49
73.954	50
76.6687	51
77.0212	52
77.2691	53
77.297	35
77.4054	36
77.408	37
77.5075	38
77.5792	39
77.6564	40
77.7351	41
77.8203	42
77.9105	43
77.9225	28
78.0183	29
78.1024	30
78.2311	31
78.3772	32
78.5437	33
78.7422	34
78.8039	22
78.8812	23
78.992	24
79.1573	25
79.3556	26
79.6041	27
79.9547	28
81.0763	29
83.0226	30
83.2716	31
83.4666	32
83.567	21
83.6148	22
83.6762	23
83.7781	24
83.8843	25
84.0014	26
84.1338	27
84.2764	28
84.4448	29
84.6402	30
84.8896	31
85.2413	32
85.7678	21
85.8199	22
85.822	23
85.9815	24
86.089	25
86.2088	26
86.3364	27
86.484	28
86.6495	29
86.8465	30
87.0929	31
87.4459	32
90.1619	33
90.5144	34
90.7608	35
90.9588	36
91.1232	37
91.2696	38
91.3993	39
91.483	25
91.5373	26
91.5396	27
91.6662	28
91.756	29
91.8495	30
91.9503	31
92.06	32
92.1784	33
92.307	34
92.4516	35
92.6192	36
92.8172	37
93.0629	38
93.4152	39
93.494	25
93.5584	26
93.6046	27
93.6887	28
93.7779	29
93.8724	30
93.973	31
94.0816	32
94.2001	33
94.3302	34
94.4746	35
94.6414	36
94.8386	37
95.084	38
95.4388	39
97.2439	25
97.2992	26
97.3071	27
97.4274	28
97.5171	29
97.6115	30
97.7115	31
97.821	32
97.9385	33
98.0704	34
98.2151	35
98.3824	36
98.5799	37
98.8263	38
99.0667	25
99.1152	26
99.2109	27
99.3548	28
99.5213	29
99.7199	30
99.9666	31
100.321	32
101.001	33
103.386	34
103.635	35
103.831	36
103.998	37
104.144	38
104.274	39
104.391	40
104.499	41
104.601	42
104.696	43
104.783	44
104.867	45
104.948	46
105.024	47
105.096	48
105.165	49
105.234	50
105.297	51
105.36	52
105.42	53
105.48	54
105.514	36
105.567	37
105.6	38
105.669	39
105.742	40
105.818	41
105.898	42
105.981	43
106.071	44
106.165	45
106.266	46
106.375	47
106.493	48
106.622	49
106.768	50
106.935	51
107.131	52
107.379	53
107.732	54
109.017	55
110.713	37
110.809	38
110.84	39
110.911	40
110.984	41
111.059	42
111.14	43
111.223	44
111.312	45
111.406	46
111.508	47
111.57	31
111.634	32
111.723	33
111.847	34
111.993	35
112.158	36
112.357	37
112.604	38
112.956	39
114.385	40
116.023	41
116.27	42
116.467	43
116.635	44
116.78	45
116.91	46
117.028	47
117.137	48
117.237	49
117.332	50
117.421	51
117.504	52
117.585	53
117.661	54
117.732	55
117.802	56
117.871	57
117.935	58
117.998	59
118.058	60
118.115	61
118.172	62
118.229	63
118.283	64
118.333	65
118.384	66
118.434	67
118.484	68
118.531	69
118.556	46
118.664	47
118.687	48
118.745	49
118.807	32
118.886	33
118.959	34
119.078	35
119.207	36
119.354	37
119.52	38
119.718	39
119.964	40
120.318	41
121.745	42
123.383	43
123.632	44
123.829	45
123.904	30
123.958	31
123.998	32
124.078	33
124.164	34
124.251	35
124.345	36
124.447	37
124.555	38
124.674	39
124.803	40
124.949	41
125.116	42
125.312	43
125.56	44
125.912	45
128.034	46
128.981	47
129.228	48
129.292	32
129.395	33
129.433	34
129.509	35
129.588	36
129.672	37
129.762	38
129.856	39
129.956	40
130.064	41
130.183	42
130.313	43
130.458	44
130.626	45
130.822	46
131.07	47
131.145	31
131.198	32
131.283	33
131.412	34
131.557	35
131.722	36
131.921	37
132.167	38
132.521	39
