10.0341	10
10.0694	11
10.0736	13
10.0783	15
10.0823	17
10.0863	19
10.1047	21
10.1099	23
10.111	25
10.1183	27
10.1194	29
10.1267	31
10.1278	33
10.1351	35
10.1362	37
10.1435	39
10.1446	41
10.154	43
10.1551	45
10.1561	47
10.1572	49
10.1709	51
10.1719	53
10.173	55
10.174	57
10.1877	59
10.1887	61
10.1898	63
10.1908	65
10.2045	67
10.2134	44
11.2045	1
11.2438	53
11.2916	54
11.3037	55
11.3163	56
11.3615	57
11.3746	58
11.3863	59
11.3989	60
11.4162	61
11.4267	62
11.4372	63
11.4677	64
11.4782	65
11.4887	66
11.537	67
11.5401	45
11.6615	46
11.7157	47
11.7713	48
11.8291	49
11.889	50
11.9499	51
12.0109	52
12.0781	53
12.1722	54
12.2373	55
12.3224	56
12.4075	57
12.4794	38
12.5456	39
12.6328	40
12.74	41
12.8529	42
12.969	43
13.1429	44
13.2764	45
13.5122	46
13.7208	47
14.0864	48
16.7877	49
17.1659	50
17.3886	51
17.4606	34
17.5294	35
17.5746	36
17.6386	37
17.7096	38
17.8372	39
17.9071	40
17.9092	26
17.978	27
17.979	28
18.2217	29
18.3499	30
18.4991	31
18.6966	32
18.944	33
19.3322	34
19.3338	22
19.3963	23
19.4509	24
19.567	25
19.6857	26
19.7509	27
19.8728	28
20.003	29
20.1438	30
20.3403	31
20.5473	32
20.7548	33
21.1509	34
21.1529	22
21.2874	23
21.3515	24
21.4834	25
21.5495	26
21.6851	27
21.7597	28
21.8316	18
21.892	19
22.0538	20
22.2303	21
22.4715	22
22.8481	23
24.546	24
25.8898	25
26.1571	26
26.3646	27
26.4949	28
26.6514	29
26.7701	30
26.8889	31
27.0039	32
27.1284	33
27.193	34
27.3244	35
27.3911	36
27.4578	37
27.5266	38
27.5954	39
27.6653	40
27.6674	26
27.7372	27
27.7824	28
27.8785	29
27.981	30
28.0451	31
28.1465	32
28.2552	33
28.3734	34
28.541	35
28.6592	36
28.8462	37
29.0369	38
29.2959	39
29.6221	40
32.3696	41
32.6874	42
32.9569	43
33.0288	28
33.0945	29
33.0955	30
33.2121	31
33.3272	32
33.386	33
33.5074	34
33.5799	35
33.6976	36
33.8278	37
33.9613	38
34.0984	39
34.2307	25
34.289	26
34.3941	27
34.5018	28
34.6683	29
34.8396	30
35.0171	31
35.2604	32
35.6391	33
37.8538	21
37.9195	22
37.9205	23
38.095	24
38.1648	25
38.2778	26
38.4028	27
38.5315	28
38.667	29
38.8593	30
39.0605	31
39.33	32
39.672	33
40.0171	21
40.0864	22
40.149	23
40.2777	24
40.3433	25
40.4783	26
40.6149	27
40.6885	28
40.866	29
41.0373	30
41.2196	31
41.4701	32
41.8027	33
43.5052	21
43.5745	22
43.637	23
43.7652	24
43.8298	25
43.9622	26
44.0962	27
44.2306	28
44.3662	29
44.5043	30
44.6861	31
44.9335	32
45.3012	33
47.0289	34
48.3543	35
48.627	36
48.8203	37
48.9884	38
49.1092	39
49.239	40
49.3577	41
49.4769	42
49.6088	43
49.6766	44
49.7501	45
49.8168	30
49.8866	31
49.9329	32
50.0337	33
50.0884	34
50.1877	35
50.2953	36
50.4062	37
50.4808	38
50.6373	39
50.7566	40
50.88	41
51.0707	42
51.2667	43
51.4847	44
51.8634	45
52.3929	30
52.4512	31
52.4985	32
52.6067	33
52.6619	34
52.7738	35
52.8358	36
52.9492	37
53.0701	38
53.1951	39
53.3222	40
53.452	41
53.6479	42
53.8024	43
54.0545	44
54.4028	45
56.2409	30
56.3727	31
56.3738	32
56.4962	33
56.5739	34
56.6863	35
56.7567	36
56.8812	37
57.0141	38
57.0845	39
57.2153	40
57.3603	41
57.4874	27
57.5473	28
57.6582	29
57.7837	30
57.9508	31
58.1472	32
58.4026	33
58.7881	34
61.4683	35
61.8602	36
62.0619	37
62.2594	38
62.4569	39
62.5914	40
62.727	41
62.8635	42
62.9318	43
63.0705	44
63.1319	45
63.2123	46
63.3242	47
63.3899	48
63.4561	49
63.5249	50
63.5947	51
63.5968	34
63.6636	35
63.6646	36
63.7807	37
63.8432	38
63.9656	39
64.0276	40
64.0964	41
64.2215	42
64.2913	43
64.4232	44
64.5624	45
64.648	46
64.8061	47
64.9879	48
65.1786	49
65.4412	50
65.7842	51
68.3426	34
68.4119	35
68.4713	36
68.5333	37
68.5968	38
68.6719	39
68.7917	40
68.8584	41
68.9393	42
69.0654	43
69.1374	28
69.2025	29
69.2035	30
69.4236	31
69.596	32
69.7241	33
69.9595	34
70.2143	35
70.54	36
73.2853	37
73.6299	38
73.7018	25
73.7664	26
73.82	27
73.935	28
73.9955	29
74.1152	30
74.2387	31
74.3653	32
74.4956	33
74.6259	34
74.7645	35
74.9647	36
75.2326	37
75.5614	38
77.1878	39
78.6455	40
78.8819	41
79.0737	42
79.2596	43
79.3899	44
79.5234	45
79.6605	46
79.7419	47
79.8012	31
79.8748	32
79.9189	33
79.9851	34
80.0733	35
80.181	36
80.2372	37
80.3449	38
80.4595	39
80.5755	40
80.6937	41
80.8141	42
80.9365	43
81.125	44
81.3173	45
81.5742	46
81.9041	47
83.4554	31
83.5247	32
83.5852	33
83.6487	34
83.7149	35
83.842	36
83.9082	37
83.9823	38
84.1147	39
84.1866	25
84.2433	26
84.2444	27
84.4524	28
84.5985	29
84.7645	30
84.9961	31
85.2399	32
85.5614	33
88.2789	34
88.6619	35
88.9051	36
89.0974	37
89.2398	38
89.4352	39
89.515	40
89.6332	41
89.7424	42
89.8449	43
89.9636	44
90.0261	45
90.1501	46
90.2136	47
90.2783	48
90.3429	49
90.4096	50
90.4768	51
90.5457	52
90.6149	53
90.678	54
90.74	55
90.803	56
90.8671	57
90.8871	58
90.9401	59
91.0005	60
91.0694	61
91.0893	62
91.1392	63
91.1413	42
91.2206	43
91.2689	44
91.323	45
91.3787	46
91.4365	47
91.5064	48
91.6067	49
91.665	50
91.7354	51
91.8458	52
91.9083	53
92.0312	54
92.1037	55
92.2198	56
92.3485	57
92.4788	58
92.6101	59
92.7719	60
92.9684	61
93.2163	62
93.5694	63
94.3379	42
94.4035	43
94.4387	44
94.4398	45
94.5538	46
94.6195	47
94.6893	48
94.7933	49
94.8559	50
94.9194	51
95.0019	52
95.1175	53
95.1852	54
95.3234	55
95.3953	56
95.5256	57
95.6627	58
95.7988	59
95.9553	60
96.1801	61
96.3992	62
96.781	63
99.466	64
99.819	65
99.8311	44
99.8983	45
99.934	46
99.9923	47
100.051	48
100.114	49
100.184	50
100.257	51
100.356	52
100.419	53
100.497	54
100.615	55
100.682	56
100.817	57
100.89	58
101.023	59
101.152	60
101.284	61
101.45	62
101.572	42
101.633	43
101.634	44
101.821	45
101.924	46
102.052	47
102.198	48
102.364	49
102.561	50
102.836	51
103.161	52
105.89	53
106.231	54
106.308	36
106.371	37
106.42	38
106.475	39
106.543	40
106.655	41
106.718	42
106.782	43
106.914	44
106.983	45
107.055	30
107.12	31
107.121	32
107.33	33
107.475	34
107.642	35
107.868	36
108.107	37
108.482	38
111.153	39
111.552	40
111.759	41
111.953	42
112.152	43
112.29	44
112.356	29
112.422	30
112.423	31
112.541	32
112.665	33
112.729	34
112.806	35
112.926	36
113.063	37
113.134	38
113.264	39
113.436	40
113.576	41
113.773	42
114.032	43
114.373	44
