10.1047	4.93038
10.1709	10.8775
10.2407	6.87125
11.2045	0.5354
11.2832	8.22949
11.3499	9.89368
11.4099	17.9996
11.4709	16.1474
11.5317	9.06932
11.6012	7.2558
11.6615	13.7195
11.722	11.7193
11.8013	8.32019
11.8743	8.38113
11.9352	10.0429
11.9962	10.0429
12.0582	9.48553
12.1228	9.84279
12.1879	9.76341
12.2546	9.89251
12.3224	9.56206
12.3907	9.66422
12.4605	9.79318
12.5267	6.89122
12.5877	10.6344
12.6486	10.4367
12.74	6.30143
12.8004	9.73298
12.8613	9.64907
12.9218	9.13708
12.9827	9.25523
13.0436	9.45215
13.1046	9.45215
13.2023	5.77208
13.2638	8.59042
13.3257	8.7112
13.3883	8.44604
13.4502	8.51762
13.5122	8.51762
13.5753	8.56601
13.6383	8.75637
13.7019	8.684
13.766	8.80006
13.8301	8.61282
13.8942	8.61282
13.9582	8.61282
14.0223	8.61282
14.0864	8.61282
14.1505	8.80006
14.2157	8.84233
14.2808	8.84233
14.3459	8.84233
14.4111	8.84233
14.4762	8.84233
14.5414	8.84233
14.6065	8.84233
14.6716	8.84233
14.7368	8.84233
14.8019	8.84233
14.8671	8.84233
14.9322	8.84233
14.9973	8.84233
15.0625	8.84233
15.1276	8.84233
15.1928	8.84233
15.2579	8.84233
15.3231	8.84233
15.3882	8.84233
15.4533	8.84233
15.5185	8.84233
15.5836	8.84233
15.6488	8.84233
15.7139	8.84233
15.779	8.84233
15.8442	8.84233
15.9093	8.84233
15.9745	8.84233
16.0396	8.84233
16.1047	8.84233
16.1699	8.84233
16.235	8.84233
16.3012	8.70198
16.3685	8.56601
16.4362	8.49961
16.5035	8.56601
16.5707	8.56601
16.639	8.43423
16.7063	8.56601
16.774	8.49961
16.8423	8.60994
16.9116	8.30939
16.9747	9.14066
17.0382	9.06157
17.1023	8.98729
17.1659	9.06157
17.2315	8.95434
17.2993	8.85376
17.3676	8.78565
17.4375	8.75923
17.512	7.24089
17.5746	6.71886
17.6386	6.55323
17.7033	6.87138
17.7689	6.76144
17.8372	6.6771
17.9071	6.69823
17.9754	4.56993
18.0358	5.95935
18.0962	5.16444
18.1587	5.37475
18.2217	5.32996
18.2858	5.42982
18.3499	5.24259
18.4161	5.25745
18.4844	5.27139
18.5532	5.40552
18.623	5.15613
18.684	6.69527
18.7444	6.1576
18.8048	5.95896
18.8657	5.90759
18.9293	6.04104
18.9934	6.17876
19.0596	5.80132
19.1263	5.75564
19.193	5.75564
19.2618	5.5799
19.3322	5.45688
19.3931	4.33343
19.4541	5.71141
19.5145	5.5617
19.5754	5.71067
19.6358	5.16444
19.6962	5.36307
19.7572	4.923
19.8176	4.36991
19.878	4.17128
19.9384	3.57538
20.003	4.82854
20.0698	5.21605
20.1365	5.03619
20.2032	5.21605
20.2715	5.27139
20.3403	5.23115
20.4086	5.4471
20.4774	5.23115
20.5473	5.15431
20.6108	5.85226
20.676	5.89489
20.7422	5.80132
20.8089	5.9355
20.8766	5.66641
20.9444	5.66641
21.0122	5.66641
21.081	5.5799
21.1509	5.49599
21.2202	3.80825
21.2848	4.08725
21.3515	4.13711
21.4172	4.20306
21.4834	4.35099
21.5495	4.53228
21.6163	4.49659
21.6851	4.53367
21.7544	4.67237
21.8242	4.64052
21.8847	3.77376
21.9456	5.51411
22.0538	2.88306
22.1142	4.56854
22.1752	4.72608
22.2356	4.56854
22.296	4.36991
22.3569	4.33224
22.4179	3.9384
22.4788	4.13532
22.5397	3.9384
22.6002	3.57538
22.6606	3.17811
22.7215	3.54456
22.7851	4.15322
22.8481	4.18783
22.9112	4.37818
22.9742	4.18783
23.0383	4.11917
23.1034	4.05274
23.1686	4.05274
23.2337	4.05274
23.2989	4.05274
23.3645	4.02031
23.4297	4.05274
23.4948	4.05274
23.5599	4.05274
23.6251	4.05274
23.6902	4.05274
23.7554	4.05274
23.8205	4.05274
23.8856	4.05274
23.9508	4.05274
24.0159	4.05274
24.0811	4.05274
24.1462	4.05274
24.2114	4.05274
24.2765	4.05274
24.3416	4.05274
24.4073	4.02031
24.4724	4.05274
24.5376	4.05274
24.6027	4.23695
24.6689	4.35099
24.7356	4.31673
24.8029	4.28301
24.8701	4.28301
24.9374	4.28301
25.0051	4.2498
25.0724	4.28301
25.1396	4.28301
25.2074	4.2498
25.2757	4.21711
25.3445	4.18492
25.4128	4.21711
25.4816	4.18492
25.5509	4.15322
25.6208	4.12199
25.6901	4.1547
25.7563	4.35099
25.8225	4.35099
25.8898	4.28301
25.9575	4.42688
26.0269	4.1547
26.0909	4.49365
26.1571	4.35099
26.2249	4.42688
26.2942	4.49932
26.3646	4.43372
26.4303	4.93588
26.4907	7.15076
26.5511	7.74665
26.6514	4.06624
26.7118	7.34939
26.7722	6.95213
26.8327	6.75349
26.8931	6.1576
26.9535	5.95896
27.0144	6.10451
27.0748	5.5617
27.1358	5.71067
27.1962	4.9658
27.2582	5.03314
27.3244	6.1639
27.3911	6.29523
27.4578	6.29523
27.5266	6.45175
27.5954	6.45175
27.6653	6.69823
27.7346	4.50227
27.795	10.3295
27.8785	4.30994
27.9395	9.64907
28.0325	4.77503
28.0929	8.54118
28.1538	8.86139
28.25	4.49365
28.3109	8.07371
28.3713	7.54802
28.4322	7.67987
28.4927	6.75349
28.5536	7.67987
28.6145	7.48295
28.675	7.34939
28.7359	6.69527
28.7968	6.30143
28.8578	6.49835
28.9182	5.95896
28.9791	6.30143
29.0401	6.10451
29.1005	5.95896
29.1656	7.00018
29.2308	7.00018
29.2959	7.00018
29.361	7.1844
29.4262	7.00018
29.4918	6.94418
29.557	7.00018
29.6221	7.00018
29.6873	7.1844
29.7535	7.25165
29.8196	7.25165
29.8858	7.25165
29.952	7.25165
30.0182	7.25165
30.0844	7.25165
30.1506	7.25165
30.2168	7.25165
30.283	7.25165
30.3492	7.25165
30.4154	7.25165
30.4816	7.25165
30.5478	7.25165
30.614	7.25165
30.6801	7.25165
30.7463	7.25165
30.8125	7.25165
30.8787	7.25165
30.9449	7.25165
31.0116	7.19455
31.0789	7.13834
31.1461	7.13834
31.2134	7.13834
31.2806	7.13834
31.3478	7.13834
31.4151	7.13834
31.4823	7.13834
31.5496	7.13834
31.6168	7.13834
31.6841	7.13834
31.7513	7.13834
31.8191	7.08301
31.8874	7.02852
31.9556	7.02852
32.0239	7.02852
32.0922	7.02852
32.1616	6.92203
32.2304	6.97487
32.2997	6.92203
32.3696	6.87484
32.4321	7.87017
32.4951	7.61423
32.5592	7.48941
32.6228	7.5513
32.6874	7.42852
32.7531	7.4924
32.8203	7.49526
32.8881	7.43716
32.9569	7.32361
33.0273	7.33269
33.0924	5.15967
33.1533	6.49877
33.2142	7.28603
33.2752	6.69527
33.3356	6.55486
33.3965	6.89219
33.4569	6.35623
33.5179	6.49835
33.5788	5.90759
33.6392	5.76033
33.6997	5.36307
33.7622	5.75866
33.8278	6.5787
33.894	6.70778
33.9613	6.42451
34.0285	6.60297
34.0984	6.52649
34.1682	6.7006
34.2297	7.4215
34.2901	5.76071
34.3505	7.94529
34.4482	4.29836
34.5091	8.07371
34.5696	7.54802
34.6683	3.64511
34.7287	6.95213
34.7897	7.08911
34.8501	6.95213
34.9105	6.35623
34.9709	6.35623
35.0318	6.49835
35.0923	5.95896
35.1527	5.95896
35.2136	5.90759
35.274	5.76033
35.3344	5.5617
35.3954	5.51375
35.4558	5.16444
35.5167	5.51375
35.5771	5.16444
35.6391	5.4203
35.7037	6.12853
35.7678	5.99153
35.8325	5.94282
35.8976	5.89489
35.9627	5.89489
36.0284	5.84773
36.0935	5.89489
36.1587	5.89489
36.2243	5.84773
36.2905	5.80132
36.3567	5.80132
36.4229	5.80132
36.4896	5.75564
36.5558	5.80132
36.6226	5.75564
36.6898	5.71067
36.7576	5.66641
36.8253	5.66641
36.8936	5.62282
36.9619	5.62282
37.0307	5.5799
37.0996	5.5799
37.1689	5.53762
37.2387	5.49793
37.3054	5.75777
37.3727	5.71067
37.4399	5.71067
37.5072	5.71067
37.5749	5.66641
37.6432	5.62282
37.7126	5.53762
37.7819	5.53762
37.8523	5.4588
37.9174	3.86829
37.9778	4.96613
38.0387	5.11991
38.0992	4.9658
38.1596	4.36991
38.22	4.56854
38.2809	4.923
38.3413	4.36991
38.4028	4.29521
38.4669	5.05535
38.5315	4.82854
38.5956	5.05535
38.6607	5.15803
38.7264	5.29951
38.7931	5.03619
38.8593	5.07616
38.9255	5.25745
38.9933	5.31226
39.0605	5.35376
39.1278	5.53222
39.195	5.35376
39.2622	5.35376
39.33	5.31226
39.3983	5.4471
39.4676	5.53762
39.5375	5.49793
39.6047	5.71067
39.672	5.71067
39.7392	5.88913
39.807	5.66641
39.8758	5.5799
39.9452	5.53762
40.015	5.49599
40.0843	3.63515
40.149	4.08594
40.213	4.30641
40.2777	4.08569
40.3433	4.20306
40.4106	4.46146
40.4783	4.2498
40.5456	4.46146
40.6149	4.49932
40.6843	4.67237
40.7536	4.67403
40.814	7.15076
40.8744	7.34939
40.9348	7.15076
41.0373	3.74855
41.0977	6.1576
41.1581	5.95896
41.2196	5.46663
41.281	6.05234
41.3435	5.75866
41.4061	5.75866
41.4701	5.61706
41.5348	5.7571
41.6009	5.80132
41.6677	5.75564
41.7344	5.75564
41.8027	5.62282
41.8699	5.88913
41.9377	5.66641
42.0065	5.5799
42.0748	5.62282
42.1436	5.5799
42.2135	5.49793
42.2807	5.71067
42.3485	5.66641
42.4173	5.5799
42.4871	5.49793
42.556	5.5799
42.6242	5.62282
42.6936	5.53762
42.7629	5.53762
42.8328	5.49987
42.8989	5.80132
42.9636	5.94282
43.0292	5.84773
43.0949	5.84773
43.1616	5.75564
43.2289	5.71067
43.2966	5.66641
43.3644	5.66641
43.4332	5.5799
43.5031	5.49599
43.5724	3.63515
43.637	4.08594
43.7011	4.30641
43.7652	4.11917
43.8298	4.2714
43.896	4.53228
43.9622	4.35099
44.0289	4.49659
44.0962	4.63992
44.1634	4.81838
44.2306	4.63992
44.2979	4.81838
44.3662	4.91997
44.435	5.05678
44.5043	4.84887
44.5652	7.28603
44.6262	6.69527
44.6871	6.89219
44.748	6.30143
44.8085	5.95896
44.8689	5.95896
44.9293	5.5617
44.9902	6.10451
45.0512	5.51375
45.1116	5.16444
45.172	5.16444
45.2366	5.94282
45.3012	5.94282
45.3669	6.03047
45.432	5.89489
45.4977	5.84773
45.5644	5.75564
45.6311	5.75564
45.6984	5.71067
45.7661	5.66641
45.8339	5.66641
45.9022	5.62282
45.971	5.5799
46.0393	5.62282
46.1081	5.5799
46.1775	5.53762
46.2473	5.49793
46.3167	5.53762
46.385	5.62282
46.4538	5.5799
46.5231	5.53762
46.593	5.49793
46.6628	5.49793
46.7321	5.53959
46.7931	7.87679
46.8535	7.54802
46.9139	7.15076
46.9748	7.48295
47.0352	7.34939
47.0962	6.69527
47.1571	7.08911
47.2175	6.75349
47.2785	6.69527
47.3389	6.35623
47.3998	6.69527
47.4608	6.30143
47.5217	5.90759
47.5826	5.90759
47.643	5.5617
47.7035	5.5617
47.7639	5.5617
47.8269	6.09139
47.8915	6.31424
47.9572	6.21321
48.0223	6.26332
48.088	6.21321
48.1531	6.26332
48.2193	6.1639
48.2866	6.06759
48.3543	6.02056
48.4216	6.24605
48.4894	6.02056
48.5587	5.88373
48.627	5.97424
48.6958	6.10301
48.7662	6.14115
48.8266	9.73298
48.8875	9.05831
48.9479	8.73981
49.0451	5.30938
49.106	7.87679
49.1665	8.14392
49.2274	7.48295
49.2883	7.67987
49.3493	7.08911
49.4128	7.74009
49.4769	7.48941
49.5421	7.55283
49.6088	7.55428
49.6766	7.61423
49.7449	7.55566
49.8157	7.61646
49.8845	5.23273
49.9455	10.832
50.0337	5.1668
50.0947	10.6337
50.1877	5.93652
50.2481	9.73298
50.309	9.25523
50.4062	5.43286
50.4671	8.46755
50.5281	8.86139
50.5885	8.34255
50.6489	8.54118
50.7098	8.27063
50.7702	7.74665
50.8312	7.48295
50.8916	7.34939
50.952	6.75349
51.0124	6.75349
51.0728	6.95213
51.1343	7.02852
51.2005	7.61423
51.2667	7.61423
51.3334	7.73414
51.4012	7.43716
51.4689	7.43716
51.5378	7.49798
51.6076	7.55698
51.6774	7.56232
51.7436	7.97682
51.8046	9.45215
51.8655	8.86139
51.9265	8.66447
51.9869	7.94529
52.051	8.23835
52.1161	8.10547
52.1812	8.10547
52.2495	7.73137
52.3189	7.61423
52.3887	7.55965
52.4491	6.75581
52.51	9.6497
52.6067	4.9658
52.6671	8.73981
52.7275	8.34255
52.7885	8.46755
52.8904	4.82758
52.9513	8.07371
53.0123	7.48295
53.0732	7.28603
53.1336	6.75349
53.1951	6.63805
53.2581	7.42388
53.3222	7.11494
53.3868	7.24281
53.452	7.36861
53.5176	7.4924
53.5828	7.36861
53.6479	7.36861
53.7136	7.4924
53.7814	7.43716
53.8496	7.55566
53.9179	7.37995
53.9862	7.37995
54.0545	7.37995
54.1233	7.49798
54.1927	7.61423
54.262	7.61423
54.3314	7.61423
54.4007	7.61423
54.4701	7.78728
54.5394	7.61965
54.5998	9.13708
54.6607	9.05831
54.7216	8.66447
54.7826	8.66447
54.8435	8.27063
54.9045	8.27063
54.9675	8.37566
55.0311	8.30644
55.0946	8.30644
55.1587	8.23835
55.2239	8.10547
55.289	8.10547
55.3547	8.04063
55.4203	8.04063
55.4871	7.91401
55.5543	7.85218
55.6221	7.79131
55.6898	7.79131
55.7571	7.85218
55.8243	7.85218
55.8921	7.79131
55.9609	7.67236
56.0303	7.61423
56.0996	7.61423
56.1689	7.61423
56.2388	7.55698
56.3087	5.15402
56.3706	5.80978
56.4331	5.95099
56.4962	6.09139
56.5592	6.28174
56.6223	6.28174
56.6863	6.366
56.7504	6.55323
56.815	6.49995
56.8812	6.52649
56.9474	6.70778
57.0141	6.4751
57.0803	6.70778
57.1476	6.95988
57.2153	6.72886
57.2836	6.85281
57.353	6.92203
57.4228	7.04422
57.4864	7.55377
57.5468	5.5617
57.6072	7.34987
57.6676	7.34939
57.728	7.15076
57.8294	3.66903
57.8904	5.90759
57.9508	5.95896
58.0117	6.10451
58.0747	5.71067
58.1378	5.71067
58.2024	5.7571
58.2681	5.84773
58.3343	5.80132
58.4026	5.62282
58.4708	5.79853
58.5402	5.53959
58.6016	6.24758
58.6631	6.24758
58.7251	6.19463
58.7881	6.09139
58.8522	6.17876
58.9189	6.11537
58.9851	6.1639
59.0518	6.11537
59.1196	6.02056
59.1884	5.92864
59.2567	5.97424
59.3255	5.92864
59.3944	5.92864
59.4637	5.88373
59.5335	5.84155
59.5976	6.36845
59.658	6.75349
59.72	6.58179
59.783	6.4721
59.8456	6.52649
59.9086	6.4721
59.9732	6.31424
60.0394	6.1639
60.1046	6.26332
60.1713	6.11537
60.2385	6.06759
60.3068	5.97424
60.374	6.06759
60.4418	6.02056
60.5112	5.88373
60.5815	5.79794
60.6466	6.26569
60.7081	6.63805
60.7696	6.63805
60.831	6.63805
60.8936	6.52649
60.9566	6.4721
61.0202	6.41861
61.0837	6.41861
61.1468	6.4721
61.2098	6.4721
61.2734	6.41861
61.338	6.31424
61.4031	6.26332
61.4683	6.26332
61.5334	6.44754
61.5985	6.26332
61.6642	6.21321
61.7299	6.21321
61.795	6.26332
61.8602	6.26332
61.9253	6.44754
61.9915	6.52649
62.0577	6.52649
62.1239	6.70778
62.1901	6.52649
62.2563	6.52649
62.3225	6.70778
62.3897	6.78143
62.4569	6.78143
62.5242	6.95988
62.5914	6.78143
62.6587	6.95988
62.727	7.02852
62.7953	7.20424
62.8635	7.02852
62.9318	7.20424
63.0012	7.44118
63.0705	7.27331
63.1319	8.39518
63.1955	8.49522
63.2591	8.49522
63.3242	8.4739
63.3899	8.58885
63.4561	8.52069
63.5249	8.54422
63.5947	8.4187
63.6604	6.21284
63.7208	7.34987
63.7818	7.28603
63.8422	6.75349
63.9036	7.22376
63.9656	7.35612
64.0276	7.54971
64.0901	7.48626
64.1553	7.55283
64.2215	7.25165
64.2882	7.37441
64.3554	7.67372
64.4232	7.43716
64.492	7.49798
64.5624	7.50322
64.6301	7.97128
64.6905	10.1302
64.7509	9.53434
64.8114	9.73298
64.8723	9.05831
64.9332	9.45215
64.9942	9.25523
65.0546	8.34255
65.1155	8.27063
65.1786	8.75637
65.2432	9.09994
65.3083	8.84233
65.3745	8.70198
65.4412	8.63346
65.5085	8.74447
65.5768	8.78565
65.6456	8.71859
65.7144	8.71859
65.7842	8.59051
65.8457	9.96107
65.9071	9.76184
65.9691	9.67911
66.0311	9.67911
66.0936	9.59777
66.1562	9.59777
66.2192	9.51779
66.2828	9.43913
66.3458	9.51779
66.4094	9.43913
66.4735	9.36176
66.5375	9.36176
66.6022	9.28565
66.6663	9.36176
66.7303	9.36176
66.795	9.28565
66.8601	9.21077
66.9252	9.21077
66.9904	9.21077
67.056	9.13708
67.1212	9.21077
67.1869	9.13708
67.253	9.06456
67.3192	9.06456
67.386	8.99319
67.4532	8.92293
67.5204	8.92293
67.5882	8.85376
67.6555	8.92293
67.7227	8.92293
67.7905	8.85376
67.8588	8.78565
67.927	8.78565
67.9959	8.71859
68.0642	8.78565
68.1325	8.78565
68.2013	8.71859
68.2706	8.65254
68.3405	8.58748
68.4098	5.88548
68.4713	6.63848
68.5333	6.77538
68.5968	6.98496
68.6604	6.98496
68.7255	7.1844
68.7917	6.88907
68.8584	7.01469
68.9267	7.20424
68.9956	7.14924
69.0654	7.21348
69.1358	7.33269
69.2004	5.20163
69.2613	8.4681
69.3223	7.87679
69.4236	4.26081
69.4846	7.67987
69.5455	7.08911
69.6065	7.28603
69.6674	6.69527
69.7283	6.89219
69.7893	6.30143
69.8502	6.30143
69.9112	6.30143
69.9721	6.10451
70.033	5.90759
70.0934	5.5617
70.1544	5.11991
70.2153	5.71067
70.2789	6.04104
70.343	6.366
70.4076	6.31424
70.4733	6.21321
70.54	6.11537
70.6072	6.24605
70.6755	6.32567
70.7449	6.22983
70.8131	6.32567
70.882	6.27738
70.9508	6.27738
71.0201	6.22983
71.09	6.18517
71.154	6.74306
71.2145	7.15076
71.2759	7.02852
71.339	6.85281
71.4025	6.79617
71.4671	6.68567
71.5323	6.63175
71.599	6.4751
71.6657	6.4751
71.7335	6.37471
71.8028	6.22983
71.8722	6.22983
71.942	6.18735
72.0024	7.54802
72.0628	7.94529
72.1232	7.54802
72.1836	7.54802
72.2446	7.08911
72.305	6.75349
72.3654	6.75349
72.4263	6.30143
72.4878	6.63805
72.5514	6.79617
72.616	6.68567
72.6806	6.68567
72.7463	6.5787
72.813	6.4751
72.8797	6.4751
72.9464	6.4751
73.0142	6.37471
73.082	6.37471
73.1492	6.42451
73.217	6.37471
73.2853	6.32567
73.3541	6.45175
73.4224	6.32567
73.4912	6.27738
73.5605	6.22983
73.6299	6.22983
73.6997	6.35698
73.7638	4.68239
73.8242	6.75393
73.8846	6.35623
73.9456	6.49835
74.006	5.76033
74.0669	5.90759
74.1278	5.71067
74.1888	5.51375
74.2492	5.36307
74.3101	5.11991
74.3705	4.9658
74.4315	4.72608
74.4956	5.24259
74.5607	6.0791
74.6259	5.89489
74.6915	6.03047
74.7593	6.02056
74.8276	6.14996
74.8964	5.92864
74.9647	5.97424
75.033	6.14996
75.1034	6.139
75.1685	6.63426
75.2326	6.74047
75.2951	7.10235
75.3576	6.9104
75.4212	6.79617
75.4858	6.68567
75.552	6.52649
75.6171	6.81597
75.6833	6.88907
75.75	6.83482
75.8178	6.72886
75.8861	6.6771
75.9549	6.62613
76.0232	6.6771
76.0915	6.6771
76.1608	6.57593
76.2302	6.57593
76.2995	6.57593
76.3689	6.57593
76.4382	6.57593
76.5081	6.52879
76.5732	7.00018
76.6383	7.00018
76.704	6.94418
76.7702	6.88907
76.8369	6.83482
76.9031	6.88907
76.9698	6.83482
77.0371	6.78143
77.1048	6.72886
77.1721	6.78143
77.2393	6.95988
77.3071	6.72886
77.3759	6.62613
77.4442	6.6771
77.513	6.62613
77.5818	6.62613
77.6512	6.57593
77.721	6.52879
77.7872	6.89164
77.8534	6.88907
77.9169	7.17374
77.981	7.11494
78.0462	7.00018
78.1124	6.88907
78.1786	6.88907
78.2458	6.78143
78.3136	6.72886
78.3819	6.6771
78.4507	6.62613
78.52	6.57593
78.5898	6.5311
78.6508	9.64907
78.7112	8.73981
78.7716	8.34255
78.832	8.34255
78.8924	8.14392
78.9528	7.54802
79.0133	7.54802
79.0737	7.15076
79.1346	7.28603
79.195	6.75349
79.2596	7.79995
79.3243	7.98566
79.3899	7.67515
79.4556	7.85789
79.5234	7.79131
79.5922	7.84673
79.6605	7.73137
79.7293	7.84673
79.8002	7.95497
79.8685	5.44876
79.9294	10.4381
80.0208	5.90759
80.0817	10.0429
80.1427	9.45215
80.2351	5.06173
80.2961	9.64907
80.3565	9.33571
80.4169	8.73981
80.4773	8.54118
80.5755	5.13045
80.636	8.54118
80.6969	8.46755
80.7573	7.94529
80.8183	8.46755
80.8787	7.94529
80.9396	8.07371
81	7.54802
81.062	7.74329
81.125	7.99494
81.1886	8.11765
81.2532	8.17137
81.3173	8.23835
81.3814	8.42559
81.4455	8.23835
81.5096	8.23835
81.5742	8.17137
81.6393	8.28969
81.7055	8.3394
81.7717	8.3394
81.8379	8.3394
81.9041	8.3394
81.9703	8.52069
82.0365	8.3394
82.1027	8.3394
82.1689	8.3394
82.2356	8.27373
82.3018	8.3394
82.368	8.3394
82.4342	8.3394
82.5004	8.3394
82.5671	8.27373
82.6343	8.20909
82.7016	8.20909
82.7688	8.20909
82.8366	8.14546
82.9038	8.20909
82.9716	8.14546
83.0399	8.0828
83.1082	8.0828
83.177	8.0211
83.2453	8.0828
83.3141	8.0211
83.3834	7.96033
83.4533	7.90048
83.5226	5.36618
83.5852	6.14296
83.6487	6.22983
83.7118	6.28174
83.7764	6.49995
83.842	6.21321
83.9082	6.34519
83.976	6.55178
84.0448	6.45175
84.1147	6.52649
84.185	6.65291
84.2454	6.75349
84.3411	5.52241
84.402	9.45215
84.4913	4.16543
84.5522	8.66447
84.6521	4.92921
84.7125	7.54802
84.7729	7.34939
84.8333	7.15076
84.9363	3.96251
84.9972	6.49835
85.0581	6.30143
85.1185	5.5617
85.1795	5.90759
85.2399	5.5617
85.3008	6.10451
85.3644	6.04104
85.4295	5.89489
85.4952	5.84773
85.5604	5.89489
85.626	6.03047
85.6922	5.80132
85.7584	5.80132
85.8246	5.80132
85.8913	5.75564
85.958	5.75564
86.0253	5.71067
86.093	5.66641
86.1613	5.62282
86.2296	5.62282
86.2979	5.62282
86.3662	5.62282
86.435	5.5799
86.5033	5.62282
86.5716	5.62282
86.6399	5.62282
86.7082	5.62282
86.7765	5.62282
86.8448	5.62282
86.9131	5.62282
86.9814	5.62282
87.0497	5.62282
87.118	5.62282
87.1863	5.62282
87.2545	5.62282
87.3228	5.62282
87.3911	5.62282
87.4594	5.62282
87.5277	5.62282
87.596	5.62282
87.6643	5.62282
87.7326	5.62282
87.8009	5.62282
87.8692	5.62282
87.9375	5.62282
88.0058	5.62282
88.0741	5.62282
88.1424	5.62282
88.2107	5.62282
88.2789	5.62282
88.3472	5.79853
88.4171	5.83949
88.487	5.84155
88.5479	7.87679
88.6083	7.54802
88.6692	7.67987
88.7302	7.08911
88.7906	6.75349
88.8515	6.30143
88.9125	6.89219
88.9734	6.30143
89.0343	5.51375
89.0974	6.09139
89.1636	6.70778
89.2303	6.4751
89.297	6.65496
89.3653	6.6771
89.4352	6.52879
89.5045	6.75138
89.5649	8.9421
89.6258	10.2398
89.6867	10.0429
89.7477	9.64907
89.8449	5.67981
89.9058	9.25523
89.9667	8.86139
90.0272	8.54118
90.0876	7.94529
90.1501	8.06213
90.2136	8.49522
90.2783	8.72851
90.3429	8.72851
90.4096	8.81332
90.4768	8.74447
90.5457	8.89296
90.6149	8.83187
90.678	10.0889
90.74	10.2599
90.803	10.4696
90.8671	10.2979
90.9328	10.599
91.0005	10.4474
91.0694	10.2879
91.1392	10.6485
91.2085	7.27248
91.2689	8.5423
91.3293	11.1234
91.3903	10.8306
91.4512	10.8306
91.5116	10.5275
91.5721	10.3289
91.665	6.8399
91.726	10.4367
91.7869	10.0429
91.8479	10.0429
91.9083	9.53434
91.9692	10.0429
92.0312	10.0663
92.0932	10.2599
92.1567	10.383
92.2198	10.2792
92.2834	10.383
92.3485	10.3161
92.4136	10.5003
92.4788	10.3161
92.5439	10.5003
92.6101	10.5149
92.6763	10.6962
92.7425	10.5149
92.8087	10.6962
92.8759	10.7075
92.9432	10.7075
93.0104	10.886
93.0777	10.7075
93.1449	10.7075
93.2121	10.7075
93.2794	10.886
93.3477	10.8942
93.416	10.8942
93.4843	10.8942
93.5526	10.8942
93.6208	11.0699
93.6891	10.8942
93.758	10.811
93.8263	10.8942
93.8945	10.8942
93.9628	10.8942
94.0317	10.811
94.101	10.7291
94.1703	10.7291
94.2397	10.7291
94.3095	10.6522
94.382	9.10658
94.4429	10.4374
94.5039	9.84599
94.5643	9.73298
94.6247	9.73298
94.6851	9.53434
94.7461	9.64907
94.807	9.25523
94.8674	8.93845
94.9278	8.54118
94.9882	8.34255
95.0497	8.39518
95.1175	9.20791
95.1852	9.38498
95.2535	9.31279
95.3234	9.27448
95.3932	9.4529
95.4584	10.1318
95.5256	9.99368
95.5934	10.0933
95.6627	9.69429
95.7294	10.2522
95.7988	10.0369
95.8681	10.2136
95.929	11.82
95.9894	11.7193
96.0514	11.2278
96.1155	11.2341
96.1801	11.1428
96.2447	11.3285
96.3109	10.8775
96.3771	10.8775
96.4438	10.9717
96.5116	10.9787
96.5799	10.8942
96.6492	10.7291
96.7191	10.6522
96.781	12.0069
96.843	12.1957
96.9055	11.9012
96.968	11.9012
97.0311	11.8021
97.0946	11.7045
97.1577	11.8021
97.2207	11.8021
97.2843	11.7045
97.3484	11.6086
97.413	11.5142
97.4771	11.6086
97.5412	11.6086
97.6058	11.5142
97.6709	11.4213
97.7361	11.4213
97.8012	11.4213
97.8669	11.33
97.932	11.4213
97.9972	11.4213
98.0623	11.4213
98.1274	11.4213
98.1926	11.4213
98.2583	11.33
98.3244	11.2401
98.3906	11.2401
98.4568	11.2401
98.523	11.2401
98.5892	11.2401
98.6554	11.2401
98.7216	11.2401
98.7878	11.2401
98.854	11.2401
98.9202	11.2401
98.9864	11.2401
99.0526	11.2401
99.1193	11.1516
99.1865	11.0644
99.2538	11.0644
99.321	11.0644
99.3888	10.9787
99.4565	10.9787
99.5238	11.2429
99.5921	11.2456
99.6604	11.2456
99.7297	11.0752
99.8001	10.9138
99.8757	9.67907
99.9361	9.93226
99.9965	9.73298
100.057	10.0429
100.118	10.0429
100.179	9.53434
100.239	9.33571
100.3	9.64907
100.361	9.33571
100.421	9.33571
100.484	9.21386
100.549	9.76341
100.615	9.71264
100.682	9.89251
100.749	9.89251
100.817	9.83993
100.886	9.93919
100.955	9.8674
101.023	10.2741
101.087	11.0469
101.152	10.6845
101.217	10.9571
101.284	10.7075
101.353	10.6367
101.422	10.4623
101.491	10.6367
101.561	10.5727
101.622	8.27344
101.682	13.5079
101.77	8.70198
101.831	12.7998
101.892	11.9179
101.976	7.51965
102.037	12.209
102.098	12.1166
102.158	11.5207
102.246	6.93439
102.307	10.7261
102.368	10.8306
102.428	10.3289
102.489	10.3289
102.549	10.3289
102.61	10.4367
102.67	9.93161
102.731	10.2398
102.792	10.2398
102.853	10.1302
102.914	9.84599
102.975	9.84599
103.035	9.53434
103.096	9.84599
103.157	9.84599
103.218	10.0429
103.278	9.53434
103.339	9.45215
103.4	9.45215
103.461	9.45215
103.522	9.45215
103.583	9.45215
103.643	9.13708
103.706	9.8985
103.769	9.8985
103.832	9.8985
103.895	9.8985
103.958	9.8985
104.022	9.8985
104.085	9.8985
104.148	9.8985
104.211	9.8985
104.274	9.8985
104.337	9.8167
104.401	9.73623
104.465	9.73623
104.53	9.73623
104.594	9.73623
104.658	9.73623
104.722	9.73623
104.786	9.73623
104.85	9.73623
104.914	9.73623
104.979	9.65708
105.043	9.73623
105.107	9.73623
105.171	9.73623
105.235	9.73623
105.299	9.73623
105.364	9.65708
105.429	9.5792
105.494	9.5792
105.56	9.42715
105.625	9.5792
105.691	9.5792
105.756	9.50256
105.823	9.35292
105.89	9.27985
105.958	9.38498
106.026	9.20791
106.093	9.20791
106.162	9.13708
106.231	8.99864
106.3	9.17495
106.363	6.85506
106.424	9.13768
106.485	9.25523
106.546	8.46755
106.607	7.87679
106.667	7.74665
106.727	7.34939
106.788	6.89219
106.849	6.35623
106.914	7.30966
106.983	7.49798
107.054	7.67374
107.118	5.57318
107.179	11.2252
107.266	5.22905
107.327	9.93161
107.421	5.96448
107.482	9.33571
107.543	9.05831
107.639	4.99294
107.7	8.46755
107.761	8.27063
107.821	7.54802
107.882	8.07371
107.943	7.54802
108.003	7.54802
108.064	7.48295
108.125	7.28603
108.185	6.35623
108.246	6.69527
108.307	6.35623
108.367	6.69527
108.428	6.30143
108.489	6.49835
108.55	5.95896
108.611	5.90759
108.676	7.00018
108.742	6.94418
108.807	7.00018
108.872	7.00018
108.937	6.94418
109.003	7.00018
109.068	7.00018
109.133	7.00018
109.198	7.00018
109.263	7.00018
109.328	7.00018
109.393	7.00018
109.459	7.00018
109.524	7.00018
109.589	7.00018
109.654	7.00018
109.719	7.00018
109.784	7.00018
109.849	7.00018
109.915	7.00018
109.98	7.00018
110.045	7.00018
110.11	7.00018
110.175	7.00018
110.24	7.00018
110.305	7.00018
110.371	7.00018
110.436	7.00018
110.501	7.00018
110.566	7.00018
110.631	7.00018
110.696	7.00018
110.761	7.00018
110.827	7.00018
110.892	7.00018
110.957	7.00018
111.022	7.00018
111.087	7.00018
111.153	6.94418
111.219	7.07036
111.285	6.88907
111.351	6.88907
111.418	6.88907
111.485	6.78143
111.552	6.78143
111.62	6.90593
111.689	6.92203
111.759	6.87241
111.824	7.61714
111.888	7.48941
111.953	7.36861
112.017	7.61423
112.085	7.49526
112.152	7.49526
112.22	7.55566
112.29	7.21603
112.355	7.98822
112.421	5.25745
112.482	6.49877
112.542	6.1576
112.603	5.90759
112.665	5.8571
112.729	6.17876
112.793	6.12853
112.86	6.34519
112.926	6.11537
112.994	6.19763
113.063	6.22983
113.133	6.35923
113.194	8.46755
113.255	7.54802
113.315	7.34939
113.376	7.08911
113.436	7.15076
113.498	7.54971
113.562	7.48941
113.627	7.61423
113.693	7.30966
113.759	7.19455
113.827	7.3168
113.895	7.37995
113.964	7.32361
114.032	7.37995
114.101	7.49798
114.17	7.27072
114.237	7.55707
114.303	7.61423
114.369	7.61423
114.436	7.67372
114.506	7.61423
114.576	7.50322
114.642	7.97979
114.703	9.13708
114.763	8.73981
114.824	9.05831
114.885	8.73981
114.945	8.66447
115.006	8.34255
115.067	8.27063
115.13	8.30644
115.192	8.51762
115.254	8.51762
115.317	8.44604
115.38	8.37566
115.443	8.37566
115.507	8.23835
115.571	8.23835
115.635	8.23835
115.699	8.23835
115.764	8.17137
115.829	8.10547
115.894	8.10547
115.978	5.39392
