10.0342	34
10.0732	34
10.0895	37
10.2517	37
10.2748	36
10.287	36
10.3101	36
10.3228	36
10.3475	36
10.3581	37
10.3823	40
10.3934	41
10.417	43
10.4287	43
10.4534	45
10.4544	44
10.4649	43
10.4959	43
10.497	43
10.508	43
10.5395	43
10.5406	43
10.5521	43
10.5905	44
10.5915	45
10.6031	47
10.6362	52
10.6372	51
10.6488	52
10.6819	55
10.6829	54
10.6945	54
10.7355	58
10.7365	58
10.7376	57
10.7491	57
10.7954	57
10.7964	58
10.7975	58
10.809	58
10.8579	58
10.8589	59
10.86	59
10.8742	60
10.9225	66
10.9235	66
10.9246	66
10.9362	67
10.984	73
10.985	71
10.9861	70
10.9976	71
11.0517	76
11.0528	75
11.0538	74
11.0549	73
11.067	73
11.1226	72
11.2334	75
11.2345	73
11.2355	71
11.287	69
11.2881	67
11.2891	65
11.3411	64
11.3422	62
11.3432	61
11.3952	60
11.3963	59
11.3973	59
11.4515	58
11.4525	58
11.4536	58
11.5092	65
11.5103	64
11.5113	63
11.5691	70
11.5702	69
11.5712	68
11.6311	74
11.6322	73
11.6332	71
11.6931	78
11.6942	76
11.6952	74
11.7556	80
11.7567	78
11.7577	76
11.8197	82
11.8208	80
11.8218	78
11.8229	76
11.8885	75
11.8896	74
11.8906	74
11.8917	73
11.9579	72
11.9589	72
11.96	71
11.961	71
12.0272	71
12.0283	71
12.0293	71
12.0304	70
12.0966	70
12.0976	70
12.0987	70
12.0997	70
12.1659	69
12.167	69
12.168	69
12.1691	69
12.2353	69
12.2363	69
12.2374	69
12.2384	69
12.3046	69
12.3056	69
12.3067	69
12.3077	69
12.3739	69
12.375	69
12.376	69
12.3771	69
12.4433	69
12.4443	69
12.4454	69
12.4464	69
12.5126	69
12.5137	69
12.5147	69
12.5158	69
12.582	69
12.583	69
12.5841	69
12.5851	69
12.6513	69
12.6524	69
12.6534	69
12.6545	69
12.7207	69
12.7217	69
12.7228	69
12.7238	69
12.79	69
12.7911	69
12.7921	69
12.7932	69
12.8593	69
12.8604	69
12.8614	69
12.8625	69
12.9287	69
12.9297	69
12.9308	69
12.9318	69
12.998	69
12.9991	69
13.0001	69
13.0012	69
13.0674	69
13.0684	69
13.0695	69
13.0705	69
13.1367	69
13.1378	69
13.1388	69
13.1399	69
13.2061	69
13.2071	69
13.2082	69
13.2092	69
13.2754	69
13.2765	69
13.2775	69
13.2786	69
13.3448	69
13.3458	69
13.3469	69
13.3479	69
13.4141	69
13.4151	69
13.4162	69
13.4172	69
13.4834	69
13.4845	69
13.4855	69
13.4866	69
13.5528	69
13.5538	69
13.5549	69
13.5559	69
13.6221	69
13.6232	69
13.6242	69
13.6253	69
13.6915	69
13.6925	69
13.6936	69
13.6946	69
13.7608	69
13.7619	69
13.7629	69
13.764	69
13.8302	69
13.8312	69
13.8323	69
13.8333	69
13.8995	69
13.9006	69
13.9016	69
13.9027	69
13.9688	69
13.9699	69
13.9709	69
13.972	69
14.0382	69
14.0392	69
14.0403	69
14.0413	69
14.108	69
14.1091	69
14.1101	69
14.1112	69
14.1732	69
14.1742	68
14.1753	68
14.1763	67
14.2388	67
14.2399	67
14.2409	66
14.242	66
14.3061	66
14.3071	66
14.3082	67
14.3092	67
14.3723	67
14.3733	66
14.3744	66
14.3754	66
14.44	66
14.4411	67
14.4421	67
14.4432	67
14.5088	67
14.5099	67
14.5109	67
14.512	67
14.5792	67
14.7058	66
14.7068	66
14.7635	72
14.7646	70
14.8229	76
14.824	74
14.8865	80
14.8875	78
14.8886	76
14.9542	75
14.9553	74
14.9563	73
15.0225	73
15.0236	72
15.0246	71
15.0929	71
15.2153	69
15.2163	68
15.2725	66
15.2736	65
15.3314	71
15.3324	70
15.3928	76
15.3939	74
15.4554	80
15.4564	78
15.5184	84
15.5195	81
15.5846	87
15.5856	85
15.6529	91
15.6539	88
15.7217	94
15.7227	91
15.7863	96
15.7873	92
15.853	97
15.8541	93
15.9223	98
15.9234	95
15.9906	100
15.9917	96
16.0552	100
16.0563	96
16.1193	100
16.1204	96
16.1855	100
16.1866	96
16.2543	100
16.2554	96
16.3242	102
16.3252	98
16.3919	102
16.393	98
16.4586	102
16.4597	98
16.5259	102
16.5269	98
16.5931	102
16.5942	98
16.6604	103
16.6614	98
16.7292	103
16.7302	99
16.799	103
16.8001	99
16.8683	104
16.8694	100
16.934	104
16.9351	99
16.9976	103
16.9986	98
17.0617	101
17.0627	97
17.1263	101
17.1273	96
17.1914	100
17.1925	96
17.256	100
17.2571	96
17.3212	100
17.3222	95
17.3868	100
17.3879	95
17.4536	100
17.4546	96
17.5213	100
17.5224	96
17.5896	101
17.5907	97
17.6569	102
17.6579	97
17.7241	102
17.7251	98
17.7919	102
17.7929	98
17.8591	102
17.8602	98
17.9264	103
17.9274	98
17.9941	103
17.9952	98
18.0629	103
18.064	99
18.1323	103
18.1333	99
18.2016	104
18.2027	100
18.2715	104
18.2725	100
18.4711	104
18.5367	107
18.6029	110
18.6712	113
18.6723	108
18.7421	103
18.9391	106
19.0021	109
19.0678	111
19.1356	114
19.2049	117
19.2747	119
19.3393	121
19.3992	122
19.4607	122
19.5248	122
19.5899	123
19.6561	124
19.7249	125
19.7943	127
19.8641	128
20.0579	128
20.1241	129
20.1908	129
20.2597	130
20.33	131
20.7213	131
20.7881	131
20.8569	131
20.9257	132
20.9955	133
21.1946	125
21.2629	126
21.3328	127
21.4021	129
21.4714	130
21.536	130
21.5371	122
21.6022	115
21.6033	109
21.6684	104
21.6694	99
21.7351	95
21.7362	91
21.8029	88
21.8039	85
21.8717	83
21.8728	81
21.9421	80
21.9431	79
22.0109	77
22.0119	76
22.0781	75
22.0792	74
22.1448	73
22.1459	72
22.2126	72
22.2136	71
22.2814	71
22.2825	70
22.3513	70
22.3523	70
22.4211	70
22.4222	70
22.4893	70
22.4904	69
22.5513	68
22.5524	68
22.6133	67
22.6144	66
22.6737	65
22.6748	65
22.7352	64
22.7362	64
22.7982	64
22.7993	64
22.8629	64
22.8639	64
22.9285	64
22.9296	64
22.9963	64
22.9973	65
23.062	65
23.063	65
23.1281	65
23.1292	65
23.1954	65
23.1964	65
23.2642	66
23.2653	66
23.3341	67
23.3351	67
23.4039	67
23.4049	67
23.4711	67
23.4721	67
23.5383	67
23.5394	67
23.6045	67
23.6056	67
23.6707	67
23.6718	66
23.7395	67
23.7406	67
23.8084	67
23.8094	67
23.8772	67
23.8782	68
23.9465	68
23.9476	68
24.0169	68
24.0179	68
24.082	68
24.0831	68
24.1435	67
24.1445	66
24.2086	66
24.2097	66
24.2722	65
24.2732	65
24.3384	73
24.3394	72
24.4067	80
24.4077	78
24.475	85
24.476	83
24.5448	90
24.5458	88
24.6115	93
24.6125	90
24.6136	87
24.6782	85
24.6793	82
24.6803	80
24.7454	79
24.7465	77
24.7475	76
24.8148	75
24.8158	74
24.8169	73
24.8846	73
24.8857	73
24.8867	72
24.954	80
24.955	79
24.9561	78
25.017	85
25.018	82
25.0191	80
25.0779	85
25.079	82
25.08	79
25.0811	77
25.141	75
25.142	74
25.1431	72
25.1441	71
25.204	70
25.2051	69
25.2061	69
25.2072	68
25.2692	75
25.2702	74
25.2713	73
25.2723	72
25.3364	79
25.3374	78
25.3385	76
25.3395	75
25.3406	74
25.4063	74
25.4073	73
25.4084	73
25.4094	72
25.4105	72
25.4766	72
25.6032	78
25.6043	76
25.6053	74
25.6657	80
25.6668	78
25.6678	76
25.7277	82
25.7288	79
25.7298	77
25.7908	83
25.7918	80
25.7929	78
25.7939	76
25.8554	75
25.8564	74
25.8575	72
25.8585	71
25.9216	71
25.9226	70
25.9237	70
25.9247	69
25.9893	69
25.9904	69
25.9914	69
25.9925	69
26.0571	77
26.0582	76
26.0592	75
26.0603	74
26.1254	81
26.1264	80
26.1275	78
26.1285	77
26.1952	84
26.1963	83
26.3229	79
26.3239	77
26.325	74
26.3817	72
26.3828	71
26.3838	69
26.4416	68
26.4426	67
26.4437	66
26.5004	65
26.5015	64
26.5025	63
26.5619	63
26.5629	63
26.564	63
26.6255	70
26.6265	69
26.6276	69
26.6911	76
26.6922	75
26.6932	74
26.7589	81
26.7599	79
26.761	78
26.8261	85
26.8272	83
26.8282	81
26.8939	87
26.895	85
26.896	83
26.9627	89
26.9638	87
26.9648	85
26.9659	83
27.0331	81
27.0341	80
27.0352	79
27.0362	78
27.0982	76
27.0993	74
27.1003	73
27.1014	72
27.1623	71
27.1634	70
27.1644	69
27.1655	69
27.2274	68
27.2285	68
27.2295	67
27.2306	67
27.2921	67
27.2931	66
27.2942	66
27.2952	66
27.3572	66
27.3583	66
27.3593	65
27.3604	65
27.4255	66
27.4265	66
27.4276	66
27.4286	66
27.4943	67
27.4954	67
27.4964	67
27.4975	67
27.5631	67
27.5642	67
27.5652	68
27.5663	68
27.633	68
27.634	68
27.6351	68
27.6361	68
27.6997	68
27.7007	68
27.7018	68
27.7028	67
27.7664	67
27.7674	67
27.7685	67
27.7695	67
27.8326	67
27.8336	67
27.8347	66
27.8357	66
27.8998	66
27.9009	66
27.9019	66
27.903	66
27.9671	67
27.9681	67
27.9692	67
27.9702	67
28.0369	67
28.038	67
28.039	68
28.0401	68
28.1046	68
28.1057	68
28.1068	68
28.1078	67
28.1651	67
28.1661	66
28.1672	65
28.1682	65
28.226	64
28.2271	64
28.2281	63
28.2292	63
28.2864	62
28.2875	62
28.2885	62
28.2896	61
28.3474	61
28.3484	61
28.3495	61
28.3505	61
28.4078	61
28.4088	61
28.4099	61
28.4109	60
28.4708	61
28.4719	61
28.4729	61
28.474	61
28.5359	62
28.537	62
28.538	62
28.5391	63
28.6021	63
28.6032	64
28.6042	64
28.6053	64
28.6694	64
28.6704	65
28.6715	65
28.6725	65
28.7366	65
28.7377	65
28.7387	66
28.7398	66
28.8039	66
28.8049	66
28.806	66
28.807	66
28.8706	66
28.8716	66
28.8727	66
28.8737	66
28.9378	66
28.9389	66
28.9399	66
28.941	66
29.0072	67
29.0082	67
29.0093	67
29.0103	68
29.077	68
29.078	68
29.0791	68
29.0801	68
29.1411	68
29.1421	67
29.1432	67
29.1442	66
29.2025	66
29.2036	65
29.2046	64
29.2057	64
29.264	64
29.2651	63
29.2661	63
29.2672	63
29.3276	63
29.3286	63
29.3297	63
29.3307	63
29.3911	63
29.3922	63
29.3932	63
29.3943	63
29.4558	63
29.4568	63
29.4579	63
29.4589	63
29.5219	64
29.523	64
29.524	64
29.5251	64
29.5902	65
29.5913	65
29.5923	66
29.5934	66
29.6585	66
29.6596	66
29.6606	67
29.6617	67
29.7268	75
29.7279	74
29.7289	74
29.73	73
29.7967	81
29.7977	79
29.7988	78
29.7998	77
29.8639	84
29.8649	82
29.866	80
29.867	79
29.929	85
29.9301	83
29.9311	81
29.9322	79
29.9957	85
29.9968	83
29.9978	81
29.9989	79
29.9999	77
30.0646	76
30.0656	75
30.0667	74
30.0677	74
30.0688	73
30.1334	72
30.1344	72
30.1355	72
30.1365	71
30.1376	71
30.2027	71
30.2038	70
30.2048	70
30.2059	70
30.2069	70
30.2715	70
30.2726	70
30.2736	70
30.2747	70
30.2757	70
30.3408	78
30.3419	77
30.3429	76
30.344	75
30.345	74
30.4091	82
30.4102	80
30.4112	79
30.4123	78
30.4133	77
30.4144	76
30.4753	74
30.4764	73
30.4774	72
30.4785	71
30.4795	71
30.4806	70
30.5436	70
30.5446	69
30.5457	69
30.5467	69
30.5478	69
30.5488	69
30.6124	69
30.6135	69
30.6145	69
30.6156	69
30.6166	69
30.6177	69
30.6817	77
30.6828	76
30.6838	75
30.6849	75
30.6859	74
30.687	73
30.7426	80
30.7437	77
30.7447	75
30.7458	74
30.7468	72
30.7479	71
30.7489	70
30.8025	68
30.8036	67
30.8046	66
30.8057	65
30.8067	65
30.8078	64
30.8088	63
30.8645	63
30.8656	63
30.8666	63
30.8677	63
30.8687	63
30.8698	63
30.8708	63
30.9291	70
30.9302	69
30.9312	69
30.9323	69
30.9333	68
30.9344	68
30.9354	68
30.9943	75
30.9953	73
30.9964	72
30.9974	72
30.9985	71
30.9995	70
31.0006	70
31.0016	69
31.0615	69
31.0626	68
31.0636	68
31.0647	68
31.0657	68
31.0668	68
31.0678	68
31.0689	67
31.1314	68
31.1324	68
31.1335	68
31.1345	69
31.1356	69
31.1366	69
31.1377	69
31.1387	69
31.1991	77
31.2002	76
31.2012	75
31.2023	74
31.2033	73
31.2044	73
31.2054	72
31.2065	72
31.2075	71
31.2664	71
31.2674	70
31.2685	70
31.2695	69
31.2706	69
31.2716	69
31.2727	68
31.2737	68
31.2748	68
31.332	68
31.3331	68
31.3341	67
31.3352	67
31.3362	67
31.3373	67
31.3383	67
31.3394	67
31.3404	67
31.3998	74
31.4008	73
31.4019	73
31.4029	72
31.404	71
31.405	71
31.4061	71
31.4071	70
31.4082	70
31.4092	70
31.4686	70
31.4697	70
31.4707	70
31.4718	70
31.4728	70
31.4739	70
31.4749	70
31.476	69
31.477	69
31.4781	69
31.5379	77
31.539	76
31.5405	75
31.6099	74
31.6109	72
31.6682	78
31.6692	76
31.6703	75
31.6713	73
31.6724	72
31.6734	71
31.6745	70
31.7344	77
31.7354	76
31.7365	74
31.7375	73
31.7386	73
31.7396	72
31.7407	71
31.8	78
31.8011	77
31.8021	75
31.8032	74
31.8042	73
31.8053	72
31.8063	72
31.8074	71
31.8662	70
31.8673	70
31.8683	69
31.8694	69
31.8704	69
31.8715	68
31.8725	68
31.8736	68
31.9329	75
31.934	74
31.935	73
31.9361	72
31.9372	72
31.9382	71
31.9393	71
31.9403	70
32.0002	77
32.0012	76
32.0023	75
32.0033	74
32.0044	73
32.0054	73
32.0065	72
32.0075	72
32.0086	71
32.0706	71
32.0716	71
32.0727	71
32.0742	71
32.2013	77
32.2024	76
32.2034	74
32.2045	73
32.2055	72
32.2066	71
32.2686	71
32.2696	70
32.2707	70
32.2717	69
32.2728	69
32.2738	69
32.3369	69
32.3379	68
32.339	68
32.34	68
32.3411	68
32.3421	68
32.4052	68
32.4062	69
32.4073	69
32.4083	69
32.4094	69
32.4104	69
32.474	76
32.475	76
32.4761	75
32.4771	74
32.4782	74
32.4792	73
32.5407	80
32.5417	79
32.5428	77
32.5438	76
32.5449	75
32.5459	74
32.6085	80
32.6095	79
32.6106	78
32.6116	76
32.6127	75
32.6137	75
32.6788	82
32.8117	87
32.8128	85
32.8138	82
32.8149	80
32.8768	78
32.8779	77
32.8789	75
32.88	74
32.9441	81
32.9451	79
32.9462	78
32.9472	77
33.0108	84
33.0119	81
33.0129	80
33.014	78
33.0796	85
33.0807	83
33.0817	81
33.0828	80
33.1494	87
33.1505	85
33.1515	83
33.1526	81
33.2162	88
33.2172	85
33.2183	83
33.2193	81
33.2792	87
33.2803	84
33.2813	81
33.2824	79
33.2834	77
33.3428	75
33.3438	74
33.3449	72
33.3459	71
33.347	70
33.4069	69
33.4079	68
33.409	68
33.41	67
33.4111	67
33.4741	67
33.4752	67
33.4762	67
33.4773	67
33.4783	67
33.5429	67
33.544	67
33.545	67
33.5461	67
33.5471	68
33.6128	68
33.6138	68
33.6149	68
33.6159	69
33.617	69
33.6805	77
33.6815	76
33.6826	75
33.6836	74
33.6847	73
33.7461	80
33.7472	79
33.7482	77
33.7493	76
33.7504	75
33.8123	81
33.8134	79
33.815	78
33.816	76
33.8171	75
33.8806	82
33.8817	80
33.8833	79
33.8843	78
33.8854	77
33.951	84
34.0713	88
34.0723	84
34.075	81
34.1301	84
34.1312	81
34.1338	79
34.1905	83
34.1916	80
34.1947	78
34.2525	83
34.2536	81
34.2546	78
34.2578	76
34.3166	75
34.3177	73
34.3187	72
34.3219	71
34.3828	70
34.3839	70
34.3849	69
34.3881	69
34.4506	69
34.4516	69
34.4527	69
34.4558	69
34.5204	77
34.5215	76
34.5225	75
34.5257	75
34.5876	82
34.5887	80
34.5897	79
34.5929	77
34.6501	83
34.6512	81
34.6522	79
34.6554	77
34.7142	83
34.7153	80
34.7163	78
34.7174	77
34.7205	75
34.7799	74
34.781	73
34.782	72
34.7831	71
34.7862	70
34.8487	70
34.8498	70
34.8508	70
34.8519	69
34.855	69
34.9191	69
34.9201	70
34.9212	70
34.9222	70
34.9254	70
34.9884	70
34.9895	69
34.9905	69
34.9916	69
34.9947	69
35.052	68
35.053	68
35.0541	67
35.0551	67
35.0583	67
35.115	74
35.116	72
35.1171	71
35.1181	70
35.1213	70
35.1791	76
35.1801	75
35.1812	73
35.1822	72
35.1854	72
35.2437	78
35.2447	76
35.2458	75
35.2468	73
35.25	73
35.3104	79
35.3115	78
35.3125	76
35.3136	75
35.3167	75
35.3787	81
35.3798	80
35.3808	78
35.3819	77
35.385	76
35.447	83
35.4481	81
35.4491	80
35.4502	79
35.4533	78
35.5158	84
35.5169	82
35.5179	81
35.519	79
35.5221	78
35.5856	85
35.5867	83
35.5877	81
35.5888	80
35.5919	79
35.6503	85
35.6513	83
35.6524	81
35.6534	79
35.6566	77
35.7164	83
35.7175	81
35.7185	79
35.7196	78
35.7228	77
35.7847	83
35.7858	81
35.7868	80
35.7879	78
35.791	77
35.8546	84
35.9875	89
35.9885	86
35.9896	83
36.0537	89
36.0547	86
36.0558	83
36.122	89
36.123	87
36.1241	85
36.1918	91
36.4597	96
36.4607	92
36.528	89
36.529	87
36.5973	93
36.5983	90
36.6629	95
36.664	92
36.7286	96
36.7296	93
36.7943	97
36.7953	93
36.861	98
36.862	94
36.9277	99
36.9287	95
36.9949	100
36.996	96
37.0627	100
37.0637	96
37.0648	93
37.1331	90
37.1341	88
37.1352	85
37.2013	83
37.2024	81
37.2034	80
37.2612	77
37.2623	75
37.2633	73
37.3195	71
37.3206	69
37.3216	68
37.3768	66
37.3778	65
37.3789	64
37.4341	63
37.4351	63
37.4362	62
37.4934	61
37.4945	61
37.4955	61
37.5538	61
37.5549	60
37.5559	60
37.6158	61
37.6169	61
37.6179	61
37.6799	61
37.681	61
37.682	62
37.7472	62
37.7482	63
37.7493	64
37.8139	64
37.8149	64
37.816	64
37.8816	65
37.8827	65
37.8837	65
37.9499	66
37.951	66
37.952	66
38.0188	66
38.0198	67
38.0209	67
38.0876	67
38.0886	67
38.0897	67
38.1574	68
38.1584	68
38.1595	68
38.2236	68
38.2246	67
38.2257	67
38.2855	67
38.2866	66
38.2877	65
38.3502	65
38.3512	65
38.3523	65
38.4143	65
38.4153	65
38.4164	65
38.4783	64
38.4794	64
38.4804	64
38.543	64
38.544	64
38.5451	64
38.6092	64
38.6102	65
38.6113	65
38.6764	65
38.6774	65
38.6785	65
38.7457	66
38.7468	66
38.7478	66
38.8156	67
38.8166	67
38.8177	67
38.8818	67
38.8828	67
38.8839	67
38.9437	66
38.9448	66
38.9458	65
39.0089	65
39.0099	65
39.011	65
39.0745	65
39.0756	65
39.0766	65
39.1418	65
39.1428	65
39.1439	66
39.2117	66
39.2127	66
39.2138	67
39.282	67
39.2831	68
39.2841	68
39.3508	68
39.3518	68
39.3529	68
39.4144	67
39.4154	67
39.4165	66
39.4779	66
39.479	66
39.48	65
39.5441	65
39.5452	66
39.5462	66
39.6124	66
39.6135	66
39.6145	66
39.6828	67
39.6838	67
39.6849	67
39.7521	68
39.7531	68
39.7542	68
39.8167	76
39.8177	75
39.8188	73
39.8797	80
39.8808	78
39.8818	76
39.9433	82
39.9443	80
39.9454	78
40.0089	84
40.01	82
40.011	80
40.0762	86
40.0772	84
40.0783	82
40.145	88
40.1461	86
40.1471	84
40.1482	82
40.2149	80
40.2159	79
40.217	78
40.218	77
40.2847	76
40.2857	75
40.2868	74
40.2878	74
40.3472	72
40.3482	71
40.3493	70
40.3503	69
40.4097	76
40.4107	74
40.4118	73
40.4128	71
40.4712	78
40.4722	76
40.4733	74
40.4743	73
40.5331	79
40.5342	77
40.5352	75
40.5363	73
40.5374	72
40.5962	71
40.5972	70
40.5983	69
40.5993	68
40.6004	67
40.6613	67
40.6624	67
40.6634	66
40.6645	66
40.6655	66
40.728	66
40.7291	66
40.7301	66
40.7312	67
40.7322	67
40.7958	74
40.7969	74
40.7979	73
40.799	72
40.8	72
40.8641	79
40.8652	78
40.8662	77
40.8673	76
40.8683	75
40.8694	74
40.934	74
40.935	73
40.9361	73
40.9371	72
40.9382	72
40.9392	72
41.0038	71
41.0048	71
41.0059	71
41.0069	71
41.008	71
41.009	71
41.0684	78
41.0694	76
41.0705	75
41.0715	74
41.0726	73
41.0736	72
41.1304	78
41.1314	76
41.1325	74
41.1335	73
41.1346	72
41.1356	70
41.1367	69
41.1934	69
41.1945	68
41.1955	67
41.1966	67
41.1976	66
41.1987	66
41.1997	65
41.2565	65
41.2575	65
41.2586	65
41.2596	64
41.2607	64
41.2617	64
41.2628	64
41.3205	71
41.3216	70
41.3226	70
41.3237	69
41.3247	68
41.3258	68
41.3269	67
41.3279	67
41.3815	66
41.3825	66
41.3836	65
41.3846	64
41.3857	64
41.3867	63
41.3878	63
41.3888	63
41.4435	63
41.4445	63
41.4456	63
41.4466	63
41.4477	63
41.4487	63
41.4498	63
41.4508	63
41.506	69
41.507	69
41.5081	68
41.5091	67
41.5102	67
41.5112	66
41.5123	66
41.5133	66
41.5144	65
41.5701	65
41.5711	65
41.5722	65
41.5732	65
41.5743	65
41.5753	65
41.5764	65
41.5774	65
41.5785	65
41.6373	72
41.6384	71
41.6394	71
41.6405	70
41.6415	70
41.6426	70
41.6436	69
41.6447	69
41.6457	69
41.7046	76
41.7056	75
41.7067	74
41.7077	73
41.7088	73
41.7098	72
41.7109	71
41.7119	71
41.713	70
41.714	70
41.7749	70
41.8453	69
41.8463	69
41.8474	68
41.8484	68
41.9062	67
41.9072	67
41.9083	67
41.9093	66
41.9104	66
41.9114	66
41.9125	66
41.9687	73
41.9698	71
41.9708	70
41.9719	69
41.9729	68
41.974	68
41.975	67
42.0312	74
42.0323	72
42.0333	71
42.0344	70
42.0354	69
42.0365	69
42.0375	68
42.0386	67
42.0964	67
42.0974	67
42.0985	66
42.0995	66
42.1006	66
42.1016	66
42.1027	66
42.1037	65
42.1631	66
42.1641	66
42.1652	66
42.1662	66
42.1673	66
42.1683	67
42.1694	67
42.1704	67
42.2319	74
42.233	74
42.234	73
42.2351	73
42.2361	72
42.2372	72
42.2382	72
42.2393	71
42.3017	79
42.3028	78
42.3679	75
42.369	73
42.4267	79
42.4278	77
42.4288	75
42.4299	73
42.431	72
42.432	71
42.4903	70
42.4914	69
42.4924	69
42.4935	68
42.4945	67
42.4956	67
42.5544	66
42.5555	66
42.5565	66
42.5576	65
42.5586	65
42.5597	65
42.619	65
42.6201	65
42.6211	65
42.6222	65
42.6232	65
42.6243	65
42.6852	73
42.6863	72
42.6873	71
42.6884	71
42.6894	70
42.6905	70
42.7546	77
42.7556	76
42.7567	75
42.7577	75
42.7588	74
42.7598	73
42.8249	81
42.8964	79
42.9605	78
42.9615	76
42.9626	75
42.9636	74
43.0293	82
43.0303	80
43.0314	79
43.0324	78
43.0954	84
43.0965	82
43.0975	80
43.0986	78
43.1621	85
43.1632	83
43.1642	81
43.1653	79
43.2299	86
43.231	83
43.232	81
43.2331	80
43.2341	78
43.3003	77
43.3013	77
43.3024	76
43.3034	75
43.3045	74
43.3643	73
43.3654	72
43.3664	71
43.3675	70
43.3685	69
43.429	68
43.43	68
43.4311	67
43.4321	67
43.4332	67
43.4894	66
43.4904	65
43.4915	64
43.4925	64
43.4936	63
43.5514	63
43.5524	63
43.5535	63
43.5545	63
43.5556	63
43.6133	70
43.6144	69
43.6155	68
43.6165	67
43.6176	67
43.6759	73
43.6769	72
43.678	71
43.679	70
43.6801	69
43.74	76
43.741	74
43.7421	73
43.7431	72
43.7442	71
43.8067	78
43.8077	77
43.8088	76
43.8098	74
43.8109	73
43.875	80
43.876	79
43.8771	78
43.8781	77
43.8792	76
43.9448	83
43.9458	82
43.9469	80
43.9479	79
43.949	78
44.0078	84
44.0089	81
44.0099	79
44.011	77
44.012	76
44.0709	81
44.0719	79
44.073	77
44.074	76
44.0751	74
44.1355	80
44.1365	78
44.1376	77
44.1386	75
44.1397	74
44.2022	81
44.2032	79
44.2043	77
44.2053	76
44.2064	75
44.2705	82
44.2715	80
44.2726	79
44.2736	78
44.2747	76
44.3398	83
44.3409	82
44.3419	80
44.343	79
44.344	78
44.4065	85
44.4076	82
44.4086	81
44.4097	79
44.4107	77
44.4685	83
44.4695	81
44.4706	78
44.4716	76
44.4727	75
44.5305	80
44.5315	78
44.5326	76
44.5336	74
44.5347	73
44.594	79
44.5951	77
44.5961	76
44.5972	74
44.5982	73
44.6587	79
44.6597	77
44.6608	76
44.6618	74
44.6629	73
44.7249	80
44.7259	78
44.727	77
44.728	75
44.7291	74
44.7916	81
44.7926	80
44.7937	78
44.7947	77
44.7958	75
44.8593	82
44.8604	80
44.8614	79
44.8625	78
44.8635	77
44.9297	84
45.0636	89
45.0647	86
45.0657	83
45.1246	88
45.1256	85
45.1267	82
45.1277	79
45.1881	77
45.1892	76
45.1902	74
45.1913	73
45.2527	72
45.2538	71
45.2548	70
45.2559	69
45.3168	68
45.3179	68
45.3189	67
45.32	67
45.3825	67
45.3835	66
45.3846	66
45.3856	66
45.4492	66
45.4503	66
45.4513	67
45.4524	67
45.518	75
45.5191	74
45.5201	74
45.5212	73
45.5879	81
45.5889	79
45.59	78
45.591	77
45.6535	84
45.6546	82
45.6556	80
45.6567	78
45.6577	77
45.7197	75
45.7208	74
45.7218	73
45.7229	72
45.7239	71
45.7864	71
45.7875	70
45.7885	70
45.7896	69
45.7906	69
45.8537	69
45.8547	68
45.8558	68
45.8568	68
45.8579	68
45.9199	67
45.9209	67
45.922	67
45.923	67
45.9241	67
45.9866	67
45.9876	67
45.9887	67
45.9897	67
45.9908	66
46.0554	67
46.0564	67
46.0575	67
46.0585	68
46.0596	68
46.1252	76
46.1263	75
46.1273	75
46.1284	74
46.1294	74
46.1919	81
46.193	79
46.194	78
46.1951	76
46.1961	75
46.256	82
46.257	80
46.2581	78
46.2592	76
46.2602	75
46.3211	81
46.3222	79
46.3232	77
46.3243	76
46.3253	75
46.3858	81
46.3868	79
46.3879	77
46.3889	75
46.39	74
46.4519	81
46.453	79
46.454	77
46.4551	76
46.4562	75
46.5192	82
46.5202	80
46.5213	79
46.5223	77
46.5234	76
46.5885	83
46.5896	81
46.5906	80
46.5917	79
46.5927	77
46.6584	85
46.6594	83
46.6605	81
46.6615	80
46.6626	79
46.723	85
46.724	83
46.7251	80
46.7261	79
46.7272	77
46.786	83
46.7871	81
46.7881	78
46.7892	77
46.7902	75
46.8506	81
46.8517	79
46.8527	77
46.8538	75
46.8548	74
46.9189	81
46.92	79
46.921	78
46.9221	77
46.9231	76
46.9862	83
46.9872	81
46.9883	80
46.9893	78
46.9904	77
47.0545	83
47.0555	82
47.0566	80
47.0576	79
47.0587	77
47.1238	84
47.1248	82
47.1259	81
47.1269	79
47.128	78
47.1936	85
47.1947	83
47.1957	82
47.1968	80
47.1978	79
47.2629	86
47.264	84
47.265	82
47.2661	81
47.2671	80
47.326	86
47.327	83
47.3281	81
47.3291	78
47.3302	77
47.3911	82
47.3921	80
47.3932	79
47.3942	77
47.3953	76
47.4578	82
47.4589	80
47.4599	78
47.461	77
47.462	76
47.5251	82
47.5261	81
47.5272	79
47.5282	78
47.5293	77
47.5939	83
47.5949	82
47.596	80
47.597	79
47.5981	77
47.6622	84
47.6632	82
47.6643	81
47.6653	79
47.6664	78
47.7325	85
47.8691	91
47.8701	88
47.8712	85
47.9379	91
47.939	89
47.94	86
48.0072	92
48.0088	90
48.1427	87
48.1438	84
48.2105	90
48.2116	87
48.2126	85
48.2814	83
48.409	80
48.4705	85
48.533	90
48.5966	95
48.5976	91
48.6638	88
48.6649	85
48.7326	83
48.7337	81
48.803	80
48.804	79
48.8676	77
48.8686	75
48.9275	81
48.9285	79
48.9884	84
48.9895	81
49.0488	86
49.0499	83
49.1092	87
49.1103	84
49.1728	89
49.1738	86
49.2385	91
49.2395	88
49.2406	85
49.3062	83
49.3073	81
49.3083	79
49.3751	78
49.3761	77
49.3772	76
49.4449	75
49.4459	74
49.447	73
49.5105	72
49.5116	72
49.5126	71
49.572	69
49.573	68
49.5741	68
49.6324	67
49.6334	66
49.6345	65
49.6928	64
49.6939	64
49.6949	63
49.7553	63
49.7564	63
49.7574	63
49.8189	63
49.8199	63
49.821	63
49.8824	63
49.8835	63
49.8845	63
49.9481	63
49.9492	64
49.9502	64
50.0154	64
50.0164	64
50.0175	65
50.0842	65
50.0852	66
50.0863	66
50.153	66
50.154	66
50.1551	67
50.2223	67
50.2234	67
50.2244	67
50.2859	67
50.2869	66
50.288	66
50.351	66
50.3521	66
50.3531	66
50.4162	66
50.4172	65
50.4183	65
50.4818	65
50.4829	65
50.4839	65
50.5475	65
50.5485	65
50.5496	65
50.6137	65
50.6147	65
50.6158	65
50.6809	65
50.682	66
50.683	66
50.7492	66
50.7503	66
50.7513	67
50.8186	67
50.8196	67
50.8207	67
50.8869	67
50.8879	67
50.889	67
50.9567	68
50.9578	68
50.9588	68
51.0239	68
51.0249	68
51.026	68
51.0917	68
51.0927	68
51.0938	68
51.1573	67
51.1584	67
51.1594	67
51.224	67
51.2251	67
51.2261	67
51.2934	67
51.2944	67
51.2955	67
51.3632	68
51.3643	68
51.3653	68
51.4184	66
51.4194	65
51.4205	64
51.4772	63
51.4783	62
51.4793	62
51.536	61
51.5371	61
51.5381	61
51.5938	60
51.5949	60
51.5959	59
51.6521	59
51.6532	59
51.6542	59
51.7131	59
51.7141	59
51.7152	60
51.7745	60
51.7756	60
51.7766	60
51.8381	60
51.8392	61
51.8402	61
51.9027	61
51.9038	62
51.9048	62
51.9689	70
51.97	70
51.971	70
52.0351	77
52.0362	76
52.0372	75
52.1024	82
52.1034	80
52.1045	78
52.1712	85
52.1722	83
52.1733	82
52.241	88
52.2421	86
52.2431	84
52.3067	90
52.3077	87
52.3088	84
52.3098	82
52.3744	80
52.3755	79
52.3765	77
52.3776	76
52.4427	75
52.4438	74
52.4448	73
52.4459	73
52.5125	72
52.5136	72
52.5146	72
52.5157	72
52.5756	79
52.5766	77
52.5777	75
52.5787	74
52.6376	80
52.6386	78
52.6397	76
52.6407	74
52.699	80
52.7001	78
52.7011	76
52.7022	74
52.7032	73
52.7615	71
52.7626	70
52.7636	69
52.7647	68
52.7657	67
52.8272	67
52.8283	67
52.8293	67
52.8304	67
52.8314	66
52.8939	66
52.895	66
52.896	66
52.8971	67
52.8981	67
52.9627	75
52.9638	74
52.9648	73
52.9659	73
52.967	72
53.0316	80
53.0326	79
53.0337	77
53.0347	76
53.0358	76
53.0368	75
53.1024	74
53.1707	73
53.2301	79
53.2311	77
53.2322	75
53.2332	74
53.2937	72
53.2947	71
53.2958	70
53.2968	69
53.3577	68
53.3588	68
53.3598	67
53.3609	67
53.4218	66
53.4229	66
53.4239	66
53.425	66
53.488	73
53.4891	73
53.4901	72
53.4912	71
53.5553	79
53.5563	77
53.5574	76
53.5584	75
53.6241	82
53.6251	81
53.6262	79
53.6272	78
53.6283	77
53.6944	76
53.6955	75
53.6965	75
53.6976	74
53.6986	73
53.7638	73
53.7648	72
53.7659	72
53.7669	71
53.768	71
53.8304	70
53.8315	70
53.8325	70
53.8336	69
53.8347	69
53.8961	77
53.8972	75
53.8982	74
53.8993	73
53.9003	72
53.9639	79
53.9649	78
53.966	77
53.967	76
53.9681	75
54.0317	82
54.0327	80
54.0338	79
54.0348	77
54.0359	76
54.101	83
54.102	81
54.1031	80
54.1041	79
54.1052	78
54.1713	85
54.3011	82
54.3021	80
54.3032	78
54.3641	84
54.3652	81
54.3662	79
54.4277	85
54.4288	82
54.4298	80
54.4309	78
54.4934	76
54.4944	75
54.4955	74
54.4965	73
54.5596	72
54.5606	71
54.5617	70
54.5627	70
54.6273	69
54.6284	69
54.6294	69
54.6305	69
54.6956	77
54.6967	76
54.6977	75
54.6988	74
54.765	82
54.766	80
54.7671	79
54.7681	78
54.8338	85
54.8348	83
54.8359	81
54.8369	80
54.838	78
54.9036	77
54.9047	76
54.9057	75
54.9068	75
54.9078	74
54.9703	73
54.9714	72
54.9724	72
54.9735	71
54.9745	70
55.036	70
55.037	69
55.0381	69
55.0391	69
55.0402	68
55.1011	76
55.1022	74
55.1032	73
55.1043	72
55.1053	72
55.1678	78
55.1689	77
55.1699	76
55.171	74
55.172	74
55.2356	81
55.2367	79
55.2377	78
55.2388	77
55.2398	76
55.3044	83
55.3055	81
55.3065	80
55.3076	78
55.3086	77
55.3748	84
55.5087	90
55.5098	87
55.5108	84
55.5119	82
55.5765	80
55.5776	79
55.5786	77
55.5797	76
55.6448	75
55.6458	74
55.6469	73
55.6479	73
55.7126	80
55.7136	79
55.7147	78
55.7157	76
55.7819	84
55.783	82
55.784	80
55.7851	79
55.8512	86
55.8523	84
55.8533	83
55.8544	81
55.8554	79
55.9184	78
55.9195	76
55.9205	75
55.9216	74
55.9226	73
55.9878	73
55.9888	72
55.9899	72
55.9909	71
55.992	71
56.0581	71
56.0592	71
56.0602	71
56.0613	71
56.0623	71
56.1259	70
56.1269	70
56.128	70
56.129	69
56.1301	69
56.1921	77
56.1931	76
56.1942	75
56.1952	74
56.1963	73
56.2593	80
56.2604	78
56.2614	77
56.2625	76
56.2635	75
56.3255	81
56.3266	80
56.3276	78
56.3287	77
56.3297	75
56.3938	82
56.3948	80
56.3959	79
56.3969	78
56.398	76
56.4637	84
56.6013	82
56.6023	80
56.6034	78
56.6632	84
56.6643	82
56.6653	79
56.6664	77
56.7289	76
56.73	74
56.731	73
56.7321	72
56.7967	72
56.7977	71
56.7988	70
56.7998	70
56.8655	70
56.8665	70
56.8676	69
56.8686	69
56.9358	69
57.0577	68
57.0588	67
57.1181	74
57.1192	72
57.1801	78
57.1812	76
57.2442	82
57.2453	80
57.3094	86
57.3104	83
57.3115	81
57.3771	80
57.3782	78
57.3792	77
57.4465	76
57.4475	75
57.4486	74
57.5163	73
57.5173	73
57.5184	73
57.5735	71
57.5746	69
57.5756	67
57.6308	66
57.6319	65
57.6329	64
57.6886	70
57.6896	69
57.6907	67
57.7495	73
57.7506	72
57.7516	71
57.8131	77
57.8141	76
57.8152	74
57.8777	81
57.8788	79
57.8798	77
57.9429	83
57.9439	81
57.945	79
58.0106	85
58.0117	83
58.0127	81
58.0794	88
58.0805	86
58.0815	84
58.1472	90
58.1483	87
58.1493	85
58.2171	91
58.2181	89
58.2192	86
58.2864	93
58.2874	90
58.2885	87
58.3484	92
58.3494	89
58.3505	85
58.4093	90
58.4103	86
58.4114	83
58.4729	88
58.4739	85
58.475	82
58.5349	87
58.5359	84
58.537	81
58.5984	87
58.5995	84
58.6005	82
58.6641	87
58.6651	85
58.6662	82
58.7324	89
58.7334	86
58.7345	84
58.8017	90
58.8028	88
58.8038	85
58.8721	92
58.9981	88
58.9992	85
59.0617	82
59.0628	80
59.1258	78
59.1269	76
59.1894	74
59.1904	73
59.255	80
59.2561	78
59.3239	85
59.3249	83
59.3932	90
59.3942	87
59.463	94
59.4641	91
59.6616	96
59.7257	100
59.7267	95
59.7934	92
59.7945	89
59.8628	86
59.8638	84
59.9326	82
59.9337	81
59.9993	79
60.0004	77
60.0671	76
60.0681	75
60.1359	74
60.137	73
60.2042	73
60.2053	72
60.2736	72
60.2746	71
60.3428	80
60.3439	78
60.4111	86
60.4122	84
60.4789	90
60.48	87
60.5488	93
60.5498	90
60.616	96
60.617	93
60.6832	98
60.6843	94
60.7526	99
60.7536	95
60.8224	101
60.8235	97
60.887	101
60.8881	97
60.9501	101
60.9511	96
61.0136	100
61.0147	95
61.0793	99
61.0803	95
61.1444	99
61.1455	95
61.2106	99
61.2117	95
61.2784	100
61.2794	96
61.3482	101
61.3493	97
61.4144	102
61.4155	97
61.4769	101
61.478	96
61.54	100
61.541	95
61.6056	99
61.6067	95
61.6718	99
61.6729	95
61.7396	100
61.7406	96
61.8094	101
61.8105	97
61.8798	102
62.0778	106
62.1461	110
62.216	113
62.2847	116
62.343	118
62.3441	110
62.4066	104
62.4077	99
62.4702	95
62.4712	91
62.5343	87
62.5353	84
62.6005	82
62.6015	80
62.6672	78
62.6682	77
62.7355	84
62.7365	82
62.8048	89
62.8059	86
62.8747	93
63.0774	98
63.1446	102
63.2124	106
63.2807	110
63.349	113
63.3501	108
63.4193	103
63.4204	99
63.4861	95
63.4871	91
63.5523	88
63.5533	85
63.6169	82
63.6179	80
63.682	78
63.6831	77
63.7477	83
63.7487	81
63.8144	87
63.8154	85
63.8811	91
63.8822	88
63.9494	94
63.9505	90
64.0187	96
64.0198	93
64.088	98
64.0891	95
64.1579	100
64.1589	96
64.2262	101
64.2272	97
64.2945	102
64.2955	98
64.3627	103
64.3638	98
64.4321	103
64.4331	99
64.5014	104
64.5025	100
64.5708	104
64.5718	100
64.6406	105
64.6417	100
64.7105	105
64.7115	101
64.8969	96
64.9579	99
64.9589	94
65.0214	90
65.0225	87
65.0871	84
65.0882	82
65.1543	80
65.1554	78
65.2232	77
65.2242	76
65.293	75
65.2941	74
65.3623	74
65.3634	73
65.4206	71
65.4217	69
65.4784	68
65.4795	67
65.5373	73
65.5383	71
65.5993	77
65.6003	75
65.6628	81
65.6639	79
65.728	85
65.729	83
65.7936	89
65.7947	86
65.8609	91
65.8619	88
65.9297	94
65.9307	91
65.998	97
65.999	93
66.062	98
66.0631	94
66.1272	98
66.1282	94
66.1934	99
66.1944	95
66.2627	99
66.2638	96
66.3331	101
66.529	105
66.5973	108
66.6646	112
66.7344	115
66.8011	117
66.8022	111
66.8678	106
66.8689	101
66.9361	97
66.9372	93
67.006	90
67.007	87
67.0758	85
67.0769	83
67.1383	81
67.1394	78
67.1998	84
67.2008	81
67.2607	86
67.2618	83
67.3238	88
67.3248	85
67.3884	90
67.3894	87
67.4551	92
67.4562	89
67.5218	95
67.5229	91
67.5906	96
67.5917	93
67.6605	99
67.6615	95
67.7261	100
67.7272	96
67.7913	100
67.7923	96
67.8575	100
67.8585	96
67.9231	100
67.9242	96
67.9914	100
67.9925	96
68.0597	101
68.0608	97
68.1296	102
68.1306	98
68.1973	103
68.1983	99
68.264	103
68.2651	99
68.3334	103
68.3344	99
68.4006	103
68.4017	99
68.4694	103
68.4705	99
68.5392	104
68.5403	100
68.6033	104
68.6044	99
68.6679	102
68.669	98
68.7352	102
68.7362	98
68.804	102
68.8051	98
68.8733	103
68.8744	99
68.9437	104
69.1422	107
69.2089	110
69.2762	113
69.3466	116
69.5509	110
69.6197	113
69.6895	116
69.753	118
69.8108	119
69.8686	118
69.9274	118
69.9879	118
69.9889	111
70.0504	105
70.0514	100
70.1129	95
70.1139	91
70.177	87
70.178	84
70.2421	82
70.2432	80
70.3067	78
70.3078	76
70.3729	75
70.374	74
70.4396	73
70.4407	72
70.5069	71
70.5079	71
70.5747	70
70.5757	70
70.6429	70
70.644	69
70.7123	69
70.7133	69
70.7821	69
70.7832	69
70.8499	69
70.8509	69
70.9113	68
70.9124	67
70.9749	66
70.976	66
71.039	66
71.0401	66
71.1047	66
71.1057	65
71.1709	65
71.1719	65
71.2376	66
71.2386	66
71.3053	66
71.3064	66
71.3747	66
71.3757	67
71.444	67
71.4451	67
71.5139	67
71.5149	68
71.5774	67
71.5785	67
71.6415	66
71.6426	66
71.7072	66
71.7082	66
71.7734	66
71.7744	66
71.8406	66
71.8417	66
71.9084	66
71.9094	66
71.9782	67
71.9793	67
72.0475	67
72.0486	67
72.1122	67
72.1132	67
72.1773	66
72.1783	66
72.2435	66
72.2445	66
72.3113	66
72.3123	66
72.3801	67
72.3811	67
72.4499	67
72.451	67
72.5156	67
72.5166	67
72.5754	66
72.5765	65
72.6348	72
72.6359	70
72.6968	76
72.6979	75
72.7614	81
72.7625	79
72.8266	85
72.8276	83
72.8933	89
72.8943	86
72.8954	84
72.9626	82
72.9637	80
72.9647	79
73.0324	78
73.0335	77
73.0345	76
73.0981	83
73.0992	81
73.1002	79
73.1653	86
73.1664	83
73.1674	81
73.2342	88
73.2352	86
73.2363	84
73.2373	82
73.304	80
73.305	79
73.3061	78
73.3071	77
73.3723	76
73.3733	75
73.3744	74
73.3754	73
73.4416	81
73.4426	79
73.4437	78
73.4447	77
73.5114	84
73.5125	83
73.6443	80
73.6454	78
73.6464	77
73.71	75
73.711	74
73.7121	73
73.7772	72
73.7783	72
73.7793	71
73.8445	70
73.8455	70
73.8466	70
73.9133	78
73.9143	77
73.9154	76
73.9831	83
73.9842	82
74.1123	79
74.1134	77
74.1759	83
74.1769	81
74.241	87
74.2421	84
74.3067	90
74.3077	87
74.3734	92
74.3745	89
74.4428	95
74.4443	92
74.6386	88
74.699	92
74.761	96
74.8251	99
74.8262	95
74.8913	91
74.8923	88
74.9575	85
74.9585	83
75.0258	81
75.0268	79
75.0946	78
75.0956	77
75.1634	84
75.1644	82
75.2327	89
75.2338	87
75.3015	93
75.3026	90
75.3709	96
75.3719	93
75.4407	98
75.6429	94
75.7112	99
75.7811	104
75.8499	108
75.8509	103
75.9187	99
75.9197	95
75.987	92
75.988	89
76.0558	86
76.0569	84
76.1251	91
76.1261	88
76.1944	94
76.1955	91
76.2627	97
76.2638	93
76.3321	99
76.3331	95
76.4004	100
76.4014	96
76.4687	101
76.4697	97
76.4708	93
76.5385	90
76.5396	88
76.5406	86
76.6084	84
76.6094	82
76.6105	80
76.6756	79
76.6766	77
76.6777	76
76.7397	74
76.7407	73
76.7418	72
76.8032	71
76.8043	70
76.8053	69
76.8673	68
76.8684	68
76.8694	67
76.9319	67
76.933	66
76.934	66
76.9971	66
76.9981	66
76.9992	66
77.0643	66
77.0654	66
77.0664	66
77.1336	66
77.1347	67
77.1357	67
77.1982	67
77.1993	66
77.2003	66
77.2618	66
77.2628	65
77.2639	65
77.3264	65
77.3275	65
77.3285	65
77.3926	65
77.3937	65
77.3947	65
77.4598	65
77.4609	65
77.4619	65
77.5292	66
77.5302	66
77.5313	67
77.599	67
77.6001	67
77.6011	68
77.6594	67
77.6605	66
77.6615	65
77.7204	64
77.7214	64
77.7225	64
77.7808	63
77.7818	63
77.7829	62
77.8428	62
77.8438	62
77.8449	62
77.9063	62
77.9074	62
77.9084	62
77.9725	63
77.9736	63
77.9746	63
78.0403	64
78.0413	64
78.0424	65
78.1091	65
78.1102	66
78.1112	66
78.1789	66
78.18	67
78.181	67
78.2441	67
78.2451	67
78.2462	66
78.3071	66
78.3082	65
78.3092	65
78.3701	65
78.3712	64
78.3722	64
78.4348	64
78.4358	64
78.4369	64
78.5015	64
78.5025	65
78.5036	65
78.5708	65
78.5719	66
78.5729	66
78.6407	66
78.6417	67
78.6428	67
78.7089	67
78.71	67
78.711	67
78.7751	67
78.7762	67
78.7772	67
78.8444	67
78.8455	67
78.8465	67
78.9143	68
78.9154	68
78.9164	68
78.9841	68
78.9852	68
78.9862	69
79.0508	68
79.0519	68
79.0529	68
79.1123	67
79.1133	66
79.1144	66
79.1764	73
79.1774	72
79.1785	71
79.242	78
79.2431	77
79.2442	75
79.3082	82
79.3093	80
79.3103	78
79.376	85
79.3771	83
79.3781	81
79.4448	88
79.4459	85
79.4469	83
79.5152	90
79.6465	87
79.7101	84
79.7111	81
79.7747	87
79.7757	84
79.8419	90
79.843	87
79.9081	93
79.9092	90
79.9748	95
79.9759	91
80.0437	97
80.0447	93
80.0458	90
80.1146	88
80.2438	85
80.3052	89
80.3677	94
80.4303	98
80.4943	101
80.4954	97
80.5595	93
80.5605	89
80.6257	86
80.6267	84
80.6924	81
80.6934	80
80.7591	78
80.7602	76
80.8269	75
80.8279	74
80.8962	82
80.8972	80
80.9629	87
80.9639	85
81.0296	91
81.0307	88
81.0947	93
81.0958	90
81.1599	94
81.1609	91
81.2271	96
81.2282	92
81.2938	97
81.2949	94
81.3611	98
81.3621	95
81.4283	100
81.4294	96
81.4961	100
81.4972	96
81.5659	101
81.567	97
81.6332	102
81.6342	98
81.6967	102
81.6978	97
81.7577	100
81.7587	95
81.8212	99
81.8223	95
81.8843	98
81.8853	94
81.9468	98
81.9478	93
82.0104	97
82.0114	93
82.0755	97
82.0765	93
82.1422	98
82.1433	94
82.211	99
82.2121	96
82.2809	101
82.2819	97
82.3481	102
82.3491	97
82.4122	102
82.4132	97
82.4763	101
82.4773	96
82.5409	100
82.5419	96
82.6066	100
82.6076	95
82.6722	100
82.6733	96
82.7395	100
82.7405	96
82.8088	101
82.8099	97
82.8786	102
82.8797	98
82.9422	102
82.9432	98
83.0058	101
83.0068	96
83.0704	100
83.0714	96
83.1376	100
83.1387	96
83.207	101
83.208	97
83.2763	102
83.2773	98
83.344	103
83.3451	99
83.4123	103
83.4134	99
83.4822	103
83.6823	107
83.7453	109
83.7464	103
83.812	99
83.8131	95
83.8814	91
83.8824	89
83.9507	86
83.9517	84
84.0189	82
84.02	80
84.0888	79
84.0898	78
84.156	76
84.1571	75
84.2222	82
84.2233	80
84.2905	87
84.2915	85
84.3603	91
84.7001	97
84.7647	101
84.8299	104
84.8971	108
84.9675	111
85.1666	106
85.2364	110
85.301	113
85.3646	115
85.4276	116
85.4917	117
85.4928	111
85.5584	105
85.5595	100
85.6262	96
85.6272	93
85.6955	90
85.6966	87
85.7649	85
85.7659	83
85.8326	81
85.8337	79
85.8972	77
85.8983	76
85.9629	74
85.964	73
86.0286	72
86.0296	71
86.0953	71
86.0963	70
86.1631	70
86.1641	70
86.2319	69
86.2329	69
86.3002	69
86.3012	69
86.369	69
86.37	69
86.4378	69
86.4389	69
86.5072	69
86.5082	69
86.577	69
86.578	69
86.6442	69
86.6453	68
86.7099	68
86.7109	67
86.7766	67
86.7776	67
86.8444	67
86.8454	67
86.9127	67
86.9137	67
86.981	67
86.982	68
87.0503	68
87.0513	68
87.1196	68
87.1207	68
87.1879	68
87.189	68
87.2567	68
87.2578	68
87.3255	68
87.3266	68
87.3954	68
87.3964	68
87.4636	68
87.4647	68
87.5282	68
87.5293	67
87.5923	67
87.5934	66
87.6601	67
87.6612	67
87.7294	67
87.7305	67
87.7967	67
87.7977	67
87.8665	67
87.8676	68
87.9353	68
87.9364	68
88.0025	68
88.0036	67
88.0677	67
88.0687	67
88.1339	67
88.1349	66
88.2022	67
88.2032	67
88.2715	76
88.2725	75
88.3345	82
88.3356	80
88.396	85
88.397	82
88.4585	87
88.4595	84
88.5221	89
88.5231	86
88.5877	91
88.5888	88
88.5898	85
88.6544	83
88.6555	81
88.6565	79
88.7238	78
88.7248	77
88.7259	76
88.7936	75
88.7947	74
88.7957	74
88.8629	73
88.864	73
88.865	72
88.9259	79
88.927	77
88.928	76
88.99	82
88.9911	80
88.9921	78
89.0525	84
89.0536	81
89.0546	79
89.0557	77
89.1172	75
89.1182	74
89.1193	73
89.1203	72
89.1839	71
89.1849	70
89.186	70
89.187	70
89.2511	77
89.2522	76
89.2532	75
89.2543	74
89.3199	81
89.321	80
89.322	79
89.3231	77
89.3241	76
89.3908	76
89.5179	82
89.519	79
89.52	77
89.5815	75
89.5826	74
89.5836	72
89.6466	71
89.6477	70
89.6487	70
89.7134	69
89.7144	69
89.7155	69
89.7806	77
89.7817	76
89.7827	75
89.8484	82
89.8494	80
89.8505	79
89.9177	86
89.9193	84
90.0526	81
90.1136	79
90.1146	77
90.1766	82
90.1777	80
90.2407	86
90.2418	83
90.3048	89
90.3059	86
90.3699	91
90.371	88
90.4377	93
90.4388	90
90.4398	87
90.5081	85
90.5091	83
90.5102	82
90.5727	79
90.5737	77
90.5748	76
90.6352	74
90.6362	73
90.6373	71
90.6961	70
90.6972	69
90.6982	68
90.7581	67
90.7592	66
90.7602	66
90.8206	65
90.8217	65
90.8227	64
90.8842	64
90.8853	64
90.8863	64
90.9493	64
90.9504	64
90.9514	64
91.0161	64
91.0171	65
91.0182	65
91.0833	65
91.0844	65
91.0854	65
91.15	66
91.1511	66
91.1521	66
91.2183	66
91.2194	66
91.2204	66
91.2877	67
91.2887	67
91.2898	67
91.3569	67
91.358	68
91.3591	68
91.4263	68
91.4273	68
91.4284	68
91.4946	68
91.4956	68
91.4967	68
91.5629	68
91.5639	68
91.565	68
91.6317	68
91.6327	68
91.6338	68
91.702	68
91.7031	69
91.7041	69
91.7661	68
91.7672	68
91.7682	67
91.8297	67
91.8307	66
91.8318	66
91.8917	65
91.8927	65
91.8938	64
91.9547	64
91.9558	64
91.9568	64
92.0188	64
92.0199	64
92.0209	64
92.0829	64
92.084	64
92.085	64
92.1481	64
92.1491	64
92.1502	64
92.2137	64
92.2148	64
92.2158	64
92.2804	72
92.2815	72
92.2825	71
92.3498	79
92.3508	78
92.3519	77
92.4191	84
92.4201	83
92.4212	81
92.4868	88
92.4879	85
92.4889	83
92.5567	89
92.6901	86
92.6911	83
92.7552	81
92.7563	79
92.8214	77
92.8225	76
92.8887	75
92.8897	74
92.9575	81
92.9585	80
93.0278	87
93.2128	91
93.2753	95
93.3409	99
93.4082	104
93.477	108
93.5468	111
93.6125	114
93.7995	116
93.8641	117
93.9292	119
93.997	120
94.0648	122
94.1331	124
94.1341	117
94.2039	111
94.4025	114
94.4718	116
94.5417	119
94.6089	121
94.6756	123
94.745	124
94.8143	126
95.0133	127
95.0743	126
95.1336	125
95.1925	124
95.2529	123
95.3149	123
95.3795	124
95.3805	116
95.4462	110
95.4472	105
95.5129	100
95.514	95
95.5823	92
95.5833	89
95.6516	87
95.6526	84
95.7214	83
95.7225	81
95.7887	79
95.7897	78
95.8564	76
95.8575	75
95.9231	74
95.9242	73
95.9909	72
95.992	72
96.0603	71
96.0613	71
96.1301	71
96.1311	71
96.1994	70
96.2005	70
96.2687	70
96.2698	70
96.3355	69
96.3365	69
96.4022	69
96.4032	68
96.4689	68
96.4699	68
96.5367	68
96.5377	68
96.606	68
96.6071	68
96.6763	68
96.6774	68
96.7457	68
96.7467	68
96.816	69
96.8171	69
96.8817	68
96.8828	68
96.9468	67
96.9479	67
97.0136	67
97.0146	67
97.0819	67
97.0829	67
97.1517	67
97.1527	68
97.221	68
97.2221	68
97.2898	68
97.2909	68
97.3587	68
97.3597	68
97.428	68
97.429	68
97.4973	68
97.4984	68
97.5667	68
97.5677	68
97.6365	69
97.6375	69
97.7037	68
97.7048	68
97.7715	68
97.7725	68
97.8393	68
97.8403	68
97.9081	68
97.9091	68
97.9779	68
97.979	68
98.0451	68
98.0462	68
98.1129	68
98.114	68
98.1817	76
98.1828	75
98.251	83
98.2521	81
98.3183	88
98.3193	86
98.3861	92
98.3871	89
98.4554	95
98.457	91
98.656	88
98.7185	92
98.7816	96
98.8472	100
98.8483	96
98.9139	92
98.915	89
98.9822	86
98.9833	84
99.0505	82
99.0516	80
99.1204	79
99.1214	78
99.1865	85
99.1876	83
99.2517	88
99.2527	86
99.3131	91
99.3142	87
99.3741	91
99.3751	88
99.4361	92
99.4371	88
99.4382	85
99.5012	82
99.5023	80
99.5033	78
99.5679	77
99.569	75
99.57	74
99.6373	74
99.6383	73
99.6394	72
99.7066	72
99.7077	72
99.7087	71
99.7764	71
99.7775	71
99.7785	71
99.8447	70
99.8458	70
99.8468	70
99.9078	69
99.9088	68
99.9099	67
99.9719	67
99.9729	66
99.974	66
100.036	66
100.037	66
100.038	65
100.1	65
100.101	65
100.102	65
100.166	65
100.167	65
100.168	65
100.235	65
100.236	66
100.237	66
100.304	66
100.305	66
100.306	67
100.373	67
100.374	67
100.375	68
100.44	68
100.441	67
100.443	67
100.507	67
100.508	67
100.509	67
100.575	67
100.576	67
100.577	67
100.644	67
100.645	68
100.646	68
100.714	68
100.715	68
100.716	68
100.778	68
100.779	67
100.78	66
100.84	66
100.841	66
100.842	65
100.906	65
100.907	65
100.908	65
100.971	65
100.972	65
100.973	65
101.038	65
101.039	66
101.04	66
101.107	66
101.108	66
101.109	67
101.177	67
101.178	67
101.179	67
101.242	67
101.244	67
101.245	67
101.31	67
101.311	67
101.312	67
101.379	67
101.38	67
101.381	67
101.447	67
101.448	67
101.449	68
101.517	68
101.518	68
101.519	68
101.582	68
101.583	67
101.584	67
101.646	66
101.647	66
101.648	66
101.709	65
101.71	65
101.711	65
101.772	64
101.774	64
101.775	64
101.838	64
101.839	64
101.84	64
101.903	64
101.904	65
101.905	65
101.97	65
101.971	65
101.972	65
102.039	66
102.04	66
102.041	66
102.109	67
102.11	67
102.111	67
102.175	67
102.176	67
102.177	67
102.24	75
102.241	74
102.242	73
102.306	80
102.307	78
102.308	77
102.374	83
102.375	82
102.376	80
102.442	87
102.443	84
102.444	82
102.512	89
102.513	87
102.646	84
102.706	81
102.707	79
102.709	77
102.769	75
102.77	73
102.771	72
102.833	71
102.834	70
102.835	69
102.899	69
102.9	68
102.901	68
102.965	68
102.966	67
102.968	67
103.033	67
103.034	67
103.035	67
103.103	67
103.104	68
103.105	68
103.171	68
103.172	68
103.173	68
103.24	76
103.241	76
103.242	75
103.307	82
103.308	81
103.309	79
103.374	85
103.375	83
103.376	81
103.442	88
103.443	85
103.444	83
103.511	89
103.512	87
103.513	85
103.514	83
103.581	81
103.582	79
103.583	78
103.584	77
103.65	76
103.651	75
103.652	75
103.654	74
103.716	73
103.717	72
103.718	71
103.719	70
103.78	69
103.781	69
103.782	68
103.783	67
103.845	67
103.846	67
103.847	66
103.848	66
103.91	66
103.911	66
103.912	66
103.913	66
103.976	66
103.977	66
103.978	66
103.979	65
104.043	66
104.044	66
104.045	66
104.046	66
104.112	66
104.113	66
104.114	67
104.115	67
104.18	67
104.181	67
104.183	67
104.184	68
104.25	68
104.251	68
104.252	68
104.253	68
104.314	68
104.315	67
104.316	67
104.317	67
104.381	67
104.382	67
104.383	67
104.384	67
104.448	67
104.449	67
104.45	67
104.451	67
104.517	67
104.518	67
104.519	67
104.52	67
104.586	67
104.587	67
104.588	68
104.589	68
104.656	68
104.657	68
104.658	68
104.659	68
104.725	68
104.726	69
104.727	69
104.728	69
104.793	69
104.794	68
104.795	68
104.797	68
104.863	68
104.864	69
104.865	69
104.866	69
104.932	69
104.933	69
104.934	69
104.935	69
105.001	69
105.002	69
105.003	69
105.005	69
105.072	69
105.073	69
105.074	69
105.075	69
105.134	68
105.135	67
105.136	67
105.137	66
105.198	66
105.199	65
105.2	65
105.201	65
105.262	65
105.263	64
105.264	64
105.265	64
105.328	64
105.329	65
105.33	65
105.331	65
105.395	65
105.396	65
105.397	65
105.398	65
105.462	66
105.463	66
105.464	66
105.465	66
105.53	66
105.531	67
105.532	67
105.533	67
105.6	67
105.601	67
105.602	68
105.603	68
105.667	68
105.668	67
105.669	67
105.67	67
105.731	67
105.732	66
105.733	66
105.734	66
105.795	65
105.796	65
105.797	65
105.798	65
105.858	64
105.859	64
105.86	64
105.861	64
105.922	64
105.923	64
105.924	64
105.925	64
105.989	64
105.99	65
105.992	65
105.993	65
106.059	66
106.06	66
106.061	66
106.062	67
106.129	67
106.13	67
106.131	68
106.132	68
106.195	68
106.196	68
106.197	68
106.198	68
106.26	75
106.261	74
106.263	73
106.264	72
106.328	79
106.329	78
106.33	76
106.331	75
106.394	82
106.395	80
106.397	79
106.398	77
106.461	84
106.462	82
106.463	80
106.464	79
106.529	85
106.53	83
106.531	81
106.532	79
106.599	86
106.6	84
106.73	82
106.731	79
106.732	77
106.795	76
106.796	74
106.797	73
106.861	72
106.862	71
106.863	71
106.931	70
106.932	70
106.933	70
107	79
107.001	78
107.002	77
107.068	84
107.069	82
107.07	80
107.071	79
107.138	78
107.139	77
107.14	76
107.141	75
107.208	74
107.209	74
107.21	73
107.211	73
107.27	71
107.272	70
107.273	69
107.274	68
107.335	68
107.336	67
107.337	67
107.338	67
107.4	74
107.401	73
107.402	72
107.403	71
107.469	79
107.47	77
107.471	76
107.472	75
107.537	83
107.538	81
107.539	80
107.541	78
107.607	85
107.608	83
107.609	82
107.61	80
107.677	87
107.678	85
107.798	82
107.799	79
107.8	76
107.858	74
107.859	72
107.86	70
107.918	69
107.919	68
107.92	67
107.978	66
107.979	65
107.98	65
108.039	72
108.041	70
108.042	69
108.103	76
108.104	74
108.105	73
108.168	80
108.169	78
108.17	77
108.171	75
108.237	74
108.238	74
108.239	73
108.24	72
108.306	72
108.307	72
108.308	71
108.31	71
108.376	71
108.377	70
108.378	70
108.379	70
108.446	70
108.447	70
108.448	70
108.449	70
108.502	77
108.503	74
108.504	72
108.505	70
108.554	74
108.555	72
108.556	70
108.557	68
108.608	72
108.609	70
108.61	68
108.611	66
108.661	71
108.662	68
108.663	67
108.664	65
108.716	70
108.717	68
108.718	67
108.719	65
108.774	71
108.775	69
108.776	68
108.777	67
108.778	66
108.833	65
108.834	64
108.835	63
108.836	63
108.837	62
108.893	62
108.894	61
108.895	61
108.896	61
108.897	61
108.952	60
108.953	60
108.954	60
108.955	60
108.956	60
109.013	60
109.014	60
109.016	60
109.017	60
109.018	60
109.076	61
109.078	61
109.079	61
109.08	61
109.081	61
109.141	62
109.142	62
109.143	62
109.144	62
109.145	62
109.206	63
109.207	63
109.208	63
109.209	64
109.21	64
109.272	64
109.273	64
109.274	64
109.275	64
109.276	64
109.339	65
109.34	65
109.341	65
109.342	65
109.343	65
109.406	65
109.407	66
109.408	66
109.409	66
109.41	66
109.474	66
109.475	66
109.476	66
109.477	67
109.478	67
109.543	67
109.544	67
109.545	67
109.546	68
109.547	68
109.611	68
109.612	68
109.613	68
109.614	68
109.615	68
109.68	68
109.681	68
109.682	68
109.683	68
109.684	68
109.75	68
109.751	68
109.752	68
109.753	69
109.754	69
109.82	69
109.821	69
109.822	69
109.823	69
109.824	69
109.889	69
109.89	69
109.891	69
109.892	69
109.893	69
109.955	69
109.956	68
109.957	68
109.958	67
109.959	67
110.021	67
110.022	67
110.023	67
110.024	67
110.025	67
110.088	67
110.089	66
110.09	66
110.091	66
110.092	66
110.154	66
110.155	66
110.156	66
110.158	66
110.159	66
110.221	66
110.222	66
110.223	66
110.224	66
110.225	66
110.287	66
110.288	66
110.289	66
110.29	66
110.291	66
110.356	66
110.357	67
110.358	67
110.359	67
110.36	67
110.424	67
110.425	67
110.426	67
110.427	67
110.428	67
110.493	68
110.494	68
110.495	68
110.496	68
110.497	68
110.563	68
110.564	68
110.565	68
110.566	68
110.567	69
110.633	69
110.634	69
110.635	69
110.636	69
110.637	69
110.7	69
110.701	69
110.702	68
110.703	68
110.704	68
110.764	67
110.765	67
110.766	67
110.767	66
110.768	66
110.83	66
110.831	66
110.832	66
110.833	66
110.834	66
110.898	66
110.899	66
110.9	66
110.901	66
110.902	66
110.966	67
110.968	67
110.969	67
110.97	67
110.971	67
111.036	76
111.037	75
111.038	75
111.039	74
111.04	74
111.102	81
111.104	79
111.105	77
111.106	76
111.107	75
111.169	81
111.17	80
111.171	78
111.172	77
111.173	75
111.235	82
111.236	80
111.237	78
111.238	77
111.239	76
111.301	82
111.302	80
111.303	78
111.304	77
111.305	76
111.368	82
111.369	80
111.37	79
111.371	77
111.372	76
111.436	83
111.437	81
111.438	80
111.439	79
111.44	77
111.506	84
111.507	83
111.508	81
111.509	80
111.51	78
111.574	85
111.575	83
111.576	81
111.577	80
111.578	78
111.637	84
111.638	82
111.639	80
111.64	78
111.641	76
111.7	82
111.701	80
111.702	78
111.703	76
111.704	74
111.766	80
111.767	79
111.768	77
111.769	76
111.77	74
111.833	81
111.834	80
111.835	78
111.836	77
111.837	76
111.838	75
111.903	74
111.904	73
111.905	73
111.906	73
111.907	72
111.908	72
111.973	72
111.974	71
111.975	71
111.976	71
111.977	70
111.978	70
112.036	69
112.037	69
112.038	68
112.04	67
112.041	67
112.042	66
112.099	66
112.1	66
112.101	65
112.103	65
112.104	65
112.105	65
112.161	72
112.162	70
112.163	69
112.165	69
112.166	68
112.167	67
112.224	74
112.225	72
112.227	71
112.228	70
112.229	69
112.23	69
112.29	76
112.291	74
112.292	73
112.293	73
112.294	72
112.295	71
112.296	71
112.357	70
112.358	70
112.359	69
112.36	69
112.362	69
112.363	68
112.364	68
112.426	68
112.427	68
112.428	68
112.429	69
112.43	69
112.431	69
112.432	69
112.495	77
112.497	76
112.498	75
112.499	74
112.5	74
112.501	73
112.502	73
112.565	80
112.636	78
112.698	84
112.699	82
112.7	80
112.701	78
112.702	76
112.764	75
112.765	74
112.766	73
112.767	72
112.768	71
112.831	71
112.832	70
112.833	70
112.834	70
112.835	69
112.897	77
112.898	76
112.899	75
112.9	74
112.902	73
112.964	80
112.965	78
112.966	77
112.967	76
112.968	75
112.969	74
113.034	73
113.035	73
113.036	72
113.037	72
113.038	71
113.039	71
113.103	71
113.104	71
113.105	71
113.106	70
113.107	70
113.108	70
113.167	69
113.168	68
113.169	68
113.17	67
113.171	67
113.172	66
113.229	73
113.23	72
113.231	71
113.232	70
113.233	69
113.234	68
113.292	74
113.293	73
113.294	72
113.295	71
113.296	70
113.297	69
113.357	76
113.358	75
113.359	73
113.36	73
113.361	72
113.362	71
113.363	70
113.425	70
113.426	70
113.427	70
113.428	70
113.429	69
113.43	69
113.431	69
113.495	69
113.496	69
113.497	69
113.498	69
113.499	69
113.5	69
113.501	69
113.562	69
113.563	68
113.564	68
113.565	68
113.566	68
113.567	68
113.568	68
113.627	75
113.628	74
113.629	73
113.63	72
113.631	71
113.632	71
113.633	70
113.693	77
113.694	76
113.695	75
113.696	74
113.697	73
113.698	72
113.699	71
113.759	78
113.76	77
113.761	75
113.762	74
113.763	73
113.764	72
113.766	72
113.826	78
113.827	77
113.828	76
113.829	75
113.83	74
113.831	73
113.832	72
113.895	79
113.896	78
113.897	77
113.898	76
113.899	75
113.9	74
113.901	74
113.964	81
113.965	79
113.966	78
113.967	77
113.968	76
113.969	75
113.97	74
113.971	74
114.034	73
114.035	73
114.036	72
114.037	72
114.038	72
114.039	72
114.04	72
114.041	71
114.101	71
114.102	71
114.103	70
114.104	70
114.105	69
114.106	69
114.107	69
114.109	68
114.166	68
114.167	67
114.168	67
114.169	67
114.171	66
114.172	66
114.173	66
114.174	66
114.232	66
114.233	66
114.234	66
114.235	66
114.236	66
114.237	66
114.238	66
114.239	66
114.298	66
114.299	66
114.3	66
114.301	66
114.302	66
114.303	66
114.304	66
114.306	66
114.364	66
114.365	66
114.366	66
114.368	66
114.369	66
114.37	66
114.371	66
114.372	66
114.432	66
114.433	66
114.434	66
114.435	66
114.436	66
114.437	66
114.438	66
114.439	66
114.501	66
114.502	67
114.503	67
114.504	67
114.505	68
114.506	68
114.507	68
114.508	68
114.57	68
114.571	69
114.572	69
114.573	69
114.574	69
114.576	69
114.577	69
114.578	69
114.64	69
114.641	69
114.642	69
114.643	69
114.644	69
114.645	69
114.646	69
114.647	69
114.709	69
114.71	69
114.712	69
114.713	69
114.714	69
114.715	69
114.716	69
114.717	69
114.777	68
114.778	68
114.779	68
114.78	68
114.781	68
114.782	67
114.783	67
114.784	67
114.843	67
114.844	67
114.845	67
114.847	67
114.848	67
114.849	67
114.85	67
114.851	67
114.911	67
114.912	67
114.913	67
114.914	67
114.915	67
114.916	67
114.917	67
114.918	67
114.979	67
114.98	67
114.981	67
114.982	67
114.983	67
114.984	67
114.985	68
114.986	68
115.049	68
115.05	68
115.051	69
115.052	69
115.053	69
115.055	69
115.056	69
115.057	69
115.118	69
115.119	69
115.12	69
115.121	68
115.122	68
115.123	68
115.124	68
115.125	68
115.181	67
115.182	67
115.183	67
115.184	66
115.185	66
115.186	66
115.187	65
115.188	65
115.245	65
115.246	64
115.247	64
115.248	64
115.249	64
115.25	64
115.251	64
115.252	64
115.306	63
115.307	63
115.308	63
115.309	62
115.31	62
115.311	62
115.312	62
115.313	61
115.367	61
115.368	61
115.369	61
115.37	61
115.371	61
115.372	61
115.373	61
115.374	61
115.431	62
115.432	62
115.433	62
115.434	62
115.435	62
115.436	62
115.437	62
115.438	62
115.497	63
115.498	63
115.499	63
115.5	64
115.501	64
115.502	64
115.503	65
115.504	65
115.565	65
115.566	66
115.567	66
115.568	66
115.569	66
115.57	67
115.571	67
115.572	67
115.635	67
115.637	67
115.638	68
115.639	68
115.64	68
115.641	68
115.642	68
115.643	69
115.703	68
115.704	68
115.705	68
115.706	68
115.707	68
115.708	67
115.709	67
115.71	67
115.767	67
115.768	66
115.769	66
115.77	66
115.771	65
115.772	65
115.773	65
115.774	65
115.83	65
115.831	64
115.832	64
115.833	64
115.834	64
115.835	64
115.836	64
115.837	63
115.891	63
115.892	63
115.893	62
115.894	62
115.895	62
115.896	62
115.897	61
115.898	61
115.952	61
115.953	61
115.954	61
115.955	61
115.956	61
115.957	61
115.958	61
115.959	61
116.017	61
116.018	62
116.019	62
116.021	63
116.022	63
116.023	63
116.024	64
116.025	64
116.086	64
116.087	65
116.088	65
116.089	65
116.09	66
116.091	66
116.092	66
116.093	66
116.154	66
116.155	67
116.156	67
116.157	67
116.158	67
116.159	67
116.16	67
116.161	68
116.224	68
116.225	68
116.226	68
116.227	69
116.229	69
116.23	69
116.231	69
116.232	69
116.29	68
116.291	68
116.292	68
116.293	67
116.294	67
116.295	67
116.296	67
116.297	67
116.358	67
116.359	67
116.36	67
116.361	67
116.362	67
116.363	67
116.364	67
116.365	67
116.421	66
116.422	66
116.423	66
116.424	65
116.425	65
116.427	65
116.428	65
116.429	64
116.486	64
116.487	64
116.489	64
116.49	64
116.491	64
116.492	64
116.493	64
116.494	64
116.552	65
116.553	65
116.554	65
116.555	65
116.556	65
116.557	65
116.558	65
116.559	65
116.619	65
116.62	65
116.621	65
116.622	65
116.623	66
116.624	66
116.625	66
116.626	66
116.673	72
116.674	70
116.676	68
116.677	67
116.678	65
116.679	64
116.68	63
116.681	62
116.73	67
116.731	66
116.732	64
116.733	63
116.734	63
116.735	62
116.736	61
116.737	61
116.787	66
116.788	65
116.789	64
116.79	64
116.791	63
116.792	62
116.793	62
116.794	61
116.844	67
116.845	66
116.846	65
116.847	64
116.848	63
116.849	63
116.85	62
116.852	61
116.902	67
116.904	66
116.905	65
116.906	64
116.907	64
116.908	63
116.909	62
116.91	62
116.963	68
116.964	67
116.965	66
116.966	66
116.967	65
116.968	65
116.969	64
116.97	64
116.971	64
117.025	63
117.026	63
117.027	63
117.028	63
117.029	63
117.03	62
117.031	62
117.032	62
117.033	62
117.088	62
117.089	62
117.09	62
117.091	62
117.092	62
117.093	62
117.094	62
117.095	62
117.096	62
117.15	62
117.151	62
117.152	62
117.153	62
117.154	62
117.155	62
117.156	62
117.157	62
117.158	62
117.213	62
117.214	62
117.215	62
117.216	62
117.217	62
117.218	62
117.219	63
117.22	63
117.221	63
117.278	70
117.279	69
117.28	69
117.281	68
117.282	68
117.283	67
117.284	67
117.285	67
117.286	66
117.343	73
117.344	72
117.345	71
117.346	71
117.347	70
117.348	69
117.349	69
117.35	69
117.351	68
117.407	75
117.408	74
117.409	73
117.41	72
117.412	71
117.413	70
117.414	70
117.415	69
117.416	69
117.417	68
117.474	68
117.475	68
117.476	68
117.477	67
117.478	67
117.479	67
117.48	67
117.481	67
117.482	67
117.484	67
117.54	67
117.541	67
117.542	66
117.543	66
117.544	66
117.546	66
117.547	66
117.548	66
117.549	66
117.55	66
117.607	66
117.609	66
117.61	66
117.611	66
117.612	67
117.613	67
117.614	67
117.615	67
117.616	67
117.617	67
117.675	74
117.676	74
117.677	73
117.678	72
117.679	72
117.681	71
117.738	70
