10.0343	34
10.0774	35
10.1152	40
10.3286	40
10.3633	44
10.3981	47
10.4345	50
10.4355	48
10.4723	47
10.4733	46
10.5154	45
10.5164	45
10.5611	45
10.5621	45
10.6104	51
10.6115	51
10.6562	56
10.6572	55
10.7034	60
10.7045	58
10.7055	57
10.7596	57
10.7607	57
10.7617	56
10.8201	57
10.8211	57
10.8222	58
10.8857	66
10.8868	66
10.8878	66
10.9467	73
10.9477	72
10.9488	70
11.0097	77
11.0108	75
11.0118	74
11.0129	72
11.0806	72
11.2009	70
11.2019	67
11.2529	72
11.2539	69
11.3065	74
11.3075	71
11.3611	76
11.3621	73
11.4157	78
11.4168	75
11.474	79
11.4751	77
11.5329	82
11.5339	79
11.535	76
11.5938	74
11.5949	73
11.5959	71
11.6558	70
11.6569	69
11.6579	68
11.7183	67
11.7194	67
11.7204	66
11.7803	66
11.7814	65
11.7824	65
11.8465	65
11.8476	65
11.8486	65
11.9148	65
11.9158	66
11.9169	66
11.9841	66
11.9852	67
11.9862	67
12.0535	67
12.0545	67
12.0556	67
12.1228	68
12.1239	68
12.1249	68
12.1922	68
12.1932	68
12.1943	68
12.2615	68
12.2626	68
12.2636	68
12.3309	68
12.3319	68
12.333	68
12.4002	69
12.4013	69
12.4023	69
12.4695	69
12.4706	69
12.4716	69
12.5389	69
12.5399	69
12.541	69
12.6082	69
12.6093	69
12.6103	69
12.6776	69
12.6786	69
12.6797	69
12.7469	69
12.748	69
12.749	69
12.8163	69
12.8173	69
12.8184	69
12.8856	69
12.8867	69
12.8877	69
12.955	69
12.956	69
12.9571	69
13.0243	69
13.0253	69
13.0264	69
13.0936	69
13.0947	69
13.0957	69
13.163	69
13.164	69
13.1651	69
13.2323	69
13.2334	69
13.2344	69
13.3017	69
13.3027	69
13.3038	69
13.371	69
13.3721	69
13.3731	69
13.4404	69
13.4414	69
13.4425	69
13.5097	69
13.5108	69
13.5118	69
13.579	69
13.5801	69
13.5812	69
13.6484	69
13.6494	69
13.6505	69
13.7177	69
13.7188	69
13.7198	69
13.7871	69
13.7881	69
13.7892	69
13.8564	69
13.8575	69
13.8585	69
13.9258	69
13.9268	69
13.9279	69
13.9951	69
13.9962	69
13.9972	69
14.065	69
14.066	69
14.0671	69
14.1343	69
14.1353	69
14.1364	69
14.1999	68
14.201	68
14.202	68
14.2656	67
14.2667	67
14.2677	67
14.3323	75
14.3334	74
14.3344	73
14.399	80
14.4001	79
14.4011	77
14.4668	84
14.4679	82
14.4689	80
14.5367	87
14.5377	85
14.5388	83
14.6049	90
14.606	87
14.607	85
14.6081	83
14.6685	81
14.6695	78
14.6706	76
14.6716	75
14.7299	73
14.731	71
14.732	70
14.7331	69
14.7893	68
14.7903	67
14.7914	66
14.7924	65
14.8492	64
14.8502	64
14.8513	63
14.8523	63
14.9133	70
14.9143	69
14.9154	69
14.9164	68
14.98	76
14.981	75
14.9821	74
14.9831	73
15.0493	80
15.0509	79
15.1811	77
15.2379	74
15.2389	72
15.24	70
15.2967	69
15.2978	68
15.2988	66
15.3561	66
15.3571	65
15.3582	64
15.4175	64
15.4186	63
15.4196	63
15.4801	70
15.4811	70
15.4822	69
15.5436	76
15.5447	74
15.5457	73
15.6103	80
15.6114	78
15.6124	77
15.6135	76
15.6802	75
15.6813	74
15.6823	74
15.6834	73
15.749	72
15.75	72
15.7511	71
15.7522	71
15.8141	70
15.8152	70
15.8162	69
15.8173	68
15.8824	68
15.8835	68
15.8845	68
15.8856	68
15.9523	77
15.9533	76
15.9544	75
15.9554	75
16.02	82
16.0211	80
16.0221	79
16.0232	78
16.0825	84
16.0836	81
16.0846	79
16.0857	77
16.1472	83
16.1482	80
16.1493	79
16.1503	77
16.2133	83
16.2144	81
16.2154	79
16.2165	78
16.2175	76
16.2822	75
16.2832	74
16.2843	74
16.2853	73
16.2864	73
16.352	72
16.353	72
16.3541	71
16.3551	71
16.3562	71
16.4166	70
16.4176	69
16.4187	69
16.4197	68
16.4208	67
16.4838	67
16.4849	67
16.4859	67
16.487	67
16.488	67
16.5516	67
16.5527	67
16.5537	67
16.5548	67
16.5558	67
16.6188	67
16.6199	67
16.621	67
16.622	67
16.6231	67
16.6866	67
16.6877	67
16.6887	67
16.6898	67
16.6908	67
16.7554	67
16.7565	67
16.7575	68
16.7586	68
16.7596	68
16.8258	68
16.8269	68
16.8284	68
16.9592	68
16.9603	67
16.9613	66
17.0223	66
17.0233	66
17.0244	65
17.0869	65
17.0879	65
17.089	65
17.151	64
17.152	65
17.1531	65
17.2156	72
17.2166	72
17.2177	71
17.2802	78
17.2812	76
17.2823	75
17.3453	81
17.3464	79
17.3474	78
17.3485	76
17.4115	75
17.4126	74
17.4136	73
17.4147	72
17.4788	71
17.4798	71
17.4809	70
17.4819	70
17.546	69
17.5471	69
17.5481	69
17.5492	69
17.6138	77
17.6148	76
17.6159	75
17.6169	74
17.681	81
17.6821	79
17.6831	78
17.6842	77
17.7483	84
17.7493	82
17.7504	80
17.7514	78
17.816	85
17.8171	83
17.8181	81
17.8192	80
17.8833	86
17.8843	84
17.8854	82
17.8864	80
17.9505	86
17.9516	84
17.9526	82
17.9537	80
17.9547	78
18.0193	77
18.0204	76
18.0214	75
18.0225	74
18.0235	74
18.0887	73
18.0897	72
18.0908	72
18.0918	72
18.0929	71
18.158	71
18.1591	71
18.1601	71
18.1612	70
18.1622	70
18.2274	70
18.2284	70
18.2295	70
18.2305	70
18.2316	69
18.2972	69
18.2982	69
18.2993	69
18.3003	69
18.3014	69
18.3655	69
18.3665	69
18.3676	69
18.3686	69
18.3697	69
18.4306	68
18.4317	68
18.4327	67
18.4338	67
18.4348	67
18.4952	66
18.4963	66
18.4973	66
18.4984	66
18.4994	66
18.5604	65
18.5614	65
18.5625	65
18.5635	65
18.5646	65
18.6271	65
18.6281	65
18.6292	66
18.6302	66
18.6313	66
18.6964	66
18.6975	66
18.6985	67
18.6996	67
18.7006	67
18.7663	67
18.7673	68
18.7684	68
18.7694	68
18.7705	68
18.8309	68
18.8319	67
18.833	67
18.834	66
18.8351	66
18.8955	66
18.8965	66
18.8976	66
18.8986	65
18.8997	65
18.9591	65
18.9601	65
18.9612	65
18.9622	64
18.9633	64
19.0231	64
19.0242	64
19.0252	64
19.0263	64
19.0273	64
19.0899	64
19.0909	64
19.092	64
19.093	65
19.0941	65
19.1587	65
19.1597	66
19.1608	66
19.1618	66
19.1629	66
19.228	67
19.2291	67
19.2301	67
19.2312	68
19.2322	68
19.2978	68
19.2989	68
19.2999	68
19.301	68
19.302	68
19.3593	67
19.3604	67
19.3614	66
19.3625	66
19.3635	65
19.4197	64
19.4208	64
19.4218	63
19.4229	63
19.4239	62
19.4828	62
19.4838	62
19.4849	62
19.4859	62
19.487	62
19.5479	63
19.549	63
19.55	63
19.5511	63
19.5521	64
19.6125	64
19.6136	64
19.6146	64
19.6157	64
19.6167	64
19.6798	64
19.6808	64
19.6819	65
19.6829	65
19.684	65
19.7486	66
19.7496	66
19.7507	66
19.7517	67
19.7528	67
19.8184	67
19.8195	67
19.8205	68
19.8216	68
19.8226	68
19.8867	68
19.8877	68
19.8888	68
19.8898	68
19.8909	68
19.9481	67
19.9492	66
19.9502	66
19.9513	65
19.9523	65
20.0133	65
20.0143	65
20.0154	65
20.0164	65
20.0175	65
20.0789	65
20.08	65
20.081	65
20.0821	65
20.0831	65
20.1457	65
20.1467	65
20.1478	65
20.1488	65
20.1499	65
20.2129	65
20.214	66
20.215	66
20.2161	66
20.2171	66
20.2817	67
20.2828	67
20.2838	67
20.2849	67
20.2859	67
20.3516	67
20.3526	68
20.3537	68
20.3547	68
20.3558	68
20.4219	68
20.423	69
20.424	69
20.4251	69
20.4261	69
20.5501	68
20.6121	75
20.6131	74
20.6142	73
20.6762	79
20.6772	77
20.6783	76
20.7424	82
20.7434	80
20.7445	79
20.8101	85
20.8112	83
20.8122	81
20.8133	80
20.8784	78
20.8795	77
20.8805	76
20.8816	75
20.9478	74
20.9488	73
20.9499	73
20.9509	72
21.0176	80
21.0186	79
21.0197	78
21.0207	77
21.0827	84
21.0838	82
21.0848	80
21.0859	78
21.15	84
21.151	82
21.1521	80
21.1531	79
21.2177	86
21.2188	83
21.2198	81
21.2209	80
21.2219	78
21.2866	77
21.2876	76
21.2887	75
21.2897	74
21.2908	73
21.3564	73
21.3575	73
21.3585	72
21.3596	72
21.3606	72
21.4257	71
21.4268	71
21.4278	71
21.4289	70
21.4299	70
21.495	70
21.4961	70
21.4971	70
21.4982	70
21.4992	70
21.5602	69
21.5612	69
21.5623	68
21.5633	68
21.5644	68
21.6258	75
21.6269	74
21.6279	73
21.629	72
21.63	71
21.692	78
21.6931	77
21.6941	76
21.6952	75
21.6962	74
21.7588	80
21.7598	79
21.7609	77
21.7619	76
21.763	75
21.8265	82
21.8276	80
21.8286	78
21.8297	77
21.8307	76
21.8953	83
21.8964	81
21.8974	80
21.8985	79
21.8995	78
21.9652	85
21.9662	83
21.9673	81
21.9683	80
21.9694	79
22.0324	86
22.0335	83
22.0345	81
22.0356	80
22.0366	78
22.1002	85
22.1012	83
22.1023	81
22.1033	79
22.1044	78
22.1669	84
22.1679	82
22.169	80
22.17	79
22.1711	77
22.2352	84
22.2362	82
22.2373	81
22.2383	79
22.2394	78
22.304	85
22.3051	83
22.3061	81
22.3072	80
22.3082	78
22.3738	85
22.3749	83
22.3759	82
22.377	80
22.378	79
22.5109	77
22.5708	82
22.5718	80
22.5729	78
22.6322	83
22.6333	81
22.6343	78
22.6932	84
22.6942	81
22.6953	78
22.7546	84
22.7557	81
22.7567	78
22.7578	76
22.8187	75
22.8198	73
22.8208	72
22.8219	71
22.8839	70
22.8849	69
22.886	69
22.887	68
22.9501	68
22.9511	68
22.9522	68
22.9532	68
23.0168	76
23.0178	74
23.0189	73
23.0199	73
23.0824	80
23.0835	78
23.0845	76
23.0856	75
23.1492	82
23.1502	80
23.1513	79
23.1523	77
23.1534	76
23.2169	75
23.218	74
23.219	73
23.2201	72
23.2211	72
23.2863	71
23.2873	71
23.2884	71
23.2894	71
23.2905	70
23.3561	70
23.3572	70
23.3582	70
23.3593	70
23.3603	70
23.4259	70
23.427	70
23.428	70
23.4291	70
23.4301	70
23.4932	69
23.4942	69
23.4953	69
23.4963	68
23.4974	68
23.5609	68
23.562	68
23.563	68
23.5641	68
23.5651	68
23.6261	76
23.6271	75
23.6282	74
23.6292	73
23.6303	72
23.6933	79
23.6944	77
23.6954	76
23.6965	75
23.6975	74
23.7611	81
23.7621	80
23.7632	78
23.7642	77
23.7653	76
23.8299	83
23.8309	81
23.832	79
23.833	78
23.8341	77
23.8987	84
23.8998	82
23.9008	81
23.9019	79
23.9029	78
23.9681	85
23.9691	83
23.9702	81
23.9712	80
23.9723	79
24.0379	86
24.0389	84
24.04	82
24.041	81
24.0421	79
24.0988	85
24.0999	82
24.1009	80
24.102	77
24.103	75
24.1613	81
24.1624	79
24.1634	77
24.1645	75
24.1655	74
24.2259	80
24.227	78
24.228	76
24.2291	75
24.2301	74
24.2911	80
24.2921	78
24.2932	77
24.2942	76
24.2953	74
24.3573	81
24.3583	79
24.3594	77
24.3604	76
24.3615	75
24.4256	82
24.4266	80
24.4277	79
24.4287	77
24.4298	76
24.4949	83
24.496	82
24.497	80
24.4981	79
24.4991	78
24.5642	85
24.5653	83
24.5663	82
24.5674	80
24.5684	79
24.6315	85
24.6325	83
24.6336	81
24.6346	79
24.6357	78
24.6982	84
24.6992	82
24.7003	80
24.7013	79
24.7024	77
24.7659	84
24.767	82
24.768	80
24.7691	79
24.7701	77
24.8353	84
24.8363	83
24.8374	81
24.8384	80
24.8395	78
24.9056	85
25.0364	91
25.0375	87
25.0385	84
25.0974	89
25.0984	85
25.0995	82
25.1604	87
25.1615	84
25.1625	82
25.225	87
25.2261	84
25.2271	82
25.2282	80
25.2923	78
25.2933	77
25.2944	76
25.2954	74
25.3606	74
25.3616	73
25.3627	72
25.3637	72
25.4304	71
25.4315	71
25.4325	71
25.4336	71
25.4981	79
25.4992	78
25.5003	77
25.5013	76
25.5607	82
25.5617	79
25.5628	77
25.5638	75
25.6216	81
25.6227	79
25.6237	76
25.6248	75
25.6258	73
25.6841	72
25.6852	70
25.6862	69
25.6873	69
25.6883	68
25.7461	67
25.7472	66
25.7482	66
25.7493	65
25.7503	65
25.8097	64
25.8107	64
25.8118	64
25.8128	64
25.8139	64
25.8753	64
25.8764	64
25.8774	64
25.8785	64
25.8795	65
25.9426	65
25.9436	65
25.9447	65
25.9457	65
25.9468	66
26.0109	66
26.0119	66
26.013	66
26.014	67
26.0151	67
26.0786	75
26.0797	74
26.0807	74
26.0818	73
26.0828	72
26.1464	80
26.1475	78
26.1485	77
26.1496	76
26.1506	75
26.2163	82
26.3423	87
26.3434	84
26.3444	80
26.4011	85
26.4022	82
26.4032	79
26.461	84
26.4621	81
26.4631	78
26.5204	83
26.5214	80
26.5225	77
26.5235	75
26.5824	73
26.5834	72
26.5845	71
26.5855	70
26.6465	69
26.6475	68
26.6486	68
26.6496	67
26.7116	67
26.7127	67
26.7137	66
26.7148	66
26.7794	74
26.7804	73
26.7815	73
26.7825	72
26.8472	80
26.8482	78
26.8493	77
26.8503	76
26.9149	83
26.916	81
26.917	80
26.9181	78
26.9843	85
26.9858	83
27.1203	81
27.1213	79
27.1224	77
27.1833	76
27.1844	74
27.1854	73
27.2479	79
27.249	77
27.25	76
27.3125	82
27.3136	80
27.3146	78
27.3782	84
27.3793	82
27.3803	80
27.446	87
27.447	84
27.4481	82
27.5148	89
27.5159	86
27.5169	84
27.5841	90
27.5852	88
27.5862	86
27.6534	92
27.6545	89
27.6555	87
27.7202	93
27.7212	90
27.7223	87
27.7233	84
27.7863	82
27.7874	80
27.7884	78
27.7895	77
27.8531	75
27.8541	74
27.8552	73
27.8562	72
27.9203	72
27.9214	71
27.9224	70
27.9235	70
27.9881	70
27.9891	69
27.9902	69
27.9912	69
28.0579	69
28.0589	69
28.06	69
28.061	69
28.1241	69
28.1251	68
28.1262	68
28.1272	68
28.184	67
28.185	66
28.1861	65
28.1871	64
28.2449	64
28.246	63
28.247	63
28.2481	63
28.3059	62
28.3069	62
28.308	62
28.309	62
28.3663	61
28.3673	61
28.3684	61
28.3694	61
28.4272	61
28.4283	61
28.4293	61
28.4304	61
28.4902	61
28.4913	61
28.4923	61
28.4934	62
28.5559	62
28.557	62
28.558	63
28.5591	63
28.6221	63
28.6232	64
28.6242	64
28.6253	64
28.6899	64
28.6909	65
28.692	65
28.693	65
28.7566	65
28.7576	66
28.7587	66
28.7597	66
28.8238	66
28.8249	66
28.8259	66
28.827	66
28.8905	66
28.8916	66
28.8926	66
28.8937	66
28.9583	66
28.9594	67
28.9604	67
28.9615	67
29.0282	67
29.0292	67
29.0303	68
29.0313	68
29.098	68
29.0991	68
29.1001	68
29.1012	69
29.1621	68
29.1631	67
29.1642	67
29.1652	66
29.2236	66
29.2246	65
29.2257	64
29.2267	64
29.2855	64
29.2866	63
29.2876	63
29.2887	63
29.3491	63
29.3502	63
29.3512	63
29.3523	63
29.4132	63
29.4143	63
29.4153	63
29.4164	63
29.4778	63
29.4789	63
29.4799	63
29.481	63
29.544	64
29.5451	64
29.5461	64
29.5472	65
29.6123	65
29.6134	65
29.6144	66
29.6155	66
29.6811	66
29.6822	66
29.6832	67
29.6843	67
29.7499	67
29.751	67
29.752	67
29.7531	67
29.8193	68
29.8203	68
29.8214	68
29.8224	68
29.887	68
29.8881	68
29.8891	68
29.8902	68
29.9532	68
29.9542	67
29.9553	67
29.9563	67
30.021	67
30.022	67
30.0231	67
30.0241	67
30.0898	67
30.0908	67
30.0919	67
30.0929	67
30.1591	68
30.1602	68
30.1612	68
30.1623	68
30.2284	68
30.2295	68
30.2305	68
30.2316	68
30.2978	68
30.2988	68
30.2999	68
30.3009	68
30.3676	69
30.3687	69
30.3697	69
30.3708	69
30.4343	69
30.4354	68
30.4364	68
30.4375	68
30.5016	76
30.5026	75
30.5037	74
30.5047	73
30.5699	80
30.5709	79
30.572	78
30.573	77
30.6402	84
30.7652	81
30.7663	79
30.8256	84
30.8267	81
30.8277	78
30.8897	77
30.8908	75
30.8918	73
30.9544	72
30.9554	71
30.9565	70
31.0205	70
31.0216	69
31.0226	69
31.0894	69
31.0904	69
31.0915	69
31.1597	69
31.2931	68
31.2942	68
31.3614	68
31.3625	68
31.4287	67
31.4297	67
31.498	68
31.4991	68
31.5678	68
31.5689	68
31.6304	67
31.6314	67
31.6939	74
31.695	73
31.7601	80
31.7612	78
31.8263	85
31.8274	83
31.8941	89
31.8951	86
31.9613	92
31.9624	89
32.0307	95
32.0317	92
32.1005	97
32.1015	94
32.1646	99
32.1656	95
32.2297	99
32.2308	94
32.2985	99
32.2996	96
32.3663	101
32.3673	97
32.4361	102
32.4372	98
32.505	102
32.506	98
32.5717	103
32.5727	98
32.641	103
32.6421	99
32.7108	104
32.7119	99
32.7749	103
32.776	99
32.8416	102
32.8427	98
32.9084	102
32.9094	98
32.9761	102
32.9772	98
33.0434	103
33.0444	98
33.1132	103
33.1143	99
33.181	103
33.182	99
33.243	103
33.244	98
33.307	101
33.3081	97
33.3711	100
33.3722	96
33.4368	100
33.4379	96
33.5046	100
33.5056	96
33.5739	101
33.575	97
33.6443	102
33.8444	106
33.9132	109
33.983	113
34.0377	114
34.0944	114
34.0954	107
34.1532	101
34.1543	95
34.2152	91
34.2163	88
34.2783	84
34.2793	82
34.3434	80
34.3445	78
34.4101	76
34.4112	75
34.4784	82
34.4795	81
34.5482	88
34.5493	85
34.6097	91
34.6107	87
34.6722	92
34.6733	88
34.7374	93
34.7384	90
34.8041	95
34.8051	91
34.8734	97
34.8745	93
34.9438	99
35.27	103
35.3367	106
35.4055	110
35.4733	113
35.5421	116
35.5431	110
35.6124	105
35.6135	101
35.677	96
35.6781	92
35.7432	89
35.7443	86
35.8121	84
35.8131	82
35.8819	80
35.883	79
35.9475	86
35.9486	83
36.0111	89
36.0122	86
36.0773	91
36.0784	88
36.1461	94
36.1472	91
36.216	96
36.217	93
36.2853	99
36.2863	95
36.352	100
36.353	96
36.4166	100
36.4176	96
36.4823	100
36.4833	96
36.5511	100
36.5521	97
36.6209	102
36.6219	98
36.686	102
36.6871	98
36.7512	102
36.7522	97
36.8163	101
36.8174	97
36.883	101
36.8841	97
36.9498	101
36.9508	97
37.017	101
37.018	97
37.0858	102
37.0869	98
37.1562	103
37.34	104
37.3973	105
37.3983	99
37.4556	94
37.4566	90
37.5155	86
37.5165	82
37.5769	80
37.578	77
37.64	76
37.641	74
37.7046	73
37.7057	72
37.7713	71
37.7724	70
37.8386	70
37.8396	69
37.9058	69
37.9069	69
37.9746	69
37.9757	69
38.0429	77
38.044	76
38.1128	84
38.1138	82
38.1826	89
38.1837	87
38.3754	84
38.4395	89
38.5041	94
38.5692	99
38.6359	103
38.637	98
38.7042	94
38.7053	91
38.7741	88
38.7752	86
38.8439	84
38.845	82
38.9064	80
38.9075	77
38.9695	76
38.9705	74
39.0351	81
39.0362	79
39.1008	85
39.1019	83
39.1696	89
39.1707	87
39.24	93
39.4391	97
39.5042	101
39.5704	105
39.6403	109
40.0347	111
40.103	114
40.1718	117
40.2416	120
40.3057	121
40.3687	122
40.4307	122
40.4922	122
40.5552	123
40.6188	123
40.6839	124
40.7512	125
40.8195	126
40.8877	127
40.9576	129
41.0274	130
41.0889	130
41.1514	129
41.2144	129
41.278	128
41.3384	128
41.3999	127
41.4624	127
41.5254	126
41.5906	127
41.6573	127
41.7251	128
41.7959	129
42.0475	129
42.1132	129
42.1804	129
42.2498	130
42.3196	131
42.38	131
42.4436	130
42.5066	130
42.5707	129
42.6364	129
42.7036	130
42.7729	130
42.8423	131
42.909	132
42.9773	132
43.0466	133
43.1122	133
43.1795	133
43.2483	133
43.3186	134
43.5687	133
43.6302	132
43.6932	131
43.7578	130
43.8245	130
43.8934	131
43.9626	132
44.0257	132
44.0893	131
44.1544	131
44.2211	131
44.2894	131
44.2905	123
44.3603	117
44.5494	118
44.613	118
44.6781	120
44.7448	121
44.8115	123
44.8793	124
44.8804	117
44.9502	111
45.1429	113
45.2065	114
45.2711	116
45.3352	118
45.4009	119
45.4686	121
45.4697	114
45.5385	109
45.5396	104
45.6083	99
45.6094	96
45.6745	92
45.6756	89
45.7407	86
45.7418	83
45.808	81
45.809	79
45.8747	78
45.8757	76
45.9409	75
45.9419	74
46.0081	73
46.0092	72
46.078	72
46.079	72
46.1478	71
46.1489	71
46.215	70
46.2161	70
46.2791	69
46.2802	69
46.3448	68
46.3458	68
46.4099	67
46.411	67
46.4766	67
46.4777	67
46.5444	67
46.5455	67
46.6132	67
46.6143	67
46.683	68
46.6841	68
46.7445	67
46.7456	66
46.8075	66
46.8086	65
46.8722	65
46.8732	65
46.9405	65
46.9415	66
47.0077	66
47.0088	66
47.0765	66
47.0776	66
47.1458	67
47.1469	67
47.2157	67
47.2167	68
47.2829	67
47.2839	67
47.3464	67
47.3475	66
47.4121	66
47.4132	66
47.4788	66
47.4799	66
47.5461	66
47.5471	66
47.6144	67
47.6154	67
47.6827	67
47.6837	67
47.7525	67
47.7535	67
47.8176	67
47.8187	67
47.8859	67
47.887	67
47.9558	67
47.9568	68
48.0251	68
48.0261	68
48.0923	68
48.0934	68
48.1596	68
48.1606	67
48.2278	67
48.2289	68
48.2977	76
48.2987	75
48.3628	83
48.3638	81
48.4221	86
48.4232	83
48.4831	87
48.4841	84
48.5461	89
48.5472	86
48.5482	83
48.6123	81
48.6134	79
48.6144	77
48.6806	76
48.6817	75
48.6827	74
48.7494	73
48.7505	73
48.7515	72
48.8198	72
48.9396	70
48.9406	69
48.9994	68
49.0005	67
49.0599	66
49.0609	65
49.1208	64
49.1218	64
49.1849	72
49.1859	71
49.2516	78
49.2526	77
49.3194	84
49.3204	82
49.3887	89
49.3903	86
49.5851	91
49.6455	95
49.7065	98
49.7695	101
49.8331	104
49.8341	99
49.8972	95
49.8982	91
49.9628	88
49.9639	85
50.0301	83
50.0311	81
50.0989	79
50.0999	78
50.1677	76
50.1688	76
50.2365	83
50.2375	82
50.3001	88
50.3011	85
50.3652	90
50.3663	87
50.4303	92
50.4314	89
50.496	94
50.4971	91
50.5617	95
50.5627	92
50.6279	96
50.6289	93
50.6951	98
50.6962	94
50.7634	99
50.7645	95
50.8327	100
50.8338	96
50.901	101
50.9021	97
50.9709	102
50.9719	98
51.0381	103
51.0391	99
51.1058	103
51.1069	99
51.1715	103
51.1726	98
51.2382	102
51.2393	98
51.3076	103
51.3086	98
51.3774	103
51.3784	99
51.4326	102
51.4336	96
51.4914	98
51.4924	94
51.5502	96
51.5513	92
51.608	95
51.6091	90
51.6663	93
51.6674	89
51.7273	92
51.7283	89
51.7893	93
51.7903	89
51.8533	93
51.8544	90
51.9185	94
51.9195	91
51.9847	96
51.9857	92
52.0509	97
52.0519	93
52.1186	98
52.1197	94
52.1869	99
52.188	95
52.2568	101
52.4601	105
52.5299	109
52.5929	112
52.7794	114
52.8456	116
52.9139	118
52.9827	120
53.0531	123
53.312	123
53.3761	123
53.4418	124
53.508	125
53.5758	126
53.6461	128
54.1257	129
54.383	129
54.4477	128
54.5128	128
54.5795	129
54.6483	130
54.7172	131
54.786	131
54.8558	132
54.922	133
54.9871	132
55.0528	132
55.1179	132
55.1852	132
55.254	132
55.3233	133
55.3932	134
55.4599	134
55.5261	134
55.5938	134
55.6632	134
55.7315	135
55.8013	135
55.868	135
55.9358	135
56.0056	135
56.0754	136
56.1422	136
56.2078	135
56.2751	135
56.3413	135
56.4101	135
56.4794	135
56.5471	135
56.6149	135
56.678	134
56.7441	134
56.8119	134
56.8807	134
56.9506	135
57.0094	134
57.0693	132
57.0703	123
57.1302	115
57.1313	108
57.1922	102
57.1933	97
57.2568	93
57.2579	89
57.323	87
57.3241	84
57.3908	82
57.3918	80
57.4606	79
57.4617	78
57.5294	85
57.5305	83
57.5867	88
57.5877	84
57.645	88
57.646	85
57.7033	88
57.7044	85
57.7054	81
57.7648	79
57.7658	77
57.7669	75
57.8283	73
57.8294	72
57.8304	71
57.8929	70
57.894	69
57.895	69
57.9576	76
57.9586	75
57.9597	74
58.0259	81
58.0269	79
58.028	78
58.0941	85
58.0952	83
58.0962	81
58.0973	80
58.1624	78
58.1635	77
58.1645	76
58.1656	75
58.2323	74
58.2333	74
58.2344	73
58.2354	73
58.3011	81
58.3021	79
58.3032	78
58.3042	77
58.3631	83
58.3641	81
58.3652	78
58.3662	76
58.3673	75
58.4245	73
58.4256	71
58.4266	70
58.4277	69
58.4287	68
58.4876	75
58.4886	73
58.4897	72
58.4907	71
58.4918	70
58.5496	76
58.5506	75
58.5517	73
58.5527	72
58.5538	71
58.5548	70
58.6137	69
58.6147	68
58.6158	68
58.6168	67
58.6179	67
58.6189	66
58.6798	66
58.6809	66
58.6819	66
58.683	66
58.684	66
58.6851	67
58.7481	74
58.7492	74
58.7502	73
58.7513	73
58.7523	72
58.7534	72
58.7544	71
58.818	71
58.8191	71
58.8915	70
58.9503	69
58.9514	69
58.9524	68
58.9535	67
58.9545	67
59.0129	66
59.0139	65
59.015	65
59.016	65
59.0171	64
59.0764	64
59.0775	64
59.0785	64
59.0796	64
59.0806	64
59.14	71
59.141	71
59.1421	70
59.1431	69
59.1442	69
59.2041	75
59.2051	74
59.2062	73
59.2072	72
59.2083	71
59.2697	78
59.2708	76
59.2718	75
59.2729	74
59.2739	73
59.275	72
59.3391	71
59.3401	71
59.3412	71
59.3422	71
59.3433	71
59.3443	71
59.4084	70
59.4095	70
59.4105	70
59.4116	70
59.4126	70
59.4137	69
59.4783	69
59.4793	70
59.4804	70
59.4814	70
59.4825	70
59.4835	70
59.545	78
59.546	76
59.5471	75
59.5481	74
59.5492	73
59.5502	73
59.6096	79
59.6106	78
59.6117	76
59.6127	74
59.6138	73
59.6148	72
59.6737	78
59.6747	77
59.6758	75
59.6768	74
59.6779	73
59.6789	72
59.68	71
59.7399	70
59.7409	70
59.742	69
59.743	69
59.7441	68
59.7451	68
59.7462	68
59.8082	68
59.8092	68
59.8103	68
59.8113	68
59.8124	68
59.8134	68
59.8145	68
59.8775	68
59.8786	68
59.8796	68
59.8807	68
59.8817	68
59.8828	68
59.8838	68
59.9473	68
59.9484	69
59.9494	69
59.9505	69
59.9515	69
59.9526	69
59.9537	69
60.0146	69
60.0156	68
60.0167	68
60.0177	68
60.0188	68
60.0198	68
60.0209	67
60.0823	67
60.0834	68
60.0844	68
60.0855	68
60.0865	68
60.0876	68
60.0886	68
60.1501	76
60.1512	75
60.1522	74
60.1533	73
60.1543	73
60.1554	72
60.1564	72
60.2184	79
60.2194	78
60.2205	77
60.2215	76
60.2226	75
60.2236	74
60.2247	73
60.2882	80
60.2893	79
60.2903	78
60.2914	77
60.2924	76
60.2935	76
60.2945	75
60.3565	82
60.3576	80
60.3586	79
60.3597	78
60.3607	76
60.3618	75
60.3628	75
60.4248	81
60.4259	80
60.4269	78
60.428	77
60.429	76
60.4301	75
60.4311	75
60.4931	82
60.4941	80
60.4952	79
60.4962	78
60.4973	77
60.4983	76
60.4994	75
60.5624	82
60.5635	80
60.5645	79
60.5656	78
60.5666	77
60.5677	76
60.5687	75
60.6297	82
60.6307	80
60.6318	78
60.6328	77
60.6339	76
60.6349	75
60.636	74
60.6979	81
60.699	79
60.7	78
60.7011	77
60.7022	76
60.7032	75
60.7043	74
60.7683	82
60.8376	79
60.8387	77
60.8991	76
60.9002	74
60.9012	73
60.9023	72
60.9033	71
60.9621	70
60.9632	69
60.9642	68
60.9653	68
60.9663	67
61.0262	67
61.0273	66
61.0283	66
61.0294	66
61.0304	66
61.0908	73
61.0919	72
61.0929	71
61.094	70
61.095	70
61.1565	77
61.1576	75
61.1586	74
61.1597	73
61.1607	72
61.2238	79
61.2248	78
61.2259	77
61.2269	75
61.228	74
61.229	74
61.2931	73
61.2942	73
61.2952	72
61.2963	72
61.2973	72
61.2984	71
61.3634	71
61.3645	71
61.3655	71
61.3666	71
61.3676	70
61.3687	70
61.426	69
61.427	68
61.4281	68
61.4291	67
61.4302	67
61.4312	66
61.4879	73
61.489	72
61.4901	70
61.4911	69
61.4922	69
61.4932	68
61.5515	74
61.5526	73
61.5536	72
61.5547	71
61.5557	70
61.5568	69
61.6161	76
61.6172	75
61.6182	73
61.6193	72
61.6203	72
61.6214	71
61.6823	78
61.6834	76
61.6844	75
61.6855	74
61.6865	73
61.6876	72
61.6886	72
61.7511	71
61.7522	71
61.7532	71
61.7543	70
61.7553	70
61.7564	70
61.7574	70
61.821	70
61.822	70
61.8231	70
61.8241	70
61.8252	70
61.8262	70
61.8273	70
61.8908	70
61.8919	69
61.8929	69
61.894	69
61.895	69
61.8961	69
61.8971	69
61.9559	69
61.957	68
61.958	68
61.9591	68
61.9601	67
61.9612	67
61.9622	67
62.02	66
62.0211	66
62.0221	66
62.0232	66
62.0242	66
62.0253	66
62.0263	65
62.0862	73
62.0873	72
62.0883	71
62.0894	71
62.0904	70
62.0915	70
62.0925	69
62.1545	77
62.1556	76
62.1566	75
62.1577	74
62.1587	73
62.1598	73
62.1608	72
62.2244	80
62.2254	78
62.2265	77
62.2275	77
62.2286	76
62.2296	75
62.2307	75
62.2942	82
62.2952	80
62.2963	79
62.2973	78
62.2984	77
62.2994	76
62.3005	76
62.3535	81
62.3546	79
62.3556	76
62.3567	74
62.3578	72
62.3588	71
62.3599	69
62.4176	75
62.4187	74
62.4197	73
62.4208	72
62.4218	71
62.4229	70
62.4239	69
62.4812	76
62.4823	74
62.4833	73
62.4844	72
62.4854	71
62.4865	70
62.4875	70
62.5453	76
62.5463	75
62.5474	73
62.5484	72
62.5495	71
62.5505	70
62.5516	70
62.6125	77
62.6136	75
62.6146	74
62.6157	74
62.6167	73
62.6178	72
62.6188	72
62.6798	79
62.6808	77
62.6819	76
62.6829	75
62.684	74
62.685	73
62.6861	73
62.7481	80
62.7491	79
62.7502	77
62.7512	76
62.7523	76
62.7533	75
62.7544	74
62.8174	81
62.8185	80
62.8195	78
62.8206	77
62.8216	76
62.8227	75
62.8237	75
62.8872	82
62.8883	80
62.8893	79
62.8904	78
62.8914	77
62.8925	76
62.8935	76
62.9566	83
62.9576	81
62.9587	80
62.9597	78
62.9608	77
62.9618	76
62.9629	75
63.0217	82
63.0228	80
63.0238	78
63.0249	77
63.0259	75
63.027	74
63.028	73
63.089	80
63.09	78
63.0911	77
63.0921	76
63.0932	75
63.0942	74
63.0953	73
63.1562	80
63.1573	79
63.1583	77
63.1594	76
63.1604	75
63.1615	74
63.1625	73
63.224	80
63.225	79
63.2261	77
63.2271	76
63.2282	75
63.2292	74
63.2303	74
63.2923	81
63.2933	79
63.2944	78
63.2954	77
63.2965	76
63.2975	75
63.2986	74
63.3611	81
63.3621	80
63.3632	78
63.3642	77
63.3653	76
63.3663	75
63.3674	75
63.4309	82
63.432	80
63.433	79
63.4341	78
63.4351	77
63.4362	76
63.4372	76
63.4981	82
63.4992	81
63.5002	79
63.5013	78
63.5024	76
63.5034	75
63.5045	74
63.5633	81
63.5643	79
63.5654	77
63.5664	76
63.5675	74
63.5685	73
63.5696	72
63.6279	79
63.629	77
63.63	75
63.6311	74
63.6321	73
63.6332	72
63.6342	71
63.6936	78
63.6946	76
63.6957	75
63.6967	74
63.6978	73
63.6988	72
63.6999	71
63.7592	78
63.7603	76
63.7613	75
63.7624	74
63.7634	73
63.7645	72
63.7655	72
63.826	78
63.827	77
63.8281	76
63.8291	75
63.8302	74
63.8312	73
63.8323	72
63.8932	79
63.8942	78
63.8953	77
63.8963	75
63.8974	74
63.8985	74
63.8995	73
63.962	80
63.9631	79
63.9641	77
63.9652	76
63.9662	76
63.9673	75
63.9683	74
64.0313	81
64.0324	80
64.0334	79
64.0345	77
64.0355	76
64.0366	76
64.0376	75
64.1007	82
64.1017	80
64.1028	79
64.1038	78
64.1049	77
64.1059	76
64.107	75
64.1705	82
64.1715	81
64.1726	79
64.1736	78
64.1747	77
64.1757	77
64.1768	76
64.2393	83
64.2403	81
64.2414	80
64.2424	78
64.2435	77
64.2445	76
64.2456	75
64.3071	82
64.3081	81
64.3092	79
64.3102	78
64.3113	77
64.3123	76
64.3134	75
64.3754	82
64.3764	80
64.3775	79
64.3785	77
64.3796	76
64.3806	75
64.3817	74
64.4447	81
64.4457	80
64.4468	79
64.4478	77
64.4489	76
64.45	76
64.451	75
64.514	82
64.5151	81
64.5161	79
64.5172	78
64.5182	77
64.5193	76
64.5203	76
64.5834	83
64.5844	81
64.5855	80
64.5865	78
64.5876	77
64.5886	76
64.5897	75
64.6532	83
64.6543	81
64.6553	80
64.6564	79
64.6574	78
64.6585	77
64.6595	76
64.723	83
64.7241	82
64.7908	79
64.8476	84
64.8486	81
64.8497	78
64.8507	76
64.8518	74
64.9085	80
64.9095	77
64.9106	75
64.9116	74
64.9127	72
64.97	78
64.971	76
64.9721	74
64.9731	73
64.9742	71
65.034	78
65.0351	76
65.0361	75
65.0372	73
65.0382	72
65.0992	79
65.1002	77
65.1013	76
65.1023	74
65.1034	73
65.1044	72
65.167	72
65.168	71
65.1691	71
65.1701	70
65.1712	70
65.1722	70
65.2358	69
65.2368	69
65.2379	69
65.2389	69
65.24	69
65.241	69
65.3061	69
65.376	68
65.4317	67
65.4327	66
65.4338	65
65.4348	64
65.49	63
65.491	63
65.4921	62
65.4931	62
65.5493	62
65.5504	61
65.5514	61
65.5525	61
65.6113	61
65.6124	61
65.6134	61
65.6145	61
65.6749	69
65.676	68
65.677	68
65.6781	67
65.7406	75
65.7416	74
65.7427	73
65.7437	72
65.8068	79
65.8078	77
65.8089	76
65.8099	75
65.8735	82
65.8745	80
65.8756	78
65.8766	77
65.8777	76
65.9433	75
65.9444	74
65.9454	74
65.9465	73
65.9475	73
66.0111	72
66.0121	71
66.0132	71
66.0142	71
66.0153	70
66.0757	69
66.0768	69
66.0778	68
66.0789	67
66.0799	67
66.1419	67
66.1429	67
66.144	66
66.145	66
66.1461	66
66.2086	66
66.2097	67
66.2107	67
66.2118	67
66.2128	67
66.278	75
66.279	74
66.2801	74
66.2811	73
66.2822	73
66.3473	81
66.3483	79
66.3494	78
66.3504	77
66.3515	76
66.4124	83
66.4135	81
66.4145	79
66.4156	77
66.4166	76
66.4776	82
66.4786	80
66.4797	78
66.4807	76
66.4818	75
66.5443	82
66.5453	80
66.5464	78
66.5474	77
66.5485	76
66.612	83
66.6131	81
66.6141	79
66.6152	78
66.6162	77
66.6798	83
66.6809	81
66.6819	80
66.683	78
66.684	77
66.7502	84
66.8857	82
66.8867	80
66.954	87
66.955	85
66.9561	83
67.0244	90
67.1536	86
67.1546	83
67.2135	88
67.2145	85
67.2156	82
67.276	79
67.277	77
67.2781	75
67.3395	74
67.3406	72
67.3416	71
67.4052	70
67.4062	70
67.4073	69
67.4714	69
67.4724	68
67.4735	68
67.5397	68
67.5407	68
67.5418	68
67.609	68
67.6101	68
67.6111	68
67.6788	68
67.6799	68
67.6809	68
67.7461	68
67.7471	68
67.7482	68
67.8107	68
67.8118	67
67.8128	67
67.8774	67
67.8785	67
67.8795	67
67.9441	67
67.9452	67
67.9462	67
68.013	67
68.014	67
68.0151	67
68.0818	67
68.0828	67
68.0839	67
68.1521	68
68.1532	68
68.2188	76
68.3559	75
68.4232	83
68.493	90
68.5587	95
68.5597	91
68.6238	88
68.6249	85
68.69	83
68.6911	81
68.7578	79
68.7588	77
68.8271	76
68.8282	76
68.8969	83
68.898	82
68.9636	88
68.9647	86
69.0335	92
69.2315	97
69.3003	102
69.3707	106
69.647	110
69.8912	111
69.9506	112
70.012	113
70.074	114
70.1371	115
70.2022	117
70.2668	118
70.332	120
70.3987	121
70.4659	123
70.5326	124
70.6009	125
70.6697	127
70.7391	128
70.8089	129
70.8698	129
70.9318	129
70.9954	128
71.06	128
71.1267	129
71.194	129
71.2607	130
71.3285	130
71.3973	131
71.4671	132
71.5317	132
71.5958	132
71.6615	131
71.7271	131
71.7928	131
71.86	131
71.9289	132
71.9987	133
72.067	133
72.1311	133
72.1973	133
72.2629	133
72.3307	133
72.3995	133
72.4693	134
72.5318	133
72.5912	132
72.5923	123
72.6511	115
72.6521	108
72.7136	102
72.7147	97
72.7788	93
72.7798	90
72.8444	87
72.8455	84
72.9111	82
72.9122	80
72.981	78
72.982	77
73.0477	85
73.0487	82
73.1139	88
73.1149	86
73.1811	92
73.1822	89
73.1832	86
73.251	84
73.252	82
73.2531	81
73.3208	79
73.3218	78
73.3229	77
73.3896	76
73.3907	75
73.3917	74
73.4584	82
73.4595	80
73.4605	79
73.5283	86
73.5293	84
73.5304	82
73.5949	89
73.596	86
73.597	84
73.5981	82
73.659	80
73.6601	78
73.6611	76
73.6622	74
73.7247	73
73.7258	72
73.7268	71
73.7279	71
73.7914	78
73.7925	77
73.7935	75
73.7946	74
73.8592	82
73.8602	80
73.8613	79
73.8623	77
73.8634	76
73.9291	75
73.9301	75
73.9312	74
73.9322	73
73.9333	73
73.9984	72
73.9994	72
74.0005	72
74.0015	71
74.0026	71
74.0629	78
74.064	77
74.065	75
74.0661	74
74.0671	73
74.0682	72
74.1265	71
74.1276	70
74.1286	69
74.1297	68
74.1307	68
74.1318	67
74.1901	66
74.1911	66
74.1922	66
74.1932	66
74.1943	66
74.1953	66
74.2552	73
74.2563	72
74.2573	71
74.2584	70
74.2594	70
74.2605	69
74.2615	69
74.3219	68
74.323	68
74.324	68
74.3251	68
74.3261	68
74.3272	67
74.3282	67
74.3886	67
74.3897	67
74.3907	67
74.3918	67
74.3928	67
74.3939	67
74.395	67
74.458	75
74.459	74
74.4601	74
74.4611	73
74.4622	73
74.4632	73
74.4643	72
74.4653	72
74.5283	72
74.5966	71
74.5976	70
74.6528	76
74.6538	74
74.6549	72
74.6559	70
74.657	69
74.658	68
74.7137	67
74.7148	66
74.7158	65
74.7169	65
74.7179	64
74.719	64
74.7757	63
74.7768	63
74.7778	63
74.7789	63
74.7799	63
74.781	63
74.8403	70
74.8414	70
74.8424	69
74.8435	69
74.8445	68
74.8456	68
74.9065	75
74.9076	74
74.9086	73
74.9097	72
74.9107	72
74.9118	71
74.9128	70
74.9738	70
74.9748	69
74.9759	69
74.9769	69
74.978	68
74.979	68
74.9801	68
75.0415	68
75.0426	68
75.0436	68
75.0447	68
75.0457	68
75.0468	68
75.0478	68
75.1109	68
75.1119	68
75.113	68
75.114	68
75.1151	69
75.1161	69
75.1172	69
75.1791	77
75.1802	76
75.1812	75
75.1823	74
75.1834	74
75.1844	73
75.1855	72
75.249	80
75.25	79
75.2511	78
75.2521	77
75.2532	76
75.2542	75
75.2553	75
75.3157	82
75.3168	80
75.3178	78
75.3189	77
75.3199	75
75.321	74
75.322	73
75.3231	73
75.3866	72
75.458	72
75.4591	71
75.5221	78
75.5232	77
75.5242	76
75.5253	75
75.5263	74
75.5888	73
75.5899	72
75.5909	71
75.592	70
75.593	70
75.6571	70
75.6582	69
75.6592	69
75.6603	69
75.6613	69
75.7259	69
75.727	69
75.728	69
75.7291	69
75.7301	69
75.7947	77
75.7958	76
75.7968	75
75.7979	74
75.7989	74
75.8646	81
75.8656	80
75.8667	79
75.8677	78
75.8688	77
75.9313	84
75.9324	82
75.9334	80
75.9345	78
75.9355	77
75.9366	76
76.0001	75
76.0012	74
76.0022	73
76.0033	73
76.0043	72
76.0054	72
76.07	71
76.071	71
76.0721	71
76.0731	71
76.0742	71
76.0752	70
76.1393	70
76.1403	70
76.1414	70
76.1424	70
76.1435	70
76.1445	69
76.2086	69
76.2097	69
76.2107	69
76.2118	69
76.2128	69
76.2139	69
76.2774	69
76.2785	69
76.2795	69
76.2806	69
76.2816	69
76.2827	69
76.3463	69
76.3473	69
76.3484	69
76.3494	69
76.3505	69
76.3515	69
76.414	77
76.4151	76
76.4161	75
76.4172	74
76.4182	73
76.4193	73
76.4828	80
76.4839	79
76.485	77
76.486	76
76.4871	75
76.4881	75
76.5527	82
76.5537	81
76.5548	79
76.5558	78
76.5569	77
76.5579	76
76.6225	83
76.6236	82
76.6246	80
76.6257	79
76.6267	78
76.6278	77
76.6871	84
76.6882	81
76.6892	79
76.6903	78
76.6913	76
76.6924	75
76.7507	81
76.7517	79
76.7528	77
76.7538	75
76.7549	74
76.7559	72
76.8143	78
76.8153	77
76.8164	75
76.8174	74
76.8185	73
76.8195	72
76.8784	78
76.8794	76
76.8805	75
76.8815	74
76.8826	72
76.8836	71
76.944	78
76.9451	77
76.9461	75
76.9472	74
76.9482	73
76.9493	72
77.0097	79
77.0107	77
77.0118	76
77.0128	75
77.0139	73
77.0149	72
77.0775	79
77.0785	78
77.0796	77
77.0806	76
77.0817	75
77.0827	74
77.1473	81
77.2145	79
77.2755	77
77.2765	75
77.2776	74
77.2786	73
77.3416	72
77.3427	71
77.3437	70
77.3448	70
77.4084	69
77.4094	69
77.4105	69
77.4115	69
77.4751	76
77.4761	75
77.4772	74
77.4782	73
77.5454	81
77.6736	78
77.6747	76
77.6757	74
77.7345	72
77.7356	71
77.7366	69
77.7955	68
77.7965	67
77.7976	67
77.8575	66
77.8585	65
77.8596	65
77.9216	72
77.9226	71
77.9237	70
77.9878	78
77.9888	76
77.9899	75
78.056	82
78.0571	81
78.0581	79
78.1254	86
78.1264	84
78.1275	82
78.1957	89
78.3244	86
78.3255	83
78.3875	88
78.3885	85
78.4526	90
78.4537	87
78.5193	92
78.5204	89
78.5214	87
78.5897	84
78.5908	83
78.5918	81
78.659	80
78.6601	78
78.6611	77
78.7262	76
78.7273	75
78.7283	74
78.793	73
78.794	72
78.7951	71
78.8623	79
78.8634	78
78.8644	77
78.9327	84
79.1281	82
79.1916	79
79.1927	77
79.2578	76
79.2589	75
79.3256	74
79.3266	73
79.3933	72
79.3944	72
79.4627	71
79.4637	71
79.533	71
79.7269	78
79.792	84
79.8598	90
79.926	96
79.9932	100
79.9943	96
80.0626	93
80.0636	90
80.1324	87
80.1334	85
80.1944	82
80.1954	80
80.2569	77
80.2579	75
80.3184	74
80.3194	72
80.3803	78
80.3814	76
80.4434	82
80.4444	80
80.5085	86
80.5096	83
80.5737	89
80.5747	86
80.6404	92
80.6414	89
80.7066	94
80.7076	90
80.7733	96
80.7743	92
80.8421	97
80.8432	94
80.9119	99
80.913	96
80.9786	100
80.9797	96
81.0438	101
81.0448	96
81.1095	100
81.1105	96
81.1751	100
81.1762	96
81.2424	101
81.2434	96
81.3086	101
81.3096	97
81.3758	101
81.3769	97
81.443	101
81.4441	97
81.5108	102
81.5119	97
81.5807	102
81.5817	98
81.6484	103
81.6494	99
81.7104	102
81.7114	97
81.7713	100
81.7724	96
81.8349	99
81.8359	95
81.8979	98
81.899	94
81.9604	98
81.9615	93
82.0245	97
82.0256	93
82.0902	98
82.0913	94
82.1569	98
82.158	94
82.2257	99
82.2268	96
82.2956	101
82.2966	97
82.3633	102
82.3644	98
82.4269	102
82.4279	97
82.491	101
82.492	96
82.5556	100
82.5566	96
82.6213	100
82.6223	96
82.6869	100
82.688	96
82.7542	100
82.7552	96
82.8235	101
82.8246	97
82.8933	102
82.8944	98
82.9569	102
82.958	98
83.0205	101
83.0215	96
83.0226	92
83.0861	89
83.0872	86
83.0882	84
83.1539	81
83.155	80
83.156	78
83.2232	77
83.2243	76
83.2253	75
83.2925	74
83.2936	74
83.2946	73
83.3603	72
83.3614	72
83.3624	71
83.4286	79
83.4297	78
83.4307	76
83.4979	84
83.499	82
83.5	81
83.5677	88
83.5688	85
83.5698	84
83.6318	89
83.6329	86
83.6339	84
83.635	81
83.6949	79
83.6959	77
83.697	75
83.698	74
83.7595	72
83.7605	71
83.7616	71
83.7626	70
83.8257	69
83.8267	69
83.8278	69
83.8288	68
83.895	76
83.896	75
83.8971	75
83.8981	74
83.9617	82
83.9627	80
83.9638	78
83.9648	77
84.031	84
84.0326	82
84.1691	80
84.1702	79
84.1712	77
84.2359	76
84.2369	74
84.238	73
84.3047	73
84.3057	72
84.3068	72
84.374	80
84.375	79
84.3761	78
84.4427	85
84.4438	83
84.4448	81
84.5089	87
84.51	85
84.511	83
84.5121	81
84.5762	79
84.5772	78
84.5783	76
84.5793	75
84.646	74
84.6471	74
84.6481	73
84.6492	73
84.7085	71
84.7096	70
84.7106	69
84.7117	68
84.7732	68
84.7742	67
84.7753	67
84.7763	67
84.8383	74
84.8393	73
84.8404	72
84.8414	71
84.9066	79
84.9076	77
84.9087	76
84.9097	75
84.9754	83
84.9764	81
84.9775	80
84.9785	78
85.0421	85
85.0431	83
85.0442	81
85.0452	79
85.1083	86
85.1093	83
85.1104	81
85.1114	79
85.1125	78
85.1771	77
85.1781	76
85.1792	75
85.1802	74
85.1813	73
85.2464	73
85.2474	72
85.2485	72
85.2495	71
85.2506	71
85.3115	70
85.3126	69
85.3136	69
85.3147	68
85.3157	68
85.3746	67
85.3756	67
85.3767	66
85.3777	66
85.3788	65
85.4376	65
85.4387	65
85.4397	64
85.4408	64
85.4418	64
85.5027	64
85.5038	64
85.5048	64
85.5059	64
85.5069	64
85.57	64
85.571	65
85.5721	65
85.5731	65
85.5742	66
85.6378	66
85.6388	66
85.6399	66
85.6409	66
85.642	66
85.7071	67
85.7081	67
85.7092	67
85.7102	68
85.7113	68
85.7764	68
85.7775	68
85.7785	68
85.7796	68
85.7806	68
85.8442	68
85.8452	68
85.8463	68
85.8473	68
85.8484	68
85.9093	67
85.9104	67
85.9114	67
85.9125	66
85.9135	66
85.9745	66
85.9755	66
85.9766	66
85.9776	66
85.9787	65
86.0401	65
86.0412	65
86.0422	65
86.0433	65
86.0443	65
86.1068	65
86.1079	65
86.1089	65
86.11	66
86.1111	66
86.1746	66
86.1757	66
86.1767	66
86.1778	66
86.1788	66
86.2434	67
86.2445	67
86.2455	67
86.2466	67
86.2476	67
86.3117	67
86.3128	67
86.3138	67
86.3149	67
86.3159	67
86.3805	68
86.3816	68
86.3826	68
86.3837	68
86.3847	68
86.4494	68
86.4504	68
86.4515	68
86.4525	68
86.4536	68
86.5187	68
86.5198	68
86.5208	68
86.5219	68
86.5229	68
86.5886	69
86.5896	69
86.5907	69
86.5917	69
86.5928	69
86.6558	69
86.6568	68
86.6579	68
86.6589	68
86.66	68
86.7214	67
86.7225	67
86.7235	67
86.7246	67
86.7256	67
86.7882	67
86.7892	67
86.7903	67
86.7913	67
86.7924	67
86.8559	67
86.857	67
86.858	67
86.8591	67
86.8601	67
86.9242	67
86.9253	67
86.9263	67
86.9274	67
86.9284	67
86.9925	67
86.9936	67
86.9946	67
86.9957	67
86.9967	67
87.0619	68
87.0629	68
87.064	68
87.065	68
87.0661	68
87.1312	68
87.1322	68
87.1333	69
87.1343	69
87.1354	69
87.1995	68
87.2005	68
87.2016	68
87.2026	68
87.2037	68
87.2683	68
87.2693	68
87.2704	68
87.2714	68
87.2725	68
87.3371	68
87.3382	68
87.3392	68
87.3403	68
87.3413	68
87.4069	68
87.408	68
87.409	69
87.4101	69
87.4111	69
87.4752	69
87.4762	69
87.4773	69
87.4783	68
87.4794	68
87.5398	68
87.5409	67
87.5419	67
87.543	66
87.544	66
87.6044	66
87.6055	66
87.6065	66
87.6076	65
87.6086	65
87.6727	65
87.6738	66
87.6748	66
87.6759	66
87.6769	66
87.742	67
87.7431	67
87.7441	67
87.7452	68
87.7462	68
87.8093	68
87.8103	68
87.8114	67
87.8124	67
87.8135	67
87.8791	67
87.8802	68
87.8812	68
87.8823	68
87.8833	69
87.9484	77
87.9495	76
87.9505	75
87.9516	74
87.9526	74
88.0136	81
88.0146	79
88.0157	77
88.0167	76
88.0178	74
88.0787	81
88.0798	79
88.0808	77
88.0819	76
88.0829	75
88.1454	81
88.1465	79
88.1475	78
88.1486	77
88.1496	75
88.2153	83
88.2163	81
88.3461	87
88.3471	84
88.3482	81
88.3492	78
88.4081	76
88.4091	75
88.4102	73
88.4112	72
88.47	78
88.4711	76
88.4721	74
88.4732	73
88.5341	79
88.5352	77
88.5362	76
88.5373	74
88.6009	81
88.6019	79
88.603	77
88.604	76
88.6686	83
88.6697	81
88.6707	80
88.6718	78
88.738	85
88.7395	83
88.8787	81
88.8797	80
88.8808	79
88.9417	77
88.9427	75
88.9438	73
89.0042	72
89.0053	71
89.0063	70
89.0678	69
89.0688	68
89.0699	67
89.1319	67
89.1329	67
89.134	66
89.1996	74
89.2007	74
89.2017	73
89.2685	81
89.2695	79
89.2706	78
89.3383	85
89.5326	82
89.5952	80
89.5962	78
89.6608	76
89.6619	75
89.7286	74
89.7296	73
89.7964	72
89.7974	72
89.8641	71
89.8652	71
89.9345	71
90.1272	77
90.1903	83
90.2544	89
90.3185	93
90.3836	98
90.3847	94
90.4524	91
90.4535	88
90.5228	86
90.5238	84
90.5863	81
90.5874	79
90.6473	77
90.6483	75
90.7082	73
90.7093	71
90.7702	78
90.7713	76
90.8327	82
90.8338	79
90.8963	85
90.8973	82
90.9619	88
90.963	85
91.0281	91
91.0292	88
91.0954	93
91.0964	90
91.1621	96
91.1632	92
91.2304	97
91.2314	94
91.3002	99
91.3013	95
91.369	101
91.3701	97
91.4379	102
91.4389	97
91.5056	102
91.5067	98
91.5739	102
91.575	98
91.6433	103
91.6443	99
91.7136	104
91.9027	106
91.9658	109
92.0299	111
92.0939	113
92.1591	115
92.1601	109
92.2258	104
92.2269	99
92.293	95
92.2941	91
92.3629	89
92.364	86
92.4328	84
92.4338	82
92.5005	80
92.5015	79
92.5698	86
92.5709	84
92.6381	90
92.6391	88
92.7017	93
92.7027	89
92.7673	94
92.7684	91
92.8335	96
92.8346	92
92.9018	97
92.9029	94
92.9706	99
92.9717	95
93.0404	100
93.0415	97
93.1003	101
93.1014	96
93.1623	99
93.1634	94
93.2233	98
93.2243	93
93.2863	97
93.2873	93
93.353	97
93.3541	93
93.4208	98
93.4218	94
93.4901	100
93.4912	96
93.5599	101
93.561	97
93.6251	102
93.6261	97
93.6849	101
93.686	96
93.748	99
93.749	94
93.811	98
93.8121	94
93.8756	98
93.8767	94
93.9418	98
93.9429	94
94.0096	99
94.0107	95
94.0774	100
94.0784	96
94.1467	101
94.1478	97
94.216	102
94.2171	98
94.2817	103
94.2827	98
94.3484	102
94.3494	98
94.4162	102
94.4172	98
94.4855	103
94.4866	99
94.5554	103
94.7602	107
94.829	111
94.83	106
94.8988	101
94.8999	97
94.9687	94
94.9697	91
95.0291	87
95.0301	84
95.0895	81
95.0905	78
95.1489	76
95.1499	73
95.2077	72
95.2087	70
95.2681	69
95.2692	68
95.3301	67
95.3311	66
95.3947	74
95.3958	73
95.4614	80
95.4625	78
95.5281	85
95.5292	83
95.5975	89
95.5985	87
95.6668	93
95.6679	90
95.7366	96
95.7377	93
95.8039	98
95.8049	94
95.8717	99
95.8727	95
95.9384	100
95.9394	96
96.0061	101
96.0072	97
96.0755	102
96.0765	98
96.1453	103
96.1464	99
96.2147	103
96.2157	99
96.2829	104
96.284	99
96.3496	104
96.3507	99
96.4164	103
96.4174	99
96.4831	103
96.4841	99
96.5508	103
96.5519	98
96.6207	103
96.6217	99
96.69	104
96.6911	100
96.7598	104
96.7609	100
96.8276	105
96.8286	100
96.8938	104
96.8948	99
96.9595	103
96.9605	99
97.0262	103
97.0272	98
97.095	103
97.096	99
97.1648	103
97.1659	99
97.2341	104
97.2352	100
97.3035	105
97.3045	100
97.3723	105
97.3734	100
97.4422	105
97.6496	109
97.7169	112
97.7851	115
97.8534	118
97.8545	111
97.9233	106
97.9244	102
97.9931	98
97.9942	94
98.0598	91
98.0609	87
98.1287	85
98.1297	83
98.1985	81
98.1996	80
98.2673	78
98.2684	77
98.3351	85
98.3361	83
98.4039	89
98.405	86
98.4743	93
98.6702	97
98.7327	100
98.7968	103
98.8635	107
98.9307	110
98.9318	105
98.999	100
99.0001	96
99.0679	93
99.0689	90
99.1382	87
99.1393	85
99.2007	82
99.2018	80
99.2648	78
99.2659	76
99.3258	82
99.3268	79
99.3867	84
99.3877	82
99.4492	87
99.4503	84
99.5149	89
99.5159	86
99.5821	92
99.5832	89
99.6515	95
99.6525	92
99.7213	97
99.7224	94
99.7885	99
99.7896	95
99.8568	100
99.8579	96
99.9204	100
99.9214	96
99.9839	100
99.985	95
100.048	99
100.049	95
100.113	99
100.114	95
100.18	99
100.181	95
100.249	100
100.25	96
100.318	101
100.319	97
100.387	102
100.388	98
100.455	103
100.456	98
100.521	103
100.522	98
100.589	103
100.59	98
100.658	103
100.659	99
100.728	104
100.729	100
100.79	103
100.791	98
100.852	101
100.853	96
100.918	100
100.919	96
100.983	100
100.984	96
101.051	100
101.052	96
101.12	101
101.121	97
101.19	102
101.392	106
101.461	110
101.531	114
101.789	115
101.853	109
101.92	104
101.987	99
102.056	104
102.123	108
102.191	111
102.256	114
102.323	116
102.391	118
102.46	120
102.53	123
102.784	123
102.848	123
102.913	124
102.98	125
103.048	126
103.118	128
103.188	129
103.255	130
103.322	131
103.39	131
103.458	132
103.527	132
103.597	133
103.666	134
103.731	134
103.795	133
103.86	132
103.925	132
103.991	132
104.058	132
104.127	132
104.196	133
104.266	134
104.331	134
104.397	133
104.465	133
104.533	134
104.602	134
104.672	135
104.741	135
104.809	135
104.878	135
104.947	136
105.017	136
105.276	135
105.342	135
105.409	134
105.476	134
105.545	135
105.615	135
105.872	134
105.937	133
106.005	133
106.074	133
106.144	134
106.212	134
106.277	134
106.345	134
106.411	134
106.478	134
106.546	134
106.616	134
106.681	134
106.745	134
106.81	133
106.877	133
106.946	133
107.013	133
107.082	134
107.151	134
107.22	135
107.284	134
107.348	133
107.413	133
107.482	133
107.552	134
107.622	134
108.054	133
108.117	132
108.184	132
108.252	132
108.322	133
108.391	133
108.46	134
108.514	132
108.567	129
108.62	126
108.674	124
108.729	122
108.787	121
108.846	120
108.906	120
108.967	120
109.029	120
109.092	121
109.156	122
109.221	122
109.287	124
109.355	125
109.422	126
109.49	127
109.559	128
109.628	129
109.697	130
109.766	131
109.836	132
109.903	133
109.969	133
110.035	133
110.102	133
110.169	133
110.235	133
110.302	133
110.371	133
110.439	133
110.508	134
110.578	134
110.648	135
110.713	135
110.777	134
110.778	125
110.844	118
110.845	112
110.911	106
110.912	101
110.981	97
110.982	94
111.05	91
111.052	88
111.117	85
111.118	83
111.181	89
111.182	86
111.248	91
111.249	88
111.314	94
111.315	90
111.382	95
111.383	92
111.384	89
111.452	87
111.453	84
111.454	82
111.522	81
111.523	80
111.524	79
111.59	77
111.591	76
111.593	75
111.653	82
111.654	79
111.655	77
111.716	83
111.718	81
111.719	79
111.72	77
111.782	75
111.783	74
111.784	73
111.785	72
111.85	71
111.851	71
111.852	71
111.853	70
111.919	78
111.92	77
111.921	76
111.922	76
111.989	83
111.99	81
112.116	79
112.117	77
112.118	75
112.178	74
112.179	72
112.18	71
112.241	70
112.242	69
112.243	68
112.307	67
112.308	67
112.309	67
112.374	75
112.375	74
112.376	74
112.444	81
112.445	80
112.446	79
112.513	86
112.514	84
112.515	82
112.516	80
112.583	79
112.584	78
112.585	77
112.586	76
112.647	74
112.648	73
112.649	72
112.65	71
112.712	70
112.713	70
112.714	69
112.716	69
112.779	76
112.78	75
112.781	74
112.782	73
112.845	80
112.846	78
112.847	77
112.848	76
112.912	83
112.913	81
112.914	79
112.915	78
112.98	84
112.981	82
112.982	80
112.983	79
113.05	86
113.051	84
113.052	82
113.053	81
113.118	87
113.119	85
113.121	83
113.122	82
113.123	80
113.181	78
113.182	76
113.184	74
113.185	73
113.186	71
113.244	70
113.245	69
113.246	68
113.247	68
113.248	67
113.308	67
113.309	66
113.31	66
113.311	65
113.312	65
113.374	65
113.375	65
113.376	65
113.377	65
113.378	65
113.442	65
113.443	66
113.444	66
113.445	66
113.446	67
113.512	67
113.513	67
113.514	67
113.515	68
113.516	68
113.579	68
113.58	68
113.581	68
113.582	68
113.583	68
113.645	67
113.646	67
113.647	67
113.648	66
113.649	66
113.71	66
113.711	66
113.712	66
113.714	66
113.715	66
113.777	66
113.778	66
113.779	66
113.78	66
113.781	66
113.844	66
113.845	66
113.846	66
113.847	66
113.848	66
113.912	66
113.913	67
113.914	67
113.915	67
113.916	67
113.982	67
113.983	68
113.984	68
113.985	68
113.986	68
114.052	68
114.053	68
114.054	68
114.055	68
114.056	69
114.118	68
114.12	68
114.121	68
114.122	68
114.123	67
114.184	67
114.185	67
114.186	66
114.187	66
114.188	66
114.249	66
114.25	66
114.251	66
114.252	65
114.253	65
114.315	65
114.316	65
114.317	66
114.318	66
114.319	66
114.382	66
114.383	66
114.384	66
114.385	66
114.386	66
114.45	66
114.451	66
114.452	67
114.453	67
114.454	67
114.52	67
114.521	67
114.522	68
114.523	68
114.524	68
114.589	68
114.59	68
114.591	68
114.592	69
114.593	69
114.658	69
114.66	69
114.661	69
114.662	69
114.663	69
114.728	69
114.729	69
114.73	69
114.731	69
114.732	69
114.795	68
114.796	68
114.797	68
114.798	68
114.799	67
114.862	67
114.863	67
114.864	67
114.865	67
114.866	67
114.93	67
114.931	67
114.932	67
114.933	67
114.934	67
114.999	67
115	68
115.001	68
115.002	68
115.003	68
115.069	68
115.07	69
115.071	69
115.072	69
115.073	69
115.134	68
115.135	68
115.136	68
115.137	67
115.139	67
115.198	66
115.199	66
115.2	66
115.201	65
115.202	65
115.26	65
115.261	64
115.263	64
115.264	64
115.265	63
115.321	63
115.322	63
115.323	62
115.325	62
115.326	62
115.383	62
115.384	62
115.385	62
115.387	62
115.388	62
115.447	62
115.448	62
115.45	62
115.451	62
115.452	63
115.514	63
115.515	64
115.516	64
115.517	64
115.518	65
115.583	65
115.584	65
115.585	66
115.586	66
115.587	66
115.653	67
115.654	67
115.655	67
115.656	67
115.657	68
115.721	68
115.722	68
115.723	68
115.724	68
115.725	68
115.784	67
115.785	67
115.786	66
115.787	66
115.788	65
115.846	72
115.847	71
115.848	70
115.849	69
115.85	69
115.907	75
115.908	73
115.909	72
115.91	70
115.911	69
115.968	75
115.97	74
115.971	72
115.972	71
115.973	70
116.035	76
116.036	75
116.037	74
116.038	73
116.039	72
116.103	79
116.104	78
116.105	77
116.106	76
116.107	75
116.172	82
116.173	81
116.174	79
116.175	78
116.176	77
116.177	76
116.242	75
116.243	75
116.244	74
116.245	74
116.246	73
116.247	73
116.308	72
116.309	71
116.31	70
116.311	70
116.313	69
116.314	69
116.373	68
116.374	68
116.375	67
116.376	67
116.377	67
116.378	67
116.437	74
116.438	73
116.439	71
116.44	70
116.441	70
116.442	69
116.502	76
116.503	74
116.504	73
116.505	72
116.506	71
116.507	71
116.568	78
116.569	76
116.57	75
116.571	74
116.572	73
116.573	72
116.574	72
116.635	71
116.636	71
116.637	70
116.638	70
116.639	69
116.64	69
116.641	69
116.69	67
116.691	65
116.692	64
116.693	62
116.694	61
116.695	60
116.696	60
116.746	59
116.748	59
116.749	59
116.75	59
116.751	59
116.752	58
116.753	58
116.804	64
116.805	64
116.806	63
116.807	62
116.808	62
116.81	62
116.811	61
116.862	67
116.863	66
116.864	65
116.865	64
116.866	64
116.867	63
116.868	62
116.869	62
116.921	61
116.922	61
116.924	61
116.925	61
116.926	60
116.927	60
116.928	60
116.929	60
116.982	60
116.983	60
116.984	60
116.985	60
116.986	60
116.987	60
116.988	60
116.989	60
117.044	60
117.045	60
117.046	61
117.047	61
117.048	61
117.049	61
117.05	62
117.051	62
117.106	69
117.107	68
117.108	67
117.109	67
117.111	66
117.112	66
117.113	66
117.114	65
117.169	72
117.17	70
117.171	69
117.172	69
117.173	68
117.174	67
117.175	67
117.176	66
117.177	66
117.233	66
117.235	66
117.236	66
117.237	66
117.238	66
117.239	66
117.24	65
117.241	65
117.242	65
117.298	72
117.299	71
117.3	70
117.301	70
117.302	69
117.303	68
117.304	68
117.305	67
117.306	67
117.363	74
117.364	73
117.365	72
117.366	71
117.367	70
117.368	70
117.369	69
117.37	69
117.371	69
117.372	68
117.428	68
117.429	68
117.43	68
117.432	67
117.433	67
117.434	67
117.435	67
117.436	67
117.437	67
117.438	67
117.495	74
117.496	73
117.497	72
117.498	71
117.499	71
117.5	70
117.501	70
117.502	69
117.503	69
117.504	69
117.561	76
117.562	75
117.563	74
117.564	73
117.565	72
117.567	72
117.568	71
117.569	71
117.57	70
117.571	70
117.572	70
117.629	69
117.63	69
117.631	69
117.632	69
117.633	69
117.634	69
117.635	69
117.636	69
117.637	69
117.638	69
117.64	69
117.692	75
117.693	73
117.694	72
117.695	71
117.696	70
117.697	69
117.698	68
117.699	67
117.7	67
117.701	66
117.702	66
117.703	66
117.75	65
117.751	64
117.752	63
117.753	63
117.754	62
117.755	62
117.756	61
117.757	61
117.758	61
117.759	61
117.76	60
117.761	60
117.808	66
117.809	65
117.81	64
117.811	63
117.812	63
117.813	62
117.814	62
117.815	61
117.816	61
117.817	60
117.818	60
117.819	60
117.865	65
117.866	64
117.867	64
117.868	63
117.869	63
117.871	62
117.872	62
117.873	61
117.874	61
117.875	61
117.876	60
117.877	60
117.878	60
117.924	60
117.925	60
117.926	60
117.927	60
117.928	60
117.929	60
117.93	60
117.931	60
117.933	60
117.934	60
117.935	60
117.936	60
117.937	60
117.983	65
117.984	64
117.985	64
117.986	63
117.987	63
117.988	62
117.989	62
117.99	62
117.991	61
118.037	59
