10.0343	34
10.0785	35
10.1162	41
10.3301	40
10.3649	44
10.3997	47
10.436	50
10.4371	49
10.4744	47
10.4754	46
10.5175	46
10.5185	45
10.5637	45
10.5647	45
10.6125	51
10.6136	51
10.6583	56
10.6593	55
10.7061	60
10.7071	58
10.7082	57
10.7628	57
10.7638	57
10.7649	57
10.8237	57
10.8248	58
10.8258	58
10.8889	66
10.8899	66
10.891	66
10.9498	73
10.9509	72
10.9519	71
11.0134	77
11.0144	75
11.0155	74
11.0165	73
11.0843	73
11.2035	70
11.2045	68
11.255	72
11.256	70
11.3086	74
11.3096	71
11.3632	76
11.3642	73
11.4178	78
11.4189	75
11.4761	79
11.4772	77
11.5355	82
11.5366	79
11.5376	77
11.597	75
11.598	73
11.5991	71
11.659	70
11.66	69
11.6611	68
11.7215	67
11.7225	67
11.7236	66
11.7835	66
11.7845	65
11.7856	65
11.8497	65
11.8507	65
11.8518	65
11.9179	65
11.919	66
11.9201	66
11.9873	66
11.9883	67
11.9894	67
12.0566	67
12.0577	67
12.0587	67
12.126	68
12.127	68
12.1281	68
12.1953	68
12.1964	68
12.1974	68
12.2647	68
12.2657	68
12.2668	68
12.334	68
12.3351	69
12.3361	69
12.4034	69
12.4044	69
12.4055	69
12.4727	69
12.4738	69
12.4748	69
12.542	69
12.5431	69
12.5441	69
12.6114	69
12.6124	69
12.6135	69
12.6807	69
12.6818	69
12.6828	69
12.7501	69
12.7511	69
12.7522	69
12.8194	69
12.8205	69
12.8215	69
12.8888	69
12.8898	69
12.8909	69
12.9581	69
12.9592	69
12.9602	69
13.0275	69
13.0285	69
13.0296	69
13.0968	69
13.0978	69
13.0989	69
13.1661	69
13.1672	69
13.1682	69
13.2355	69
13.2365	69
13.2376	69
13.3048	69
13.3059	69
13.3069	69
13.3742	69
13.3752	69
13.3763	69
13.4435	69
13.4446	69
13.4456	69
13.5129	69
13.5139	69
13.515	69
13.5822	69
13.5833	69
13.5843	69
13.6515	69
13.6526	69
13.6536	69
13.7209	69
13.7219	69
13.723	69
13.7902	69
13.7913	69
13.7923	69
13.8596	69
13.8606	69
13.8617	69
13.9289	69
13.93	69
13.931	69
13.9983	69
13.9993	69
14.0004	69
14.0681	69
14.0692	69
14.0702	69
14.1374	69
14.1385	69
14.1395	69
14.2031	68
14.2041	68
14.2052	68
14.2693	68
14.2703	67
14.2714	67
14.3355	75
14.3365	74
14.3376	73
14.4022	80
14.4032	79
14.4043	77
14.47	84
14.471	82
14.4721	80
14.5398	87
14.5409	85
14.5419	83
14.6086	90
14.6097	87
14.6107	85
14.6118	83
14.6727	81
14.6737	78
14.6748	77
14.6758	75
14.7341	73
14.7352	72
14.7362	71
14.7373	69
14.7935	68
14.7945	67
14.7956	66
14.7966	65
14.8539	64
14.855	64
14.856	63
14.8571	63
14.9175	70
14.9185	70
14.9196	69
14.9206	68
14.9842	76
14.9852	75
14.9863	74
14.9873	73
15.054	80
15.0551	79
15.1822	77
15.1832	75
15.1843	73
15.241	71
15.2421	69
15.2431	68
15.2999	67
15.3009	66
15.302	65
15.3592	64
15.3603	63
15.3613	63
15.4207	70
15.4217	69
15.4228	68
15.4832	75
15.4843	73
15.4853	72
15.5468	79
15.5478	77
15.5489	75
15.5499	74
15.6145	73
15.6156	72
15.6166	72
15.6177	71
15.6844	71
15.6855	71
15.6865	71
15.6876	70
15.7532	70
15.7543	70
15.7553	70
15.7564	70
15.8183	69
15.8194	69
15.8204	68
15.8215	68
15.8866	76
15.8877	75
15.8887	74
15.8898	73
15.9565	81
15.9575	80
15.9586	78
15.9596	77
16.0242	85
16.0253	83
16.0263	81
16.0274	79
16.0867	85
16.0878	82
16.0888	80
16.0899	78
16.1514	83
16.1524	81
16.1535	79
16.1545	78
16.1556	76
16.2186	75
16.2196	74
16.2207	73
16.2217	72
16.2228	71
16.2874	71
16.2885	71
16.2895	70
16.2906	70
16.2916	70
16.3572	70
16.3583	70
16.3593	70
16.3604	70
16.3614	70
16.4219	69
16.4229	68
16.424	68
16.425	67
16.4261	67
16.4891	67
16.4901	67
16.4912	67
16.4922	67
16.4933	67
16.5569	67
16.5579	67
16.559	67
16.56	67
16.5611	67
16.6241	67
16.6252	67
16.6262	67
16.6273	67
16.6283	67
16.6919	67
16.6929	67
16.694	67
16.695	67
16.6961	67
16.7607	67
16.7617	67
16.7628	67
16.7638	67
16.7649	67
16.831	68
16.8321	68
16.8331	68
16.8342	69
16.8352	69
16.8993	69
16.9004	69
16.9014	68
16.9025	68
16.9035	68
16.9624	68
16.9634	67
16.9645	66
16.9655	66
16.9666	65
17.0254	65
17.0265	65
17.0275	64
17.0286	64
17.0296	64
17.09	64
17.0911	64
17.0921	64
17.0932	64
17.0942	64
17.1546	64
17.1557	64
17.1567	64
17.1578	64
17.1588	64
17.2193	64
17.2203	64
17.2214	64
17.2224	64
17.2235	64
17.2839	64
17.2849	64
17.286	64
17.287	64
17.2881	64
17.3495	64
17.3506	64
17.3516	65
17.3527	65
17.3537	65
17.4157	65
17.4168	65
17.4178	65
17.4189	65
17.4199	65
17.483	65
17.484	65
17.4851	66
17.4861	66
17.4872	66
17.5507	66
17.5518	66
17.5528	66
17.5539	66
17.5549	66
17.6185	67
17.6196	67
17.6206	67
17.6217	67
17.6227	67
17.6857	67
17.6868	67
17.6879	67
17.6889	67
17.69	67
17.753	67
17.754	67
17.7551	67
17.7561	67
17.7572	67
17.8208	67
17.8218	67
17.8229	67
17.8239	67
17.825	67
17.888	67
17.8891	67
17.8901	67
17.8912	67
17.8922	67
17.9558	67
17.9568	67
17.9579	67
17.9589	67
17.96	67
18.0246	67
18.0256	67
18.0267	67
18.0277	68
18.0288	68
18.0939	68
18.095	68
18.096	68
18.0971	68
18.0981	68
18.1633	69
18.1643	69
18.1654	69
18.1664	69
18.1675	69
18.2326	69
18.2337	69
18.2347	69
18.2358	69
18.2368	69
18.3024	69
18.3035	69
18.3045	69
18.3056	69
18.3066	69
18.3707	69
18.3718	69
18.3728	69
18.3739	68
18.3749	68
18.4359	68
18.4369	67
18.438	67
18.439	67
18.4401	67
18.5005	66
18.5015	66
18.5026	66
18.5036	66
18.5047	65
18.5656	65
18.5667	65
18.5677	65
18.5688	65
18.5698	65
18.6323	65
18.6334	65
18.6344	65
18.6355	66
18.6366	66
18.7017	66
18.7027	66
18.7038	67
18.7048	67
18.7059	67
18.7715	67
18.7726	68
18.7736	68
18.7747	68
18.7757	68
18.8361	68
18.8372	67
18.8382	67
18.8393	67
18.8403	67
18.9002	74
18.9013	73
18.9023	72
18.9034	71
18.9044	70
18.9638	77
18.9648	75
18.9659	74
18.9669	72
18.968	71
19.0279	78
19.0289	76
19.03	75
19.031	73
19.0321	72
19.0946	79
19.0956	78
19.0967	76
19.0977	75
19.0988	74
19.1634	81
19.1645	80
19.1655	79
19.1666	77
19.1676	76
19.2328	84
19.2343	82
19.364	87
19.3651	84
19.3661	81
19.3672	79
19.425	76
19.426	75
19.4271	73
19.4281	72
19.4875	78
19.4885	76
19.4896	74
19.4906	73
19.5526	79
19.5537	77
19.5547	76
19.5558	75
19.6172	81
19.6183	79
19.6193	77
19.6204	76
19.6845	82
19.6855	81
19.6866	79
19.6876	78
19.7533	84
19.7544	83
19.7554	81
19.7565	79
19.7575	78
19.8237	77
19.8247	76
19.8258	75
19.8268	75
19.8279	74
19.8919	73
19.893	72
19.894	72
19.8951	72
19.8961	71
19.9534	70
19.9544	69
19.9555	68
19.9565	67
19.9576	67
20.018	73
20.0191	72
20.0201	72
20.0212	71
20.0222	70
20.0837	77
20.0847	76
20.0858	74
20.0868	73
20.0879	72
20.1504	79
20.1514	78
20.1525	76
20.1535	75
20.1546	74
20.2176	81
20.2187	80
20.2197	78
20.2208	77
20.2218	76
20.2864	83
20.2875	81
20.2885	79
20.2896	78
20.2906	77
20.3563	84
20.5522	82
20.5532	79
20.6152	85
20.6163	82
20.6173	80
20.6793	86
20.6804	83
20.6814	81
20.7455	87
20.7466	84
20.7476	82
20.7487	80
20.8143	79
20.8154	77
20.8164	76
20.8175	75
20.8826	74
20.8837	73
20.8847	73
20.8858	72
20.9525	72
21.0875	71
21.0885	70
21.1542	78
21.1552	76
21.2225	83
21.2235	82
21.2913	88
21.2923	86
21.3611	92
21.566	89
21.6311	94
21.6973	99
21.764	103
21.8318	107
21.8328	102
21.9011	98
21.9022	94
21.9709	91
21.972	88
22.0382	86
22.0392	83
22.1059	81
22.107	80
22.1727	78
22.1737	77
22.2404	84
22.2415	82
22.3093	88
22.3103	86
22.3791	93
22.3801	90
22.4489	96
22.45	92
22.5119	97
22.513	93
22.5739	97
22.575	93
22.6354	96
22.6364	92
22.6963	96
22.6974	91
22.7583	95
22.7594	91
22.8224	95
22.8235	91
22.8875	96
22.8886	92
22.9543	97
22.9553	93
23.021	98
23.022	94
23.0866	99
23.0877	95
23.1539	99
23.1549	95
23.2217	100
23.2227	96
23.291	101
23.2921	97
23.3608	102
23.5662	106
23.6313	110
23.6324	104
23.6991	100
23.7001	96
23.7669	92
23.7679	89
23.8357	86
23.8367	84
23.9045	82
23.9055	80
23.9738	79
23.9749	78
24.0437	77
24.0447	76
24.1046	74
24.1056	72
24.1671	71
24.1682	70
24.2312	77
24.2322	75
24.2963	82
24.2974	80
24.3625	86
24.3636	84
24.4308	90
24.4319	87
24.5002	93
24.5012	90
24.5695	96
24.5705	93
24.6367	98
24.6378	94
24.7034	99
24.7045	95
24.7712	100
24.7722	96
24.8405	101
24.8416	97
24.9104	102
24.9114	98
24.9765	103
24.9776	98
25.0396	102
25.0406	97
25.1005	100
25.1016	95
25.1636	99
25.1646	94
25.2287	98
25.2298	94
25.2959	99
25.297	95
25.3642	100
25.3653	96
25.4346	101
25.6263	104
25.6888	106
25.7508	108
25.8144	111
25.8801	113
25.8811	107
25.9478	102
25.9489	98
26.0167	94
26.0177	91
26.0844	88
26.0855	85
26.1522	83
26.1532	81
26.222	80
26.2231	79
26.2871	85
26.2882	83
26.3455	88
26.3465	84
26.4043	88
26.4053	84
26.4642	89
26.4652	85
26.5241	89
26.5251	86
26.5861	90
26.5871	87
26.6502	91
26.6512	88
26.7158	93
26.7169	89
26.7836	95
26.7846	91
26.8514	97
26.8524	93
26.9191	98
26.9202	95
26.989	100
26.99	96
27.0572	101
27.0583	97
27.1229	102
27.124	97
27.1865	101
27.1875	96
27.2511	100
27.2521	96
27.3157	100
27.3167	95
27.3814	100
27.3824	95
27.4491	100
27.4502	96
27.518	101
27.519	97
27.5873	102
27.5883	98
27.6566	103
27.6576	99
27.7238	103
27.7249	99
27.79	103
27.7911	98
27.8567	103
27.8578	98
27.924	102
27.925	98
27.9918	102
27.9928	98
28.0616	103
28.0626	99
28.1278	103
28.1288	99
28.1877	102
28.1887	97
28.2486	100
28.2496	95
28.3095	98
28.3106	93
28.3699	97
28.371	92
28.4309	96
28.4319	91
28.4939	95
28.495	91
28.5596	96
28.5606	92
28.6258	97
28.6268	93
28.6935	98
28.6946	94
28.7603	99
28.7613	95
28.8275	100
28.8286	96
28.8942	100
28.8953	96
28.962	101
28.963	97
28.9641	93
29.0329	90
29.1663	87
29.2272	92
29.2283	88
29.2897	85
29.2908	82
29.3533	79
29.3544	77
29.4174	76
29.4185	74
29.482	73
29.4831	72
29.5482	71
29.5493	70
29.6165	70
29.6176	70
29.6848	78
29.6858	77
29.7536	84
29.7547	82
29.8229	89
29.824	87
29.8907	93
29.8917	90
29.9569	95
29.9579	91
29.959	88
30.0252	86
30.0262	84
30.0273	82
30.094	80
30.095	79
30.0961	77
30.1633	76
30.1644	75
30.1654	74
30.2326	74
30.2337	73
30.2347	73
30.302	72
30.303	72
30.3041	71
30.3718	71
30.3729	71
30.3739	71
30.4391	70
30.4401	70
30.4412	70
30.5063	69
30.5073	69
30.5084	69
30.5746	68
30.5756	68
30.5767	68
30.6444	68
30.6455	69
30.6465	69
30.7064	68
30.7074	67
30.7085	66
30.7679	66
30.7689	65
30.77	64
30.8288	64
30.8298	63
30.8309	63
30.8929	63
30.8939	63
30.895	63
30.9575	63
30.9586	64
30.9596	64
31.0237	64
31.0247	64
31.0258	64
31.0925	65
31.0936	65
31.0946	66
31.1629	66
31.1639	67
31.165	67
31.2312	67
31.2322	67
31.2333	67
31.2952	67
31.2963	67
31.2973	66
31.3635	66
31.3646	66
31.3656	67
31.4308	67
31.4318	67
31.4329	67
31.5001	67
31.5012	67
31.5022	68
31.5699	68
31.571	68
31.572	68
31.633	67
31.634	67
31.6351	66
31.6965	66
31.6976	66
31.6987	65
31.7627	65
31.7638	65
31.7648	65
31.8289	65
31.83	65
31.831	65
31.8967	66
31.8978	66
31.8988	66
31.9639	66
31.965	66
31.966	66
32.0333	67
32.0343	67
32.0354	67
32.1031	68
32.1042	68
32.1052	68
32.1672	67
32.1682	67
32.1693	66
32.2323	66
32.2334	66
32.2344	66
32.3012	66
32.3022	66
32.3033	67
32.3689	67
32.37	67
32.371	67
32.4388	67
32.4398	67
32.4409	68
32.5076	68
32.5086	68
32.5097	68
32.5743	68
32.5754	68
32.5764	67
32.6436	68
32.6447	68
32.6457	68
32.7135	68
32.7145	68
32.7156	69
32.777	76
32.7781	75
32.7791	74
32.8438	80
32.8448	79
32.8459	77
32.9105	84
32.9115	82
32.9126	80
32.9782	87
32.9793	84
32.9803	82
33.0455	89
33.0465	86
33.0476	84
33.0486	82
33.1158	80
33.1169	79
33.1179	78
33.119	77
33.1836	75
33.1846	74
33.1857	74
33.1867	73
33.2456	71
33.2466	70
33.2477	69
33.2487	68
33.3091	75
33.3102	74
33.3112	73
33.3123	72
33.3732	78
33.3743	77
33.3753	75
33.3764	74
33.4389	80
33.44	78
33.441	77
33.4421	76
33.5067	82
33.5077	81
33.5088	79
33.5098	78
33.5109	76
33.5765	76
33.5776	75
33.5786	74
33.5797	74
33.5807	73
33.6464	73
33.6474	72
33.6485	72
33.6495	72
33.6506	72
33.7136	79
33.7146	78
33.7157	77
33.7167	75
33.7178	74
33.7798	81
33.7808	79
33.7819	78
33.7829	76
33.784	75
33.785	74
33.846	73
33.847	72
33.8481	72
33.8491	71
33.8502	70
33.8512	70
33.9148	70
33.9158	70
33.9169	69
33.9179	69
33.919	69
33.92	69
33.9841	77
33.9851	76
33.9862	76
33.9872	75
33.9883	74
33.9893	74
34.0387	79
34.0398	76
34.0408	74
34.0419	71
34.0429	69
34.044	67
34.045	66
34.0965	65
34.0975	64
34.0986	63
34.0996	62
34.1007	62
34.1017	61
34.1028	61
34.1553	60
34.1564	60
34.1574	60
34.1585	60
34.1595	60
34.1606	60
34.1616	60
34.2168	67
34.2178	66
34.2189	65
34.2199	65
34.221	64
34.222	64
34.2231	64
34.2242	64
34.2804	64
34.2814	64
34.2825	64
34.2835	64
34.2846	64
34.2856	64
34.2867	63
34.2877	63
34.3455	63
34.3466	64
34.3476	64
34.3487	64
34.3497	64
34.3508	64
34.3518	65
34.3529	65
34.4122	72
34.4133	72
34.4143	71
34.4154	71
34.4164	70
34.4175	70
34.4185	70
34.4196	69
34.4206	69
34.481	69
34.4821	69
34.4831	69
34.4842	69
34.4852	69
34.4863	69
34.4873	69
34.4884	69
34.4894	69
34.5503	77
34.5514	76
34.5524	75
34.5535	74
34.5545	74
34.5556	73
34.5566	73
34.5577	72
34.5587	72
34.6118	78
34.6128	76
34.6139	74
34.6149	73
34.616	71
34.617	70
34.6181	69
34.6192	68
34.6202	68
34.6213	67
34.6748	66
34.6759	66
34.6769	66
34.678	65
34.679	65
34.6801	65
34.6811	65
34.6822	65
34.6832	65
34.6843	65
34.7395	71
34.7405	70
34.7416	70
34.7426	69
34.7437	69
34.7447	68
34.7458	68
34.7468	67
34.7479	67
34.7489	67
34.75	66
34.8067	66
34.8077	67
34.8088	67
34.8098	67
34.8109	67
34.8119	67
34.813	67
34.814	67
34.8151	67
34.8162	68
34.8172	68
34.8755	75
34.8766	74
34.8776	74
34.8787	73
34.8797	73
34.8808	72
34.8818	72
34.8829	72
34.8839	71
34.885	71
34.886	71
34.8871	71
34.9464	71
35.0189	70
35.0199	69
35.021	69
35.022	69
35.0231	68
35.0787	68
35.0798	67
35.0808	66
35.0819	66
35.0829	65
35.084	65
35.085	65
35.0861	65
35.1413	64
35.1423	64
35.1434	64
35.1444	64
35.1455	64
35.1465	63
35.1476	63
35.1486	63
35.2059	70
35.2069	69
35.208	69
35.209	68
35.2101	68
35.2111	68
35.2122	67
35.2132	67
35.271	74
35.2721	73
35.2731	72
35.2742	72
35.2752	71
35.2763	70
35.2773	70
35.2784	69
35.2794	69
35.3383	68
35.3393	68
35.3404	68
35.3414	68
35.3425	68
35.3435	67
35.3446	67
35.3456	67
35.3467	67
35.4071	67
35.4081	68
35.4092	68
35.4102	68
35.4113	68
35.4123	68
35.4134	69
35.4144	69
35.4155	69
35.4743	76
35.4754	75
35.4764	74
35.4775	73
35.4785	73
35.4796	72
35.4806	71
35.4817	71
35.4827	70
35.5437	78
35.5452	77
35.6812	75
35.6823	74
35.6834	73
35.6844	72
35.7453	71
35.7464	71
35.7474	70
35.7485	70
35.7495	69
35.7506	69
35.8136	76
35.8147	75
35.8157	75
35.8168	74
35.8178	73
35.8189	73
35.884	80
36.0132	86
36.0143	83
36.0153	80
36.0164	78
36.0799	77
36.081	75
36.082	74
36.0831	73
36.1487	73
36.1498	72
36.1508	72
36.1519	71
36.2186	71
36.2196	71
36.2207	71
36.2217	71
36.2874	79
36.2884	78
36.2895	77
36.2905	76
36.3541	83
36.3551	81
36.3562	79
36.3572	78
36.4187	84
36.4197	82
36.4208	79
36.4218	78
36.4844	84
36.4854	82
36.4865	80
36.4875	78
36.4886	77
36.5537	76
36.5548	75
36.5558	74
36.5569	73
36.5579	73
36.6235	72
36.6246	72
36.6256	72
36.6267	71
36.6277	71
36.6887	70
36.6897	70
36.6908	69
36.6918	68
36.6929	68
36.7538	67
36.7549	67
36.7559	67
36.757	66
36.758	66
36.8189	66
36.82	66
36.821	66
36.8221	66
36.8231	66
36.8851	74
36.8862	73
36.8872	72
36.8883	72
36.8893	71
36.9519	78
36.9529	77
36.954	75
36.955	74
36.9561	73
37.0191	80
37.0201	79
37.0212	78
37.0222	77
37.0233	75
37.0879	82
37.089	81
37.09	79
37.0911	78
37.0921	77
37.1578	84
37.1588	82
37.1599	81
37.1609	79
37.162	78
37.2266	85
37.2276	83
37.2287	81
37.2297	80
37.2308	79
37.2833	84
37.2843	81
37.2854	78
37.2864	75
37.2875	73
37.3411	78
37.3421	75
37.3432	73
37.3442	71
37.3453	70
37.3989	75
37.3999	73
37.401	71
37.402	69
37.4031	68
37.4572	73
37.4582	72
37.4593	70
37.4603	69
37.4614	67
37.5171	73
37.5181	72
37.5192	70
37.5202	69
37.5213	68
37.5785	74
37.5796	72
37.5806	71
37.5817	70
37.5827	69
37.6416	75
37.6426	74
37.6437	72
37.6447	71
37.6458	70
37.7062	77
37.7072	76
37.7083	74
37.7093	73
37.7104	72
37.7729	79
37.7739	77
37.775	76
37.7761	75
37.7771	74
37.8401	81
37.8412	80
37.8422	78
37.8433	77
37.8443	76
37.9074	82
37.9084	81
37.9095	79
37.9105	77
37.9116	76
37.9767	83
37.9778	81
37.9788	80
37.9799	79
37.9809	77
38.045	84
38.0461	83
38.0471	81
38.0482	80
38.0492	78
38.1149	85
38.1159	83
38.117	82
38.118	80
38.1191	79
38.1847	86
38.1857	84
38.1868	82
38.1878	81
38.1889	79
38.2493	86
38.2504	83
38.2514	81
38.2525	79
38.2535	77
38.3118	83
38.3129	80
38.3139	78
38.315	76
38.316	75
38.3764	81
38.3775	79
38.3785	77
38.3796	76
38.3806	74
38.4405	80
38.4416	78
38.4426	77
38.4437	75
38.4447	74
38.5051	80
38.5062	78
38.5072	77
38.5083	75
38.5093	74
38.5703	81
38.5713	79
38.5724	77
38.5734	76
38.5745	74
38.6375	81
38.6386	79
38.6396	78
38.6407	77
38.6417	75
38.7058	82
38.7069	81
38.7079	79
38.709	78
38.71	77
38.7757	84
38.908	89
38.9091	86
38.9101	83
38.9716	88
38.9726	85
38.9737	82
38.9747	80
39.0378	78
39.0388	77
39.0399	75
39.0409	74
39.1034	73
39.1045	72
39.1055	71
39.1066	70
39.1723	70
39.1733	70
39.1744	70
39.1754	70
39.2421	70
39.2432	70
39.2442	70
39.2453	70
39.3124	70
39.4406	69
39.4417	68
39.5052	75
39.5063	74
39.5714	81
39.5725	79
39.6413	86
39.6423	84
39.7111	91
39.7122	88
39.9055	93
39.9695	97
39.9706	93
40.0363	90
40.0373	87
40.1046	85
40.1056	82
40.1734	81
40.1744	79
40.2432	78
40.2443	77
40.3073	75
40.3083	74
40.3703	72
40.3713	71
40.4323	70
40.4333	69
40.4937	68
40.4948	67
40.5563	74
40.5573	73
40.6198	79
40.6209	77
40.685	83
40.686	81
40.7522	88
40.7533	85
40.8205	91
40.8216	88
40.8888	94
40.8898	91
40.9586	97
40.9597	93
41.0285	99
41.0295	95
41.0899	100
41.091	95
41.1524	98
41.1535	94
41.2155	98
41.2165	94
41.279	98
41.2801	93
41.3395	97
41.3405	92
41.4009	96
41.402	92
41.4634	95
41.4645	91
41.5265	96
41.5275	92
41.5916	96
41.5927	92
41.6583	97
41.6594	93
41.7261	98
41.7272	95
41.7964	100
41.7974	96
41.8579	100
41.8589	95
41.9225	99
41.9235	95
41.9855	99
41.9866	94
42.0486	98
42.0496	94
42.1142	98
42.1153	94
42.1815	99
42.1825	95
42.2508	100
42.2519	96
42.3206	101
42.3217	97
42.381	101
42.3821	96
42.4446	100
42.4457	95
42.5076	99
42.5087	94
42.5717	98
42.5728	94
42.6374	98
42.6385	94
42.7046	99
42.7057	95
42.774	100
42.775	96
42.8433	101
42.8444	98
42.91	102
42.9111	98
42.9783	102
42.9794	98
43.0476	103
43.0487	99
43.1133	103
43.1143	98
43.1805	103
43.1816	98
43.2493	103
43.2504	99
43.2514	95
43.3197	92
43.3207	89
43.3218	87
43.3843	84
43.3854	81
43.3864	79
43.4468	77
43.4479	75
43.4489	73
43.5072	72
43.5083	70
43.5093	69
43.5703	68
43.5713	68
43.5724	67
43.6312	74
43.6323	72
43.6333	71
43.6943	77
43.6953	76
43.6964	74
43.7589	80
43.7599	78
43.761	77
43.8256	83
43.8266	81
43.8277	79
43.8287	78
43.8949	77
43.896	76
43.897	75
43.8981	74
43.9642	74
43.9653	73
43.9663	73
43.9674	72
44.0273	71
44.0283	70
44.0294	69
44.0304	68
44.0903	75
44.0914	74
44.0924	72
44.0935	71
44.1554	78
44.1565	76
44.1575	75
44.1586	74
44.1596	73
44.2227	72
44.2237	71
44.2248	71
44.2258	70
44.2269	70
44.2915	70
44.2926	69
44.2936	69
44.2947	69
44.2957	69
44.3618	69
44.4885	76
44.4895	74
44.4906	72
44.4916	71
44.551	70
44.552	69
44.5531	68
44.5541	67
44.6145	67
44.6156	66
44.6166	66
44.6177	65
44.6797	65
44.6807	65
44.6818	65
44.6828	65
44.7459	73
44.7469	72
44.748	72
44.749	71
44.8126	78
44.8136	77
44.8147	76
44.8157	75
44.8809	82
44.8819	80
44.883	79
44.884	78
44.8851	77
44.9518	76
45.0825	82
45.0836	80
45.0846	78
45.1445	76
45.1456	74
45.1466	72
45.2081	71
45.2091	70
45.2102	69
45.2727	69
45.2738	68
45.2748	67
45.3368	67
45.3378	67
45.3389	66
45.4019	74
45.403	73
45.404	72
45.4702	79
45.4713	78
45.4723	77
45.5401	84
45.6766	82
45.6777	80
45.7428	78
45.7439	77
45.8095	83
45.8106	81
45.8763	88
45.8773	85
45.9425	91
45.9435	88
46.0097	93
46.0107	90
46.0796	96
46.2807	100
46.3464	104
46.4115	107
46.4782	110
46.546	113
46.547	107
46.6153	103
46.6164	98
46.6851	95
46.6862	92
46.7466	88
46.7477	84
46.8096	82
46.8107	79
46.8743	77
46.8753	76
46.942	83
46.9431	81
47.0093	88
47.0103	85
47.0781	91
47.0791	89
47.1474	95
47.1485	91
47.2172	97
47.2183	94
47.2845	99
47.2855	95
47.348	99
47.3491	95
47.4137	99
47.4147	95
47.4804	99
47.4815	95
47.5476	100
47.5487	96
47.6159	101
47.617	97
47.6842	101
47.6853	97
47.754	102
47.7551	98
47.8192	103
47.8202	98
47.8875	102
47.8885	98
47.9574	103
48.1611	107
48.23	110
48.2998	114
48.3649	116
48.4242	117
48.4253	110
48.4857	104
48.4868	99
48.5493	94
48.5503	90
48.6155	87
48.6165	85
48.6838	82
48.6848	81
48.7526	79
48.7536	78
48.8224	85
48.8235	83
48.8812	89
48.8823	85
48.9411	89
48.9422	86
49.001	90
49.0021	86
49.0614	90
49.0625	86
49.1229	91
49.1239	87
49.187	92
49.188	88
49.2537	93
49.2547	90
49.3215	95
49.3225	92
49.3913	98
49.3924	94
49.4606	100
49.4617	96
49.5252	100
49.5263	96
49.5862	100
49.5872	95
49.6466	98
49.6476	93
49.7075	97
49.7086	92
49.7706	96
49.7716	92
49.8346	96
49.8357	92
49.8987	96
49.8998	92
49.9644	97
49.9654	93
50.0316	98
50.0327	94
50.1005	99
50.1015	95
50.1698	101
50.1709	97
50.2386	102
50.2396	98
50.3022	102
50.3032	97
50.3673	101
50.3684	97
50.4324	101
50.4335	96
50.4981	100
50.4992	96
50.5638	100
50.5648	96
50.63	100
50.631	96
50.6972	101
50.6983	97
50.7655	101
50.7666	97
50.8348	102
50.8359	98
50.9031	103
50.9042	99
50.973	103
51.1736	107
51.2403	110
51.2414	105
51.3102	100
51.3113	96
51.38	93
51.3811	90
51.4352	86
51.4362	82
51.494	79
51.4951	76
51.5529	74
51.5539	72
51.6106	70
51.6117	69
51.669	67
51.67	66
51.7299	65
51.7309	65
51.7919	64
51.7929	64
51.8554	72
51.8565	71
51.9206	78
51.9216	76
51.9868	83
51.9878	81
52.053	87
52.054	85
52.1207	91
52.1218	88
52.189	94
52.1901	91
52.2589	96
52.2599	93
52.325	98
52.3261	94
52.3918	99
52.3928	95
52.4611	100
52.4622	96
52.5309	101
52.532	97
52.594	102
52.595	97
52.6554	100
52.6565	96
52.7169	99
52.7179	94
52.7805	98
52.7815	94
52.8466	98
52.8477	94
52.9149	99
52.916	95
52.9838	100
52.9848	96
53.0536	101
53.0547	98
53.1219	102
53.1229	98
53.1865	102
53.1875	98
53.2501	101
53.2511	97
53.3131	100
53.3141	96
53.3772	100
53.3782	95
53.4429	99
53.4439	95
53.509	99
53.5101	95
53.5768	100
53.5779	96
53.6467	101
53.6477	97
53.717	102
53.9203	106
53.9875	110
54.0563	113
54.1262	116
54.1918	118
54.1929	112
54.2564	106
54.2575	101
54.3211	96
54.3221	92
54.3846	89
54.3857	85
54.4492	83
54.4503	80
54.5144	78
54.5154	77
54.5806	83
54.5816	81
54.6494	88
54.6504	86
54.7182	92
54.7193	89
54.787	95
54.7881	92
54.8569	97
54.8579	94
54.923	99
54.9241	95
54.9882	99
54.9892	95
55.0538	99
55.0549	95
55.119	99
55.12	95
55.1862	100
55.1873	96
55.255	101
55.2561	97
55.3244	102
55.3254	98
55.3942	103
55.3953	99
55.5954	95
55.6642	100
55.7325	104
55.8024	109
55.8691	112
55.8701	106
55.9374	102
55.9384	97
56.0072	94
56.0083	91
56.077	88
56.0781	86
56.1437	83
56.1448	81
56.2094	79
56.2105	78
56.2761	84
56.2772	82
56.3423	88
56.3434	86
56.4111	92
56.4122	89
56.4805	95
56.4815	92
56.5482	97
56.5492	94
56.616	99
56.617	95
56.679	99
56.6801	95
56.7452	99
56.7462	95
56.813	99
56.814	96
56.8818	100
56.8828	97
56.9516	102
56.9527	98
57.0104	101
57.0115	96
57.0709	99
57.0719	94
57.1318	97
57.1328	93
57.1938	96
57.1948	92
57.2584	96
57.2594	92
57.3246	97
57.3256	93
57.3924	98
57.3934	94
57.4627	100
57.6471	101
57.7059	103
57.707	98
57.7679	93
57.769	89
57.8315	86
57.8325	83
57.8966	81
57.8977	79
57.9612	77
57.9623	75
58.0295	74
58.0306	74
58.0984	73
58.0994	72
58.1666	72
58.1677	71
58.237	71
58.4298	78
58.4928	83
58.5553	89
58.6194	93
58.6861	98
58.6872	94
58.7555	91
58.7565	88
58.8259	86
58.8269	84
58.8926	82
58.8936	80
58.9556	78
58.9566	76
59.0181	74
59.0192	73
59.0817	79
59.0827	77
59.1452	83
59.1463	81
59.2093	87
59.2104	84
59.2755	89
59.2766	87
59.3449	92
59.3459	90
59.4142	96
59.4153	92
59.4846	98
59.6805	102
59.7467	105
59.815	109
59.8843	113
59.9542	116
60.2263	110
60.2956	113
60.3639	116
60.4322	119
60.5004	121
60.5698	123
60.637	125
60.7053	126
60.7751	127
60.8392	128
60.9038	128
60.9669	128
61.0315	128
61.0961	128
61.1618	128
61.2295	129
61.2989	130
61.3692	131
61.6224	131
61.6892	131
61.758	131
61.8278	132
61.8976	133
61.9628	133
62.0274	133
62.0936	132
62.1619	133
62.2317	133
62.3015	134
62.3609	133
62.425	132
62.4886	131
62.5526	131
62.6199	131
62.6871	131
62.7554	132
62.8248	132
62.8946	133
62.9639	134
63.0291	134
63.0963	134
63.1636	134
63.2313	134
63.2996	134
63.3684	134
63.4383	135
63.5055	135
63.5706	135
63.6353	134
63.7009	133
63.7666	133
63.8333	133
63.9006	133
63.9694	133
64.0387	134
64.108	134
64.1778	135
64.2466	135
64.3144	135
64.3155	127
64.3832	120
64.3843	113
64.4526	108
64.4536	103
64.5219	99
64.523	95
64.5913	92
64.5923	89
64.6611	86
64.6622	84
64.7304	91
64.7315	88
64.7919	93
64.7929	89
64.8528	93
64.8539	89
64.9137	93
64.9148	89
64.9158	86
64.9757	83
64.9768	80
64.9778	78
65.0398	76
65.0409	74
65.0419	73
65.1055	72
65.1065	71
65.1076	71
65.1727	78
65.1738	77
65.1748	76
65.2416	83
65.2426	81
65.2437	80
65.3119	87
65.4364	83
65.4942	80
65.4952	77
65.5535	75
65.5546	73
65.6161	72
65.6171	71
65.6796	70
65.6807	69
65.7448	76
65.7458	75
65.811	82
65.812	80
65.8782	86
65.8793	84
65.8803	82
65.9491	81
66.081	78
66.1466	85
66.1477	82
66.2144	81
66.2154	79
66.2837	78
66.2848	76
66.3531	76
66.3541	75
66.4182	74
66.4192	72
66.4833	71
66.4844	71
66.5501	70
66.5511	70
66.6178	69
66.6189	69
66.6856	69
66.6866	69
66.7549	77
66.7559	76
66.8206	83
66.8216	81
66.8878	87
66.8888	85
66.9571	91
66.9582	89
67.027	95
67.028	92
67.0926	97
67.0937	93
67.1557	97
67.1567	93
67.2161	97
67.2171	92
67.2786	96
67.2796	92
67.3422	96
67.3432	92
67.4078	96
67.4089	93
67.474	97
67.4751	94
67.5423	99
67.5434	95
67.6117	100
67.6127	96
67.6815	101
67.6825	97
67.7487	102
67.7498	98
67.8133	102
67.8144	97
67.88	102
67.8811	97
67.9468	102
67.9478	97
68.0156	102
68.0166	98
68.0844	103
68.0855	98
68.1547	103
68.357	107
68.4242	111
68.4941	114
68.5603	117
68.6254	118
68.6264	112
68.6921	106
68.6932	101
68.7599	97
68.7609	93
68.8297	90
68.8308	88
68.8996	85
68.9006	83
68.9663	81
68.9673	79
69.0356	86
69.0366	84
69.1002	90
69.1012	87
69.1659	92
69.1669	89
69.2326	94
69.2336	91
69.3014	96
69.3024	93
69.3712	99
69.3723	95
69.4406	100
69.4416	96
69.5094	101
69.5104	97
69.5782	102
69.5792	98
69.648	103
69.6491	99
69.7179	104
69.7189	100
69.7762	103
69.7772	98
69.8345	100
69.8355	95
69.8922	97
69.8933	92
69.9516	95
69.9527	91
70.0131	94
70.0141	90
70.0751	94
70.0761	90
70.1381	95
70.1392	91
70.2032	95
70.2043	91
70.2679	96
70.2689	92
70.333	97
70.3341	93
70.3997	98
70.4008	94
70.467	98
70.468	95
70.5337	99
70.5347	95
70.602	100
70.603	96
70.6708	101
70.6718	97
70.7401	102
70.7412	98
70.81	103
70.811	99
70.8709	103
70.8719	98
70.9329	100
70.9339	96
70.9964	99
70.9975	95
71.0611	99
71.0621	95
71.1278	99
71.1288	95
71.195	100
71.1961	96
71.2617	100
71.2628	96
71.3295	101
71.3306	97
71.3983	102
71.3994	98
71.4682	103
71.4692	99
71.5328	103
71.5338	98
71.5969	102
71.5979	97
71.6625	101
71.6636	97
71.6646	93
71.7287	89
71.7298	86
71.7308	84
71.7944	82
71.7954	80
71.7965	78
71.8616	76
71.8627	75
71.8637	74
71.9304	73
71.9315	73
71.9325	72
72.0003	72
72.0013	72
72.0024	72
72.068	80
72.0691	78
72.0701	77
72.1321	84
72.1332	81
72.1342	79
72.1983	85
72.1994	83
72.2004	81
72.264	87
72.265	84
72.2661	82
72.2671	80
72.3323	79
72.3333	77
72.3344	76
72.3354	75
72.4011	74
72.4021	73
72.4032	73
72.4042	72
72.4709	72
72.472	72
72.473	71
72.4741	71
72.5329	78
72.5339	76
72.535	75
72.536	73
72.5928	79
72.5938	76
72.5949	74
72.5959	73
72.597	71
72.6532	70
72.6542	69
72.6553	68
72.6563	67
72.6574	66
72.7157	65
72.7168	65
72.7178	64
72.7189	64
72.7199	64
72.7809	64
72.7819	64
72.783	64
72.784	65
72.7851	65
72.846	72
72.847	72
72.8481	71
72.8491	70
72.8502	70
72.9127	77
72.9138	76
72.9148	75
72.9159	74
72.9169	73
72.918	72
72.9836	72
73.0524	71
73.116	78
73.117	76
73.1181	75
73.1191	74
73.1843	73
73.1853	73
73.1864	72
73.1874	71
73.2541	71
73.3933	71
73.3943	71
73.4616	79
73.4626	77
73.4637	76
73.5319	76
73.533	75
73.534	74
73.5991	73
73.6002	73
73.6012	72
73.6632	71
73.6643	70
73.6653	69
73.7294	69
73.7305	68
73.7315	68
73.7961	68
73.7972	68
73.7982	67
73.8644	67
73.8655	67
73.8665	67
73.9343	68
73.9354	68
73.9364	68
74.0041	68
74.0052	69
74.0062	69
74.0687	77
74.0698	75
74.0708	74
74.1323	80
74.1333	78
74.1344	77
74.1964	83
74.1974	80
74.1985	78
74.262	85
74.2631	82
74.2641	80
74.3288	86
74.3298	84
74.3309	82
74.396	88
74.3971	86
74.3981	83
74.4658	90
74.4669	87
74.4679	85
74.5362	92
74.6591	88
74.6601	84
74.72	81
74.7211	79
74.7825	76
74.7836	75
74.8472	73
74.8482	72
74.9134	79
74.9144	78
74.9806	85
74.9816	82
75.0484	89
75.0494	86
75.1182	93
75.3241	89
75.394	95
75.4601	100
75.5268	104
75.5936	108
75.5946	103
75.6624	99
75.6634	95
75.7317	91
75.7328	89
75.8005	86
75.8016	84
75.8704	82
75.8714	81
75.9376	79
75.9387	77
76.0059	84
76.0069	82
76.0758	89
76.2832	95
76.3526	100
76.4203	105
76.4892	109
76.559	112
76.6288	116
76.8206	117
76.8847	118
76.9503	120
77.016	121
77.0838	122
77.1536	124
77.215	125
77.2791	125
77.3453	126
77.4126	127
77.4793	127
77.5491	129
77.6158	129
77.6762	129
77.7372	128
77.7981	127
77.8606	127
77.9247	127
77.9909	127
78.0592	128
78.1285	129
78.1984	130
78.264	131
78.3265	130
78.3896	130
78.4547	129
78.522	130
78.5923	131
78.8655	131
78.9353	132
79.0051	133
79.0666	133
79.1286	131
79.1932	131
79.2594	131
79.3272	131
79.3949	132
79.4643	132
79.5346	133
79.7931	133
79.8608	133
79.927	133
79.9948	133
80.0641	133
80.134	134
80.196	134
80.2585	132
80.3205	131
80.3824	130
80.4455	130
80.5106	129
80.5758	129
80.6425	130
80.7087	130
80.7754	130
80.8442	131
80.914	132
80.9807	132
81.0459	132
81.1116	132
81.1772	132
81.2445	132
81.3107	132
81.3117	124
81.3784	117
81.3795	111
81.4457	105
81.4467	100
81.5134	96
81.5145	93
81.5833	90
81.5843	87
81.651	85
81.6521	83
81.713	80
81.7141	78
81.774	75
81.775	74
81.8375	72
81.8386	71
81.9006	70
81.9016	69
81.9631	68
81.9641	68
82.0272	67
82.0282	67
82.0928	66
82.0939	66
82.1595	66
82.1606	66
82.2284	66
82.2294	67
82.2982	67
82.2993	67
82.366	67
82.367	67
82.4295	67
82.4306	66
82.4936	66
82.4947	66
82.5582	65
82.5593	65
82.6239	65
82.6249	65
82.6896	65
82.6906	65
82.7568	65
82.7578	66
82.8261	66
82.8272	66
82.896	67
82.897	67
82.959	75
82.9601	74
83.0231	80
83.0241	78
83.0888	85
83.0898	82
83.0909	80
83.1571	79
83.1581	77
83.1592	76
83.2264	75
83.2274	74
83.2285	74
83.2957	73
83.2967	73
83.2978	72
83.3635	80
83.3645	79
83.3656	77
83.4318	84
83.4328	82
83.4339	81
83.5011	87
83.5021	85
83.5032	83
83.5042	82
83.5714	80
83.5725	79
83.5735	78
83.5746	77
83.636	75
83.6371	74
83.6381	73
83.6392	72
83.6985	78
83.6996	76
83.7006	75
83.7017	73
83.7632	79
83.7642	78
83.7653	76
83.7663	75
83.7674	74
83.8304	73
83.8315	72
83.8325	71
83.8336	71
83.8346	70
83.8992	78
83.9002	77
83.9013	76
83.9024	75
83.9034	75
83.9659	82
83.9669	80
83.968	78
83.969	77
83.9701	76
83.9711	75
84.0363	74
84.0373	74
84.0384	73
84.0394	73
84.0405	72
84.0415	72
84.1045	71
84.1056	71
84.1066	71
84.1077	70
84.1087	70
84.1098	70
84.1718	77
84.1728	76
84.1739	75
84.1749	74
84.176	73
84.177	73
84.1781	72
84.239	72
84.2401	71
84.2411	71
84.2422	71
84.2432	70
84.2443	70
84.2453	70
84.3078	77
84.3089	76
84.3099	75
84.311	74
84.312	74
84.3131	73
84.3141	73
84.3152	72
84.3777	72
84.3787	72
84.3798	71
84.3808	71
84.3819	71
84.3829	71
84.384	70
84.385	70
84.4464	70
84.4475	70
84.4485	70
84.4496	70
84.4506	70
84.4517	70
84.4527	70
84.4538	70
84.5126	77
84.5137	75
84.5147	74
84.5158	73
84.5168	73
84.5179	72
84.5189	71
84.52	71
84.521	70
84.5804	70
84.5814	70
84.5825	70
84.5835	69
84.5846	69
84.5856	69
84.5867	69
84.5877	69
84.5888	69
84.6497	76
84.6508	75
84.6518	75
84.6529	74
84.6539	73
84.655	73
84.656	73
84.6571	72
84.6581	72
84.6592	72
84.7127	71
84.7138	70
84.7148	69
84.7159	68
84.7169	68
84.718	67
84.719	67
84.7201	66
84.7211	66
84.7222	66
84.7774	72
84.7784	71
84.7795	71
84.7805	70
84.7816	69
84.7826	69
84.7837	69
84.7847	68
84.7858	68
84.7868	67
84.7879	67
84.843	67
84.8441	67
84.8451	67
84.8462	67
84.8472	67
84.8483	67
84.8493	67
84.8504	67
84.8514	67
84.8525	67
84.8535	67
84.9108	74
84.9118	73
84.9129	72
84.9139	72
84.915	71
84.916	71
84.9171	70
84.9181	70
84.9192	70
84.9202	70
84.9213	70
84.9223	69
84.9796	76
84.9806	76
84.9817	75
84.9827	74
84.9838	74
84.9848	73
84.9859	73
84.9869	72
84.988	72
84.989	71
84.9901	71
84.9911	71
84.9922	71
85.0468	70
85.0479	70
85.0489	70
85.05	69
85.051	69
85.0521	69
85.0531	69
85.0542	69
85.0552	69
85.0563	69
85.0573	69
85.0584	69
85.0594	68
85.113	75
85.114	74
85.1151	73
85.1161	72
85.1172	72
85.1182	71
85.1193	71
85.1203	70
85.1214	70
85.1225	69
85.1235	69
85.1246	69
85.1256	68
85.1267	68
85.1823	68
85.1834	69
85.1844	69
85.1855	69
85.1865	69
85.1876	69
85.1886	69
85.1897	69
85.1907	69
85.1918	69
85.1933	69
85.3168	68
85.3178	68
85.3189	67
85.3199	67
85.321	66
85.322	66
85.3231	65
85.3241	65
85.3252	65
85.3262	64
85.3793	71
85.3803	70
85.3814	69
85.3824	68
85.3835	68
85.3845	67
85.3856	67
85.3866	66
85.3877	66
85.3887	65
85.3898	65
85.4429	65
85.4439	64
85.445	64
85.446	64
85.4471	64
85.4481	64
85.4492	64
85.4502	64
85.4513	64
85.4523	64
85.4534	64
85.508	64
85.509	64
85.5101	64
85.5111	65
85.5122	65
85.5132	65
85.5143	65
85.5153	65
85.5164	65
85.5175	65
85.5185	65
85.5747	72
85.5758	72
85.5768	71
85.5779	70
85.5789	70
85.58	69
85.581	69
85.5821	69
85.5831	69
85.5842	69
85.5852	68
85.6425	75
85.6435	75
85.6446	74
85.6456	73
85.6467	73
85.6477	72
85.6488	72
85.6498	71
85.6509	71
85.6519	70
85.653	70
85.654	70
85.7123	70
85.7134	70
85.7144	70
85.7155	70
85.7166	70
85.7176	70
85.7187	70
85.7197	70
85.7208	70
85.8494	69
85.8505	69
85.8515	68
85.8526	68
85.8536	68
85.8547	67
85.8557	67
85.8568	67
85.9141	74
85.9151	73
85.9162	72
85.9172	71
85.9183	70
85.9193	70
85.9204	69
85.9214	69
85.9792	75
85.9802	74
85.9813	73
85.9823	72
85.9834	71
85.9844	71
85.9855	70
85.9865	69
86.0449	76
86.0459	75
86.047	74
86.048	73
86.0491	72
86.0501	71
86.0512	71
86.0522	70
86.0533	70
86.1121	69
86.1132	69
86.1142	69
86.1153	69
86.1163	68
86.1174	68
86.1184	68
86.1195	68
86.1205	68
86.1799	67
86.1809	67
86.182	67
86.183	67
86.1841	67
86.1851	67
86.1862	67
86.1872	67
86.1883	67
86.2482	75
86.2492	74
86.2503	74
86.2513	73
86.2524	73
86.2534	72
86.2545	72
86.2555	71
86.2566	71
86.3165	78
86.3175	77
86.3186	76
86.3196	75
86.3207	74
86.3217	73
86.3228	73
86.3238	72
86.3249	72
86.3853	79
86.3863	78
86.3874	77
86.3884	76
86.3895	75
86.3905	74
86.3916	74
86.3926	73
86.3937	73
86.4541	80
86.4551	79
86.4562	77
86.4572	76
86.4583	76
86.4593	75
86.4604	74
86.4614	74
86.4625	73
86.4635	73
86.524	72
86.525	72
86.5261	71
86.5271	71
86.5282	71
86.5292	71
86.5303	71
86.5313	71
86.5324	70
86.5334	70
86.5938	70
86.5949	70
86.5959	70
86.597	70
86.598	70
86.5991	70
86.6001	70
86.6012	70
86.6022	70
86.6033	70
86.661	69
86.6621	69
86.6631	69
86.6642	69
86.6652	68
86.6663	68
86.6673	68
86.6684	68
86.6694	68
86.6705	67
86.7267	67
86.7277	67
86.7288	67
86.7298	66
86.7309	66
86.7319	66
86.733	66
86.734	66
86.7351	66
86.7361	66
86.7934	66
86.7945	66
86.7955	66
86.7966	66
86.7976	66
86.7987	67
86.7997	67
86.8008	67
86.8018	67
86.8029	67
86.8607	74
86.8617	73
86.8628	72
86.8638	72
86.8649	71
86.8659	71
86.867	70
86.868	70
86.8691	70
86.8701	70
86.9289	77
86.93	76
86.931	75
86.9321	74
86.9331	74
86.9342	73
86.9352	73
86.9363	72
86.9373	72
86.9384	71
86.9972	78
86.9983	77
86.9993	76
87.0004	75
87.0014	74
87.0025	74
87.0035	73
87.0046	72
87.0056	72
87.0067	72
87.0666	79
87.0676	77
87.0687	76
87.0697	76
87.0708	75
87.0718	74
87.0729	74
87.0739	73
87.075	73
87.076	72
87.1359	79
87.137	78
87.138	77
87.1391	76
87.1401	76
87.1412	75
87.1422	74
87.1433	74
87.1443	73
87.1454	73
87.2042	80
87.2052	79
87.2063	77
87.2073	76
87.2084	75
87.2094	75
87.2105	74
87.2115	73
87.2126	73
87.2136	72
87.273	79
87.2741	78
87.2751	77
87.2762	76
87.2772	75
87.2783	74
87.2793	74
87.2804	73
87.2814	73
87.2825	72
87.3418	79
87.3429	78
87.3439	77
87.345	76
87.346	75
87.3471	74
87.3481	74
87.3492	73
87.3502	73
87.3513	72
87.4117	79
87.4831	78
87.4841	76
87.4852	75
87.4862	73
87.5451	72
87.5461	71
87.5472	71
87.5482	70
87.5493	69
87.5503	69
87.5514	68
87.6097	67
87.6107	67
87.6118	67
87.6128	66
87.6139	66
87.6149	66
87.616	65
87.678	66
87.679	66
87.6801	66
87.6811	67
87.6822	67
87.6832	67
87.6843	68
87.7468	76
87.7478	75
87.7489	74
87.7499	73
87.751	73
87.752	72
87.7531	72
87.814	79
87.8151	78
87.8161	77
87.8172	76
87.8182	75
87.8193	74
87.8203	73
87.8214	72
87.8849	72
87.9563	71
87.9574	71
88.0188	78
88.0199	76
88.0209	75
88.022	73
88.023	72
88.0845	72
88.0856	71
88.0866	70
88.0877	70
88.0887	69
88.1512	69
88.1523	68
88.1533	68
88.1544	68
88.1554	68
88.2211	68
88.2221	68
88.2232	69
88.2242	69
88.2253	69
88.2883	77
88.2893	76
88.2904	75
88.2914	74
88.2925	73
88.3497	79
88.3508	77
88.3518	75
88.3529	73
88.3539	72
88.4123	78
88.4133	76
88.4144	75
88.4154	73
88.4165	72
88.4742	78
88.4753	76
88.4763	74
88.4774	73
88.4785	72
88.4795	70
88.5389	70
88.5399	69
88.541	68
88.542	68
88.5431	67
88.5441	67
88.6056	67
88.6066	67
88.6077	67
88.6087	67
88.6098	66
88.6108	66
88.6733	67
88.6744	67
88.6755	67
88.6765	67
88.6776	67
88.6786	67
88.7432	67
88.7442	68
88.7453	68
88.7463	68
88.7474	68
88.7484	68
88.8115	68
88.8125	68
88.8136	68
88.8146	68
88.8157	68
88.8167	68
88.8813	76
88.8823	76
88.8834	75
88.8844	74
88.8855	74
88.8865	74
88.9443	80
88.9454	78
88.9464	76
88.9475	75
88.9485	73
88.9496	72
89.0068	78
89.0079	76
89.0089	74
89.01	73
89.011	72
89.0121	71
89.0704	77
89.0715	75
89.0725	74
89.0736	73
89.0746	72
89.0757	71
89.135	77
89.1361	76
89.1371	74
89.1382	73
89.1392	72
89.1403	72
89.2028	78
89.2038	77
89.2049	76
89.2059	75
89.207	74
89.208	73
89.2716	80
89.2727	79
89.2737	78
89.2748	77
89.2758	76
89.2769	75
89.3414	82
89.3425	81
89.3435	79
89.3446	78
89.3457	77
89.3467	77
89.4108	84
89.4118	82
89.4129	80
89.4139	79
89.415	78
89.416	77
89.4712	83
89.4722	80
89.4733	78
89.4743	76
89.4754	74
89.4764	72
89.5332	78
89.5342	76
89.5353	74
89.5363	73
89.5374	72
89.5384	70
89.5967	77
89.5978	75
89.5988	73
89.5999	72
89.6009	71
89.602	70
89.6624	77
89.6635	76
89.6645	74
89.6656	73
89.6666	73
89.6677	72
89.7302	79
89.7312	78
89.7323	76
89.7333	75
89.7344	75
89.7354	74
89.7979	81
89.799	79
89.8	78
89.8011	77
89.8021	76
89.8032	75
89.8657	82
89.8668	80
89.8678	79
89.8689	77
89.8699	76
89.871	75
89.9361	82
90.009	80
90.0653	78
90.0663	75
90.0674	73
90.0684	72
90.1283	77
90.1293	76
90.1304	74
90.1314	73
90.1913	79
90.1924	77
90.1934	75
90.1945	74
90.2554	80
90.2565	78
90.2575	76
90.2586	75
90.3195	81
90.3206	79
90.3216	77
90.3227	76
90.3852	82
90.3862	80
90.3873	78
90.3883	77
90.3894	76
90.4545	75
90.4556	74
90.4566	73
90.4577	73
90.4587	72
90.5249	72
90.5259	72
90.527	71
90.528	71
90.5291	71
90.5884	70
90.5895	69
90.5905	69
90.5916	68
90.5926	68
90.6489	74
90.6499	72
90.651	71
90.652	70
90.6531	69
90.7103	75
90.7114	73
90.7124	72
90.7135	71
90.7145	70
90.7723	76
90.7734	74
90.7744	73
90.7755	71
90.7765	70
90.8348	76
90.8359	75
90.8369	73
90.838	72
90.839	71
90.8401	70
90.8989	69
90.9	68
90.901	68
90.9021	67
90.9031	67
90.9042	67
90.9646	66
90.9656	66
90.9667	66
90.9677	66
90.9688	66
90.9698	66
91.0308	66
91.0318	66
91.0329	66
91.0339	66
91.035	66
91.036	66
91.098	66
91.0991	66
91.1001	66
91.1012	66
91.1022	67
91.1033	67
91.1647	66
91.1658	66
91.1668	66
91.1679	66
91.1689	66
91.17	66
91.2325	74
91.2335	73
91.2346	73
91.2356	72
91.2367	72
91.2377	71
91.3023	79
91.3034	78
91.3044	77
91.3055	76
91.3065	76
91.3076	75
91.3711	82
91.3722	81
91.3732	79
91.3743	78
91.3753	77
91.3764	76
91.44	83
91.441	81
91.4421	80
91.4431	79
91.4442	77
91.4452	76
91.5077	83
91.5088	81
91.5098	80
91.5109	78
91.5119	77
91.513	76
91.576	82
91.5771	81
91.5781	79
91.5792	78
91.5802	77
91.5813	76
91.6454	83
91.6464	81
91.6475	80
91.6485	79
91.6496	78
91.6506	77
91.7152	84
91.7162	82
91.7173	81
91.7183	79
91.7194	78
91.7204	77
91.7793	84
91.7803	81
91.7814	79
91.7824	77
91.7835	76
91.7845	74
91.8413	80
91.8423	78
91.8434	76
91.8444	74
91.8455	73
91.8465	72
91.9038	77
91.9048	76
91.9059	74
91.9069	72
91.908	71
91.909	70
91.9668	76
91.9679	75
91.9689	73
91.97	72
91.971	71
91.9721	70
92.0309	77
92.032	75
92.033	74
92.0341	73
92.0351	72
92.0362	71
92.095	77
92.096	76
92.0971	75
92.0981	73
92.0992	72
92.1002	71
92.1607	78
92.1617	76
92.1628	75
92.1638	74
92.1649	73
92.1659	72
92.2274	79
92.2284	77
92.2295	76
92.2305	75
92.2316	74
92.2326	73
92.2946	80
92.2957	79
92.2967	77
92.2978	76
92.2988	75
92.2999	74
92.3645	81
92.5058	80
92.5724	78
92.5735	77
92.5745	76
92.5756	75
92.6407	74
92.6418	74
92.6428	73
92.6439	72
92.7043	71
92.7053	70
92.7064	70
92.7074	69
92.7694	76
92.7705	75
92.7715	74
92.7726	73
92.8356	79
92.8367	78
92.8377	76
92.8388	75
92.9039	82
92.905	80
92.906	79
92.9071	78
92.9081	77
92.9732	76
92.9743	75
92.9753	74
92.9764	74
92.9775	73
93.0431	72
93.0441	72
93.0452	72
93.0462	71
93.0473	71
93.103	70
93.104	69
93.1051	68
93.1061	67
93.1072	66
93.1644	72
93.1655	71
93.1665	70
93.1676	69
93.1686	68
93.2254	74
93.2264	72
93.2275	71
93.2285	70
93.2296	69
93.2884	75
93.2894	74
93.2905	72
93.2916	71
93.2926	70
93.2937	69
93.3556	69
93.3567	69
93.3577	69
93.3588	68
93.3598	68
93.3609	68
93.4234	68
93.4245	68
93.4255	68
93.4266	68
93.4276	68
93.4287	68
93.4928	68
93.4938	68
93.4949	68
93.4959	68
93.497	68
93.498	68
93.5626	68
93.5636	69
93.5647	69
93.5657	69
93.5668	69
93.5678	69
93.6277	68
93.6287	68
93.6298	67
93.6308	67
93.6319	67
93.6329	66
93.6876	66
93.6886	65
93.6897	64
93.6907	64
93.6918	63
93.6928	63
93.7501	70
93.7511	69
93.7522	68
93.7532	68
93.7543	67
93.7553	67
93.8131	73
93.8142	72
93.8152	71
93.8163	70
93.8173	69
93.8184	69
93.8777	75
93.8788	74
93.8798	73
93.8809	72
93.8819	71
93.883	70
93.9439	77
93.945	76
93.946	75
93.9471	74
93.9481	73
93.9492	72
94.0117	79
94.0128	78
94.0138	77
94.0149	76
94.0159	75
94.017	74
94.0795	81
94.0805	79
94.0816	78
94.0826	77
94.0837	76
94.0847	75
94.1488	82
94.1499	80
94.1509	79
94.152	78
94.153	77
94.1541	76
94.2181	83
94.2192	82
94.2202	80
94.2213	79
94.2223	78
94.2234	77
94.2838	83
94.2848	81
94.2859	79
94.2869	77
94.288	76
94.289	75
94.3505	81
94.3515	80
94.3526	78
94.3536	77
94.3547	76
94.3557	75
94.4183	81
94.4193	80
94.4204	78
94.4214	77
94.4225	76
94.4235	75
94.4876	82
94.4887	81
94.4897	79
94.4908	78
94.4918	77
94.4929	76
94.5574	83
94.5585	82
94.5595	80
94.5606	79
94.5616	78
94.5627	77
94.6247	84
94.6257	82
94.6268	80
94.6278	78
94.6289	77
94.6299	76
94.6914	82
94.6924	81
94.6935	79
94.6945	78
94.6956	76
94.6966	75
94.7612	82
94.7623	81
94.7633	79
94.7644	78
94.7654	77
94.7665	77
94.8306	84
94.8316	82
94.8327	80
94.8337	79
94.8348	78
94.8358	77
94.9004	84
94.9734	82
95.0312	79
95.0322	77
95.0333	75
95.0343	73
95.0911	79
95.0921	76
95.0932	74
95.0942	73
95.1504	78
95.1515	76
95.1525	74
95.1536	72
95.2093	77
95.2103	75
95.2114	73
95.2124	71
95.2697	77
95.2707	75
95.2718	73
95.2728	71
95.3322	77
95.3332	76
95.3343	74
95.3353	73
95.3364	72
95.3973	71
95.3984	70
95.3994	69
95.4005	69
95.4015	68
95.4641	68
95.4651	68
95.4662	68
95.4672	67
95.4683	67
95.5308	67
95.5318	67
95.5329	67
95.5339	67
95.535	67
95.5996	75
95.6006	74
95.6017	74
95.6027	73
95.6038	73
95.6689	80
95.67	79
95.671	78
95.6721	77
95.6731	76
95.7388	83
95.7398	82
95.7409	80
95.7419	79
95.743	78
95.806	85
95.807	83
95.8081	81
95.8091	79
95.8102	78
95.8112	77
95.8743	76
95.8753	75
95.8764	74
95.8774	73
95.8785	72
95.8795	72
95.941	71
95.9421	70
95.9431	70
95.9442	70
95.9452	69
95.9463	69
96.0088	69
96.0098	68
96.0109	68
96.0119	68
96.013	68
96.014	68
96.0781	68
96.0792	68
96.0802	68
96.0813	68
96.0823	69
96.0834	69
96.1479	69
96.149	69
96.15	69
96.1511	69
96.1521	69
96.1532	69
96.2168	77
96.2178	76
96.2189	75
96.2199	75
96.221	74
96.222	73
96.285	81
96.2861	79
96.2871	78
96.2882	77
96.2892	76
96.2903	75
96.3517	82
96.3528	80
96.3538	78
96.3549	77
96.3559	75
96.357	74
96.4185	81
96.4195	79
96.4206	78
96.4216	77
96.4227	75
96.4237	74
96.4852	81
96.4862	79
96.4873	78
96.4883	77
96.4894	76
96.4904	75
96.5529	81
96.554	80
96.555	78
96.5561	77
96.5571	76
96.5582	75
96.6228	82
96.6238	81
96.6249	79
96.6259	78
96.627	77
96.628	76
96.6921	83
96.6932	82
96.6942	80
96.6953	79
96.6963	78
96.6974	77
96.7619	84
96.763	82
96.7641	81
96.7651	80
96.7662	78
96.7672	77
96.8297	84
96.8307	82
96.8318	80
96.8328	79
96.8339	77
96.8349	76
96.8959	83
96.8969	81
96.898	79
96.899	77
96.9001	76
96.9011	75
96.9616	81
96.9626	80
96.9637	78
96.9647	77
96.9658	75
96.9668	74
97.0283	81
97.0293	79
97.0304	77
97.0314	76
97.0325	75
97.0335	74
97.0971	81
97.0981	80
97.0992	78
97.1002	77
97.1013	76
97.1023	76
97.1669	83
97.168	81
97.169	80
97.1701	79
97.1711	78
97.1722	77
97.2363	84
97.2373	82
97.2384	81
97.2394	79
97.2405	78
97.2415	77
97.3056	84
97.3066	82
97.3077	81
97.3087	79
97.3098	78
97.3108	77
97.3744	84
97.3755	82
97.3765	80
97.3776	79
97.3786	78
97.3797	77
97.4443	84
97.4453	82
97.4464	81
97.4474	80
97.4485	78
97.4495	77
97.5136	84
97.5147	83
97.5157	81
97.5168	79
97.5178	78
97.5189	77
97.5829	84
97.584	82
97.585	81
97.5861	79
97.5871	78
97.5882	77
97.6507	84
97.6517	82
97.6528	80
97.6538	79
97.6549	77
97.6559	76
97.7179	83
97.719	81
97.72	79
97.7211	78
97.7221	77
97.7232	76
97.7862	83
97.7872	81
97.7883	80
97.7894	78
97.7904	77
97.7915	76
97.855	83
97.8561	81
97.8571	80
97.8582	78
97.8592	77
97.8603	76
97.9249	83
97.9979	81
98.0619	79
98.063	78
98.0641	77
98.0651	75
98.1308	75
98.1318	74
98.1329	73
98.1339	72
98.2006	72
98.3377	71
98.3388	71
98.406	79
98.4071	78
98.4081	77
98.4764	76
98.4774	75
98.4785	74
98.5467	74
98.5478	73
98.5488	73
98.6092	71
98.6103	70
98.6113	69
98.6718	68
98.6728	67
98.6739	67
98.7343	66
98.7353	66
98.7364	65
98.7984	65
98.7994	65
98.8005	65
98.8651	65
98.8661	65
98.8672	65
98.9329	65
98.9339	66
98.935	66
99.0006	74
99.0017	74
99.0027	73
99.0694	81
99.0705	79
99.0715	78
99.1398	85
99.2674	83
99.2685	80
99.3284	78
99.3294	76
99.3893	74
99.3904	72
99.4518	71
99.4529	70
99.517	77
99.518	75
99.5842	82
99.5853	81
99.6536	87
99.6546	85
99.7234	92
99.7245	89
99.9225	94
99.986	98
100.05	102
100.115	105
100.182	108
100.183	103
100.251	99
100.252	95
100.321	92
100.322	89
100.39	86
100.391	84
100.457	82
100.458	80
100.524	78
100.525	77
100.591	84
100.592	82
100.661	89
100.662	86
100.73	93
100.731	90
100.792	95
100.793	91
100.854	95
100.855	91
100.92	95
100.921	92
100.985	96
100.986	93
101.053	97
101.054	94
101.122	99
101.123	95
101.192	101
101.193	97
101.258	102
101.259	97
101.325	101
101.326	97
101.393	102
101.394	98
101.462	102
101.463	98
101.532	103
101.533	99
101.598	103
101.599	99
101.662	103
101.663	98
101.725	101
101.726	97
101.789	100
101.79	96
101.854	100
101.855	95
101.92	100
101.921	96
101.988	100
101.989	96
102.057	101
102.058	97
102.124	102
102.125	97
102.192	102
102.193	98
102.257	102
102.258	97
102.324	102
102.325	97
102.392	102
102.393	98
102.461	102
102.462	98
102.53	103
102.532	99
102.596	103
102.597	99
102.658	102
102.659	97
102.721	101
102.722	96
102.785	100
102.786	95
102.849	99
102.85	95
102.914	99
102.916	95
102.981	99
102.982	95
103.049	100
103.051	96
103.119	101
103.12	97
103.189	102
103.19	98
103.256	103
103.257	99
103.259	95
103.324	91
103.325	88
103.326	86
103.391	83
103.392	81
103.394	80
103.46	78
103.461	77
103.462	76
103.529	75
103.53	74
103.531	73
103.598	73
103.599	72
103.6	72
103.667	80
103.668	79
103.669	78
103.732	84
103.733	82
103.734	80
103.796	86
103.797	83
103.799	81
103.861	87
103.862	84
103.863	82
103.864	80
103.927	78
103.928	76
103.929	75
103.93	73
103.992	72
103.993	72
103.994	71
103.996	70
104.06	70
104.061	69
104.062	69
104.063	69
104.128	77
104.129	76
104.13	75
104.131	74
104.197	82
104.199	80
104.332	78
104.333	77
104.334	75
104.399	74
104.4	73
104.401	72
104.466	71
104.467	71
104.468	70
104.534	78
104.535	77
104.536	76
104.603	83
104.604	81
104.605	80
104.673	87
104.674	85
104.81	83
104.811	81
104.88	88
104.881	85
104.948	92
104.949	89
105.018	95
105.019	92
105.087	98
105.089	94
105.148	98
105.149	94
105.15	89
105.213	86
105.214	84
105.215	81
105.277	79
105.278	77
105.279	76
105.344	74
105.345	73
105.346	72
105.411	72
105.412	71
105.413	70
105.478	70
105.479	69
105.48	69
105.547	69
105.548	69
105.549	69
105.616	69
105.618	69
105.619	69
105.683	69
105.684	68
105.685	68
105.747	68
105.748	67
105.749	67
105.81	66
105.811	66
105.812	65
105.873	65
105.874	65
105.875	64
105.938	64
105.94	64
105.941	64
106.006	65
106.007	65
106.008	65
106.076	66
106.077	66
106.078	66
106.145	67
106.146	67
106.148	67
106.213	67
106.214	67
106.215	67
106.279	67
106.28	67
106.281	66
106.347	67
106.348	67
106.349	67
106.413	67
106.414	67
106.415	66
106.48	66
106.481	66
106.482	66
106.548	67
106.549	67
106.55	67
106.617	67
106.618	67
106.619	68
106.683	67
106.684	67
106.685	67
106.747	66
106.748	66
106.749	66
106.811	65
106.813	65
106.814	65
106.878	65
106.879	66
106.88	66
106.948	66
106.949	67
106.95	67
107.014	67
107.015	67
107.016	66
107.084	67
107.085	67
107.086	67
107.152	67
107.153	67
107.154	68
107.222	68
107.223	68
107.224	68
107.285	67
107.286	67
107.287	66
107.349	66
107.35	66
107.351	65
107.415	65
107.416	65
107.417	66
107.483	74
107.484	73
107.485	73
107.553	80
107.554	79
107.555	78
107.622	85
107.623	83
107.625	82
107.693	89
107.812	85
107.813	81
107.872	79
107.873	76
107.932	74
107.933	72
107.993	71
107.994	70
108.055	76
108.056	74
108.118	81
108.119	79
108.185	85
108.186	83
108.253	89
108.254	86
108.255	84
108.323	82
108.324	81
108.325	79
108.393	78
108.394	77
108.395	76
108.462	75
108.463	74
108.464	73
108.515	71
108.516	69
108.517	67
108.569	65
108.57	64
108.571	62
108.622	67
108.623	66
108.624	64
108.675	69
108.676	67
108.677	65
108.73	70
108.731	69
108.732	67
108.788	73
108.789	71
108.79	69
108.847	75
108.848	73
108.849	71
108.907	77
108.908	75
108.909	73
108.968	79
108.969	77
108.97	75
109.03	80
109.031	78
109.032	76
109.093	82
109.094	80
109.095	78
109.157	84
109.158	81
109.159	79
109.222	85
109.224	83
109.225	81
109.288	87
109.289	84
109.29	82
109.356	88
109.357	85
109.358	83
109.423	89
109.424	87
109.425	85
109.491	90
109.492	88
109.493	85
109.56	91
109.561	89
109.562	86
109.629	92
109.63	89
109.631	87
109.698	93
109.699	90
109.7	87
109.767	94
109.768	91
109.769	88
109.837	94
109.838	91
109.839	89
109.904	94
109.905	91
109.906	88
109.97	93
109.971	90
109.972	87
110.036	92
110.037	89
110.038	86
110.103	92
110.104	89
110.106	86
110.17	92
110.171	89
110.172	86
110.236	91
110.237	88
110.238	85
110.303	91
110.304	88
110.305	86
110.372	92
110.373	89
110.374	86
110.44	92
110.441	90
110.442	87
110.51	93
110.511	90
110.512	88
110.579	94
110.58	91
110.581	88
110.649	94
110.65	91
110.651	88
110.714	94
110.715	90
110.716	87
110.778	92
110.779	89
110.781	86
110.845	91
110.846	88
110.847	86
110.913	92
110.914	89
110.915	86
110.983	92
111.12	89
111.121	86
111.184	83
111.185	81
111.251	79
111.252	77
111.317	76
111.318	75
111.385	82
111.386	80
111.454	87
111.786	92
111.854	98
111.855	94
111.924	91
111.925	88
111.994	86
111.995	84
112.057	81
112.058	79
112.119	77
112.12	75
112.181	73
112.182	72
112.244	70
112.245	69
112.311	69
112.312	69
112.378	68
112.379	68
112.448	68
112.449	68
112.517	69
112.518	69
112.587	69
112.588	69
112.651	68
112.652	68
112.717	67
112.718	67
112.783	67
112.784	67
112.85	67
112.851	67
112.917	67
112.918	66
112.985	67
112.986	67
113.054	67
113.055	67
113.124	67
113.125	68
113.187	67
113.188	66
113.249	66
113.25	65
113.313	65
113.314	65
113.379	65
113.38	65
113.447	66
113.448	66
113.517	66
113.518	67
113.584	67
113.585	67
113.65	66
113.651	66
113.716	66
113.717	66
113.782	66
113.783	66
113.849	66
113.85	66
113.917	66
113.918	67
113.987	67
113.988	67
114.057	68
114.058	68
114.124	67
114.125	67
114.189	67
114.19	67
114.254	66
114.255	66
114.32	66
114.321	66
114.387	66
114.388	66
114.455	66
114.456	67
114.525	67
114.526	67
114.594	67
114.595	68
114.664	68
114.665	68
114.733	68
114.734	68
114.8	68
114.801	68
114.867	68
114.868	68
114.934	76
114.935	75
115.004	82
115.005	81
115.074	88
115.265	92
115.326	96
115.388	100
115.452	103
115.519	106
115.52	101
115.588	97
115.589	94
115.658	91
115.659	88
115.726	85
115.727	83
115.789	81
115.79	78
115.852	76
115.853	75
115.912	80
115.913	78
115.974	83
115.975	81
116.04	86
116.041	84
116.108	90
116.109	87
116.178	94
116.179	91
116.248	96
116.443	100
116.508	104
116.575	107
116.642	110
116.697	112
116.698	105
116.754	99
116.755	94
116.812	89
116.813	85
116.87	82
116.872	79
116.93	76
116.931	74
116.99	72
116.991	71
117.053	70
117.054	69
117.115	75
117.116	74
117.178	80
117.179	78
117.243	84
117.244	82
117.307	88
117.308	85
117.373	90
117.374	87
117.439	92
117.44	89
117.505	95
117.506	91
117.572	96
117.573	93
117.641	98
117.642	94
117.704	99
117.705	94
117.762	97
117.763	93
117.82	96
117.821	91
117.878	94
117.879	89
117.938	93
117.939	89
117.992	91
117.993	87
118.038	88
118.039	83
118.083	84
118.084	79
118.128	80
118.129	76
118.173	78
118.174	74
118.218	76
118.219	72
118.263	74
118.265	70
118.309	73
118.31	69
118.354	72
118.355	68
118.395	71
118.396	67
118.434	68
118.435	65
118.471	66
118.472	63
118.509	64
118.51	61
118.547	63
118.548	60
118.585	61
118.586	58
118.623	60
118.624	57
118.661	60
118.662	57
118.698	59
118.699	57
118.737	59
118.738	57
118.775	59
118.776	56
118.813	59
118.814	56
118.851	58
118.852	56
118.89	58
118.891	56
118.928	58
118.929	56
118.967	58
118.968	56
119.006	59
119.007	56
119.045	59
119.046	56
119.085	59
119.086	57
119.126	59
119.128	57
119.169	60
119.17	58
119.211	61
119.212	59
119.253	62
119.254	59
119.295	62
119.296	60
119.338	63
119.339	61
119.381	64
119.382	61
119.423	64
119.424	61
119.425	59
119.467	57
119.468	55
119.47	54
119.513	53
119.514	52
119.515	51
119.559	50
119.56	50
119.561	49
119.606	49
119.607	49
119.608	48
119.654	48
119.655	48
119.657	48
119.705	48
119.706	48
119.707	49
119.754	49
119.755	49
119.756	49
119.8	48
119.801	48
119.802	48
119.846	47
119.847	47
119.848	47
119.889	46
119.89	46
119.891	45
119.925	44
119.926	43
119.927	42
119.963	42
119.964	41
119.965	41
120	40
120.001	40
120.002	39
120.036	39
120.037	38
120.038	38
120.075	38
120.076	38
120.077	39
120.115	43
120.116	43
120.117	43
120.157	47
120.158	46
120.159	46
120.196	50
120.197	49
120.198	47
120.232	50
120.233	49
120.234	47
120.268	50
120.269	48
120.27	47
120.303	50
120.304	48
120.305	47
120.306	45
120.34	44
120.341	43
120.342	42
120.343	41
120.375	40
120.376	40
120.377	39
120.378	39
120.411	38
120.412	38
120.413	38
120.414	38
120.447	37
120.448	37
120.449	37
120.45	36
120.482	36
120.483	36
120.484	36
120.485	36
120.518	36
120.519	36
120.52	36
120.521	36
120.552	40
120.553	39
120.555	39
120.556	38
120.587	42
120.588	41
120.589	40
120.59	40
120.622	43
120.623	42
120.624	41
120.625	41
120.657	44
120.658	43
120.66	42
120.661	41
120.662	40
120.694	40
120.695	39
120.696	39
120.697	38
120.698	38
120.73	38
120.731	37
120.732	37
120.733	37
120.734	37
120.765	37
120.766	36
120.767	36
120.768	36
120.769	36
120.8	36
120.801	36
120.802	36
120.803	36
120.804	36
120.835	39
120.836	39
120.837	38
120.838	38
120.839	38
120.87	41
120.871	40
120.872	40
120.873	39
120.874	38
120.905	42
120.906	41
120.907	41
120.908	40
120.909	40
120.94	43
120.941	42
120.942	41
120.943	41
120.945	40
120.946	39
120.976	39
120.977	38
120.978	38
120.979	37
120.98	37
120.981	37
121.011	36
121.012	36
121.013	36
121.014	36
121.015	36
121.016	36
121.047	36
121.048	36
121.049	36
121.05	35
121.051	35
121.052	35
121.082	39
121.083	39
121.084	39
121.085	38
121.086	38
121.087	38
121.117	41
121.118	40
121.119	40
121.121	39
121.122	39
121.123	38
121.153	42
121.154	41
121.155	40
121.156	40
121.157	39
121.158	39
121.188	42
121.189	41
121.19	41
121.191	40
121.192	40
121.193	39
121.194	39
121.224	39
121.225	38
121.226	38
121.227	38
121.428	62
121.462	59
