10.0342	34
10.0721	34
10.0883	36
10.2506	36
10.2727	36
10.2859	36
10.308	36
10.3217	36
10.3459	36
10.357	38
10.3807	40
10.3923	41
10.4154	43
10.4276	44
10.4518	45
10.4528	44
10.4639	43
10.4938	43
10.4949	43
10.507	43
10.5374	43
10.5385	43
10.5511	43
10.5879	44
10.5889	45
10.602	47
10.6341	52
10.6351	51
10.6477	52
10.6798	55
10.6808	54
10.6935	54
10.7329	58
10.7339	57
10.735	57
10.7481	57
10.7922	57
10.7933	57
10.7943	58
10.808	58
10.8547	58
10.8558	59
10.8568	59
10.8726	60
10.9193	66
10.9204	66
10.9214	66
10.9351	68
10.9808	73
10.9819	71
10.9829	70
10.9966	71
11.048	76
11.0491	75
11.0502	74
11.0512	73
11.0659	73
11.1189	72
11.2308	75
11.2319	72
11.2329	70
11.2839	68
11.2849	66
11.286	64
11.338	63
11.339	62
11.3401	61
11.3921	60
11.3931	59
11.3942	59
11.4478	58
11.4488	58
11.4499	57
11.5061	64
11.5071	64
11.5082	63
11.566	70
11.567	69
11.5681	68
11.628	74
11.629	73
11.6301	71
11.69	77
11.691	76
11.6921	74
11.7525	80
11.7535	78
11.7546	76
11.816	82
11.8171	80
11.8181	78
11.8192	76
11.8843	75
11.8854	74
11.8864	73
11.8875	73
11.9537	72
11.9547	72
11.9558	71
11.9568	71
12.023	71
12.0241	71
12.0251	70
12.0262	70
12.0924	70
12.0934	70
12.0945	70
12.0955	70
12.1617	69
12.1628	69
12.1638	69
12.1649	69
12.231	69
12.2321	69
12.2331	69
12.2342	69
12.3004	69
12.3014	69
12.3025	69
12.3035	69
12.3697	69
12.3708	69
12.3718	69
12.3729	69
12.4391	69
12.4401	69
12.4412	69
12.4422	69
12.5084	69
12.5095	69
12.5105	69
12.5116	69
12.5778	69
12.5788	69
12.5799	69
12.5809	69
12.6471	69
12.6482	69
12.6492	69
12.6503	69
12.7165	69
12.7175	69
12.7186	69
12.7196	69
12.7858	69
12.7868	69
12.7879	69
12.789	69
12.8551	69
12.8562	69
12.8572	69
12.8583	69
12.9245	69
12.9255	69
12.9266	69
12.9276	69
12.9938	69
12.9949	69
12.9959	69
12.997	69
13.0632	69
13.0642	69
13.0653	69
13.0663	69
13.1325	69
13.1336	69
13.1346	69
13.1357	69
13.2019	69
13.2029	69
13.204	69
13.205	69
13.2712	69
13.2723	69
13.2733	69
13.2744	69
13.3405	69
13.3416	69
13.3427	69
13.3437	69
13.4099	69
13.4109	69
13.412	69
13.413	69
13.4792	69
13.4803	69
13.4813	69
13.4824	69
13.5486	69
13.5496	69
13.5507	69
13.5517	69
13.6179	69
13.619	69
13.62	69
13.6211	69
13.6873	69
13.6883	69
13.6894	69
13.6904	69
13.7566	69
13.7577	69
13.7587	69
13.7598	69
13.826	69
13.827	69
13.8281	69
13.8291	69
13.8953	69
13.8964	69
13.8974	69
13.8985	69
13.9646	69
13.9657	69
13.9667	69
13.9678	69
14.034	69
14.035	69
14.0361	69
14.0371	69
14.1038	69
14.1049	69
14.1059	69
14.107	69
14.1689	68
14.17	68
14.171	68
14.1721	67
14.2346	67
14.2357	67
14.2367	67
14.2378	66
14.3019	66
14.3029	66
14.304	66
14.305	67
14.368	67
14.3691	67
14.3702	67
14.3712	66
14.4358	66
14.4369	66
14.4379	66
14.439	66
14.5046	67
14.5057	67
14.5067	67
14.5078	67
14.575	68
14.7031	67
14.7042	66
14.7614	72
14.7625	71
14.8208	76
14.8219	74
14.8839	80
14.8849	78
14.886	76
14.9511	75
14.9521	74
14.9532	73
15.0194	72
15.0204	72
15.0215	71
15.0897	71
15.2132	69
15.2142	68
15.2699	66
15.271	65
15.3293	71
15.3303	70
15.3907	76
15.3918	74
15.4533	80
15.4543	78
15.5163	84
15.5174	81
15.5825	87
15.5835	85
15.6508	91
15.6518	88
15.7196	94
15.7206	91
15.7842	96
15.7852	92
15.8509	97
15.852	93
15.9202	98
15.9213	95
15.9885	100
15.9896	96
16.0531	100
16.0542	96
16.1172	100
16.1183	96
16.1834	100
16.1844	96
16.2522	100
16.2533	96
16.3221	102
16.3231	98
16.3898	102
16.3909	98
16.4565	102
16.4576	98
16.5238	102
16.5248	98
16.591	102
16.5921	98
16.6582	103
16.6593	98
16.7271	103
16.7281	99
16.7969	103
16.798	99
16.8662	104
16.8673	100
16.9319	104
16.9329	99
16.9955	103
16.9965	98
17.0596	101
17.0606	97
17.1242	101
17.1252	96
17.1893	100
17.1904	96
17.2539	100
17.255	95
17.3191	100
17.3201	95
17.3847	100
17.3858	95
17.4515	100
17.4525	96
17.5192	101
17.5203	97
17.5875	101
17.5886	97
17.6548	102
17.6558	97
17.722	102
17.723	98
17.7898	102
17.7908	98
17.857	102
17.8581	98
17.9243	103
17.9253	98
17.992	103
17.9931	98
18.0608	103
18.0619	99
18.1302	103
18.1312	99
18.1995	104
18.2006	100
18.2694	104
18.2704	100
18.47	104
18.5357	107
18.6019	110
18.6696	113
18.6707	108
18.74	103
18.7411	99
18.8072	95
18.8083	91
18.8734	88
18.8745	85
18.937	82
18.938	80
19	86
19.0011	83
19.0657	89
19.0667	86
19.1335	91
19.1345	89
19.2028	94
19.2039	91
19.2732	97
19.4596	93
19.5232	97
19.5243	93
19.5884	89
19.5894	86
19.6545	83
19.6556	81
19.7234	80
19.7244	78
19.7927	77
19.7938	76
19.8625	75
19.8636	74
19.9261	73
19.9271	72
19.9907	79
19.9917	77
20.0558	83
20.0569	81
20.122	87
20.1231	85
20.1887	91
20.1898	88
20.257	93
20.2581	90
20.2591	88
20.3274	85
20.3284	83
20.3295	82
20.3967	80
20.3978	79
20.3988	77
20.4613	76
20.4624	74
20.4634	73
20.5249	72
20.5259	71
20.527	70
20.5884	69
20.5895	68
20.5905	68
20.6525	67
20.6536	67
20.6546	66
20.7187	66
20.7198	66
20.7208	66
20.7854	66
20.7865	66
20.7875	66
20.8543	66
20.8553	67
20.8564	67
20.9231	67
20.9241	67
20.9252	67
20.9929	68
20.994	68
20.995	68
21.0575	67
21.0586	67
21.0596	67
21.1242	67
21.1253	67
21.1263	67
21.1915	67
21.1925	67
21.1936	67
21.2603	67
21.2613	67
21.2624	67
21.3301	67
21.3312	68
21.3322	68
21.3995	68
21.4005	68
21.4016	68
21.4688	68
21.4698	68
21.4709	68
21.5334	68
21.5344	67
21.5355	67
21.5991	67
21.6001	67
21.6012	67
21.6652	66
21.6663	66
21.6673	66
21.732	66
21.733	66
21.7341	66
21.7997	66
21.8008	66
21.8018	66
21.8685	67
21.8696	67
21.8707	67
21.9389	67
21.94	68
21.941	68
22.0077	68
22.0088	68
22.0098	68
22.075	68
22.076	68
22.0771	68
22.1417	68
22.1427	67
22.1438	67
22.2094	67
22.2105	67
22.2115	67
22.2783	67
22.2793	68
22.2804	68
22.3481	68
22.3492	68
22.3502	68
22.4179	68
22.419	68
22.42	68
22.4862	68
22.4872	68
22.4883	68
22.5482	67
22.5492	67
22.5503	66
22.6102	66
22.6112	65
22.6123	65
22.6706	64
22.6716	63
22.6727	63
22.732	63
22.7331	63
22.7341	62
22.7951	62
22.7961	62
22.7972	62
22.8597	63
22.8608	63
22.8618	63
22.9254	63
22.9264	63
22.9275	64
22.9926	64
22.9937	64
22.9947	65
23.0583	73
23.0593	72
23.0604	72
23.1245	79
23.1255	77
23.1266	76
23.1917	83
23.1928	81
23.1938	79
23.2605	86
23.2616	84
23.2626	82
23.3309	89
23.6024	94
23.6035	91
23.6686	88
23.6697	85
23.7369	83
23.738	81
23.8057	88
23.8068	85
23.8745	92
23.8756	89
23.9434	95
23.9444	92
23.9455	89
24.0137	87
24.0148	84
24.0158	83
24.0789	80
24.0799	78
24.081	77
24.1403	75
24.1414	73
24.1424	72
24.2049	71
24.206	70
24.207	69
24.2685	76
24.2695	75
24.2706	74
24.3352	80
24.3363	79
24.3373	77
24.4035	84
24.4046	82
24.4056	81
24.4718	87
24.4728	85
24.4739	83
24.5416	89
24.5427	87
24.6756	84
24.6766	82
24.7428	88
24.7439	86
24.8122	92
24.8132	89
24.8815	95
24.8831	92
25.0769	96
25.1389	99
25.1399	95
25.2019	91
25.203	87
25.2676	84
25.2686	82
25.3348	80
25.3359	78
25.4042	77
25.4052	76
25.4745	75
25.4756	75
25.5407	74
25.5418	73
25.6016	71
25.6027	70
25.6636	69
25.6647	68
25.7256	75
25.7267	73
25.7887	80
25.7897	78
25.8527	84
25.8538	81
25.9189	87
25.92	84
25.9867	90
25.9878	88
26.055	94
26.0561	91
26.1233	96
26.1243	93
26.1937	98
26.3801	101
26.44	103
26.4989	105
26.5603	106
26.6239	109
26.6249	103
26.6896	98
26.6906	94
26.7573	91
26.7584	88
26.8246	85
26.8256	83
26.8923	81
26.8934	79
26.9606	78
26.9617	77
27.0304	84
27.0315	82
27.0956	89
27.0966	86
27.1597	91
27.1607	88
27.2248	93
27.2259	89
27.2894	94
27.2905	91
27.3546	95
27.3556	92
27.4229	97
27.4239	93
27.4917	98
27.4927	95
27.5605	100
27.5616	96
27.6303	101
27.6314	98
27.697	102
27.6981	98
27.7638	102
27.7648	98
27.83	102
27.831	97
27.8972	102
27.8982	98
27.9644	102
27.9655	98
28.0348	102
28.2244	105
28.2848	107
28.3458	108
28.4062	110
28.4687	112
28.4698	105
28.5338	100
28.5349	96
28.6	92
28.6011	89
28.6673	86
28.6683	84
28.7345	82
28.7356	80
28.8012	78
28.8023	77
28.868	84
28.869	82
28.9352	88
28.9362	85
29.0045	92
29.0056	89
29.0749	95
29.2624	98
29.326	102
29.3896	105
29.4542	108
29.5198	110
29.5209	105
29.5881	100
29.5892	96
29.6564	93
29.6575	90
29.7252	87
29.7263	85
29.7951	83
29.7961	81
29.8618	79
29.8628	78
29.9269	84
29.928	82
29.9936	88
29.9947	85
30.0619	91
30.063	88
30.1308	94
30.1318	91
30.2001	97
30.2011	94
30.2689	99
30.2699	95
30.3387	100
30.3398	97
30.407	102
30.4081	98
30.4727	102
30.4737	98
30.541	102
30.542	98
30.6098	102
30.6108	98
30.6796	103
30.6807	99
30.7405	103
30.7416	98
30.7999	100
30.801	95
30.8619	98
30.8629	94
30.927	98
30.9281	94
30.9922	98
30.9932	94
31.0589	99
31.0599	95
31.1287	100
31.1298	96
31.197	101
31.1981	97
31.2637	102
31.2648	97
31.3294	101
31.3304	97
31.3977	102
31.3987	97
31.466	102
31.467	98
31.5358	103
31.5369	99
31.6025	103
31.6036	99
31.6661	103
31.6671	98
31.7323	102
31.7333	97
31.7979	101
31.799	97
31.8636	101
31.8647	97
31.9308	101
31.9319	97
31.9981	101
31.9991	97
32.0679	102
32.069	98
32.1341	103
32.1352	98
32.1992	102
32.2003	98
32.266	102
32.267	97
32.3343	102
32.3353	98
32.4025	102
32.4036	98
32.4719	103
32.4729	99
32.5386	103
32.5396	99
32.6058	103
32.6069	98
32.6079	95
32.6762	92
32.6772	89
32.6783	87
32.7434	84
32.7445	82
32.7455	80
32.8091	78
32.8101	77
32.8112	75
32.8737	74
32.8747	72
32.8758	71
32.9409	71
32.942	70
32.943	70
33.0077	78
33.0087	76
33.0098	75
33.0765	83
33.0775	81
33.0786	79
33.1463	87
33.1473	85
33.1484	83
33.2125	89
33.2135	86
33.2146	84
33.2156	82
33.2755	79
33.2766	77
33.2776	75
33.2787	74
33.338	72
33.3391	71
33.3401	70
33.3412	69
33.4021	76
33.4032	74
33.4042	73
33.4053	72
33.4694	79
33.4704	78
33.4715	76
33.4725	75
33.5377	82
33.5387	81
33.5398	79
33.5408	78
33.5419	77
33.6075	76
33.6086	75
33.6096	74
33.6107	74
33.6117	73
33.6752	72
33.6763	72
33.6773	72
33.6784	71
33.6794	71
33.7409	78
33.7419	76
33.743	75
33.744	74
33.7451	73
33.8066	80
33.8076	78
33.8087	77
33.8097	75
33.8108	74
33.8118	73
33.8749	72
33.8759	72
33.877	71
33.878	71
33.8791	71
33.8801	70
33.9452	70
34.0145	70
34.0676	68
34.0687	66
34.0697	65
34.0708	64
34.1264	63
34.1275	63
34.1285	62
34.1296	62
34.1863	61
34.1874	61
34.1884	61
34.1895	61
34.2483	68
34.2494	68
34.2504	67
34.2515	66
34.3119	73
34.3129	72
34.314	71
34.315	70
34.3775	77
34.3786	76
34.3796	75
34.3807	74
34.3818	73
34.4453	72
34.4464	71
34.4474	71
34.4485	70
34.4495	70
34.5157	70
34.5167	70
34.5178	70
34.5188	70
34.5199	70
34.5824	69
34.5834	69
34.5845	69
34.5855	69
34.5866	69
34.6449	76
34.6459	74
34.647	73
34.648	71
34.6491	70
34.709	77
34.71	75
34.7111	74
34.7121	73
34.7132	72
34.7741	79
34.7752	77
34.7762	76
34.7773	74
34.7783	73
34.8424	80
34.8435	79
34.8445	77
34.8456	76
34.8466	75
34.8477	74
34.9128	74
34.9138	73
34.9149	73
34.9159	72
34.917	72
34.918	72
34.9821	72
34.9832	71
34.9842	71
34.9853	71
34.9863	71
34.9874	70
35.0456	69
35.0467	69
35.0477	68
35.0488	67
35.0498	67
35.0509	66
35.1092	66
35.1103	65
35.1113	65
35.1124	65
35.1134	65
35.1145	65
35.1728	64
35.1738	64
35.1749	64
35.1759	64
35.177	64
35.178	64
35.2374	71
35.2384	71
35.2395	70
35.2405	69
35.2416	69
35.2426	69
35.3041	76
35.3052	75
35.3062	74
35.3073	73
35.3083	72
35.3094	72
35.3724	79
35.3735	78
35.3745	76
35.3756	75
35.3766	75
35.3777	74
35.4407	81
35.4417	79
35.4428	78
35.4438	77
35.4449	76
35.4459	75
35.5095	82
35.5106	80
35.5116	79
35.5127	78
35.5137	77
35.5148	76
35.5799	83
35.7128	89
35.7138	86
35.7149	83
35.7159	81
35.7811	79
35.7821	78
35.7832	77
35.7842	76
35.8504	75
35.8515	74
35.8525	74
35.8536	73
35.9197	81
35.9208	79
35.9218	78
35.9229	77
35.9833	84
35.9843	81
35.9854	79
35.9864	77
36.0489	83
36.05	81
36.051	79
36.0521	78
36.0531	76
36.1172	75
36.1183	74
36.1193	74
36.1204	73
36.1214	72
36.1871	72
36.1881	72
36.1892	71
36.1902	71
36.1913	71
36.2569	71
36.3908	78
36.3919	76
36.393	75
36.456	81
36.457	79
36.4581	78
36.4591	76
36.5238	75
36.5248	74
36.5259	73
36.5269	72
36.5936	72
36.5947	72
36.5957	71
36.5968	71
36.6592	70
36.6603	70
36.6613	69
36.6624	69
36.7249	68
36.726	68
36.727	68
36.7281	67
36.7906	67
36.7916	67
36.7927	67
36.7937	66
36.8573	66
36.8583	66
36.8594	66
36.8604	66
36.924	66
36.9251	66
36.9261	66
36.9272	66
36.9907	66
36.9918	66
36.9928	66
36.9939	66
37.0585	74
37.0595	74
37.0606	73
37.0616	72
37.1284	80
37.318	77
37.3742	82
37.3752	79
37.4314	83
37.4325	80
37.4908	84
37.4918	81
37.5507	86
37.5517	83
37.5528	80
37.6127	78
37.6137	76
37.6148	74
37.6768	73
37.6778	71
37.6789	70
37.7435	70
37.7445	70
37.7456	69
37.8102	77
37.8112	76
37.8123	75
37.878	82
37.879	80
37.8801	79
37.9463	86
37.9473	84
37.9484	82
38.0146	88
38.0156	86
38.0167	84
38.0177	82
38.0834	80
38.0844	79
38.0855	77
38.0865	76
38.1532	75
38.1542	75
38.1553	74
38.1563	73
38.2194	72
38.2204	72
38.2215	71
38.2225	70
38.2813	69
38.2824	68
38.2834	67
38.2845	67
38.3454	66
38.3465	66
38.3475	66
38.3486	66
38.4095	73
38.4106	72
38.4116	71
38.4127	70
38.4736	77
38.4747	75
38.4757	74
38.4768	73
38.5382	79
38.5393	78
38.5403	76
38.5414	75
38.6044	81
38.6055	80
38.6065	78
38.6076	76
38.6717	83
38.6727	81
38.6738	79
38.6748	78
38.741	85
38.7421	83
38.7431	82
38.7442	80
38.8109	87
38.8119	85
38.9411	82
38.9422	79
39.0063	85
39.0073	83
39.0719	88
39.073	86
39.1386	91
39.1397	88
39.1407	86
39.2085	84
39.2096	82
39.2106	80
39.2783	79
39.2794	78
39.2804	77
39.3471	84
39.3482	82
39.3492	81
39.4107	87
39.4117	84
39.4128	81
39.4743	87
39.4753	84
39.4764	82
39.5399	87
39.541	84
39.542	82
39.5431	80
39.6082	79
39.6093	77
39.6103	76
39.6114	75
39.6786	74
39.6796	74
39.6807	73
39.6817	73
39.7479	72
39.7489	72
39.75	71
39.751	71
39.813	70
39.814	70
39.8151	69
39.8161	69
39.8755	68
39.8766	67
39.8776	67
39.8787	66
39.9391	73
39.9401	72
39.9412	71
39.9422	70
40.0047	77
40.0058	76
40.0068	74
40.0079	73
40.072	80
40.073	79
40.0741	77
40.0751	76
40.1408	83
40.1419	82
40.1429	80
40.144	79
40.2101	86
40.2112	84
40.2122	82
40.2133	81
40.2805	88
40.4076	84
40.4086	82
40.4691	87
40.4701	84
40.531	89
40.5321	85
40.593	90
40.5941	87
40.5951	84
40.6582	81
40.6592	79
40.6603	77
40.7249	76
40.7259	75
40.727	73
40.7927	73
40.7937	72
40.7948	72
40.861	79
40.862	78
40.8631	77
40.9303	84
40.9314	83
40.9324	81
41.0006	88
41.1299	85
41.1908	82
41.1918	79
41.2538	85
41.2549	82
41.3184	88
41.3195	85
41.3789	90
41.3799	86
41.4408	90
41.4419	87
41.5039	91
41.5049	88
41.5675	93
41.5685	89
41.6352	94
41.6363	91
41.7025	96
41.7035	93
41.7723	98
41.7734	95
41.9677	99
42.0302	102
42.0948	105
42.161	108
42.162	103
42.2303	99
42.2314	95
42.3001	92
42.3012	89
42.3627	86
42.3637	83
42.4246	80
42.4257	78
42.4877	83
42.4887	81
42.5518	87
42.5528	84
42.6164	89
42.6174	86
42.6831	92
42.6842	89
42.7519	94
42.753	91
42.754	88
42.8228	86
42.9589	84
43.0282	90
43.0944	96
43.1606	100
43.1616	96
43.2283	93
43.2294	89
43.2982	87
43.2992	85
43.3622	82
43.3633	80
43.4263	78
43.4274	76
43.4867	82
43.4878	79
43.5487	84
43.5498	82
43.6112	87
43.6123	84
43.6738	89
43.6748	86
43.7373	90
43.7384	87
43.7394	84
43.804	82
43.8051	80
43.8061	78
43.8723	77
43.8734	76
43.8744	75
43.9422	74
43.9432	74
43.9443	73
44.0052	72
44.0062	71
44.0073	70
44.0682	69
44.0693	68
44.0703	67
44.1329	67
44.1339	66
44.135	66
44.1996	66
44.2006	66
44.2017	66
44.2679	66
44.2689	66
44.27	67
44.3372	67
44.3382	67
44.3393	68
44.4039	67
44.4049	67
44.406	67
44.4659	66
44.4669	66
44.468	65
44.5279	65
44.5289	64
44.53	64
44.5914	64
44.5925	64
44.5935	64
44.656	64
44.6571	64
44.6581	64
44.7222	64
44.7233	64
44.7243	65
44.7889	65
44.79	65
44.791	65
44.8567	65
44.8578	66
44.8588	66
44.9271	66
44.9281	67
44.9292	67
44.9969	67
44.998	68
44.999	68
45.061	67
45.062	67
45.0631	66
45.1219	66
45.123	65
45.124	64
45.185	64
45.186	64
45.1871	64
45.2496	64
45.2506	64
45.2517	64
45.3137	64
45.3147	64
45.3158	64
45.3793	64
45.3804	64
45.3814	64
45.4461	65
45.4471	65
45.4482	65
45.5154	65
45.5165	66
45.5175	66
45.5852	67
45.5863	67
45.5873	67
45.6509	67
45.6519	67
45.653	66
45.7166	66
45.7176	66
45.7187	66
45.7833	66
45.7843	66
45.7854	66
45.8505	66
45.8516	66
45.8526	66
45.9167	66
45.9178	66
45.9188	66
45.9834	66
45.9845	66
45.9855	66
46.0522	66
46.0533	67
46.0543	67
46.1226	67
46.1236	68
46.1247	68
46.1893	68
46.1903	67
46.1914	67
46.2534	67
46.2544	66
46.2555	66
46.3185	66
46.3196	66
46.3206	66
46.3831	65
46.3842	65
46.3852	65
46.4488	65
46.4498	65
46.4509	65
46.516	73
46.5171	73
46.5181	72
46.5854	80
46.5864	79
46.5875	78
46.6552	85
46.6563	83
46.6573	82
46.7198	88
46.7209	85
46.7219	82
46.7829	88
46.7839	85
46.785	82
46.8469	87
46.848	84
46.849	82
46.8501	80
46.9152	79
46.9163	77
46.9173	76
46.9184	75
46.9825	74
46.9835	73
46.9846	72
46.9856	71
47.0503	71
47.0513	71
47.0524	70
47.0534	70
47.1196	78
47.1206	77
47.1217	76
47.1227	75
47.1894	83
47.1905	81
47.1915	80
47.1926	79
47.2582	86
47.2592	84
47.2603	82
47.2613	80
47.2624	79
47.3212	77
47.3223	75
47.3233	74
47.3244	72
47.3254	71
47.3864	70
47.3874	69
47.3885	69
47.3895	68
47.3906	68
47.4526	68
47.4536	67
47.4547	67
47.4557	67
47.4568	67
47.5198	75
47.5209	74
47.5219	73
47.523	72
47.524	72
47.5881	79
47.5891	78
47.5902	77
47.5912	76
47.5923	75
47.5933	74
47.6564	74
47.6574	73
47.6585	72
47.6595	72
47.6606	71
47.6616	71
47.7262	70
47.7273	70
47.7283	70
47.7294	70
47.7304	70
47.7315	70
47.795	78
47.7961	77
47.7971	76
47.7982	75
47.7992	75
47.8003	74
47.8013	73
47.8623	73
47.8633	72
47.8644	71
47.8654	71
47.8665	70
47.8675	70
47.8686	69
47.9306	69
47.9316	69
47.9327	69
47.9337	69
47.9348	69
47.9358	69
47.9369	69
47.9994	76
48.0004	76
48.0015	75
48.0025	74
48.0036	74
48.0046	73
48.0057	73
48.0067	72
48.0671	72
48.0681	71
48.0692	71
48.0702	70
48.0713	70
48.0724	70
48.0734	69
48.0745	69
48.1338	69
48.1349	68
48.1359	68
48.137	68
48.138	68
48.1391	68
48.1401	68
48.1412	68
48.2016	75
48.2026	74
48.2037	74
48.2047	73
48.2058	72
48.2068	72
48.2079	71
48.2089	71
48.21	70
48.272	70
48.273	70
48.2741	70
48.3465	70
48.4027	69
48.4038	68
48.4048	67
48.4059	66
48.4069	65
48.408	65
48.4647	64
48.4658	64
48.4668	64
48.4679	63
48.4689	63
48.47	63
48.5267	63
48.5277	63
48.5288	63
48.5298	63
48.5309	63
48.5319	63
48.5903	70
48.5913	69
48.5924	69
48.5934	68
48.5945	68
48.5955	67
48.6564	74
48.6575	73
48.6585	73
48.6596	72
48.6606	71
48.6617	71
48.6627	70
48.7253	70
48.7263	70
48.7274	70
48.7284	69
48.7295	69
48.7305	69
48.7316	69
48.7951	69
48.7962	69
48.7972	69
48.7983	70
48.7993	70
48.8004	70
48.8014	70
48.8597	77
48.8608	76
48.8618	74
48.8629	73
48.8639	72
48.865	71
48.866	70
48.9201	76
48.9212	74
48.9222	73
48.9233	71
48.9243	70
48.9254	69
48.9264	68
48.9805	74
48.9816	72
48.9826	71
48.9837	69
48.9847	68
48.9858	67
48.9868	66
48.9879	66
49.0409	65
49.042	64
49.043	64
49.0441	63
49.0451	63
49.0462	63
49.0472	62
49.0483	62
49.1014	62
49.1024	62
49.1035	62
49.1045	61
49.1056	61
49.1066	61
49.1077	61
49.1087	61
49.1644	61
49.1654	61
49.1665	61
49.1675	62
49.1686	62
49.1696	62
49.1707	62
49.1717	62
49.2301	70
49.2311	69
49.2322	69
49.2332	69
49.2343	68
49.2353	68
49.2364	68
49.2374	68
49.2973	75
49.2984	74
49.2994	73
49.3005	73
49.3015	72
49.3026	71
49.3036	71
49.3047	70
49.3661	78
49.3672	77
49.3682	76
49.3693	75
49.3703	74
49.3714	74
49.3724	73
49.3735	73
49.4359	80
49.437	79
49.5079	77
49.5089	76
49.5657	81
49.5667	79
49.5678	77
49.5688	75
49.5699	73
49.5709	72
49.6261	70
49.6271	69
49.6282	68
49.6292	67
49.6303	66
49.6313	66
49.6865	65
49.6875	64
49.6886	64
49.6897	63
49.6907	63
49.6918	62
49.7485	62
49.7495	62
49.7506	62
49.7516	62
49.7527	62
49.7537	62
49.8121	70
49.8131	69
49.8142	68
49.8152	68
49.8163	67
49.8173	67
49.8756	74
49.8767	73
49.8777	71
49.8788	70
49.8798	70
49.8809	69
49.9413	76
49.9423	75
49.9434	74
49.9444	73
49.9455	72
49.9465	71
50.008	78
50.0091	77
50.0101	76
50.0112	75
50.0122	74
50.0133	73
50.0143	72
50.0768	72
50.0779	71
50.0789	71
50.08	70
50.081	70
50.0821	70
50.0831	70
50.1456	70
50.1467	69
50.1477	69
50.1488	69
50.1498	69
50.1509	69
50.1519	69
50.215	69
50.216	69
50.2171	69
50.2181	69
50.2192	69
50.2202	69
50.2213	69
50.2785	68
50.2796	68
50.2806	67
50.2817	66
50.2827	66
50.2838	66
50.2848	65
50.3431	65
50.3442	65
50.3452	65
50.3463	65
50.3473	65
50.3484	65
50.3494	65
50.4083	73
50.4093	72
50.4104	71
50.4114	70
50.4125	70
50.4135	69
50.4146	69
50.4739	76
50.475	74
50.476	73
50.4771	72
50.4781	72
50.4792	71
50.4803	70
50.5396	77
50.5407	76
50.5417	75
50.5428	74
50.5438	73
50.5449	72
50.5459	71
50.6058	78
50.6069	76
50.6079	75
50.609	74
50.61	73
50.6111	72
50.6121	72
50.673	79
50.6741	77
50.6751	76
50.6762	75
50.6773	75
50.6783	74
50.6794	73
50.7413	80
50.7424	78
50.7434	77
50.7445	76
50.7455	75
50.7466	74
50.7476	74
50.8107	81
50.8117	79
50.8128	78
50.8138	77
50.8149	76
50.8159	75
50.817	75
50.879	82
50.88	80
50.8811	79
50.8821	78
50.8832	77
50.8842	76
50.8853	75
50.9488	82
50.9499	81
50.9509	79
50.952	78
50.953	77
50.9541	76
50.9551	75
51.016	82
51.0171	81
51.0181	79
51.0192	78
51.0202	77
51.0213	75
51.0223	74
51.0838	81
51.0848	79
51.0859	78
51.0869	77
51.088	75
51.089	75
51.0901	74
51.1494	80
51.1505	79
51.1516	77
51.1526	76
51.1537	75
51.1547	74
51.1558	73
51.2162	79
51.2172	78
51.2183	76
51.2193	75
51.2204	74
51.2214	74
51.2225	73
51.2855	80
51.2866	79
51.2876	77
51.2887	76
51.2897	76
51.2908	75
51.2918	74
51.3559	81
51.4163	78
51.4173	75
51.4714	73
51.4725	71
51.4735	69
51.4746	68
51.4756	67
51.5303	73
51.5313	71
51.5324	69
51.5334	68
51.5345	67
51.5881	73
51.5891	71
51.5902	69
51.5912	68
51.5923	67
51.6464	72
51.6474	71
51.6485	69
51.6495	68
51.6506	67
51.7073	73
51.7084	71
51.7094	70
51.7105	69
51.7115	68
51.7682	74
51.7693	73
51.7703	71
51.7714	70
51.7724	69
51.7735	68
51.8318	67
51.8329	67
51.8339	66
51.835	66
51.836	65
51.8371	65
51.8964	65
51.8975	65
51.8985	65
51.8996	65
51.9006	65
51.9017	65
51.9626	65
51.9637	65
51.9647	65
51.9658	65
51.9668	65
51.9679	66
52.0288	73
52.0299	72
52.0309	72
52.032	71
52.033	71
52.0341	70
52.096	77
52.0971	76
52.0981	75
52.0992	75
52.1003	74
52.1013	73
52.1649	80
52.1659	79
52.167	77
52.168	76
52.1691	75
52.1701	75
52.2347	82
52.2358	81
52.3061	79
52.3697	77
52.3707	76
52.3718	75
52.3728	74
52.438	81
52.439	79
52.4401	78
52.4411	77
52.5083	84
52.6355	82
52.6365	79
52.6969	84
52.698	81
52.7589	86
52.76	83
52.8246	89
52.8256	86
52.8908	92
52.8918	88
52.8929	86
52.9601	84
52.9612	82
52.9622	80
53.0289	79
53.03	77
53.031	76
53.0993	76
53.1003	75
53.1014	74
53.1655	73
53.1665	72
53.1676	71
53.2269	70
53.228	69
53.229	68
53.29	75
53.291	74
53.2921	72
53.3541	79
53.3551	77
53.3562	76
53.4182	82
53.4192	80
53.4203	78
53.4849	84
53.4859	82
53.487	80
53.5521	86
53.5532	84
53.5542	82
53.6209	89
53.622	86
53.623	84
53.6908	90
53.8956	87
53.9623	85
53.9634	83
54.0301	81
54.0311	79
54.0994	78
54.1005	77
54.1698	76
54.3631	82
54.4261	88
54.4272	85
54.4913	82
54.4923	80
54.5575	78
54.5585	77
54.6252	75
54.6263	74
54.694	74
54.6951	73
54.7634	72
54.7644	72
54.8322	72
54.8333	71
54.9015	71
54.9026	71
54.9682	70
54.9693	70
55.0339	69
55.0349	68
55.0996	68
55.1006	68
55.1663	68
55.1673	67
55.234	67
55.2351	67
55.3029	67
55.3039	67
55.3732	68
55.3743	68
55.4404	68
55.4415	68
55.5072	68
55.5082	67
55.5744	67
55.5755	67
55.6427	67
55.6437	67
55.711	67
55.712	67
55.7803	68
55.7814	68
55.8496	68
55.8507	68
55.9163	68
55.9174	68
55.9857	68
55.9867	68
56.056	68
56.0571	68
56.1238	68
56.1248	68
56.1905	68
56.1915	68
56.2577	68
56.2588	67
56.3239	67
56.325	67
56.3922	67
56.3933	67
56.4621	68
56.4631	68
56.5319	68
56.533	68
56.5992	68
56.6002	68
56.6617	67
56.6627	66
56.7268	66
56.7279	66
56.7946	66
56.7956	66
56.8634	67
56.8644	67
56.9337	67
56.9348	67
56.9952	67
56.9963	66
57.0556	65
57.0567	65
57.1166	64
57.1176	64
57.1785	63
57.1796	63
57.2426	63
57.2437	63
57.3078	63
57.3088	63
57.375	64
57.3761	64
57.4438	65
57.4449	65
57.5137	74
57.5147	74
57.5709	80
57.572	77
57.6282	82
57.6292	79
57.6865	83
57.6875	80
57.7469	85
57.748	82
57.749	79
57.8105	77
57.8115	76
57.8126	74
57.8751	73
57.8761	72
57.8772	71
57.9402	70
57.9413	69
57.9423	69
58.0075	68
58.0085	68
58.0096	68
58.0763	76
58.0773	76
58.0784	75
58.1441	82
58.1451	81
58.1462	79
58.2134	86
58.215	84
58.3478	81
58.4072	79
58.4082	76
58.4708	82
58.4718	80
58.5328	85
58.5338	82
58.5958	88
58.5968	85
58.5979	82
58.6615	80
58.6625	78
58.6636	77
58.7298	75
58.7308	74
58.7319	74
58.7991	73
58.8001	73
58.8012	72
58.8689	72
58.87	71
58.871	71
58.9314	79
58.9325	77
58.9335	75
58.9945	81
58.9955	79
58.9966	77
59.058	83
59.0591	81
59.0601	79
59.1221	84
59.1232	82
59.1242	80
59.1852	85
59.1862	83
59.1873	80
59.1883	78
59.2514	77
59.2524	75
59.2535	74
59.2545	73
59.3202	72
59.3212	72
59.3223	71
59.3233	71
59.3895	71
59.3906	70
59.3916	70
59.3927	70
59.4594	70
59.4604	70
59.4615	70
59.4625	70
59.5261	69
59.5271	69
59.5282	69
59.5292	68
59.5943	68
59.5954	68
59.5965	68
59.5975	68
59.6579	67
59.659	67
59.66	66
59.6611	66
59.722	66
59.7231	66
59.7241	65
59.7252	65
59.7892	65
59.7903	65
59.7913	66
59.7924	66
59.8586	66
59.8596	66
59.8607	67
59.8617	67
59.9284	67
59.9295	67
59.9305	68
59.9316	68
59.9951	68
59.9962	68
59.9972	67
59.9983	67
60.0629	67
60.0639	67
60.065	67
60.066	67
60.1317	67
60.1328	67
60.1338	68
60.1349	68
60.2	68
60.2011	68
60.2021	68
60.2032	68
60.2694	68
60.2704	68
60.2715	68
60.2725	68
60.3392	68
60.3402	68
60.3413	69
60.3423	69
60.4075	69
60.4085	68
60.4096	68
60.4106	68
60.4752	68
60.4763	68
60.4773	68
60.4784	68
60.5451	68
60.5461	68
60.5472	68
60.5482	69
60.6123	68
60.6134	68
60.6144	68
60.6155	68
60.6796	68
60.6806	67
60.6817	67
60.6827	67
60.7489	67
60.75	68
60.751	68
60.7521	68
60.8187	68
60.8198	68
60.8208	68
60.8219	68
60.8833	68
60.8844	67
60.8854	67
60.8865	67
60.9464	66
60.9474	66
60.9485	65
60.9495	65
61.0099	65
61.011	64
61.012	64
61.0131	64
61.0756	64
61.0767	65
61.0777	65
61.0788	65
61.1408	65
61.1418	65
61.1429	65
61.1439	65
61.2069	65
61.208	65
61.209	65
61.2101	65
61.2747	65
61.2758	66
61.2768	66
61.2779	66
61.3446	66
61.3456	67
61.3467	67
61.3477	67
61.4107	67
61.4118	67
61.4128	67
61.4139	67
61.4732	66
61.4743	66
61.4753	65
61.4764	65
61.5363	65
61.5373	64
61.5384	64
61.5394	64
61.6019	64
61.603	64
61.604	64
61.6051	64
61.6681	65
61.6692	65
61.6702	65
61.6713	65
61.7359	65
61.737	65
61.738	66
61.7391	66
61.8057	66
61.8068	67
61.8079	67
61.8089	67
61.8761	68
61.8771	68
61.8782	68
61.8792	69
61.9418	68
61.9428	68
61.9439	67
61.9449	67
62.0064	75
62.0074	73
62.0085	72
62.0095	72
62.0736	79
62.0747	77
62.0757	76
62.0768	75
62.1419	82
62.143	80
62.144	79
62.1451	78
62.2123	85
62.405	82
62.4665	87
62.4675	84
62.4686	82
62.5306	87
62.5316	84
62.5327	82
62.5968	88
62.5978	85
62.5989	83
62.6635	89
62.6645	86
62.6656	84
62.7323	90
62.7334	87
62.7344	85
62.8011	91
62.8022	89
62.8032	86
62.8043	84
62.871	82
62.872	81
62.8731	79
62.8741	78
62.9403	77
62.9413	76
62.9424	75
62.9434	74
63.0065	73
63.0075	72
63.0086	71
63.0096	71
63.0732	70
63.0743	70
63.0753	69
63.0764	69
63.1404	77
63.1415	76
63.1425	75
63.1436	74
63.2082	81
63.2093	79
63.2103	78
63.2114	77
63.2765	84
63.2776	82
63.2786	80
63.2797	79
63.3448	85
63.3459	83
63.3469	82
63.348	80
63.4146	87
63.5507	84
63.6142	90
63.6153	87
63.6794	92
63.6804	89
63.7451	94
63.7461	90
63.7472	87
63.8118	85
63.8128	82
63.8139	80
63.8785	78
63.8795	77
63.8806	76
63.9463	75
63.9473	74
63.9484	73
64.0156	81
64.0166	79
64.0177	78
64.0849	85
64.0859	83
64.087	82
64.1542	88
64.1558	86
64.2924	84
64.2934	82
64.3606	88
64.3617	86
64.43	92
64.431	89
64.4993	95
64.5004	92
64.5687	98
64.5697	94
64.638	100
64.6396	96
64.8344	100
64.8954	102
64.9568	105
65.0193	107
65.0204	102
65.085	97
65.0861	93
65.1522	90
65.1533	87
65.2211	85
65.2221	83
65.2904	81
65.2915	79
65.3597	87
65.3608	84
65.418	90
65.4191	86
65.4758	89
65.4769	85
65.5352	89
65.5362	86
65.5966	90
65.5977	86
65.5987	83
65.6602	81
65.6612	79
65.6623	77
65.7253	75
65.7264	74
65.7274	73
65.791	72
65.7921	71
65.7931	70
65.8582	70
65.8593	69
65.8603	69
65.9271	69
65.9281	69
65.9292	69
65.9953	69
65.9964	69
65.9974	68
66.0594	68
66.0605	67
66.0615	67
66.1246	67
66.1256	66
66.1267	66
66.1908	66
66.1918	66
66.1929	66
66.2601	66
66.2611	67
66.2622	67
66.3305	67
66.3315	68
66.3326	68
66.394	67
66.3951	67
66.3961	66
66.4602	66
66.4613	66
66.4623	66
66.5264	66
66.5275	66
66.5285	66
66.5947	66
66.5958	66
66.5968	66
66.662	66
66.663	67
66.6641	67
66.7318	67
66.7328	67
66.7339	67
66.7985	67
66.7995	67
66.8006	67
66.8647	67
66.8657	67
66.8668	67
66.933	67
66.934	67
66.9351	67
67.0028	67
67.0039	68
67.0049	68
67.0727	68
67.0737	68
67.0748	68
67.1352	68
67.1362	67
67.1373	66
67.1972	66
67.1982	65
67.1993	65
67.2581	64
67.2592	64
67.2602	63
67.3211	63
67.3222	63
67.3232	63
67.3858	63
67.3868	63
67.3879	63
67.4525	64
67.4535	64
67.4546	64
67.5192	65
67.5202	65
67.5213	65
67.588	65
67.5891	66
67.5901	66
67.6578	66
67.6589	67
67.6599	67
67.7235	67
67.7245	67
67.7256	66
67.7886	66
67.7897	66
67.7907	66
67.8548	66
67.8559	66
67.8569	66
67.9205	66
67.9215	66
67.9226	66
67.9888	66
67.9898	66
67.9909	66
68.0571	67
68.0581	67
68.0592	67
68.1269	67
68.128	67
68.129	68
68.1947	68
68.1957	68
68.1968	67
68.2614	67
68.2624	67
68.2635	67
68.3302	67
68.3313	68
68.3323	68
68.3975	76
68.3985	75
68.3996	74
68.4663	81
68.4673	80
68.4684	79
68.5361	86
68.5371	84
68.5382	82
68.6002	88
68.6012	85
68.6023	83
68.6648	88
68.6658	85
68.6669	83
68.7315	88
68.7326	86
68.7336	83
68.7347	81
68.8003	80
68.8014	78
68.8024	77
68.8035	76
68.8696	75
68.8707	74
68.8718	74
68.8728	73
68.9395	73
68.9405	72
68.9416	72
68.9426	72
69.0067	80
69.0078	78
69.0088	77
69.0099	76
69.0724	82
69.0734	80
69.0745	79
69.0755	77
69.1375	83
69.1385	81
69.1396	79
69.1406	77
69.1417	76
69.2042	75
69.2053	74
69.2063	73
69.2074	72
69.2084	71
69.2715	71
69.2725	70
69.2736	70
69.2746	69
69.2757	69
69.3413	69
69.3424	69
69.3434	69
69.3445	70
69.3455	70
69.409	78
69.4101	76
69.4111	75
69.4122	75
69.4132	74
69.4763	81
69.4773	79
69.4784	78
69.4794	77
69.4805	75
69.4815	74
69.5446	74
69.5456	73
69.5467	72
69.5477	72
69.5488	71
69.5498	71
69.6134	70
69.6144	70
69.6155	70
69.6165	70
69.6176	70
69.6186	70
69.6827	78
69.6842	77
69.7525	75
69.8066	73
69.8077	71
69.8087	69
69.8098	68
69.8644	73
69.8655	71
69.8665	70
69.8676	68
69.9227	74
69.9238	72
69.9248	70
69.9259	69
69.9269	68
69.9831	67
69.9842	66
69.9852	65
69.9863	65
69.9873	64
70.0451	64
70.0462	64
70.0472	63
70.0483	63
70.0493	63
70.1071	63
70.1082	63
70.1092	63
70.1103	63
70.1113	63
70.1712	70
70.1723	69
70.1733	69
70.1744	68
70.1754	68
70.2363	75
70.2374	74
70.2384	73
70.2395	72
70.2405	71
70.3004	78
70.3015	76
70.3025	75
70.3036	73
70.3046	72
70.3057	71
70.3666	71
70.3677	70
70.3687	69
70.3698	69
70.3708	68
70.3719	68
70.4333	68
70.4344	68
70.4354	68
70.4365	67
70.4375	67
70.4386	67
70.5006	67
70.5016	67
70.5027	67
70.5037	67
70.5048	67
70.5058	67
70.5678	67
70.5689	67
70.5699	67
70.571	67
70.572	67
70.5731	67
70.6361	75
70.6372	75
70.6382	74
70.6393	73
70.6403	73
70.6414	72
70.7055	80
70.7065	78
70.7076	77
70.7086	76
70.7097	75
70.7107	75
70.7753	82
70.7764	81
70.7774	79
70.7785	78
70.7795	77
70.7806	76
70.8431	83
70.8441	82
70.8452	80
70.8462	79
70.8473	77
70.8483	76
70.904	82
70.905	79
70.9061	77
70.9071	75
70.9082	73
70.9092	72
70.9103	71
70.9676	70
70.9686	69
70.9697	68
70.9707	67
70.9718	67
70.9728	66
70.9739	66
71.0316	65
71.0327	65
71.0337	65
71.0348	65
71.0358	65
71.0369	65
71.0379	64
71.0973	65
71.0984	65
71.0994	65
71.1005	65
71.1015	65
71.1026	65
71.1036	65
71.1635	65
71.1646	65
71.1656	65
71.1667	65
71.1677	65
71.1688	65
71.1698	65
71.2302	65
71.2313	66
71.2323	66
71.2334	66
71.2344	66
71.2355	66
71.2365	66
71.298	66
71.299	66
71.3001	66
71.3011	67
71.3022	67
71.3032	67
71.3043	67
71.3673	67
71.3684	67
71.3694	68
71.3705	68
71.3715	68
71.3726	68
71.3736	68
71.4367	68
71.4377	68
71.4388	68
71.4398	68
71.4409	68
71.4419	68
71.443	68
71.5065	68
71.5075	69
71.5086	69
71.5096	69
71.5107	69
71.5117	69
71.5128	69
71.5701	68
71.5711	68
71.5722	67
71.5732	67
71.5743	66
71.5753	66
71.5764	66
71.6342	65
71.6352	65
71.6363	65
71.6373	65
71.6384	65
71.6394	64
71.6405	64
71.6998	64
71.7009	64
71.7019	64
71.703	64
71.704	65
71.7051	65
71.7061	65
71.766	65
71.7671	65
71.7681	65
71.7692	65
71.7702	65
71.7713	65
71.7723	65
71.8333	66
71.8343	66
71.8354	66
71.8364	66
71.8375	66
71.8385	66
71.8396	66
71.901	66
71.9021	66
71.9031	67
71.9042	67
71.9052	67
71.9063	67
71.9073	67
71.9709	67
71.9719	67
71.973	67
71.974	68
71.9751	68
71.9761	68
71.9772	68
72.0402	68
72.0412	69
72.0423	69
72.0433	69
72.0444	69
72.0454	69
72.0465	69
72.1048	68
72.1059	67
72.1069	67
72.108	66
72.109	66
72.1101	66
72.1111	66
72.1699	66
72.171	66
72.172	66
72.1731	66
72.1741	65
72.1752	65
72.1762	65
72.2361	65
72.2372	65
72.2382	65
72.2393	65
72.2403	65
72.2414	65
72.2424	65
72.3039	66
72.305	66
72.306	66
72.3071	66
72.3081	66
72.3092	66
72.3102	67
72.3727	67
72.3738	67
72.3748	67
72.3759	67
72.3769	67
72.378	67
72.379	67
72.4426	68
72.4436	68
72.4447	68
72.4457	68
72.4468	68
72.4478	69
72.4489	69
72.5082	68
72.5093	68
72.5103	68
72.5114	67
72.5124	67
72.5135	67
72.5145	67
72.5681	66
72.5691	65
72.5702	64
72.5712	64
72.5723	63
72.5733	63
72.5744	62
72.628	62
72.629	62
72.6301	61
72.6311	61
72.6322	61
72.6332	61
72.6343	61
72.69	61
72.691	61
72.6921	61
72.6931	61
72.6942	61
72.6952	61
72.6963	61
72.7546	62
72.7556	62
72.7567	62
72.7577	62
72.7588	62
72.7598	62
72.7609	63
72.8197	63
72.8208	63
72.8218	63
72.8229	63
72.8239	64
72.825	64
72.826	64
72.8864	64
72.8875	65
72.8885	65
72.8896	65
72.8906	65
72.8917	65
72.8927	65
72.9553	66
72.9563	66
72.9574	66
72.9584	67
72.9595	67
72.9605	67
72.9616	67
73.0251	68
73.0261	68
73.0272	68
73.0282	68
73.0293	68
73.0303	68
73.0314	69
73.0913	68
73.0923	68
73.0934	68
73.0944	67
73.0955	67
73.0965	67
73.0976	67
73.1585	67
73.1596	67
73.1606	67
73.1617	67
73.1627	67
73.1638	67
73.1648	67
73.2273	67
73.2284	67
73.2294	67
73.2305	67
73.2315	68
73.2326	68
73.2336	68
73.2966	68
73.2977	68
73.2987	68
73.2998	68
73.3008	68
73.3019	68
73.3029	68
73.3649	68
73.366	68
73.367	68
73.3681	68
73.3691	68
73.3702	68
73.3712	68
73.4348	68
73.4358	69
73.4369	69
73.4379	69
73.439	69
73.44	69
73.4411	69
73.5046	69
73.5057	69
73.5067	69
73.5078	69
73.5088	69
73.5099	69
73.5109	69
73.5724	69
73.5734	69
73.5745	68
73.5755	68
73.5766	68
73.5776	68
73.5787	68
73.6364	68
73.6375	67
73.6385	67
73.6396	67
73.6406	66
73.6417	66
73.6427	66
73.7021	73
73.7032	72
73.7042	72
73.7053	71
73.7063	70
73.7074	70
73.7084	69
73.7694	77
73.7704	75
73.7715	74
73.7725	74
73.7736	73
73.7746	72
73.7757	72
73.8366	79
73.8376	77
73.8387	76
73.8397	75
73.8408	74
73.8419	73
73.8429	72
73.9059	80
73.907	78
73.908	77
73.9091	76
73.9101	76
73.9112	75
73.9122	75
73.9758	82
73.9768	80
74.0472	79
74.1065	84
74.1076	81
74.1086	79
74.1097	77
74.1107	75
74.1706	81
74.1717	79
74.1727	77
74.1738	76
74.1748	74
74.2358	81
74.2368	79
74.2379	77
74.2389	76
74.24	74
74.3014	81
74.3025	79
74.3035	77
74.3046	76
74.3056	75
74.3676	81
74.3687	80
74.3697	78
74.3708	77
74.3718	75
74.3729	74
74.437	73
74.438	73
74.4391	73
74.4401	72
74.4412	72
74.4422	72
74.5073	71
74.5084	71
74.5094	71
74.5105	71
74.5115	71
74.5126	70
74.5724	70
74.5735	69
74.5745	69
74.5756	68
74.5766	68
74.5777	68
74.6318	74
74.6328	72
74.6339	71
74.6349	69
74.636	68
74.637	67
74.6927	73
74.6938	72
74.6948	70
74.6959	69
74.6969	68
74.698	67
74.7542	74
74.7552	72
74.7563	71
74.7573	70
74.7584	69
74.7594	68
74.7605	67
74.8183	67
74.8193	67
74.8204	66
74.8214	66
74.8225	66
74.8235	65
74.8246	65
74.8839	65
74.885	65
74.886	65
74.8871	65
74.8881	65
74.8892	65
74.8902	65
74.9501	65
74.9512	66
74.9522	66
74.9533	66
74.9543	66
74.9554	66
74.9564	66
75.0179	66
75.0189	66
75.02	66
75.021	66
75.0221	67
75.0231	67
75.0242	67
75.0867	75
75.0878	74
75.0888	74
75.0899	73
75.0909	73
75.092	72
75.093	72
75.156	79
75.1571	78
75.1581	77
75.1592	76
75.1602	76
75.1613	75
75.1623	74
75.2254	82
75.2264	80
75.2275	79
75.2285	78
75.2296	77
75.2306	76
75.2317	75
75.2942	82
75.2952	80
75.2963	79
75.2973	78
75.2984	77
75.2994	76
75.3005	75
75.363	82
75.364	80
75.3651	79
75.3661	78
75.3672	77
75.3682	76
75.3693	75
75.3703	74
75.4328	74
75.4339	73
75.4349	73
75.436	72
75.437	72
75.4381	71
75.4391	71
75.4402	71
75.4995	70
75.5006	70
75.5016	70
75.5027	69
75.5037	69
75.5048	68
75.5058	68
75.5069	68
75.5668	67
75.5678	67
75.5689	67
75.5699	67
75.571	67
75.572	67
75.5731	67
75.5741	67
75.6345	67
75.6356	67
75.6366	67
75.6377	67
75.6387	67
75.6398	67
75.6408	67
75.6419	67
75.7034	67
75.7044	67
75.7055	68
75.7065	68
75.7076	68
75.7086	68
75.7097	68
75.7107	68
75.7732	68
75.7743	68
75.7753	69
75.7764	69
75.7774	69
75.7785	69
75.7795	69
75.7806	69
75.842	69
75.8431	69
75.8441	69
75.8452	69
75.8462	69
75.8473	69
75.8483	69
75.8494	69
75.9103	69
75.9113	68
75.9124	68
75.9134	68
75.9145	68
75.9155	68
75.9166	68
75.9176	68
75.9786	68
75.9796	68
75.9807	68
75.9817	68
75.9828	68
75.9838	68
75.9849	68
75.9859	68
76.0474	68
76.0484	68
76.0495	68
76.0506	68
76.0516	68
76.0527	68
76.0537	68
76.0548	68
76.1172	68
76.1183	69
76.1193	69
76.1204	69
76.1214	69
76.1225	69
76.1235	69
76.1246	69
76.1866	69
76.1876	69
76.1887	69
76.1897	69
76.1908	69
76.1918	69
76.1929	69
76.1939	69
76.2549	69
76.2559	68
76.257	68
76.258	68
76.2591	68
76.2601	68
76.2612	68
76.2622	68
76.3242	69
76.3253	69
76.3263	69
76.3274	69
76.3284	69
76.3295	69
76.3305	69
76.3316	69
76.3925	68
76.3935	68
76.3946	68
76.3956	68
76.3967	68
76.3977	68
76.3988	68
76.3998	68
76.4608	68
76.4618	68
76.4629	68
76.4639	68
76.465	68
76.466	68
76.4671	68
76.4681	68
76.5301	68
76.5312	68
76.5322	68
76.5333	69
76.5343	69
76.5354	69
76.5364	69
76.5375	69
76.5999	69
76.601	69
76.6021	69
76.6031	69
76.6042	69
76.6052	69
76.6063	69
76.6073	69
76.6672	69
76.6682	69
76.6693	68
76.6703	68
76.6714	68
76.6724	68
76.6735	68
76.6745	67
76.7313	67
76.7323	67
76.7334	66
76.7344	66
76.7355	66
76.7365	65
76.7376	65
76.7386	65
76.7948	65
76.7959	64
76.7969	64
76.798	64
76.799	64
76.8001	64
76.8011	64
76.8022	64
76.8589	64
76.86	64
76.861	64
76.8621	64
76.8631	64
76.8642	64
76.8652	64
76.8663	64
76.9235	64
76.9246	64
76.9256	64
76.9267	64
76.9277	64
76.9288	64
76.9298	64
76.9309	64
76.9887	64
76.9897	64
76.9908	64
76.9918	64
76.9929	64
76.9939	64
76.995	64
76.996	64
77.0559	65
77.057	65
77.058	65
77.0591	65
77.0601	66
77.0612	66
77.0622	66
77.0633	66
77.1252	67
77.1263	67
77.1273	67
77.1284	67
77.1294	67
77.1305	68
77.1315	68
77.1326	68
77.1898	67
77.1909	67
77.1919	66
77.193	66
77.194	66
77.1951	66
77.1961	66
77.1972	65
77.2534	65
77.2544	65
77.2555	65
77.2565	65
77.2576	64
77.2586	64
77.2597	64
77.2607	64
77.318	64
77.3191	64
77.3201	64
77.3212	64
77.3222	64
77.3233	64
77.3243	64
77.3254	64
77.3842	64
77.3852	65
77.3863	65
77.3873	65
77.3884	65
77.3894	65
77.3905	65
77.3916	65
77.4514	65
77.4525	65
77.4535	66
77.4546	66
77.4556	66
77.4567	66
77.4577	66
77.4588	66
77.5208	66
77.5218	67
77.5229	67
77.5239	67
77.525	67
77.526	68
77.5271	68
77.5281	68
77.5906	68
77.5917	68
77.5927	68
77.5938	69
77.5948	69
77.5959	69
77.5969	69
77.598	69
77.651	68
77.6521	67
77.6531	66
77.6542	65
77.6552	65
77.6563	64
77.6573	64
77.6584	63
77.712	63
77.713	63
77.7141	62
77.7151	62
77.7162	62
77.7172	62
77.7183	62
77.7193	61
77.7724	61
77.7734	61
77.7745	61
77.7755	61
77.7766	61
77.7776	60
77.7787	60
77.7797	60
77.8344	60
77.8354	61
77.8365	61
77.8375	61
77.8386	61
77.8396	61
77.8407	61
77.8417	61
77.8979	61
77.899	61
77.9	62
77.9011	62
77.9021	62
77.9032	62
77.9042	62
77.9053	63
77.9641	63
77.9652	63
77.9662	64
77.9673	64
77.9683	64
77.9694	64
77.9704	64
77.9715	65
78.0314	65
78.0324	65
78.0335	65
78.0345	66
78.0356	66
78.0366	66
78.0377	66
78.0387	66
78.1002	74
78.1012	74
78.1023	73
78.1033	73
78.1044	72
78.1054	72
78.1065	72
78.1075	71
78.17	79
78.171	78
78.1721	77
78.1731	76
78.1742	75
78.1752	75
78.1763	74
78.1773	74
78.2351	80
78.2362	79
78.2372	77
78.2383	76
78.2393	74
78.2404	73
78.2414	72
78.2425	71
78.2982	78
78.2992	76
78.3003	74
78.3013	73
78.3024	72
78.3034	71
78.3045	70
78.3055	69
78.3612	75
78.3623	74
78.3633	72
78.3644	71
78.3654	70
78.3665	70
78.3675	69
78.3686	68
78.4253	75
78.4264	73
78.4274	72
78.4285	71
78.4295	70
78.4306	70
78.4316	69
78.4327	68
78.4337	68
78.492	68
78.4931	68
78.4941	67
78.4952	67
78.4962	67
78.4973	67
78.4983	67
78.4994	67
78.5004	67
78.5614	67
78.5624	67
78.5635	67
78.5645	68
78.5656	68
78.5666	68
78.5677	68
78.5687	68
78.5698	68
78.6307	68
78.6317	68
78.6328	68
78.6338	68
78.6349	68
78.6359	68
78.637	69
78.638	69
78.6391	69
78.6989	76
78.7	75
78.701	75
78.7021	74
78.7031	73
78.7042	73
78.7052	73
78.7063	72
78.7073	72
78.7651	78
78.7662	77
78.7672	76
78.7683	75
78.7693	74
78.7704	73
78.7714	72
78.7725	71
78.7735	71
78.8339	78
78.835	76
78.836	76
78.8371	75
78.8381	74
78.8392	74
78.8402	73
78.8413	73
78.8423	72
78.8434	72
78.9038	72
78.9049	71
78.9059	71
78.907	71
78.908	71
78.9091	70
78.9101	70
78.9112	70
78.9122	70
78.9133	70
78.9736	70
78.9747	70
78.9757	70
78.9768	70
78.9778	70
78.9789	69
78.9799	69
78.981	69
78.982	69
78.9831	69
79.0398	69
79.0408	69
79.0419	68
79.0429	68
79.044	68
79.045	68
79.0461	68
79.0472	68
79.0482	68
79.0493	68
79.1013	74
79.1023	72
79.1034	71
79.1044	70
79.1055	69
79.1065	68
79.1076	67
79.1086	67
79.1097	66
79.1107	65
79.1654	72
79.1664	71
79.1675	70
79.1685	69
79.1696	69
79.1706	68
79.1717	68
79.1727	67
79.1738	67
79.1748	67
79.1759	66
79.231	66
79.2321	66
79.2331	66
79.2342	66
79.2352	66
79.2363	66
79.2373	66
79.2384	66
79.2394	66
79.2405	66
79.2415	66
79.2967	66
79.2977	66
79.2988	66
79.2998	66
79.3009	66
79.3019	66
79.303	66
79.304	66
79.3051	66
79.3061	66
79.3072	66
79.3645	73
79.3655	72
79.3666	72
79.3676	72
79.3687	71
79.3697	71
79.3708	71
79.3718	70
79.3729	70
79.3739	70
79.375	69
79.4327	76
79.4338	75
79.4348	74
79.4359	74
79.4369	73
79.438	72
79.439	72
79.4401	72
79.4411	71
79.4422	71
79.4433	71
79.4443	71
79.5031	71
79.5745	70
79.5756	69
79.5766	69
79.5777	68
79.5787	68
79.637	75
79.6381	74
79.6392	73
79.6402	72
79.6413	71
79.6423	71
79.6434	70
79.6444	70
79.7011	76
79.7022	75
79.7032	74
79.7043	72
79.7053	71
79.7064	71
79.7074	70
79.7085	69
79.7658	76
79.7668	74
79.7679	73
79.7689	72
79.77	71
79.771	70
79.7721	70
79.7731	69
79.7742	69
79.8325	68
79.8335	68
79.8346	68
79.8356	68
79.8367	68
79.8377	68
79.8388	68
79.8398	68
79.8409	67
79.8987	74
79.8997	73
79.9008	73
79.9018	72
79.9029	71
79.9039	71
79.905	70
79.906	70
79.9071	69
79.9649	76
79.9659	75
79.967	74
79.968	73
79.9691	72
79.9701	72
79.9712	71
79.9722	71
79.9733	70
79.9743	70
80.0337	70
80.0347	69
80.0358	69
80.0368	69
80.0379	69
80.0389	69
80.04	69
80.041	69
80.0421	69
80.0431	69
80.1035	69
80.1046	69
80.1056	69
80.1067	69
80.1077	69
80.1088	69
80.1098	69
80.1109	69
80.1119	69
80.113	69
80.1697	76
80.1707	75
80.1718	74
80.1728	73
80.1739	72
80.1749	71
80.176	71
80.177	70
80.1781	70
80.1791	70
80.2327	76
80.2338	74
80.2348	73
80.2359	72
80.2369	71
80.238	70
80.239	69
80.2401	69
80.2411	68
80.2422	67
80.2942	73
80.2952	72
80.2963	71
80.2973	70
80.2984	69
80.2994	68
80.3005	67
80.3015	67
80.3026	66
80.3036	65
80.3047	65
80.3567	65
80.3578	64
80.3588	64
80.3599	64
80.3609	63
80.362	63
80.363	63
80.3641	63
80.3651	63
80.3662	63
80.3672	63
80.4192	63
80.4203	63
80.4213	63
80.4224	63
80.4234	63
80.4245	63
80.4255	62
80.4266	62
80.4276	62
80.4287	62
80.4297	62
80.4828	62
80.4838	62
80.4849	62
80.4859	63
80.487	63
80.488	63
80.4891	63
80.4901	63
80.4912	63
80.4922	64
80.4933	64
80.5474	70
80.5485	70
80.5495	69
80.5506	69
80.5516	68
80.5527	68
80.5537	68
80.5548	67
80.5558	67
80.5569	67
80.5579	66
80.6136	73
80.6146	72
80.6157	71
80.6167	71
80.6178	70
80.6188	70
80.6199	69
80.6209	69
80.622	69
80.623	69
80.6241	68
80.6803	75
80.6814	74
80.6824	73
80.6835	73
80.6845	72
80.6856	71
80.6866	71
80.6877	71
80.6887	70
80.6898	70
80.6908	69
80.7465	76
80.7476	75
80.7486	74
80.7497	73
80.7507	72
80.7518	71
80.7528	71
80.7539	70
80.7549	70
80.756	69
80.757	69
80.7581	69
80.8143	69
80.8153	69
80.8164	68
80.8174	68
80.8185	68
80.8195	68
80.8206	68
80.8216	68
80.8227	68
80.8237	68
80.8248	68
80.8258	68
80.8841	68
80.8852	68
80.8862	68
80.8873	68
80.8883	68
80.8894	69
80.8904	69
80.8915	69
80.8925	69
80.8936	69
80.8946	69
80.8957	69
80.9508	69
80.9519	68
80.9529	68
80.954	68
80.955	67
80.9561	67
80.9571	67
80.9582	67
80.9592	67
80.9603	67
80.9613	67
80.9624	67
81.0175	67
81.0186	67
81.0196	67
81.0207	67
81.0217	67
81.0228	66
81.0238	66
81.0249	66
81.0259	66
81.027	66
81.028	66
81.0291	66
81.0821	66
81.0832	66
81.0842	66
81.0853	66
81.0863	66
81.0874	66
81.0884	66
81.0895	66
81.0905	66
81.0916	66
81.0926	66
81.0937	65
81.1473	72
81.1483	71
81.1494	70
81.1504	70
81.1515	69
81.1525	69
81.1536	68
81.1546	68
81.1557	68
81.1567	67
81.1578	67
81.1588	67
81.2145	74
81.2156	73
81.2166	72
81.2177	72
81.2187	71
81.2198	71
81.2208	70
81.2219	70
81.2229	70
81.224	69
81.225	69
81.2261	69
81.2812	76
81.2823	75
81.2833	74
81.2844	73
81.2854	72
81.2865	72
81.2875	71
81.2886	71
81.2896	70
81.2907	70
81.2917	70
81.2928	69
81.3485	76
81.3495	75
81.3506	74
81.3516	73
81.3527	72
81.3537	72
81.3548	71
81.3558	71
81.3569	70
81.3579	70
81.359	70
81.36	70
81.4157	76
81.4168	75
81.4178	74
81.4189	73
81.4199	73
81.421	72
81.422	72
81.4231	71
81.4241	71
81.4252	71
81.4262	70
81.4273	70
81.4835	77
81.4845	76
81.4856	75
81.4866	74
81.4877	73
81.4887	73
81.4898	72
81.4908	72
81.4919	71
81.4929	71
81.494	70
81.495	70
81.5533	77
81.5544	76
81.5554	75
81.5565	75
81.5575	74
81.5586	74
81.5596	73
81.5607	73
81.5617	73
81.5628	72
81.5638	72
81.5649	72
81.6206	79
81.6216	77
81.6227	76
81.6237	75
81.6248	74
81.6258	73
81.6269	72
81.6279	72
81.629	71
81.63	71
81.6311	71
81.6321	70
81.6841	77
81.6852	75
81.6862	74
81.6873	73
81.6883	72
81.6894	71
81.6904	70
81.6915	69
81.6925	69
81.6936	68
81.6946	68
81.6957	67
81.7451	73
81.7461	71
81.7472	70
81.7482	69
81.7493	68
81.7503	67
81.7514	67
81.7524	66
81.7535	65
81.7545	65
81.7556	64
81.7566	64
81.8086	70
81.8097	69
81.8107	69
81.8118	68
81.8128	67
81.8139	67
81.8149	66
81.816	66
81.817	66
81.8181	66
81.8191	66
81.8202	65
81.8717	72
81.8727	71
81.8738	70
81.8748	69
81.8759	68
81.8769	68
81.878	67
81.879	67
81.8801	67
81.8811	66
81.8822	66
81.8832	66
81.9342	72
81.9352	71
81.9363	70
81.9373	69
81.9384	68
81.9394	68
81.9405	67
81.9415	67
81.9426	66
81.9436	66
81.9447	65
81.9457	65
81.9977	71
81.9988	70
81.9998	69
82.0009	69
82.0019	68
82.003	67
82.004	67
82.0051	67
82.0061	66
82.0072	66
82.0082	66
82.0093	66
82.0629	72
82.0639	71
82.065	71
82.066	70
82.0671	70
82.0681	69
82.0692	69
82.0702	68
82.0713	68
82.0723	68
82.0734	67
82.0744	67
82.1296	74
82.1307	73
82.1317	72
82.1328	72
82.1338	71
82.1349	70
82.1359	70
82.137	70
82.138	69
82.1391	69
82.1401	69
82.1412	69
82.1984	76
82.1995	75
82.2005	74
82.2016	74
82.2026	73
82.2037	73
82.2047	72
82.2058	72
82.2068	72
82.2079	71
82.2089	71
82.21	71
82.2683	78
82.2693	77
82.2704	76
82.2714	75
82.2725	75
82.2735	74
82.2746	74
82.2756	73
82.2767	73
82.2777	73
82.2788	72
82.2798	72
82.3355	79
82.3365	77
82.3376	76
82.3386	75
82.3397	74
82.3407	73
82.3418	73
82.3428	72
82.3439	71
82.3449	71
82.346	70
82.347	70
82.3996	76
82.4006	75
82.4017	74
82.4027	72
82.4038	71
82.4048	71
82.4059	70
82.4069	69
82.408	69
82.409	68
82.4101	68
82.4111	68
82.4637	74
82.4647	72
82.4658	71
82.4668	71
82.4679	70
82.4689	69
82.47	69
82.471	68
82.4721	68
82.4731	68
82.4742	67
82.4752	67
82.5283	73
82.5293	72
82.5304	71
82.5314	71
82.5325	70
82.5335	69
82.5346	69
82.5356	68
82.5367	68
82.5377	68
82.5388	67
82.5398	67
82.5939	73
82.595	72
82.596	71
82.5971	71
82.5981	70
82.5992	70
82.6002	69
82.6013	69
82.6024	69
82.6034	68
82.6045	68
82.6055	68
82.6596	74
82.6607	73
82.6617	73
82.6628	72
82.6638	71
82.6649	70
82.6659	70
82.667	69
82.668	69
82.6691	69
82.6701	68
82.6712	68
82.7269	75
82.7279	74
82.729	73
82.73	72
82.7311	72
82.7321	71
82.7332	71
82.7342	71
82.7353	70
82.7363	70
82.7374	70
82.7384	70
82.7962	76
82.7972	76
82.7983	75
82.7994	74
82.8004	74
82.8015	73
82.8025	73
82.8036	72
82.8046	72
82.8057	72
82.8067	71
82.8078	71
82.866	78
82.8671	77
82.8681	76
82.8692	76
82.8702	75
82.8713	74
82.8723	74
82.8734	74
82.9974	72
82.9984	71
82.9995	70
83.0005	69
83.0016	69
83.0026	68
83.0037	67
83.0047	67
83.0614	73
83.0625	72
83.0635	71
83.0646	70
83.0656	70
83.0667	69
83.0677	68
83.0688	68
83.0698	67
83.1287	67
83.1297	67
83.1308	67
83.1318	67
83.1329	67
83.1339	67
83.135	67
83.136	67
83.1371	67
83.1975	67
83.1986	67
83.1996	68
83.2007	68
83.2017	68
83.2028	68
83.2038	68
83.2049	68
83.2059	68
83.2668	76
83.2678	75
83.2689	74
83.2699	74
83.271	73
83.2721	73
83.2731	73
83.2742	72
83.2752	72
83.334	79
83.3351	78
83.3361	77
83.3372	76
83.3382	75
83.3393	74
83.3403	73
83.3414	72
83.3424	72
83.3435	71
83.4023	71
83.4034	70
83.4044	70
83.4055	70
83.4065	69
83.4076	69
83.4086	69
83.4097	69
83.4107	69
83.4118	68
83.4717	68
83.4727	68
83.4738	68
83.4748	68
83.4759	68
83.4769	68
83.478	68
83.479	69
83.4801	69
83.4811	69
83.541	76
83.542	76
83.5431	75
83.5441	75
83.5452	74
83.5462	74
83.5473	73
83.5483	73
83.5494	72
83.5504	72
83.6082	79
83.6092	78
83.6103	76
83.6113	75
83.6124	74
83.6134	73
83.6145	73
83.6155	72
83.6166	71
83.6176	71
83.6712	77
83.6723	75
83.6733	74
83.6744	73
83.6754	72
83.6765	71
83.6775	70
83.6786	69
83.6796	68
83.6807	68
83.6817	67
83.7343	67
83.7353	66
83.7364	66
83.7374	65
83.7385	65
83.7395	65
83.7406	64
83.7416	64
83.7427	64
83.7437	64
83.7448	64
83.8005	64
83.8015	64
83.8026	64
83.8036	64
83.8047	65
83.8057	65
83.8068	65
83.8078	65
83.8089	65
83.8099	65
83.811	65
83.8693	65
83.8703	66
83.8714	66
83.8724	67
83.8735	67
83.8745	67
83.8756	68
83.8766	68
83.8777	68
83.8787	68
83.8798	68
83.9386	76
83.9396	75
83.9407	74
83.9417	74
83.9428	73
83.9438	73
83.9449	72
83.9459	72
83.947	72
83.948	72
83.9491	71
84.0069	78
84.0079	77
84.009	76
84.01	75
84.0111	74
84.0121	74
84.0132	73
84.0142	73
84.0153	72
84.0163	72
84.0174	72
84.0767	78
84.0777	77
84.0788	77
84.0798	76
84.0809	75
84.0819	74
84.083	74
84.084	73
84.0851	73
84.0861	73
84.0872	72
84.1434	79
84.1445	78
84.1455	76
84.1466	75
84.1476	74
84.1487	73
84.1497	73
84.1508	72
84.1518	71
84.1529	71
84.1539	70
84.155	70
84.2101	69
84.2112	69
84.2122	69
84.2133	68
84.2143	68
84.2154	68
84.2164	68
84.2175	68
84.2185	67
84.2196	67
84.2206	67
84.2217	67
84.2784	67
84.2795	67
84.2805	67
84.2816	67
84.2826	67
84.2837	67
84.2847	67
84.2858	67
84.2868	67
84.2879	67
84.2889	67
84.29	67
84.3483	68
84.3493	68
84.3504	68
84.3514	68
84.3525	68
84.3535	69
84.3546	69
84.3556	69
84.3567	69
84.3577	69
84.3588	69
84.3598	69
84.4186	69
84.4197	69
84.4207	69
84.4218	69
84.4228	69
84.4239	69
84.4249	69
84.426	69
84.427	69
84.4281	70
84.4291	70
84.4302	70
84.4874	70
84.4884	70
84.4895	70
84.4905	70
84.4916	70
84.4927	70
84.4937	70
84.4948	70
84.4958	70
84.4969	69
84.4979	69
84.499	69
84.5531	76
84.5541	75
84.5552	74
84.5562	73
84.5573	72
84.5583	71
84.5594	71
84.5604	70
84.5615	70
84.5625	69
84.5636	69
84.5646	69
84.6229	76
84.6949	74
84.6959	73
84.697	72
84.698	71
84.6991	70
84.7563	77
84.7574	75
84.7584	74
84.7595	73
84.7605	72
84.7616	71
84.7626	70
84.7637	70
84.8215	76
84.8225	75
84.8236	74
84.8246	73
84.8257	72
84.8267	71
84.8278	70
84.8288	70
84.8882	77
84.8893	75
84.8903	74
84.8914	74
84.8924	73
84.8935	72
84.8945	72
84.8956	71
84.8966	71
84.9581	70
85.0305	70
85.0316	69
85.0326	69
85.093	68
85.0941	68
85.0951	68
85.0962	67
85.0972	67
85.0983	67
85.1603	67
85.1613	67
85.1624	67
85.1634	67
85.1645	67
85.1655	67
85.2301	67
85.2311	67
85.2322	68
85.2332	68
85.2343	68
85.2353	69
85.2947	76
85.2958	75
85.2968	73
85.2979	72
85.2989	71
85.3	70
85.3583	77
85.3593	75
85.3604	74
85.3614	73
85.3625	72
85.3635	71
85.4208	77
85.4218	75
85.4229	74
85.4239	72
85.425	71
85.426	70
85.4271	69
85.4849	69
85.4859	68
85.487	67
85.488	67
85.4891	67
85.4901	66
85.4912	66
85.5511	66
85.5521	66
85.5532	66
85.5542	66
85.5553	66
85.5563	66
85.5574	66
85.6188	66
85.6199	66
85.6209	66
85.622	66
85.623	66
85.6241	66
85.6251	67
85.6877	67
85.6887	67
85.6898	67
85.6908	68
85.6919	68
85.6929	68
85.694	68
85.757	76
85.758	75
85.7591	75
85.7601	74
85.7612	74
85.7622	73
85.7633	73
85.8247	80
85.8258	79
85.8268	77
85.8279	76
85.8289	75
85.83	74
85.831	73
85.8894	80
85.8904	78
85.8915	76
85.8925	75
85.8936	74
85.8946	73
85.8957	72
85.955	78
85.9561	77
85.9571	76
85.9582	74
85.9592	73
85.9603	73
85.9613	72
86.0202	78
86.0212	77
86.0223	75
86.0233	74
86.0244	73
86.0254	72
86.0265	71
86.0275	71
86.0869	70
86.0879	69
86.089	69
86.09	69
86.0911	68
86.0921	68
86.0932	68
86.0942	68
86.1547	68
86.1557	68
86.1568	68
86.1578	68
86.1589	67
86.1599	67
86.161	67
86.162	67
86.2235	67
86.2245	68
86.2256	68
86.2266	68
86.2277	68
86.2287	68
86.2298	68
86.2308	68
86.2918	68
86.2928	68
86.2939	68
86.2949	68
86.296	68
86.297	68
86.2981	68
86.2991	68
86.3606	68
86.3616	68
86.3627	68
86.3637	68
86.3648	68
86.3658	68
86.3669	68
86.3679	68
86.4294	68
86.4305	68
86.4315	68
86.4326	68
86.4336	68
86.4347	68
86.4357	68
86.4368	68
86.4987	68
86.4998	68
86.5008	68
86.5019	68
86.5029	68
86.504	68
86.505	69
86.5061	69
86.5686	69
86.5696	69
86.5707	69
86.5717	69
86.5728	69
86.5738	69
86.5749	69
86.5759	69
86.6358	69
86.6369	68
86.6379	68
86.639	68
86.64	68
86.6411	68
86.6421	68
86.6432	68
86.7015	67
86.7025	67
86.7036	67
86.7046	67
86.7057	67
86.7067	66
86.7078	66
86.7088	66
86.7682	66
86.7692	66
86.7703	66
86.7713	66
86.7724	66
86.7734	66
86.7745	66
86.7755	66
86.836	66
86.837	66
86.8381	67
86.8391	67
86.8402	67
86.8412	67
86.8423	67
86.8433	67
86.9043	67
86.9053	67
86.9064	67
86.9074	67
86.9085	67
86.9095	67
86.9106	67
86.9116	67
86.9725	67
86.9736	67
86.9746	67
86.9757	67
86.9767	67
86.9778	67
86.9789	67
86.9799	67
87.0419	68
87.0429	68
87.044	68
87.045	68
87.0461	68
87.0471	68
87.0482	69
87.0492	69
87.1112	69
87.1123	69
87.1133	69
87.1144	69
87.1154	69
87.1165	69
87.1175	69
87.1186	69
87.1795	69
87.1806	68
87.1816	68
87.1827	68
87.1837	68
87.1848	68
87.1858	68
87.1869	68
87.2483	68
87.2494	68
87.2504	68
87.2515	68
87.2525	68
87.2536	68
87.2546	68
87.2557	68
87.3171	68
87.3182	68
87.3192	68
87.3203	68
87.3213	68
87.3224	68
87.3234	68
87.3245	68
87.387	68
87.388	69
87.3891	69
87.3901	69
87.3912	69
87.3922	69
87.3933	69
87.3943	69
87.4552	69
87.4563	69
87.4573	69
87.4584	69
87.4594	68
87.4605	68
87.4615	68
87.4626	68
87.5198	68
87.5209	67
87.5219	67
87.523	66
87.524	66
87.5251	66
87.5261	66
87.5272	65
87.5839	65
87.585	65
87.586	65
87.5871	65
87.5881	65
87.5892	65
87.5902	64
87.5913	64
87.6512	65
87.6522	65
87.6533	66
87.6543	66
87.6554	66
87.6564	66
87.6575	66
87.6585	67
87.7205	74
87.7215	74
87.7226	73
87.7236	73
87.7247	72
87.7257	72
87.7268	72
87.7279	71
87.7877	79
87.7888	77
87.7898	76
87.7909	75
87.7919	74
87.793	73
87.794	73
87.7951	72
87.8576	79
87.8586	78
87.8597	77
87.8607	76
87.8618	76
87.8628	75
87.8639	74
87.8649	74
87.9264	81
87.9274	79
87.9285	78
87.9295	77
87.9306	76
87.9316	75
87.9327	75
87.9337	74
87.9936	81
87.9947	79
87.9957	78
87.9968	76
87.9978	75
87.9989	74
87.9999	73
88.001	73
88.0588	79
88.0598	77
88.0609	76
88.0619	75
88.063	74
88.064	73
88.0651	72
88.0661	71
88.125	78
88.126	76
88.1271	75
88.1281	74
88.1292	74
88.1302	73
88.1313	72
88.1323	71
88.1932	78
88.1943	77
88.1953	76
88.1964	75
88.1974	74
88.1985	74
88.1995	73
88.2006	72
88.2631	80
88.2641	78
88.2652	77
88.2662	77
88.2673	76
88.2683	75
88.2694	75
88.2704	74
88.3261	81
88.3272	78
88.3282	77
88.3293	75
88.3303	73
88.3314	72
88.3324	71
88.3335	70
88.3876	76
88.3886	74
88.3897	73
88.3907	71
88.3918	70
88.3928	69
88.3939	68
88.3949	67
88.4501	73
88.4511	72
88.4522	71
88.4532	70
88.4543	69
88.4553	69
88.4564	68
88.4574	67
88.5136	74
88.5147	72
88.5157	71
88.5168	70
88.5179	70
88.5189	69
88.52	68
88.521	68
88.5793	74
88.5804	73
88.5814	73
88.5825	72
88.5835	71
88.5846	71
88.5856	70
88.5867	70
88.6455	76
88.6466	75
88.6476	74
88.6487	73
88.6497	72
88.6508	72
88.6518	71
88.6529	70
88.7149	78
88.7159	77
88.717	76
88.718	75
88.7191	74
88.7201	74
88.7212	74
88.7222	73
88.7847	80
88.7857	79
88.7868	78
88.7878	77
88.7889	76
88.7899	75
88.791	75
88.792	74
88.854	81
88.855	80
88.8561	79
88.8571	78
88.8582	77
88.8592	76
88.8603	75
88.8613	75
88.9175	81
88.9186	79
88.9196	77
88.9207	75
88.9217	74
88.9228	73
88.9238	71
88.9249	70
88.9816	77
88.9827	75
88.9837	74
88.9848	73
88.9858	72
88.9869	71
88.9879	70
88.989	69
89.0441	76
89.0452	74
89.0462	73
89.0473	72
89.0483	71
89.0494	70
89.0504	69
89.0515	68
89.1077	75
89.1088	73
89.1098	72
89.1109	71
89.1119	70
89.113	69
89.114	69
89.1151	68
89.1161	68
89.1744	67
89.1755	67
89.1765	67
89.1776	67
89.1786	67
89.1797	67
89.1807	67
89.1818	67
89.1828	67
89.2422	67
89.2432	67
89.2443	67
89.2453	67
89.2464	67
89.2474	67
89.2485	67
89.2495	67
89.2506	67
89.311	67
89.3121	68
89.3131	68
89.3142	68
89.3152	68
89.3163	68
89.3173	68
89.3184	68
89.3194	68
89.3808	68
89.3819	68
89.3829	68
89.384	69
89.385	69
89.3861	69
89.3871	69
89.3882	69
89.3892	70
89.4475	77
89.4486	76
89.4496	75
89.4507	74
89.4517	73
89.4528	72
89.4538	71
89.4549	71
89.4559	70
89.5085	76
89.5095	74
89.5106	73
89.5116	71
89.5127	70
89.5137	69
89.5148	68
89.5158	67
89.5169	67
89.571	73
89.572	71
89.5731	70
89.5741	70
89.5752	69
89.5762	68
89.5773	68
89.5783	67
89.5794	67
89.5804	66
89.6361	66
89.6372	66
89.6382	66
89.6393	66
89.6403	65
89.6414	65
89.6424	65
89.6435	65
89.6445	65
89.6456	65
89.7023	65
89.7034	65
89.7044	65
89.7055	65
89.7065	66
89.7076	66
89.7086	66
89.7097	66
89.7107	66
89.7118	66
89.7701	73
89.7711	73
89.7722	72
89.7732	72
89.7743	71
89.7753	71
89.7764	71
89.7774	70
89.7785	70
89.7796	70
89.8379	77
89.8389	76
89.84	75
89.841	74
89.8421	73
89.8431	73
89.8442	72
89.8452	72
89.8463	71
89.8473	71
89.9067	78
89.9077	77
89.9088	76
89.9098	75
89.9109	74
89.9119	74
89.913	73
89.914	73
89.9151	72
89.9161	72
89.9172	72
89.9765	71
89.9776	71
89.9786	71
89.9797	71
89.9807	71
89.9818	70
89.9828	70
89.9839	70
89.9849	70
89.986	70
89.987	70
90.0395	77
90.0406	75
90.0416	74
90.0427	72
90.0437	71
90.0448	70
90.0458	69
90.0469	69
90.0479	68
90.049	67
90.05	67
90.101	73
90.102	71
90.1031	70
90.1041	69
90.1052	69
90.1062	68
90.1073	67
90.1083	67
90.1094	66
90.1104	66
90.1115	65
90.1125	65
90.1645	65
90.1656	64
90.1666	64
90.1677	64
90.1687	64
90.1698	64
90.1708	63
90.1719	63
90.1729	63
90.174	63
90.1751	63
90.1761	63
90.2281	63
90.2292	63
90.2302	64
90.2313	64
90.2323	64
90.2334	64
90.2344	64
90.2355	64
90.2365	64
90.2376	64
90.2386	64
90.2397	64
90.2922	70
90.2933	70
90.2943	69
90.2954	68
90.2964	68
90.2975	68
90.2985	67
90.2996	67
90.3006	67
90.3017	66
90.3027	66
90.3038	66
90.3568	72
90.3579	71
90.3589	70
90.36	70
90.361	69
90.3621	69
90.3631	68
90.3642	68
90.3652	68
90.3663	67
90.3673	67
90.3684	67
90.3694	67
90.4241	67
90.4251	67
90.4262	67
90.4272	67
90.4283	68
90.4293	68
90.4304	68
90.4314	68
90.4325	68
90.4335	68
90.4346	68
90.4356	68
90.4367	68
90.4939	75
90.495	74
90.5664	73
90.5674	72
90.5685	71
90.5695	70
90.5706	69
90.5716	69
90.6252	68
90.6263	67
90.6273	67
90.6284	66
90.6294	66
90.6305	65
90.6315	65
90.6326	65
90.6336	64
90.6856	71
90.6867	69
90.6877	68
90.6888	67
90.6898	66
90.6909	66
90.6919	65
90.693	64
90.694	64
90.6951	64
90.7476	63
90.7487	63
90.7497	63
90.7508	63
90.7518	63
90.7529	63
90.7539	62
90.755	62
90.756	62
90.7571	62
90.8096	62
90.8107	62
90.8117	62
90.8128	62
90.8138	62
90.8149	62
90.8159	62
90.817	62
90.818	62
90.8191	62
90.8732	69
90.8742	69
90.8753	68
90.8763	68
90.8774	67
90.8784	67
90.8795	67
90.8805	66
90.8816	66
90.8826	66
90.9378	72
90.9388	71
90.9399	70
90.9409	70
90.942	69
90.943	69
90.9441	68
90.9451	68
90.9462	68
90.9472	67
90.9483	67
91.0045	67
91.0056	67
91.0066	67
91.0077	67
91.0087	67
91.0098	67
91.0108	66
91.0119	66
91.0129	66
91.014	66
91.015	66
91.0712	66
91.0723	66
91.0733	67
91.0744	67
91.0754	67
91.0765	67
91.0775	67
91.0786	67
91.0796	67
91.0807	67
91.0817	67
91.1379	74
91.139	73
91.14	72
91.1411	72
91.1421	71
91.1432	71
91.1442	70
91.1453	70
91.1463	70
91.1474	69
91.1484	69
91.2057	76
91.2068	75
91.2078	74
91.2089	73
91.2099	73
91.211	72
91.212	72
91.2131	71
91.2141	71
91.2152	71
91.2162	70
91.2173	70
91.275	70
91.2761	70
91.2771	70
91.2782	70
91.2792	70
91.2803	70
91.2814	70
91.2824	69
91.2835	69
91.2845	69
91.2856	69
91.2866	69
91.3443	69
91.3454	69
91.3464	69
91.3475	69
91.3485	69
91.3496	69
91.3506	69
91.3517	69
91.3527	69
91.3538	69
91.3548	69
91.3559	69
91.4132	69
91.4142	69
91.4153	69
91.4163	69
91.4174	69
91.4184	69
91.4195	69
91.4205	69
91.4216	69
91.4226	69
91.4237	69
91.4247	69
91.4815	76
91.4825	75
91.4836	74
91.4846	74
91.4857	73
91.4867	73
91.4878	72
91.4888	72
91.4899	71
91.4909	71
91.492	71
91.493	70
91.5497	77
91.5508	76
91.5518	75
91.5529	74
91.5539	74
91.555	73
91.5561	73
91.5571	72
91.5582	72
91.5592	72
91.5603	71
91.5613	71
91.618	78
91.6191	77
91.6201	76
91.6212	75
91.6222	74
91.6233	74
91.6243	73
91.6254	73
91.6264	72
91.6275	72
91.6285	71
91.6296	71
91.6306	71
91.6884	70
91.6895	70
91.6905	70
91.6916	70
91.6926	70
91.6942	70
91.7651	69
91.8208	69
91.8218	68
91.8229	67
91.8239	67
91.825	66
91.826	66
91.8271	65
91.8281	65
91.8828	72
91.8838	70
91.8849	69
91.8859	69
91.887	68
91.888	67
91.8891	67
91.8901	66
91.9453	72
91.9463	71
91.9474	70
91.9484	70
91.9495	69
91.9505	68
91.9516	67
91.9526	67
91.9537	66
92.0094	66
92.0104	66
92.0115	65
92.0125	65
92.0136	65
92.0146	65
92.0157	65
92.0167	64
92.0178	64
92.0735	64
92.0745	64
92.0756	64
92.0766	64
92.0777	64
92.0787	64
92.0798	64
92.0808	64
92.0819	64
92.1381	64
92.1391	64
92.1402	64
92.1412	64
92.1423	65
92.1433	65
92.1444	65
92.1454	65
92.1465	65
92.2037	72
92.2048	71
92.2058	70
92.2069	70
92.2079	69
92.209	69
92.21	69
92.2111	68
92.2121	68
92.271	75
92.272	74
92.2731	73
92.2741	73
92.2752	72
92.2762	72
92.2773	71
92.2783	71
92.2794	70
92.3398	77
92.3408	76
92.3419	75
92.3429	75
92.344	74
92.345	73
92.3461	73
92.3472	72
92.3482	72
92.3493	72
92.4091	71
92.4102	71
92.4112	71
92.4123	71
92.4133	71
92.4144	70
92.4154	70
92.4165	70
92.4175	70
92.4186	70
92.4769	69
92.4779	69
92.479	69
92.48	68
92.4811	68
92.4821	68
92.4832	68
92.4842	68
92.4853	68
92.4863	68
92.5462	68
92.5473	68
92.5483	68
92.5494	68
92.5504	68
92.5515	68
92.5525	68
92.5536	68
92.5546	68
92.5557	68
92.6155	76
92.6165	75
92.6176	74
92.6186	74
92.6197	73
92.6208	73
92.6218	72
92.6229	72
92.6239	72
92.625	71
92.6791	78
92.6801	76
92.6812	75
92.6822	74
92.6833	72
92.6843	71
92.6854	71
92.6864	70
92.6875	69
92.6885	69
92.7442	75
92.7453	74
92.7463	73
92.7474	72
92.7484	71
92.7495	70
92.7505	70
92.7516	69
92.7526	69
92.7537	68
92.8104	75
92.8114	74
92.8125	73
92.8135	72
92.8146	71
92.8156	71
92.8167	70
92.8177	70
92.8188	69
92.8199	69
92.8776	76
92.8787	75
92.8797	74
92.8808	73
92.8818	72
92.8829	72
92.8839	71
92.885	71
92.886	70
92.8871	70
92.9465	77
92.9475	76
92.9486	75
92.9496	75
92.9507	74
92.9517	73
92.9528	73
92.9538	73
92.9549	72
92.9559	72
92.957	71
93.0168	71
93.0179	71
93.0189	71
93.02	71
93.021	71
93.0226	71
93.1434	69
93.1445	68
93.1455	68
93.1466	67
93.1476	66
93.1487	66
93.1497	65
93.2054	71
93.2064	70
93.2075	69
93.2085	69
93.2096	68
93.2106	67
93.2117	67
93.2674	73
93.2684	72
93.2695	70
93.2705	69
93.2716	69
93.2726	68
93.2737	67
93.2747	67
93.3331	66
93.3341	66
93.3352	66
93.3362	66
93.3373	66
93.3383	66
93.3394	66
93.3404	66
93.3998	66
93.4008	66
93.4019	66
93.4029	66
93.404	66
93.405	66
93.4061	66
93.4071	67
93.4686	74
93.4696	74
93.4707	73
93.4717	73
93.4728	72
93.4738	72
93.4749	71
93.4759	71
93.5384	79
93.5395	78
93.6104	76
93.6114	75
93.6676	80
93.6687	78
93.6697	76
93.6708	74
93.6718	72
93.6729	71
93.7307	70
93.7317	69
93.7328	68
93.7338	67
93.7349	67
93.7359	66
93.7937	66
93.7947	65
93.7958	65
93.7968	65
93.7979	64
93.7989	64
93.8578	64
93.8588	64
93.8599	64
93.8609	64
93.862	64
93.863	64
93.9229	72
93.924	71
93.925	70
93.9261	70
93.9271	70
93.9282	69
93.9907	76
93.9917	75
93.9928	74
93.9938	74
93.9949	73
93.9959	72
94.0585	79
94.0595	78
94.0606	77
94.0616	76
94.0627	75
94.0637	74
94.1262	81
94.1273	80
94.1283	78
94.1294	77
94.1304	76
94.1315	75
94.1325	74
94.1971	74
94.267	73
94.3305	79
94.3316	78
94.3326	76
94.3337	75
94.3347	74
94.3978	73
94.3988	72
94.3999	72
94.4009	71
94.402	71
94.4671	70
94.4682	70
94.4692	70
94.4703	70
94.4713	70
94.537	70
94.538	70
94.5391	70
94.5401	70
94.5412	70
94.6042	69
94.6052	69
94.6063	69
94.6073	68
94.6084	68
94.6709	68
94.6719	68
94.673	67
94.6741	67
94.6751	67
94.7402	68
94.7413	68
94.7423	68
94.7434	68
94.7444	68
94.8095	68
94.8106	68
94.8116	68
94.8127	68
94.8137	68
94.8784	68
94.8794	68
94.8805	68
94.8815	68
94.8826	68
94.9482	69
94.9492	69
94.9503	69
94.9513	69
94.9524	69
95.0081	76
95.0091	74
95.0102	73
95.0112	71
95.0123	70
95.069	76
95.0701	74
95.0711	72
95.0722	71
95.0732	70
95.1284	75
95.1294	73
95.1305	72
95.1315	70
95.1326	69
95.1872	74
95.1883	73
95.1893	71
95.1904	70
95.1914	68
95.2476	74
95.2487	72
95.2497	71
95.2508	70
95.2518	68
95.3096	75
95.3107	73
95.3117	72
95.3128	71
95.3138	70
95.3742	76
95.3753	75
95.3763	74
95.3774	73
95.3784	72
95.4404	79
95.4415	77
95.4425	76
95.4436	75
95.4446	74
95.5071	80
95.5082	79
95.5092	77
95.5103	76
95.5113	75
95.5765	82
95.5775	81
95.5786	79
95.5796	78
95.5807	77
95.6458	84
95.6469	82
95.6479	81
95.649	79
95.65	78
95.7162	85
95.8527	83
95.8538	81
95.8548	79
95.9195	86
95.9205	83
95.9216	81
95.9867	88
95.9878	85
95.9888	83
95.9899	81
96.0561	80
96.0571	78
96.0582	77
96.0592	76
96.1259	75
96.1269	74
96.128	74
96.129	73
96.1947	73
96.1957	72
96.1968	72
96.1978	72
96.264	79
96.2651	78
96.2661	77
96.2672	76
96.3307	83
96.3318	81
96.3328	80
96.3339	78
96.3974	84
96.3985	82
96.3995	80
96.4006	79
96.4636	85
96.4647	83
96.4657	81
96.4668	79
96.4678	77
96.5314	76
96.5325	75
96.5335	74
96.5346	73
96.5356	73
96.6007	72
96.6018	72
96.6028	71
96.6039	71
96.6049	71
96.6711	71
96.6721	71
96.6732	71
96.6742	71
96.6753	71
96.7404	70
96.7415	70
96.7425	70
96.7436	70
96.7446	70
96.8103	70
96.9432	77
96.9442	75
96.9453	74
97.0099	81
97.0109	79
97.012	78
97.0782	84
97.0792	83
97.0803	81
97.1475	88
97.1491	86
97.2872	83
97.2883	82
97.3555	88
97.3566	86
97.3576	84
97.4248	82
97.4259	80
97.4269	79
97.4942	78
97.4952	77
97.4963	76
97.5635	75
97.5646	74
97.5656	73
97.6333	73
97.6344	72
97.6354	72
97.7006	71
97.7016	71
97.7027	70
97.7683	70
97.7694	70
97.7704	69
97.8361	69
97.8372	69
97.8382	69
97.9049	69
97.906	68
97.907	68
97.9748	69
97.9758	69
97.9769	69
98.042	68
98.043	68
98.0441	68
98.1098	68
98.1108	68
98.1119	68
98.1791	68
98.1801	68
98.1812	68
98.2484	68
98.2495	68
98.2505	68
98.3157	68
98.3167	68
98.3178	68
98.3834	68
98.3845	68
98.3855	68
98.4528	68
98.4538	68
98.4549	68
98.5231	68
98.5242	69
98.5252	69
98.5914	69
98.5924	68
98.5935	68
98.6528	67
98.6539	67
98.655	66
98.7159	65
98.7169	65
98.718	65
98.7789	64
98.78	64
98.781	64
98.8446	64
98.8456	64
98.8467	64
98.9108	65
98.9118	65
98.9129	65
98.9791	65
98.9801	66
98.9812	66
99.0474	66
99.0484	66
99.0495	67
99.1172	67
99.1183	67
99.1193	67
99.1839	67
99.185	67
99.186	67
99.2491	67
99.2501	67
99.2512	66
99.3105	66
99.3116	65
99.3126	64
99.3715	64
99.3725	64
99.3736	63
99.4334	63
99.4345	63
99.4355	63
99.4981	63
99.4991	63
99.5002	63
99.5648	64
99.5658	64
99.5669	64
99.6341	65
99.6352	65
99.6362	66
99.7035	66
99.7045	66
99.7056	67
99.7733	67
99.7743	67
99.7754	68
99.8416	68
99.8426	68
99.8437	68
99.9046	67
99.9057	66
99.9067	66
99.9687	66
99.9698	65
99.9708	65
100.033	65
100.034	65
100.035	65
100.097	64
100.098	64
100.099	64
100.163	65
100.164	65
100.165	65
100.231	65
100.232	66
100.233	66
100.301	66
100.302	66
100.303	67
100.369	67
100.371	67
100.372	68
100.437	76
100.438	75
100.439	74
100.503	81
100.504	79
100.505	78
100.571	85
100.572	83
100.573	81
100.641	88
100.642	85
100.643	83
100.711	90
100.839	87
100.903	84
100.904	81
100.968	87
100.969	85
101.036	90
101.037	87
101.104	93
101.105	90
101.174	96
101.175	93
101.377	90
101.446	96
101.516	101
101.771	104
101.837	99
101.902	95
101.969	91
102.038	89
102.108	86
102.174	84
102.239	81
102.306	79
102.373	78
102.442	77
102.511	76
102.581	75
102.643	73
102.705	72
102.768	70
102.832	70
102.898	69
102.964	69
103.032	69
103.101	68
103.169	77
103.24	85
103.51	91
103.579	97
103.649	102
103.908	105
103.974	108
104.041	111
104.11	115
104.179	117
104.248	120
104.313	122
104.379	123
104.447	124
104.515	125
104.584	127
104.654	128
104.724	130
104.792	131
104.862	131
105.133	131
105.196	131
105.26	130
105.326	130
105.393	130
105.46	131
105.529	131
105.599	132
105.665	133
105.729	132
105.793	132
105.856	131
105.92	130
105.988	131
106.057	131
106.127	132
106.194	133
106.259	133
106.327	133
106.393	133
106.46	133
106.528	133
106.598	133
106.664	134
106.728	133
106.793	133
106.86	132
106.929	133
106.999	134
107.269	133
107.334	132
107.399	132
107.467	132
107.536	133
107.606	133
107.675	134
107.739	134
107.797	132
107.856	130
107.916	129
107.976	128
108.038	127
108.101	127
108.167	127
108.235	128
108.305	129
108.374	130
108.444	131
108.501	130
108.553	128
108.607	125
108.66	123
108.715	121
108.773	120
108.831	119
108.891	119
108.95	119
109.012	119
109.075	120
109.139	121
109.205	122
109.27	123
109.337	124
109.404	125
109.472	126
109.541	128
109.61	129
109.678	130
109.679	122
109.748	116
109.749	110
109.818	105
109.819	100
109.887	96
109.888	93
109.953	89
109.954	86
110.019	84
110.02	81
110.086	80
110.087	78
110.152	77
110.153	75
110.218	74
110.22	73
110.285	72
110.286	71
110.353	71
110.354	71
110.421	79
110.422	77
110.49	85
110.491	83
110.56	89
110.561	87
110.763	92
110.828	97
110.896	102
110.964	106
110.965	101
111.035	97
111.036	94
111.101	90
111.102	87
111.167	85
111.168	82
111.233	80
111.234	78
111.298	85
111.299	82
111.366	89
111.367	86
111.434	92
111.435	89
111.504	95
111.505	92
111.571	97
111.572	94
111.573	91
111.635	87
111.636	84
111.637	81
111.698	79
111.699	77
111.7	75
111.763	74
111.764	73
111.765	72
111.83	71
111.832	71
111.833	70
111.9	70
111.901	70
111.902	70
111.97	70
111.971	70
111.972	70
112.033	69
112.034	68
112.035	68
112.096	67
112.097	66
112.098	66
112.159	65
112.16	65
112.161	64
112.222	64
112.223	64
112.224	64
112.287	64
112.289	64
112.29	64
112.354	65
112.355	65
112.356	65
112.423	65
112.424	66
112.425	66
112.493	67
112.494	67
112.495	67
112.563	67
112.564	68
112.565	68
112.629	68
112.63	68
112.631	67
112.695	67
112.696	67
112.697	67
112.761	66
112.762	66
112.763	66
112.827	66
112.828	66
112.83	66
112.895	66
112.896	66
112.897	66
112.961	66
112.962	66
112.963	66
113.031	67
113.032	67
113.033	67
113.1	67
113.101	68
113.102	68
113.164	67
113.165	67
113.166	66
113.226	66
113.227	65
113.228	65
113.289	65
113.29	64
113.291	64
113.354	64
113.355	64
113.356	64
113.422	65
113.423	65
113.424	65
113.492	66
113.493	66
113.494	66
113.559	66
113.56	66
113.561	66
113.624	66
113.625	66
113.626	66
113.69	66
113.691	66
113.693	66
113.757	66
113.758	66
113.759	66
113.823	66
113.824	66
113.825	66
113.892	66
113.893	67
113.894	67
113.961	67
113.962	67
113.963	67
114.031	68
114.032	68
114.033	68
114.098	68
114.099	68
114.1	68
114.163	67
114.164	67
114.165	67
114.229	66
114.23	66
114.231	66
114.294	66
114.296	66
114.297	66
114.361	74
114.362	73
114.363	72
114.428	79
114.429	78
114.43	77
114.497	84
114.498	82
114.499	81
114.567	88
114.568	85
114.569	83
114.636	90
114.637	88
114.774	85
114.775	83
114.841	89
114.842	86
114.908	92
114.909	89
114.976	94
114.977	91
114.978	88
115.046	86
115.047	84
115.048	82
115.114	81
115.115	79
115.116	77
115.178	76
115.179	74
115.18	73
115.241	71
115.242	71
115.243	70
115.302	76
115.303	74
115.304	73
115.363	79
115.364	77
115.365	75
115.427	81
115.428	79
115.429	77
115.493	83
115.494	81
115.495	79
115.561	86
115.562	83
115.563	82
115.564	80
115.632	79
115.764	77
115.765	75
115.827	81
115.828	79
115.888	85
115.889	82
115.949	86
115.95	83
115.951	80
116.014	79
116.015	77
116.016	75
116.082	74
116.084	74
116.085	73
116.151	72
116.152	72
116.153	71
116.221	71
116.222	71
116.223	71
116.286	79
116.287	77
116.288	76
116.354	83
116.355	81
116.356	79
116.418	86
116.419	83
116.42	80
116.483	86
116.484	83
116.485	81
116.548	87
116.549	84
116.55	82
116.551	80
116.615	78
116.616	77
116.617	76
116.618	74
116.67	72
116.671	70
116.672	68
116.673	66
116.726	65
116.727	64
116.728	63
116.729	62
116.783	61
116.784	61
116.785	60
116.786	60
116.841	59
116.842	59
116.843	59
116.844	58
116.899	58
116.9	58
116.901	58
116.902	58
116.959	58
116.96	59
116.961	59
116.962	59
117.021	59
117.022	59
117.023	60
117.024	60
117.084	60
117.085	60
117.086	61
117.087	61
117.146	61
117.147	61
117.148	61
117.149	61
117.209	61
117.21	61
117.211	62
117.212	62
117.274	62
117.275	62
117.276	63
117.277	63
117.339	63
117.34	64
117.341	64
117.342	64
117.404	64
117.405	64
117.406	64
117.407	64
117.47	64
117.471	64
117.472	64
117.473	65
117.536	65
117.537	65
117.538	65
117.539	65
117.603	65
117.604	66
117.605	66
117.606	66
117.672	66
117.673	66
117.674	66
117.675	66
117.735	66
117.736	66
117.737	65
117.738	65
117.793	64
117.794	63
117.795	63
117.796	62
117.851	62
117.852	61
117.853	61
117.854	60
117.909	60
117.91	60
117.912	59
117.913	59
117.969	59
117.97	59
117.971	59
117.972	59
118.023	58
118.024	58
118.025	57
118.026	57
118.069	55
118.07	54
118.071	53
118.072	52
118.114	51
118.115	50
118.116	50
118.117	49
118.159	48
118.16	48
118.161	48
118.162	47
118.204	47
118.205	47
118.206	47
118.207	46
118.249	46
118.25	46
118.251	46
118.252	46
118.294	45
118.296	45
118.297	45
118.298	45
118.34	45
118.341	45
118.342	45
118.343	45
118.385	45
118.386	45
118.387	45
118.388	45
118.426	44
118.427	44
118.428	44
118.429	43
118.465	43
118.466	42
118.467	41
118.468	41
118.502	41
118.503	40
118.504	40
118.506	40
118.54	39
118.541	39
118.542	39
118.543	39
118.578	39
118.579	38
118.58	38
118.581	38
118.616	38
118.617	38
118.618	38
118.619	38
118.654	38
118.655	38
118.656	38
118.657	37
118.692	37
118.693	37
118.694	37
118.695	37
118.73	38
118.731	38
118.732	38
118.734	38
118.768	38
118.769	38
118.77	38
118.771	38
118.806	38
118.807	38
118.808	38
118.809	38
118.844	42
118.845	42
118.846	41
118.847	41
118.882	45
118.883	44
118.884	43
118.885	43
118.921	47
118.922	46
118.923	45
118.924	44
118.96	48
118.961	47
118.962	46
118.963	45
118.999	49
119	48
119.001	46
119.002	45
119.038	49
119.039	48
119.04	47
119.041	46
119.078	50
119.079	48
119.08	47
119.081	47
119.119	50
119.12	49
119.121	48
119.122	47
119.16	51
119.161	50
119.162	49
119.163	49
119.202	53
119.203	51
119.204	50
119.205	49
119.244	53
119.245	52
119.246	51
119.247	50
119.287	53
119.288	52
119.289	51
119.29	50
119.33	54
119.331	53
119.332	51
119.333	50
119.372	54
119.373	53
119.374	52
119.375	51
119.415	55
119.416	53
119.417	52
119.418	51
119.458	55
119.459	53
119.46	52
119.461	51
119.504	55
119.505	54
119.506	53
119.507	52
119.55	57
119.551	55
119.552	54
119.553	53
119.597	58
119.598	57
119.599	55
119.6	54
119.601	53
119.645	53
119.646	52
119.647	52
119.648	51
119.649	51
119.695	51
119.696	51
119.698	51
119.699	50
119.7	50
119.745	50
119.746	50
119.747	50
119.748	50
119.749	49
119.79	49
119.791	48
119.792	48
119.793	48
119.794	47
119.834	47
119.835	47
119.836	47
119.837	46
119.838	46
119.878	51
119.879	50
119.88	49
119.881	48
120.081	73
120.121	69
