10.4032	2.57346
10.7268	9.71518
11.0269	7.91639
11.3276	7.26422
11.6278	7.47478
11.9305	7.92932
12.2314	7.97573
12.5401	7.65779
12.8405	8.26807
13.1418	8.36297
13.4437	8.26782
13.7447	8.13264
14.0469	8.10302
14.3488	7.79053
14.6514	7.29654
14.9514	5.31897
15.2543	6.29979
15.5565	6.55281
15.8568	6.91152
16.1598	6.93015
16.4606	6.86322
16.7629	6.82777
17.0661	6.68895
17.3697	6.52105
17.6733	6.36292
17.9738	6.07078
18.2766	6.0241
18.5785	5.64386
18.8813	5.62736
19.1833	5.40398
19.4857	5.39703
19.7857	5.27962
20.0876	5.16792
20.388	5.23185
20.6904	5.11963
20.9924	5.16532
21.2961	5.0573
21.597	5.02467
21.8972	4.99749
22.1978	4.95034
22.4979	4.87817
22.8028	4.88081
23.1046	4.69135
23.4066	4.56869
23.7076	4.54549
24.0088	5.81757
24.3101	6.57013
24.6109	6.90279
24.9138	6.85327
25.2146	6.54259
25.5175	6.85332
25.8184	8.4164
26.1202	8.78686
26.4213	9.00746
26.7237	9.00797
27.0256	8.78283
27.3262	8.62286
27.6279	8.43086
27.9305	8.32845
28.2329	8.25344
28.5338	8.05631
28.8351	8.04589
29.1376	8.01319
29.4386	7.97436
29.7394	8.01746
30.0412	7.91196
30.343	7.99354
30.6445	7.96034
30.9463	7.95254
31.2478	7.92014
31.5486	7.85755
31.8507	7.70677
32.1536	7.64715
32.4536	7.51894
32.7542	7.18464
33.0558	7.12225
33.3598	6.9869
33.6625	7.41501
33.9645	8.18307
34.2663	8.55132
34.5671	8.61689
34.8689	8.26903
35.1696	7.98115
35.4701	7.74807
35.7718	8.19298
36.0722	10.1076
36.3731	10.4461
36.6739	10.4918
36.974	10.1582
37.275	10.0864
37.5751	9.83793
37.8755	9.54455
38.178	9.4834
38.4802	9.29141
38.7821	9.22175
39.0833	9.24364
39.3838	9.1049
39.6849	9.16647
39.9875	9.12074
40.2893	9.14245
40.5911	9.06589
40.892	9.13384
41.1932	9.04391
41.4951	9.02216
41.7961	8.93201
42.0971	8.85005
42.3979	8.6548
42.7	8.54168
43.0027	8.32585
43.3028	8.03622
43.6056	7.84719
43.9065	8.93267
44.2071	10.3805
44.5071	10.4385
44.8076	10.5021
45.1091	12.457
45.4095	12.7466
45.711	12.4938
46.0117	11.8926
46.3122	12.1033
46.6134	11.6308
46.9145	11.5601
47.215	11.5796
47.5159	11.2053
47.8177	11.4526
48.1195	11.4505
48.4214	11.2893
48.7221	11.334
49.0232	11.2394
49.3247	11.3031
49.6257	11.3222
49.9266	11.2434
50.2271	11.2233
50.5289	11.0933
50.8307	11.0551
51.1329	10.8009
51.435	10.6431
51.7361	10.3633
52.0373	10.1989
52.3384	9.64521
52.6391	9.41696
52.9393	10.4717
53.2413	11.9236
53.5415	11.7107
53.8425	11.0437
54.1429	10.6258
54.444	10.322
54.7443	10.1097
55.0471	12.2873
55.3485	12.6604
55.65	12.4962
55.9514	12.1047
56.253	12.0148
56.5538	11.6897
56.8542	11.545
57.1558	11.5374
57.4579	11.2817
57.7586	11.4937
58.0597	11.3186
58.3599	11.3505
58.662	11.3599
58.9641	11.2834
59.2648	11.3315
59.5657	11.2867
59.8671	11.3485
60.1682	11.2754
60.47	11.135
60.7717	11.095
61.0722	10.8225
61.3741	10.6948
61.6758	10.4599
61.9768	10.2445
62.2769	9.7586
62.5792	9.5661
62.8795	8.91063
63.1804	12.0834
63.4814	12.0817
63.7825	10.5981
64.0851	13.0471
64.3856	13.5014
64.6869	13.6206
64.987	13.3138
65.288	12.9585
65.5887	13.0102
65.8904	12.6872
66.191	12.655
66.491	12.6777
66.7922	12.4304
67.0936	12.6597
67.3936	12.5599
67.6942	12.5351
67.9945	12.5503
68.2955	12.5168
68.5962	12.532
68.8971	12.5217
69.1982	12.4722
69.4986	12.2672
69.8	12.3005
70.1002	12.0718
70.4018	11.8988
70.7038	11.6395
71.0044	11.2997
71.3053	10.9655
71.6059	10.4989
71.9063	9.66786
72.2076	11.8684
72.5081	12.777
72.8096	11.9803
73.1104	11.5718
73.4115	10.8398
73.712	10.3429
74.0129	11.765
74.3141	12.2711
74.6154	12.5429
74.9156	12.7507
75.2171	12.7399
75.5176	12.5381
75.8182	12.4945
76.1191	12.4019
76.4203	12.2721
76.7208	12.458
77.0211	12.308
77.3223	12.3504
77.623	12.3723
77.9248	12.2467
78.2264	12.3332
78.528	12.3349
78.8302	12.2683
79.1314	12.2328
79.433	12.0567
79.734	12.0382
80.0348	11.7278
80.3366	11.5706
80.638	11.1891
80.9393	10.9133
81.2414	10.3676
81.5445	10.135
81.8464	10.6532
82.1471	12.3678
82.4489	12.2488
82.7505	11.4191
83.0516	11.1571
83.3538	10.8039
83.6552	10.5107
83.9554	11.7494
84.257	12.1783
84.5582	12.1498
84.8588	12.136
85.1595	12.1697
85.4599	12.1033
85.7617	12.0483
86.0629	11.9918
86.3647	11.9316
86.6667	11.9198
86.9683	11.9365
87.2699	11.9343
87.5707	11.8883
87.8718	11.9565
88.1736	11.9307
88.4754	11.8454
88.7763	11.9244
89.0768	11.7808
89.377	11.7127
89.678	11.6435
89.9797	11.3346
90.2813	11.2603
90.5832	10.8521
90.8853	10.6059
91.1858	10.4208
91.4872	10.4325
91.7876	12.8215
92.0896	12.5161
92.3915	11.5276
92.6945	11.5251
92.9947	10.832
93.2964	12.1734
93.5973	13.517
93.8975	13.6718
94.1986	12.9137
94.4994	12.9229
94.801	12.8911
95.1014	12.3038
95.4025	12.5537
95.7032	12.2914
96.0043	12.1178
96.3045	12.3892
96.6049	12.1445
96.9065	12.1779
97.2067	12.1911
97.5068	12.155
97.8072	12.2218
98.1077	12.1418
98.4085	12.1254
98.7094	12.1269
99.0096	11.9094
99.311	11.8642
99.6126	11.6188
99.9141	11.2644
100.216	11.1782
100.518	10.572
100.82	10.4844
101.12	9.541
101.422	12.6029
101.723	12.5345
102.024	11.6882
102.325	11.3631
102.625	10.5079
102.925	10.9502
103.226	12.64
103.526	12.955
103.827	13.1257
104.128	12.9732
104.429	12.4916
104.731	12.6515
105.031	12.3984
105.332	12.2784
105.633	12.3418
105.934	12.1062
106.235	12.2757
106.535	12.2322
106.836	12.1351
107.136	12.236
107.437	12.1859
107.738	12.1446
108.039	12.1752
108.34	12.0816
108.642	11.9673
108.943	11.8849
109.245	11.6851
109.547	11.3884
109.848	11.2092
110.149	10.774
110.451	10.3763
110.752	10.078
111.053	12.2248
111.353	12.5952
111.654	11.9575
111.956	11.5834
112.256	11.04
112.556	9.99937
112.856	10.8764
113.157	9.88616
113.457	12.4658
113.758	12.6506
114.059	12.6971
114.36	12.545
114.661	12.1823
114.962	12.1373
115.263	11.9717
115.565	11.7227
115.866	11.9156
116.167	11.5409
116.467	11.6688
116.769	11.6234
117.07	11.5424
117.371	11.6501
117.673	11.5227
117.974	11.5866
118.274	11.5662
118.575	11.5516
118.875	11.4777
119.176	11.4199
119.478	11.2116
119.78	11.1464
120.08	10.7543
120.381	10.6842
120.681	10.2146
120.982	9.93806
121.283	9.20455
121.584	11.4095
121.885	11.7479
122.187	11.6654
122.487	10.9785
122.789	10.7476
123.091	10.215
123.391	9.94652
123.693	9.57599
123.994	9.41771
124.295	9.09501
124.596	9.02909
124.898	8.79269
125.199	8.7252
125.501	8.65849
125.804	8.5714
126.104	8.53915
126.406	8.52586
126.707	8.52816
127.009	8.49449
127.31	8.44911
127.612	8.47484
127.912	8.38724
128.212	8.39872
128.513	8.2674
128.815	8.18915
129.117	8.06153
129.419	7.85026
129.723	7.60348
130.023	7.29687
130.324	7.90594
130.625	9.24812
130.927	9.54148
131.229	9.42304
131.53	8.84347
131.831	8.68934
132.131	9.31111
132.432	10.9774
132.733	11.2141
133.034	11.1697
133.335	10.8567
133.636	10.7019
133.936	10.5427
134.237	10.2465
134.539	10.2629
134.84	9.9553
135.14	9.99442
135.442	10.0224
135.743	9.96046
136.044	9.96943
136.344	9.91405
136.644	9.91378
136.945	9.87272
137.246	9.90196
137.547	9.87409
137.849	9.76394
138.15	9.73793
138.453	9.61255
138.754	9.44868
139.054	9.19088
139.357	9.04874
139.658	8.60567
139.96	8.52785
140.261	8.94536
140.562	11.01
140.862	11.0587
141.164	10.1515
141.465	10.9877
141.766	12.88
142.067	12.9184
142.369	12.2985
142.67	12.2891
142.972	12.1457
143.272	11.649
143.574	11.8964
143.875	11.5384
144.175	11.5584
144.475	11.6578
144.777	11.4553
145.078	11.5462
145.38	11.5301
145.68	11.4352
145.982	11.545
146.282	11.5118
146.583	11.4585
146.884	11.386
147.185	11.2082
147.486	11.2454
147.786	10.9323
148.088	10.6786
148.388	10.5055
148.688	10.1456
148.989	9.80749
149.29	10.3072
149.591	12.1926
149.892	11.9793
150.195	11.281
150.496	11.1408
150.797	10.5367
151.099	12.3276
151.4	13.3066
151.701	13.3718
152.002	12.6259
152.303	12.5844
152.605	12.4426
152.906	11.9855
153.208	12.2992
153.509	11.9879
153.809	11.9418
154.111	12.0911
154.413	11.8432
154.714	12.0517
155.015	11.9816
155.317	11.8639
155.619	12.0064
155.919	11.9173
156.22	11.8493
156.521	11.7308
156.822	11.647
157.123	11.4849
157.424	11.2466
157.724	11.0708
158.025	10.7146
158.325	10.433
158.626	9.98279
158.927	9.63913
159.227	11.5986
159.528	12.2644
159.83	11.6042
160.131	11.0527
160.433	10.9379
160.734	10.8921
161.034	13.1951
161.336	13.2432
161.636	12.9769
161.937	12.4739
162.238	12.6634
162.539	12.1096
162.84	12.091
163.141	11.9782
163.441	11.8775
163.743	12.0159
164.045	11.925
164.346	11.8668
164.647	11.9613
164.948	11.8971
165.249	11.8755
165.55	11.9461
165.852	11.9264
166.153	11.7773
166.453	11.696
166.754	11.6673
167.055	11.3109
167.357	11.2412
167.659	10.8517
167.96	10.6177
168.26	10.1783
168.562	9.65303
168.864	9.5568
169.164	10.9591
169.464	11.9158
169.764	11.5189
170.066	10.802
170.368	10.6822
170.669	10.1463
170.97	13.2667
171.271	13.4222
171.573	12.6451
171.873	12.4661
172.173	12.5496
172.474	11.8004
172.775	12.0653
173.075	11.9017
173.377	11.5805
173.677	11.7732
173.979	11.5502
174.28	11.6142
174.581	11.5756
174.882	11.5789
175.183	11.5581
175.484	11.5545
175.785	11.5598
176.085	11.5154
176.387	11.4049
176.689	11.3419
176.99	11.1077
177.292	10.9663
177.593	10.764
177.895	10.3812
178.197	10.1617
178.499	9.68172
178.801	10.2758
179.101	12.3036
179.402	11.8801
179.703	11.134
180.005	10.9609
180.307	10.5277
180.609	10.0518
180.91	9.96131
181.212	9.50118
181.514	9.35531
181.816	9.3
182.118	8.97175
182.42	9.08573
182.72	8.83805
183.021	8.89869
183.322	8.84219
183.623	8.78393
183.926	8.80112
184.228	8.73781
184.53	8.80766
184.831	8.76738
185.133	8.67018
185.435	8.7012
185.737	8.62112
186.038	8.48061
186.341	8.26263
186.641	8.06726
186.943	7.9113
187.243	7.06622
187.545	9.26809
187.845	9.9954
188.146	10.0489
188.447	9.54102
188.748	9.17229
189.049	8.9166
189.351	11.0429
189.653	11.6252
189.953	11.6696
190.254	11.2748
190.556	11.0575
190.856	11.0295
191.158	10.4629
191.459	10.7061
191.761	10.4469
192.061	10.3183
192.363	10.3517
192.663	10.1434
192.965	10.263
193.265	10.1523
193.567	10.1744
193.869	10.1872
194.169	10.1981
194.47	10.1691
194.77	10.1022
195.071	10.0438
195.373	9.93339
195.676	9.88581
195.976	9.53193
196.279	9.44338
196.579	8.98292
196.881	8.82356
197.182	8.56712
197.483	9.8949
197.785	10.4986
198.085	10.6244
198.387	10.1099
198.689	9.76101
198.991	9.52172
199.291	9.75287
199.591	11.8659
199.891	12.0303
200.193	11.8465
200.495	11.3785
200.797	11.4566
201.097	11.1459
201.399	10.9738
201.7	10.8672
202.002	10.7475
202.303	10.8756
202.604	10.7479
202.906	10.8112
203.207	10.7019
203.509	10.7305
203.81	10.6671
204.112	10.6696
204.413	10.7387
204.714	10.6
205.015	10.5134
205.315	10.5136
205.616	10.1649
205.918	10.1699
206.22	9.78571
206.521	9.58833
206.823	9.22932
207.125	8.81227
207.425	9.15392
207.727	11.1228
208.028	11.2253
208.329	10.5127
208.63	10.2034
208.931	10.2
209.234	12.345
209.534	12.7431
209.835	12.6453
210.135	12.1096
210.435	11.9928
210.738	11.6815
211.04	11.5115
211.341	11.4612
211.643	11.3648
211.944	11.1544
212.247	11.2199
212.548	11.2128
212.85	11.2063
213.15	11.2172
213.451	11.1629
213.751	11.1994
214.052	11.2018
214.354	11.2161
214.655	11.1297
214.955	11.0361
215.256	10.2448
215.557	10.1436
215.859	11.204
216.16	11.1034
216.461	13.2254
216.82	18.1777
218.392	2.15278
218.703	18.3793
219.085	9.9671
219.391	1.56442
219.695	1.30636
219.998	1.30636
220.374	1.08552
220.741	0.882022
221.041	1.72
221.354	11.4193
221.66	9.64463
221.966	9.52071
222.267	10.8872
222.569	15.409
222.87	16.3266
223.17	16.438
223.47	16.6319
223.771	16.4614
224.071	16.5526
224.371	16.5194
224.672	16.416
224.973	16.5241
225.273	16.4396
225.574	16.4304
225.875	16.5122
226.175	16.4728
226.476	16.4138
226.777	16.4484
227.078	16.2405
227.38	15.9217
227.681	16.0403
227.982	15.4304
228.283	15.173
228.584	15.1133
228.884	14.2314
229.184	13.7513
229.484	12.7579
229.785	12.3757
230.086	14.0011
230.387	14.6304
230.688	14.6242
230.988	13.6959
231.289	13.5331
231.589	13.1963
231.889	12.6731
232.19	12.8753
232.492	12.4965
232.793	12.4714
233.093	12.4625
233.395	12.2443
233.696	12.4912
233.997	12.3772
234.297	12.3861
234.598	12.3666
234.898	12.3748
235.199	12.3857
235.5	12.3611
235.8	12.284
236.101	12.1507
236.401	12.0969
236.702	11.9146
237.003	11.8021
237.303	11.3578
237.604	11.1545
237.906	10.8475
238.207	10.8386
238.508	13.1764
238.81	13.078
239.11	12.3135
239.411	14.0207
239.712	14.9521
240.012	14.6759
240.312	13.8569
240.614	14.2077
240.915	13.7315
241.215	13.56
241.516	13.8922
241.817	13.5225
242.119	13.4495
242.421	13.8005
242.722	13.4413
243.022	13.5149
243.323	13.6853
243.623	13.3994
243.924	13.6341
244.224	13.6056
244.526	13.3798
244.826	13.4166
245.127	13.1877
245.428	13.1291
245.729	12.76
246.031	12.4491
246.331	12.1032
246.632	10.6264
246.933	12.3461
247.284	18.9518
247.591	13.5494
247.913	1.45394
248.216	1.66264
248.519	1.66264
248.841	1.49269
249.325	0.37178
249.677	0.477594
250.009	1.04702
250.316	1.17109
250.632	1.33179
250.933	1.39285
251.235	1.39043
251.548	1.38208
251.863	1.37111
252.174	1.31078
252.489	1.14258
252.801	1.54205
253.114	1.60976
253.421	1.64016
253.731	1.66531
254.034	1.58233
254.335	1.83706
254.64	1.8478
254.95	2.12894
255.255	2.32417
255.557	2.57978
255.864	2.96985
256.166	3.29527
256.467	3.59558
256.772	3.81708
257.072	3.95866
257.372	4.07994
257.677	4.16777
257.982	4.29131
258.285	4.74222
258.589	6.43609
258.889	7.39998
259.192	7.85753
259.492	7.46434
259.794	10.1436
260.094	10.6195
260.395	10.5717
260.697	10.0563
260.999	10.0055
261.301	9.55889
261.602	9.27043
261.903	9.20603
262.204	8.913
262.504	8.97965
262.807	8.7738
263.109	8.80489
263.411	8.74911
263.711	8.79387
264.013	8.67845
264.313	8.71789
264.614	8.67363
264.915	8.68554
265.217	8.60619
265.518	8.55109
265.819	8.51229
266.12	8.3992
266.422	8.27461
266.724	8.09942
267.025	7.76203
267.327	7.60983
267.627	6.86316
267.929	9.82025
268.231	10.2929
268.531	9.91152
268.832	12.1714
269.133	12.7049
269.435	12.3245
269.736	11.6252
270.037	11.875
270.338	11.3081
270.638	11.2723
270.939	11.1446
271.239	10.9807
271.541	11.0508
271.842	10.8643
272.142	11.0261
272.443	10.9314
272.743	10.9414
273.045	10.828
273.346	10.9052
273.647	10.9265
273.948	10.8691
274.249	10.8157
274.551	10.7883
274.853	10.5681
275.154	10.5171
275.454	10.1912
275.754	10.076
276.057	9.68034
276.358	9.4137
276.659	11.4254
276.96	11.9102
277.26	11.5986
277.56	10.9547
277.861	10.8126
278.162	9.48814
278.464	12.2038
278.765	12.9351
279.066	13.241
279.367	12.7589
279.668	12.2766
279.968	12.6033
280.27	11.7563
280.57	11.9968
280.87	11.8939
281.171	11.5855
281.472	11.9132
281.772	11.6562
282.073	11.6993
282.374	11.74
282.676	11.656
282.978	11.7006
283.278	11.7452
283.578	11.5982
283.88	11.5227
284.181	11.4767
284.482	11.269
284.782	11.0098
285.083	10.9923
285.384	10.438
285.685	10.2794
285.987	9.73466
286.287	10.9123
286.589	12.2481
286.889	11.991
287.191	11.1992
287.492	11.1129
287.793	10.5358
288.094	12.7906
288.394	13.2729
288.695	13.4503
288.998	12.6805
289.3	12.6451
289.601	12.7933
289.903	12.055
290.204	12.391
290.505	12.1792
290.806	11.9419
291.107	12.2446
291.408	12.0255
291.708	12.0237
292.009	12.1745
292.31	12.0506
292.611	12.0553
292.913	12.1212
293.215	12.0618
293.517	11.9249
293.818	11.854
294.119	11.6576
294.419	11.419
294.721	11.3032
295.022	10.8367
295.324	9.19052
295.624	9.26008
295.925	8.45641
296.225	7.75429
296.527	7.27138
296.829	6.88053
297.13	7.40821
297.432	9.23866
297.734	9.45554
298.059	18.7209
298.375	10.2886
299.548	2.32116
299.872	0.444719
300.174	17.0068
300.631	9.04193
300.934	1.42512
301.237	1.42512
301.637	4.65522
301.944	4.45526
302.244	9.85504
302.545	16.0725
302.847	16.7168
303.148	17.2749
303.448	17.7681
303.749	18.2546
304.049	18.6362
304.35	18.7703
304.65	18.9824
304.951	18.9077
305.252	18.4249
305.552	18.736
305.853	19.0755
306.153	18.5708
306.454	18.3283
306.755	19.0851
307.056	18.5142
307.357	17.7776
307.658	18.6937
307.959	18.0178
308.26	17.1831
308.561	19.5808
308.863	18.8823
309.163	17.3935
309.464	17.4099
309.765	17.3264
310.065	17.6351
310.366	17.7975
310.666	17.9119
310.967	17.5912
311.268	17.425
311.569	18.0124
311.869	17.6792
312.169	17.3189
312.469	17.935
312.771	17.8076
313.071	17.2371
313.371	17.7443
313.672	17.5503
313.973	16.7463
314.273	17.2784
314.574	16.9935
314.874	15.92
315.174	16.3633
315.475	15.954
315.875	11.815
316.192	24.9946
316.492	16.4913
316.793	18.4316
317.094	19.3275
317.394	20.2725
317.694	17.4785
317.994	19.8353
318.295	20.4203
318.595	18.3567
318.896	18.588
319.196	19.9761
319.497	19.7675
319.798	18.7642
320.099	18.9688
320.399	19.6275
320.7	19.4166
321.002	19.0426
321.303	19.3014
321.603	19.5854
321.903	19.1262
322.204	18.694
322.505	19.3277
322.805	18.925
323.107	17.8484
323.407	18.6162
323.708	18.283
324.008	16.1522
324.308	19.5129
324.609	18.7518
324.909	17.9233
325.211	17.4898
325.511	18.4436
325.812	17.7208
326.114	16.687
326.415	18.0568
326.716	17.6943
327.017	16.9663
327.317	17.7427
327.618	17.6827
327.919	17.217
328.22	17.4858
328.522	17.778
328.823	17.2131
329.124	17.3753
329.424	17.7218
329.725	16.8729
330.026	16.8263
330.327	17.3655
330.628	15.9642
330.928	17.155
331.229	18.2436
331.529	17.1986
331.83	16.3019
332.131	17.2429
332.432	16.6951
332.732	15.7703
333.033	16.7819
333.334	16.389
333.634	15.6723
333.935	16.6085
334.236	16.382
334.538	15.8843
334.838	16.5564
335.139	16.5765
335.441	15.9428
335.741	16.3002
336.041	16.6477
336.342	15.5969
336.642	15.9149
336.942	16.4958
337.242	13.5945
337.543	18.2558
337.844	16.8856
338.144	17.2716
338.444	18.9528
338.745	18.6851
339.047	15.6565
339.347	18.5208
339.648	18.9465
339.948	18.9168
340.248	18.8327
340.549	18.7652
340.85	18.8545
341.151	18.7178
341.451	18.576
341.752	18.9455
342.053	18.7901
342.354	18.3615
342.654	18.8706
342.955	18.9917
343.255	18.3729
343.556	18.5247
343.857	18.8916
344.157	17.8954
344.458	17.8094
344.758	18.3928
345.06	17.08
345.36	17.8789
345.661	19.1395
345.962	17.8742
346.262	16.9601
346.563	18.3388
346.864	17.4733
347.165	16.6398
347.465	17.8841
347.766	17.3539
348.067	16.6238
348.368	17.5482
348.67	17.5586
348.97	16.9135
349.27	17.2607
349.57	17.6609
349.87	17.0377
350.17	17.3134
350.472	17.2897
350.772	16.59
351.072	16.914
351.373	16.9608
351.673	15.735
351.975	16.2203
352.276	15.9586
352.576	13.7326
352.877	17.8311
353.178	16.744
353.479	19.4283
353.779	17.3185
354.08	17.0227
354.38	19.351
354.68	19.511
354.981	19.2108
355.281	18.7959
355.582	18.6606
355.882	19.1448
356.183	18.9188
356.484	18.5726
356.784	19.1742
357.085	19.0566
357.386	18.5243
357.687	18.8616
357.987	19.2392
358.288	18.8241
358.589	18.1895
358.889	18.9444
359.19	18.6518
359.492	17.5254
359.792	18.2015
360.104	16.4627
360.404	17.1828
360.705	18.2873
361.006	18.2768
361.306	18.1228
361.607	17.7921
361.908	17.2025
362.209	17.4245
362.51	17.702
362.81	16.7322
363.11	17.227
363.411	17.5724
363.712	17.0854
364.012	17.1464
364.313	17.5992
364.613	17.0976
364.914	16.9738
365.215	17.6517
365.515	17.0927
365.815	16.6177
366.116	17.3254
366.416	16.7055
366.717	15.9483
367.018	16.6652
367.327	15.1144
367.628	14.4794
367.953	13.9942
368.254	13.722
368.554	14.1582
368.854	14.5517
369.155	14.8144
369.456	14.6673
369.757	14.4825
370.057	14.4273
370.358	14.4583
370.659	14.2699
370.959	14.3589
371.26	14.2108
371.561	14.1678
371.862	14.2156
372.162	14.234
372.463	14.1725
372.765	14.2425
373.065	14.2209
373.367	14.1808
373.668	14.2837
373.97	14.1234
374.271	14.1232
374.572	14.0336
374.873	13.7329
375.173	13.54
375.475	13.2175
375.775	12.9393
376.076	12.5169
376.377	12.1273
376.678	10.3742
376.979	11.6742
377.281	9.41219
377.583	11.1444
377.883	11.3598
378.185	11.2446
378.486	11.1606
378.786	10.9494
379.087	10.7154
379.39	10.4432
379.691	10.3198
379.992	9.94939
380.293	9.9759
380.595	9.70782
380.896	9.64583
381.196	9.58848
381.498	9.54222
381.8	9.60737
382.102	9.47089
382.404	9.56744
382.705	9.51647
383.007	9.5738
383.307	9.51987
383.609	9.59697
383.91	9.3725
384.21	9.38577
384.512	9.24683
384.814	9.11553
385.115	8.85604
385.417	8.69052
385.717	8.39212
386.018	7.4929
386.319	10.9427
386.62	11.241
386.922	9.38526
387.223	10.7511
387.525	10.8988
387.828	11.45
388.129	11.6076
388.431	11.5236
388.731	11.5915
389.032	11.5205
389.334	11.6404
389.634	11.5151
389.936	11.5269
390.238	11.5281
390.539	11.5534
390.839	11.5012
391.14	11.5095
391.441	11.5545
391.741	11.5194
392.044	11.5203
392.345	11.6085
392.645	11.5536
392.947	11.4559
393.248	11.3922
393.55	11.1708
393.852	10.858
394.153	10.5819
394.455	10.3131
394.757	8.70158
395.059	10.206
395.359	11.1933
395.66	11.5386
395.961	11.2424
396.264	10.7251
396.565	10.6451
396.866	10.1384
397.167	9.95277
397.468	9.79651
397.77	9.4077
398.072	9.50194
398.374	9.15367
398.675	9.24478
398.975	9.03081
399.276	9.09708
399.577	9.00712
399.877	8.95541
400.179	8.98975
400.479	8.94276
400.782	9.00662
401.084	8.93044
401.386	8.928
401.688	8.83417
401.991	8.72481
402.292	8.64167
402.594	8.39455
402.894	8.27213
403.195	7.92004
403.497	7.5934
403.799	8.22281
404.101	10.4939
404.403	10.5118
404.703	9.19527
405.003	11.0246
405.304	11.4254
405.606	11.4045
405.907	11.3786
406.209	11.3816
406.51	11.3616
406.811	11.3609
407.113	11.3306
407.414	11.2329
407.714	11.3407
408.016	11.2804
408.318	11.3018
408.619	11.3383
408.919	11.2639
409.22	11.3197
409.521	11.3356
409.821	11.2934
410.122	11.1529
410.423	11.1586
410.723	11.025
411.024	10.8393
411.326	10.6927
411.626	10.3915
411.928	10.1618
412.228	9.69376
412.53	9.39202
412.83	7.71262
413.132	9.77514
413.433	10.4597
413.733	10.8337
414.035	10.4162
414.335	9.99998
414.636	9.87418
414.936	9.71962
415.237	12.0056
415.539	12.3297
415.839	12.193
416.14	11.7657
416.441	11.6756
416.742	11.3943
417.044	11.303
417.345	11.1513
417.647	11.1232
417.948	11.005
418.25	10.9759
418.55	11.0174
418.851	10.9272
419.153	10.9447
419.454	11.0188
419.756	10.9748
420.057	10.9992
420.358	10.9194
420.66	10.8689
420.961	10.7759
421.262	10.6186
421.563	10.4004
421.865	10.173
422.166	9.86926
422.468	9.52263
422.77	9.10971
423.071	9.09495
423.371	10.9437
423.672	11.2804
423.973	11.0967
424.274	10.9623
424.575	13.4559
424.877	13.4064
425.178	12.9241
425.478	12.6946
425.779	12.7328
426.081	12.0961
426.382	12.2471
426.683	12.1511
426.984	11.8139
427.286	12.0949
427.586	11.9064
427.888	11.934
428.189	11.9631
428.49	11.8835
428.791	11.9601
429.091	11.911
429.391	11.8284
429.693	11.8797
429.993	11.6691
430.294	11.7448
430.595	11.4397
430.895	11.1997
431.197	11.0964
431.497	10.6641
431.798	10.3833
432.098	10.0343
432.398	9.15985
432.698	12.8914
433.001	11.7024
433.302	12.5555
433.602	13.7068
433.903	13.7394
434.203	13.7654
434.504	13.6884
434.805	13.4636
435.106	13.3172
435.407	13.18
435.709	13.0818
436.01	13.2528
436.311	13.0862
436.612	13.1535
436.913	13.1578
437.213	13.1004
437.514	13.1751
437.815	13.1562
438.115	13.1115
438.416	13.0913
438.716	12.918
439.017	12.8704
439.317	12.713
439.618	12.5378
439.918	12.2301
440.219	11.9051
440.521	11.5499
440.822	11.1339
441.124	11.7745
441.426	13.5346
441.726	13.2854
442.027	11.6643
442.328	14.8028
442.628	14.9597
442.929	14.7011
443.229	14.0446
443.53	14.3459
443.831	13.9451
444.132	13.7093
444.432	13.9526
444.734	13.7237
445.036	13.7483
445.337	13.8893
445.638	13.7059
445.939	13.8004
446.24	13.7546
446.541	13.7027
446.842	13.7979
447.143	13.6448
447.444	13.4754
447.744	13.5037
448.045	13.2237
448.346	13.0082
448.647	12.8592
448.948	12.3493
449.248	12.1368
449.549	11.642
449.851	11.0546
450.151	10.4588
450.452	13.5971
450.754	12.0057
451.055	11.8714
451.356	13.0761
451.656	13.4322
451.956	13.6783
452.257	13.6007
452.558	13.5909
452.859	13.6199
453.159	13.5388
453.461	13.6633
453.762	13.5367
454.064	13.6847
454.365	13.567
454.666	13.6234
454.967	13.6309
455.268	13.6064
455.569	13.648
455.87	13.577
456.171	13.4828
456.473	13.47
456.773	13.5007
457.074	13.1863
457.376	13.0936
457.677	12.7406
457.979	12.4977
458.28	12.104
458.581	11.5927
458.882	10.238
459.183	11.9817
459.484	12.8781
459.784	12.8395
460.085	12.5195
460.385	11.7459
460.686	11.8758
460.988	11.0514
461.288	11.111
461.59	10.7028
461.891	10.5689
462.191	10.5591
462.492	10.2906
462.792	10.3379
463.094	10.1882
463.396	10.258
463.696	10.1576
463.997	10.1858
464.299	10.1927
464.599	10.1546
464.9	10.1924
465.202	10.1086
465.503	10.0756
465.805	9.98449
466.106	9.94997
466.407	9.73691
466.711	9.48716
467.011	9.35841
467.311	8.94079
467.612	8.6198
467.912	8.95802
468.213	10.5248
468.514	10.7451
468.814	10.5177
469.117	9.90526
469.418	9.83749
469.718	8.70634
470.019	11.7951
470.321	12.5739
470.622	12.5324
470.923	11.6154
471.224	11.5695
471.526	11.4666
471.826	11.0643
472.127	11.134
472.428	10.7683
472.728	10.82
473.03	10.73
473.331	10.7675
473.631	10.7066
473.933	10.6893
474.235	10.7747
474.536	10.6801
474.837	10.7785
475.138	10.693
475.438	10.6162
475.739	10.4648
476.04	10.4223
476.343	10.164
476.644	10.0994
476.947	9.79849
477.248	9.44158
477.549	9.33409
477.85	8.21056
478.152	11.2149
478.453	11.7201
478.753	9.99284
479.054	12.7747
479.355	13.7327
479.656	13.4845
479.958	12.9679
480.259	12.8779
480.559	12.6171
480.861	12.4136
481.161	12.3414
481.462	12.3217
481.763	12.1617
482.064	12.2135
482.364	12.2145
482.665	12.1265
482.966	12.1898
483.268	12.1762
483.568	12.1551
483.869	12.1952
484.17	12.136
484.472	12.1225
484.773	11.9195
485.073	11.9001
485.374	11.6439
485.675	11.3871
485.977	11.1207
486.278	10.7595
486.58	10.3617
486.88	9.06745
487.182	10.515
487.482	12.1171
487.782	12.3049
488.082	10.4272
488.383	11.8238
488.684	12.2789
488.984	12.7095
489.285	12.6803
489.585	12.6727
489.886	12.7069
490.186	12.6622
490.487	12.6458
490.787	12.6342
491.088	12.6674
491.39	12.6427
491.69	12.7074
491.991	12.6298
492.291	12.6807
492.592	12.6769
492.894	12.6437
493.196	12.7041
493.497	12.5865
493.798	12.583
494.098	12.4392
494.398	12.3132
494.699	12.1613
495	11.778
495.3	11.6678
495.601	11.0346
495.903	10.7808
496.204	9.2176
496.505	12.1691
496.805	12.2528
497.107	12.1795
497.407	11.3163
497.709	11.0493
498.009	10.898
498.311	10.3808
498.612	10.2563
498.913	10.1194
499.214	9.72433
499.515	9.85135
499.816	9.54309
500.117	9.48091
500.418	9.48109
500.72	9.39098
501.02	9.41373
501.32	9.35804
501.622	9.39759
501.922	9.35304
502.224	9.3796
502.524	9.3873
502.825	9.28998
503.125	9.23695
503.426	9.08824
503.729	8.97278
504.03	8.72351
504.331	8.60941
504.632	8.20571
504.933	9.13868
505.235	10.4067
505.536	10.4999
505.836	10.0259
506.137	9.61971
506.449	8.59591
506.75	10.6224
507.051	12.214
507.351	12.419
507.653	11.6585
507.954	11.4388
508.255	11.5456
508.557	10.8094
508.859	11.0912
509.16	10.8063
509.46	10.6705
509.762	10.6462
510.063	10.5507
510.364	10.6804
510.665	10.5693
510.965	10.6141
511.266	10.5244
511.567	10.5479
511.868	10.513
512.168	10.4618
512.471	10.4029
512.772	10.2764
513.073	10.1358
513.374	10.0757
513.675	9.67188
513.977	9.50305
514.278	9.10144
514.58	8.74522
514.88	8.22051
515.182	10.5711
515.484	11.0876
515.785	10.706
516.086	10.1236
516.387	13.219
516.689	13.062
516.99	12.7228
517.291	12.3323
517.591	12.384
517.892	11.883
518.194	12.1011
518.495	11.9308
518.796	11.6789
519.097	11.9362
519.398	11.7287
519.7	11.7621
520.002	11.7615
520.304	11.6952
520.605	11.7746
520.906	11.725
521.206	11.6778
521.506	11.6348
521.807	11.4637
522.109	11.4876
522.41	11.17
522.711	11.0655
523.012	10.6504
523.312	10.4627
523.613	10.2136
523.914	9.6591
524.215	12.7537
524.516	12.624
524.818	9.85869
525.119	11.4998
525.419	11.8862
525.721	12.2223
526.022	12.4536
526.323	12.435
526.624	12.4331
526.926	12.526
527.226	12.4294
527.527	12.3703
527.827	12.4416
528.128	12.3888
528.428	12.3882
528.728	12.3798
529.029	12.4422
529.33	12.3761
529.631	12.3618
529.932	12.456
530.234	12.4524
530.535	12.3306
530.835	12.4509
531.136	12.2804
531.438	12.2132
531.739	11.8494
532.039	11.6782
532.341	11.1801
532.642	10.7603
532.943	9.52331
533.243	11.0372
533.544	12.2291
533.846	12.3719
534.147	11.7376
534.449	11.2903
534.751	11.0436
535.052	10.506
535.354	10.5301
535.655	9.94846
535.957	9.79579
536.258	9.80442
536.559	9.36346
536.86	9.47506
537.16	9.27608
537.462	9.24503
537.763	9.24731
538.063	9.19116
538.363	9.18235
538.665	9.14795
538.966	9.17465
539.268	9.18873
539.57	9.1227
539.87	9.11247
540.173	9.00182
540.474	8.8543
540.775	8.72964
541.076	8.47737
541.379	8.23895
541.68	7.93314
541.981	8.91538
542.281	9.9986
542.581	10.2175
542.884	9.92126
543.184	9.33506
543.485	9.23795
543.785	8.81827
544.086	11.3222
544.387	11.9484
544.687	11.9881
544.988	11.0413
545.289	11.16
545.591	11.0564
545.891	10.5948
546.193	10.7292
546.493	10.3399
546.794	10.4333
547.095	10.4636
547.396	10.3474
547.697	10.3187
547.998	10.2946
548.298	10.3083
548.598	10.3089
548.898	10.3164
549.2	10.1958
549.501	10.1221
549.802	10.1202
550.103	9.88631
550.403	9.83298
550.705	9.58222
551.006	9.22228
551.308	9.00914
551.61	8.56652
551.911	8.15799
552.212	10.7858
552.514	11.2517
552.815	9.69874
553.116	12.2633
553.418	13.321
553.719	13.1425
554.02	12.6175
554.321	12.4505
554.623	12.2582
554.923	11.9124
555.225	12.1604
555.526	11.6511
555.826	11.7991
556.127	11.7848
556.428	11.7125
556.73	11.7761
557.032	11.6932
557.333	11.6909
557.634	11.752
557.936	11.6855
558.238	11.6813
558.539	11.6791
558.839	11.4544
559.141	11.4666
559.442	11.1631
559.742	11.0266
560.042	10.7861
560.344	10.4241
560.646	10.0222
560.946	9.65895
561.246	8.91928
561.546	11.718
561.848	12.0471
562.149	10.1461
562.452	11.8278
562.754	12.1773
563.054	12.3516
563.356	12.4487
563.657	12.5451
563.959	12.4073
564.259	12.4159
564.56	12.4235
564.86	12.3886
565.161	12.4426
565.461	12.3952
565.762	12.435
566.064	12.4123
566.365	12.4308
566.666	12.4226
566.967	12.4251
567.269	12.456
567.57	12.2935
567.87	12.3803
568.172	12.28
568.473	12.1265
568.773	12.0188
569.074	11.7019
569.376	11.4171
569.676	11.1706
569.976	10.6385
570.279	10.3174
570.58	10.245
570.881	12.2029
571.182	12.2716
571.483	11.5287
571.783	11.1156
572.083	10.8586
572.385	11.3071
572.685	13.1343
572.986	13.276
573.287	13.0754
573.588	12.5957
573.888	12.5585
574.189	12.2334
574.49	12.1911
574.792	12.0908
575.093	12.0161
575.394	11.9577
575.696	12.0274
575.997	11.9316
576.299	11.9529
576.6	12.0076
576.901	11.9493
577.202	11.9963
577.503	12.0417
577.804	11.9548
578.104	11.8574
578.406	11.6782
578.706	11.5124
579.006	11.1831
579.306	11.0334
579.607	10.6039
579.908	10.2338
580.209	9.68727
580.509	11.5947
580.81	12.2035
581.111	11.9298
581.414	11.3425
581.715	10.9194
582.018	10.5635
582.319	10.2735
582.619	9.90605
582.92	9.7823
583.22	9.30838
583.522	9.4503
583.823	9.13767
584.124	9.21223
584.424	9.07256
584.725	9.05598
585.026	9.04415
585.326	9.02689
585.627	8.98616
585.927	9.03581
586.227	8.95597
586.529	9.06874
586.831	8.93558
587.132	8.81928
587.434	7.53393
587.735	7.51087
588.037	7.79019
588.339	7.93801
588.64	7.77721
588.943	7.47746
589.245	7.68206
589.546	9.27338
589.905	6.59563
590.219	23.1863
590.52	13.5591
590.82	14.5843
591.121	17.4413
591.422	18.3446
591.723	19.2072
592.024	17.8275
592.324	17.1242
592.624	19.6333
592.925	20.2005
593.225	22.1994
593.526	19.1246
594.428	5.49397
594.737	1.04889
595.045	3.38403
595.348	4.16392
595.653	4.80798
595.957	5.48677
596.26	6.13605
596.56	6.7046
596.861	5.83161
597.162	5.701
597.468	6.3872
597.77	6.79322
598.072	4.65006
598.375	3.48537
598.685	2.55241
598.986	1.87752
599.3	1.41263
599.623	1.15147
599.943	0.90133
600.248	1.53399
600.552	2.13125
600.856	2.44286
601.163	2.65707
601.47	2.97636
601.772	3.1742
602.078	3.37626
602.384	3.72707
602.688	3.95076
602.991	3.91337
603.295	4.02961
603.6	4.04802
603.903	4.07513
604.208	4.05595
604.509	4.02462
604.81	4.03766
605.114	3.98649
605.422	4.00808
605.723	3.91207
606.063	6.23539
606.368	6.7711
606.672	7.14154
606.972	7.27191
607.273	7.41777
607.574	7.4574
607.876	7.52412
608.18	7.53357
608.481	7.57517
608.781	7.59889
609.083	7.63192
609.386	7.69016
609.689	7.8297
609.989	7.91908
610.291	7.9533
610.591	7.99401
610.893	8.07451
611.194	8.2418
611.494	8.31303
611.795	8.34054
612.097	8.5539
612.398	8.65466
612.699	8.83382
613.001	8.99328
613.302	9.05484
613.604	9.09434
613.929	8.08117
614.23	8.72117
614.531	9.28669
614.834	9.25371
615.134	9.6296
615.434	9.46998
615.736	9.03087
616.037	8.77126
616.338	8.61442
616.64	8.13438
616.942	8.05691
617.243	7.77638
617.545	7.649
617.845	7.43969
618.146	7.4133
618.449	7.28782
618.749	7.26911
619.05	7.25041
619.35	7.27833
619.653	7.28701
619.955	7.3519
620.255	7.39698
620.558	7.45311
620.86	7.4237
621.161	7.4564
621.462	7.37325
621.766	7.28526
622.068	7.21619
622.37	7.08515
622.67	8.34449
622.971	10.1837
623.271	10.2353
623.572	9.75133
623.873	9.5327
624.174	11.6826
624.476	11.5865
624.776	11.6381
625.077	11.3879
625.379	11.132
625.679	11.1117
625.979	10.6294
626.279	10.8339
626.581	10.5812
626.882	10.6043
627.183	10.7706
627.484	10.6046
627.785	10.675
628.087	10.5823
628.388	10.6164
628.689	10.6542
628.99	10.676
629.291	10.7245
629.591	10.6129
629.892	10.6233
630.194	10.5294
630.495	10.3079
630.796	10.227
631.098	9.88069
631.4	9.65434
631.701	11.8834
632.002	11.8436
632.302	11.8326
632.602	11.4333
632.903	10.6231
633.204	10.3646
633.506	9.78142
633.807	9.5952
634.109	9.10629
634.411	8.97884
634.712	8.67521
635.015	8.53749
635.317	8.49881
635.619	8.25295
635.921	8.27002
636.221	8.15897
636.523	8.2524
636.825	8.20105
637.126	8.21479
637.428	8.25104
637.729	8.30378
638.031	8.31414
638.333	8.28203
638.634	8.25099
638.937	8.09798
639.239	8.10154
639.541	7.90417
639.841	7.71739
640.142	7.46466
640.482	10.0757
640.783	10.7121
641.085	10.966
641.385	11.1793
641.686	11.3661
641.987	11.4038
642.288	11.4848
642.589	11.4492
642.891	11.4889
643.192	11.5226
643.492	11.5748
643.793	11.6451
644.095	11.7643
644.397	11.8421
644.699	11.8466
644.999	11.832
645.3	11.8108
645.601	11.864
645.903	11.8087
646.205	11.8682
646.506	11.8332
646.807	11.8467
647.109	11.7058
647.411	11.5657
647.712	11.3044
648.013	11.0636
648.315	10.6889
648.615	11.2585
648.917	11.9511
649.218	11.7928
649.518	11.7855
649.819	11.3437
650.122	10.9223
650.422	10.664
650.722	10.3908
651.023	10.1235
651.324	10.0181
651.626	9.73414
651.928	9.82826
652.229	9.55585
652.531	9.68396
652.834	9.60595
653.134	9.59342
653.436	9.62612
653.738	9.60411
654.04	9.63109
654.34	9.669
654.642	9.74377
654.943	9.68996
655.246	9.66028
655.546	9.54847
655.848	9.49011
656.148	9.23033
656.449	9.11894
656.749	8.77745
657.05	10.4975
657.351	11.4517
657.653	11.5182
657.953	12.3472
658.254	13.5996
658.554	13.5897
658.855	13.0073
659.156	12.6935
659.457	12.6967
659.759	12.1755
660.061	12.2437
660.361	12.1852
660.662	11.8985
660.963	12.2163
661.265	12.0572
661.565	11.93
661.866	12.3434
662.167	12.0225
662.467	12
662.769	12.3467
663.07	12.0068
663.372	12.0251
663.673	11.9523
663.975	11.7692
664.277	11.6869
664.578	11.3418
664.88	11.2619
665.181	10.9946
665.481	10.4704
665.783	10.2587
666.084	13.764
666.385	12.5882
666.687	11.0995
666.987	12.4067
667.288	12.5061
667.589	12.9608
667.889	13.1497
668.189	13.0336
668.49	13.0571
668.792	13.0592
669.093	13.0971
669.394	13.0756
669.695	13.0715
669.997	13.1289
670.299	13.0513
670.6	13.1576
670.901	13.0502
671.201	13.0381
671.502	13.0784
671.804	12.9973
672.105	13.0294
672.406	12.9853
672.706	12.9389
673.007	12.8588
673.307	12.5954
673.609	12.2406
673.91	12.0391
674.212	10.4769
674.514	10.6209
674.816	10.3631
675.118	9.84889
675.42	12.1181
675.722	12.2219
676.022	11.8627
676.323	11.2753
676.624	11.1467
676.925	10.437
677.227	10.2809
677.528	9.84608
677.83	9.82899
678.13	9.41689
678.433	9.44388
678.733	9.26567
679.034	9.25667
679.336	9.15719
679.637	9.2197
679.938	9.19224
680.239	9.15541
680.54	9.2214
680.842	9.17524
681.143	9.2005
681.444	9.24369
681.745	9.16841
682.047	9.04417
682.348	9.00872
682.65	8.73584
682.951	8.63607
683.254	8.48201
683.556	8.71852
683.858	7.73364
684.158	9.59963
684.459	9.69756
684.759	9.51978
685.061	9.13007
685.363	8.91621
685.665	8.44694
685.968	8.21538
686.27	7.85412
686.571	7.73093
686.873	7.48553
687.173	7.3569
687.473	7.26478
687.774	7.19211
688.076	7.21372
688.377	7.10142
688.679	7.18711
688.981	7.20932
689.284	7.16858
689.586	7.22287
689.889	7.21213
690.189	7.22945
690.491	7.20616
690.791	7.23218
691.093	7.11607
691.394	6.964
691.695	6.98496
691.997	8.35774
692.298	9.42907
692.599	10.0887
692.9	8.74274
693.201	8.91296
693.503	9.72318
693.804	10.1773
694.105	10.2994
694.405	10.3977
694.706	10.3675
695.006	10.3477
695.307	10.3231
695.609	10.3289
695.911	10.3403
696.213	10.3364
696.515	10.3469
696.815	10.303
697.116	10.3584
697.418	10.3297
697.72	10.3281
698.022	10.3998
698.322	10.3385
698.624	10.3839
698.925	10.4555
699.225	10.3866
699.526	10.3253
699.828	10.1453
700.128	9.92906
700.429	9.65279
700.73	9.41187
701.031	9.59058
701.332	10.6429
701.634	10.921
701.936	10.9194
702.238	10.4087
702.54	10.0813
702.842	9.85935
703.145	9.40514
703.445	9.29239
703.747	8.91834
704.049	8.80466
704.35	8.57066
704.652	8.50335
704.953	8.45931
705.253	8.39133
705.555	8.43462
705.856	8.37166
706.159	8.32857
706.46	8.28405
706.762	8.34727
707.062	8.35894
707.362	8.34797
707.663	8.30342
707.963	8.23736
708.263	8.15506
708.565	8.04492
708.867	7.85844
709.168	7.57272
709.468	7.51425
709.77	9.58247
710.072	10.2574
710.394	9.61823
710.694	10.0328
710.996	10.5624
711.297	10.8873
711.599	11.0224
711.899	11.0095
712.2	11.0376
712.501	10.9542
712.803	11.0079
713.103	10.9527
713.403	10.8759
713.704	10.9256
714.004	10.8682
714.306	10.9069
714.607	10.904
714.908	10.8683
715.208	10.9346
715.51	10.9302
715.812	11.0044
716.114	11.0042
716.415	10.9047
716.717	10.9276
717.018	10.741
717.32	10.59
717.621	10.3688
717.923	10.0456
718.225	9.76287
718.526	9.56962
718.827	11.8944
719.128	12.0945
719.428	11.549
719.728	11.0773
720.029	10.6094
720.33	11.8201
720.632	13.1692
720.932	13.2162
721.234	12.7043
721.535	12.4383
721.836	12.3036
722.138	12.0121
722.439	12.0681
722.74	11.9097
723.041	11.7387
723.343	11.8473
723.645	11.7709
723.946	11.7425
724.248	11.7761
724.548	11.8173
724.849	11.7193
725.15	11.7416
725.451	11.7194
725.752	11.6313
726.054	11.6105
726.354	11.4162
726.656	11.3319
726.958	10.9291
727.259	10.798
727.56	10.3251
727.862	10.0602
728.164	9.55468
728.464	11.6602
728.765	12.3309
729.065	11.7338
729.367	11.0201
729.668	11.1854
729.968	9.89459
730.269	12.8728
730.571	13.0596
730.872	12.913
731.174	12.6112
731.475	12.5264
731.776	12.3086
732.076	12.0607
732.377	12.229
732.678	11.9116
732.98	11.9454
733.282	12.0023
733.583	11.9353
733.884	11.878
734.186	11.8639
734.487	11.9647
734.788	11.8696
735.09	11.9219
735.391	11.8599
735.691	11.6933
735.992	11.683
736.294	11.3793
736.594	11.1959
736.894	10.9945
737.195	10.6799
737.497	10.4318
737.798	9.91855
738.099	12.2554
738.401	12.5869
738.701	11.9579
739.003	11.405
739.304	11.5085
739.604	11.5583
739.905	13.8399
740.205	13.8274
740.506	13.0414
740.807	12.9474
741.108	12.8298
741.409	12.2923
741.71	12.6807
742.012	12.3209
742.313	12.1607
742.614	12.2717
742.916	12.1775
743.216	12.173
743.518	12.2439
743.82	12.1768
744.121	12.1743
744.422	12.15
744.724	12.1671
745.025	12.1003
745.326	11.9751
745.627	11.7851
745.928	11.7242
746.23	11.4963
746.53	11.0983
746.831	10.8502
747.132	10.5624
747.432	9.59235
747.733	12.6686
748.033	12.6462
748.334	11.8405
748.636	11.3858
748.937	11.3002
749.239	10.6275
749.541	10.4815
749.842	10.1216
750.144	9.91677
750.445	9.74377
750.748	9.60408
751.048	9.37727
751.35	9.45467
751.652	9.36309
751.954	9.2858
752.255	9.39629
752.557	9.30597
752.858	9.31935
753.16	9.31957
753.462	9.29306
753.763	9.24787
754.065	9.14637
754.365	9.07856
754.667	9.02419
754.968	8.83067
755.269	8.62863
755.571	8.48372
755.872	8.03418
756.172	7.89807
756.473	7.55487
756.773	10.2199
757.074	10.5076
757.375	9.80596
757.675	11.3445
757.976	12.3483
758.277	12.5378
758.577	12.018
758.879	11.8607
759.181	11.8521
759.483	11.3216
759.784	11.4759
760.084	11.1172
760.386	11.1628
760.687	11.257
760.987	11.1019
761.288	11.1494
761.589	11.0947
761.89	11.1056
762.19	11.1092
762.49	11.1016
762.792	11.1251
763.093	10.9358
763.394	10.962
763.695	10.7993
763.997	10.6234
764.299	10.417
764.6	10.1856
764.902	9.81132
765.203	9.52563
765.505	8.48815
765.806	11.1758
766.107	11.7037
766.407	11.3819
766.708	10.6579
767.008	10.3449
767.31	10.1339
767.612	9.87038
767.913	12.4755
768.214	12.632
768.514	12.2593
768.815	11.8321
769.116	11.8174
769.418	11.4221
769.718	11.5164
770.019	11.2513
770.32	11.2704
770.621	11.1816
770.923	11.152
771.223	11.1787
771.525	11.1279
771.826	11.1641
772.128	11.1314
772.429	11.1564
772.73	11.1573
773.032	11.0647
773.334	11.0107
773.634	10.8184
773.936	10.7673
774.238	10.4183
774.539	10.2742
774.841	9.90814
775.143	9.62049
775.443	8.74893
775.744	10.63
776.044	11.7426
776.345	11.1748
776.646	10.7182
776.948	10.3309
777.248	9.93956
777.549	9.53891
777.851	9.29651
778.152	9.04711
778.454	8.71201
778.756	8.65784
779.058	8.35236
779.36	8.48682
779.662	8.24008
779.962	8.23562
780.264	8.19803
780.565	8.19214
780.865	8.07969
781.167	8.12427
781.468	8.12947
781.769	8.13987
782.069	8.06512
782.37	8.01239
782.671	7.9328
782.975	7.70753
783.277	7.70429
783.579	7.39774
783.881	7.17971
784.184	6.9776
784.484	8.10455
784.787	9.68548
785.088	9.56409
785.39	9.21393
785.692	9.8146
785.993	11.5221
786.293	11.7543
786.595	11.5325
786.897	11.1241
787.198	11.1722
787.499	10.7459
787.8	10.665
788.101	10.595
788.403	10.2844
788.705	10.4502
789.006	10.3591
789.306	10.3154
789.608	10.3423
789.909	10.2865
790.211	10.2656
790.512	10.2637
790.814	10.338
791.114	10.2312
791.416	10.144
791.717	10.1591
792.018	9.86607
792.32	9.85017
792.62	9.59349
792.923	9.24093
793.225	9.13227
793.526	8.6163
793.827	10.6393
794.127	11.3142
794.429	10.9623
794.731	10.3264
795.033	9.96939
795.335	9.90804
795.636	12.0155
795.938	12.3699
796.241	12.322
796.542	11.8589
796.843	11.7603
797.143	11.5011
797.444	11.3325
797.746	11.2448
798.047	11.2413
798.349	11.1374
798.649	11.1034
798.95	11.1506
799.251	11.0781
799.553	11.141
799.854	11.0662
800.156	11.0735
800.457	11.1365
800.759	11.0331
801.059	10.914
801.361	10.933
801.662	10.6672
801.963	10.5441
802.265	10.3636
802.565	9.86796
802.867	9.82306
803.168	9.01952
803.469	10.1478
803.771	11.771
804.072	11.5105
804.374	10.6669
804.674	10.6357
804.975	9.77279
805.275	12.7384
805.575	12.9945
805.877	12.6902
806.177	12.153
806.479	12.4149
806.779	11.8175
807.08	11.7359
807.38	11.75
807.681	11.4856
807.983	11.6455
808.285	11.5299
808.585	11.5173
808.885	11.5768
809.186	11.5089
809.487	11.5344
809.788	11.4827
810.09	11.5257
810.391	11.4149
810.691	11.3112
810.992	11.2819
811.292	10.998
811.595	10.8366
811.896	10.6467
812.198	10.3252
812.498	9.97931
812.8	9.54793
813.101	8.64436
813.403	11.4997
813.703	11.8295
814.005	11.1531
814.306	10.9001
814.607	9.80247
814.909	12.0187
815.21	13.1048
815.511	13.0565
815.812	12.4892
816.112	12.4375
816.413	12.2685
816.715	11.8504
817.017	12.0194
817.319	11.6814
817.619	11.7849
817.921	11.7653
818.221	11.6676
818.523	11.7871
818.823	11.735
819.125	11.7018
819.426	11.7215
819.726	11.7473
820.027	11.6474
820.328	11.5222
820.63	11.4934
820.93	11.3505
821.232	11.1369
821.532	10.9061
821.834	10.5345
822.136	10.4012
822.438	9.82401
822.74	9.49964
823.042	11.488
823.343	12.0744
823.643	11.6574
823.944	11.0221
824.245	10.8
824.545	10.8293
824.846	13.2947
825.146	13.2659
825.447	12.8402
825.748	12.4222
826.049	12.4503
826.351	12.0551
826.653	12.0505
826.954	11.9548
827.255	11.7588
827.556	11.8353
827.858	11.8398
828.159	11.7414
828.46	11.882
828.762	11.7435
829.062	11.7544
829.362	11.8205
829.664	11.7625
829.966	11.7029
830.268	11.6012
830.568	11.4283
830.869	11.3214
831.171	11.0435
831.473	10.7937
831.774	10.637
832.076	10.059
832.376	9.90871
832.677	9.29806
832.978	12.6912
833.278	12.0347
833.579	11.1128
833.881	11.3932
834.181	9.54331
834.483	13.4224
834.784	13.4107
835.085	13.1586
835.387	12.5841
835.688	12.6908
835.99	12.3672
836.292	12.0573
836.593	12.1094
836.894	11.8951
837.195	12.0147
837.496	11.9743
837.797	11.8845
838.097	11.9688
838.397	11.9162
838.699	11.8434
839.001	11.9423
839.303	11.9324
839.603	11.8054
839.905	11.7403
840.206	11.68
840.507	11.4543
840.808	11.3208
841.11	11.0109
841.411	10.7734
841.713	10.4319
842.015	9.9228
842.318	9.77263
842.619	12.0709
842.919	12.2555
843.221	11.6242
843.522	11.1441
843.824	10.8598
844.124	10.0625
844.426	13.2658
844.727	13.4309
845.028	12.8994
845.329	12.4899
845.631	12.6869
845.932	12.1101
846.233	12.1767
846.533	12.0784
846.834	11.888
847.136	12.0231
847.436	11.9373
847.736	11.8749
848.038	11.9999
848.339	11.9272
848.639	11.9139
848.941	11.9473
849.242	11.869
849.543	11.8126
849.844	11.6951
850.145	11.5901
850.446	11.3842
850.747	11.0709
851.049	11.0365
851.351	10.4429
851.652	10.3046
851.953	9.19009
852.254	11.7911
852.555	12.388
852.857	11.5378
853.158	11.3666
853.458	10.9317
853.759	11.2969
854.06	13.5129
854.362	13.5646
854.662	12.8641
854.962	12.8371
855.263	12.7159
855.564	12.2237
855.865	12.5015
856.165	12.2252
856.466	12.0902
856.768	12.3353
857.069	12.1011
857.37	12.1887
857.671	12.1227
857.973	12.1072
858.274	12.1731
858.576	12.0883
858.877	12.0587
859.179	12.0463
859.479	11.7572
859.779	11.8147
860.08	11.4396
860.382	11.2991
860.683	11.0522
860.985	10.6068
861.286	10.3715
861.587	10.315
861.889	12.4416
862.19	12.4137
862.493	11.623
862.793	11.6295
863.093	11.0328
863.395	11.7496
863.696	13.9032
863.996	13.5973
864.297	12.871
864.597	13.1849
864.898	12.6004
865.199	12.5732
865.499	12.6292
865.8	12.1972
866.102	12.4651
866.402	12.5156
866.703	12.2672
867.005	12.3766
867.306	12.3608
867.608	12.3164
867.908	12.3635
868.21	12.3518
868.511	12.1935
868.811	12.1468
869.112	12.1059
869.413	11.8296
869.713	11.734
870.014	11.4288
870.314	11.1338
870.615	10.8303
870.915	10.3897
871.216	10.0381
871.517	11.5349
871.817	12.3138
872.117	11.8342
872.418	11.2531
872.719	11.1262
873.019	10.6224
873.32	10.1776
873.621	10.162
873.923	9.66321
874.223	9.67232
874.523	9.58573
874.826	9.24103
875.128	9.34046
875.429	9.17619
875.729	9.23042
876.03	9.16178
876.331	9.16208
876.633	9.14468
876.936	9.12571
877.238	9.13108
877.54	9.07356
877.84	9.03446
878.14	8.87188
878.441	8.81087
878.744	8.68209
879.046	8.50385
879.346	8.22051
879.648	8.03553
879.948	7.55324
880.249	8.57619
880.551	9.7338
880.853	9.9362
881.153	9.55637
881.454	9.09762
881.756	8.91423
882.057	8.56928
882.357	10.8282
882.659	11.3372
882.959	11.3855
883.26	10.8943
883.562	10.8031
883.862	10.6559
884.165	10.2471
884.467	10.2821
884.769	10.144
885.069	10.0554
885.369	10.077
885.669	9.99559
885.97	9.99485
886.27	9.97747
886.572	9.99379
886.872	10.0141
887.174	9.98433
887.476	9.93748
887.778	9.93774
888.079	9.73385
888.38	9.71741
888.68	9.51615
888.98	9.27038
889.283	9.04253
889.585	8.79096
889.887	8.37788
890.189	8.58935
890.491	10.6448
890.791	10.8679
891.092	10.4251
891.393	9.84809
891.693	9.67987
891.994	10.2474
892.295	12.1471
892.595	12.35
892.897	11.8985
893.198	11.5067
893.5	11.5638
893.802	11.0467
894.104	11.1641
894.405	10.9263
894.706	10.7981
895.007	10.8592
895.308	10.7707
895.608	10.8214
895.908	10.7123
896.21	10.809
896.512	10.7783
896.813	10.7767
897.114	10.7389
897.415	10.6706
897.718	10.5723
898.019	10.5152
898.319	10.3482
898.62	10.2792
898.922	9.91792
899.223	8.62939
899.525	9.07186
899.827	9.61219
900.128	11.4182
900.439	7.5068
900.767	22.0676
901.067	13.2754
901.367	10.9576
902.053	2.78013
903.177	0.0320398
903.479	0.158894
903.779	0.16
904.105	0.147102
904.454	0.241209
904.757	0.395295
905.059	0.59646
905.363	0.749308
905.669	0.863482
905.971	0.833848
906.299	0.914762
906.64	0.738395
906.945	1.06212
907.261	1.21764
907.563	1.27125
907.875	1.26904
908.188	1.2244
908.5	1.15562
908.816	1.13794
909.117	1.11919
909.42	1.34481
909.723	1.42534
910.029	1.41233
910.338	1.43617
910.646	1.55805
910.949	1.66273
911.25	1.79707
911.555	2.00512
911.867	2.19567
912.173	2.46285
912.481	2.88308
912.789	3.08195
913.091	3.34274
913.4	3.45669
913.702	3.61309
914.009	3.63229
914.313	3.75087
914.614	3.7881
914.92	3.88189
915.225	3.89101
915.526	3.90853
915.832	5.0991
916.136	6.2488
916.439	6.73105
916.742	6.84185
917.042	6.19208
917.344	7.79935
917.645	8.55832
917.947	8.92504
918.249	9.18128
918.551	9.00217
918.851	8.79144
919.152	8.62999
919.452	8.50963
919.755	8.3688
920.055	8.2657
920.357	8.1915
920.66	8.09004
920.961	8.09045
921.262	8.01429
921.564	8.06266
921.866	8.0074
922.168	7.97264
922.469	7.95483
922.771	7.94329
923.073	7.88134
923.373	7.83634
923.675	7.71795
923.976	7.61127
924.278	7.35499
924.579	7.21215
924.881	6.99063
925.182	6.61628
925.483	9.16795
925.785	9.54887
926.087	9.15786
926.389	8.74023
926.69	7.69646
926.992	10.7265
927.293	11.3305
927.595	11.3317
927.896	10.7293
928.197	10.7305
928.498	10.3526
928.8	10.2625
929.102	10.1726
929.404	9.92157
929.705	9.99848
930.005	9.83477
930.307	9.85248
930.608	9.75351
930.91	9.7707
931.212	9.77962
931.512	9.75527
931.813	9.72629
932.114	9.70624
932.416	9.6672
932.717	9.6054
933.019	9.52837
933.321	9.32446
933.623	9.17769
933.925	8.8441
934.227	8.81299
934.53	8.30215
934.831	10.1575
935.133	10.7608
935.435	10.6068
935.738	10.0397
936.038	9.95878
936.338	8.53995
936.639	12.0813
936.941	12.6185
937.242	12.146
937.542	11.7064
937.844	11.7469
938.145	11.1888
938.447	11.2064
938.749	10.9732
939.051	10.9239
939.352	10.8712
939.654	10.7566
939.954	10.935
940.255	10.7196
940.557	10.7698
940.858	10.7736
941.16	10.7422
941.462	10.7321
941.764	10.7265
942.065	10.6671
942.366	10.5343
942.667	10.4419
942.969	10.2581
943.27	10.0685
943.571	9.70488
943.871	9.66148
944.174	9.05119
944.474	8.94054
944.776	10.9407
945.077	11.3844
945.378	11.024
945.68	10.292
945.981	10.3142
946.281	8.71923
946.583	12.1685
946.883	12.8994
947.185	12.4683
947.485	11.7915
947.787	11.9978
948.088	11.4611
948.39	11.4974
948.692	11.3407
948.992	11.0999
949.292	11.2364
949.594	11.0837
949.895	11.1591
950.196	11.1294
950.497	11.0939
950.797	11.1391
951.099	11.1421
951.4	11.0948
951.702	11.0435
952.002	10.9423
952.304	10.8962
952.604	10.785
952.905	10.5429
953.207	10.4103
953.509	9.97802
953.809	9.7882
954.11	9.3289
954.411	8.26443
954.711	10.9804
955.012	12.0067
955.313	11.1034
955.615	10.7291
955.915	9.73604
956.215	12.7165
956.517	13.1284
956.817	12.9093
957.119	12.3303
957.42	12.4091
957.721	11.8378
958.021	11.908
958.323	11.8019
958.625	11.54
958.925	11.7064
959.225	11.5127
959.526	11.5673
959.828	11.5399
960.128	11.4852
960.429	11.5048
960.73	11.5378
961.031	11.4827
961.332	11.5025
961.632	11.3972
961.933	11.2185
962.233	11.2217
962.535	10.9836
962.835	10.7774
963.137	10.5507
963.438	10.1883
963.739	9.90536
964.039	9.11491
964.34	12.7566
964.641	12.2113
964.944	11.4009
965.245	11.3179
965.546	10.9962
965.846	13.1381
966.147	13.1068
966.447	13.1046
966.748	12.9758
967.049	12.6635
967.35	12.6548
967.652	12.2769
967.953	12.3286
968.254	12.3224
968.555	12.1263
968.855	12.3129
969.156	12.1888
969.458	12.1886
969.758	12.2271
970.058	12.154
970.36	12.167
970.661	12.18
970.962	12.1013
971.263	11.983
971.564	11.9768
971.864	11.7374
972.165	11.4321
972.466	11.2976
972.768	10.8633
973.068	10.423
973.369	10.1699
973.671	10.1344
973.972	12.6003
974.274	12.4512
974.576	11.6497
974.876	14.1169
975.177	14.3997
975.478	14.0186
975.778	13.5345
976.079	13.684
976.381	13.2693
976.682	13.27
976.983	13.1949
977.284	13.0066
977.586	12.9604
977.887	12.9991
978.188	13.0013
978.489	12.9758
978.79	12.9958
979.092	12.9927
979.393	12.981
979.694	12.9906
979.995	12.9357
980.296	12.8241
980.598	12.6816
980.899	12.5217
981.2	12.1672
981.501	12.1149
981.801	11.5298
982.102	11.3303
982.403	10.0188
982.704	10.348
983.005	9.66112
983.305	11.4618
983.606	11.3388
983.908	11.3247
984.21	11.0058
984.51	10.6241
984.811	10.2842
985.113	10.0629
985.415	9.66236
985.715	9.51006
986.017	9.39246
986.318	9.00547
986.618	9.10264
986.919	8.77458
987.219	8.8772
987.52	8.79504
987.821	8.75268
988.122	8.81171
988.424	8.66925
988.725	8.83464
989.027	8.71562
989.327	8.79329
989.627	8.6771
989.93	8.6041
990.231	8.52816
990.534	8.36781
990.836	8.18935
991.137	7.95487
991.438	7.69664
991.738	7.35906
992.039	7.5824
992.339	9.43477
992.64	9.70495
992.941	9.53932
993.243	8.98041
993.545	8.83033
993.847	9.95105
994.148	11.3235
994.449	11.4978
994.751	11.2373
995.052	10.9596
995.355	10.8839
995.656	10.4824
995.956	10.4572
996.258	10.2732
996.558	10.1571
996.859	10.1844
997.16	10.0155
997.462	10.108
997.762	10.0581
998.064	10.0118
998.365	10.0757
998.665	10.0345
998.965	8.91939
999.265	9.35971
999.567	10.0992
999.867	9.86747
1000.86	1.29471
