10.4053	2.5559
10.7394	9.01349
11.0431	8.33891
11.3462	8.0761
11.6503	8.04928
11.9887	1.66678
12.2928	3.82724
12.597	7.41774
12.9011	8.64087
13.2042	9.97739
13.5083	11.5233
13.8123	13.339
14.1134	15.0663
14.4139	15.934
14.7144	16.6927
15.0152	13.0467
15.3172	15.4127
15.6181	16.3553
15.9196	16.356
16.2201	16.2535
16.5211	16.1454
16.8216	16.3333
17.1237	16.2878
17.4247	16.4244
17.7257	16.544
18.0267	16.8231
18.3277	16.9028
18.6293	17.0325
18.9298	17.2918
19.2313	17.3509
19.5318	17.4914
19.8333	17.4305
20.1338	17.731
20.4348	17.6204
20.7364	17.6693
21.0379	17.6693
21.3384	17.8109
21.6389	17.8508
21.9394	17.8508
22.2404	17.9393
22.5409	18.0505
22.8419	18.0988
23.1434	18.1866
23.4445	18.4177
23.7445	15.2761
24.0451	16.5693
24.3461	16.8231
24.6476	16.4356
24.9487	16.265
25.2491	14.3784
25.5493	14.4718
25.8495	14.7078
26.15	14.4564
26.4505	14.2168
26.751	14.0171
27.052	14.1122
27.3536	14.207
27.6551	14.406
27.9566	14.4856
28.2582	14.605
28.5587	14.696
28.8602	14.804
29.1607	14.7759
29.4622	14.8836
29.7627	14.8557
30.0637	14.9095
30.3648	14.8298
30.6663	14.8836
30.9668	14.9755
31.2673	14.8957
31.5678	15.0953
31.8693	15.1223
32.1708	15.3213
32.4713	15.4548
32.7718	15.7343
33.0728	15.8663
33.3729	13.3169
33.6738	14.3973
33.9745	15.127
34.2755	14.8298
34.576	14.6161
34.8773	14.6166
35.1785	14.9773
35.479	13.1012
35.7801	13.0709
36.0816	13.2519
36.3832	12.854
36.6837	12.5795
36.9847	12.5974
37.2852	12.9788
37.5856	12.9389
37.8861	13.2184
38.1866	13.3782
38.4887	13.4275
38.7902	13.6101
39.0907	13.5778
39.3912	13.6577
39.6917	13.7376
39.9932	13.6897
40.2948	13.6897
40.5953	13.7376
40.8968	13.8091
41.1978	13.8332
41.4999	13.8645
41.8004	13.9372
42.1009	14.097
42.4014	14.2168
42.7029	14.406
43.005	14.6193
43.306	14.9494
43.6066	12.4538
43.9147	13.5931
44.2152	13.2184
44.5404	11.2195
44.8454	11.093
45.1475	11.1234
45.4485	10.4845
45.7495	10.4845
46.051	10.8244
46.3515	10.9421
46.6531	11.0234
46.9536	11.3814
47.2546	11.242
47.5566	11.4412
47.8571	11.5012
48.1587	11.3816
48.4592	11.5012
48.7597	11.5012
49.0612	11.5407
49.3617	11.5811
49.6632	11.5805
49.9637	11.5811
50.2647	11.7203
50.5663	11.7397
50.8678	11.938
51.1683	12.101
51.4704	12.2755
51.7714	12.5974
52.0735	12.9111
52.3755	13.1892
52.6907	11.2713
52.9969	12.2271
53.2984	11.5805
53.6005	11.5207
53.9015	11.8399
54.2025	12.3592
54.5145	11.0366
54.8213	11.0315
55.1233	11.2426
55.4244	10.5642
55.7254	10.5642
56.0259	10.7025
56.3274	10.9438
56.6284	11.0825
56.9289	11.2616
57.231	11.322
57.5315	11.5012
57.832	11.4213
58.1335	11.4611
58.434	11.5012
58.7355	11.4611
59.0371	11.5407
59.3376	11.5012
59.6396	11.5207
59.9412	11.6601
60.2417	11.5412
60.5421	11.8207
60.8437	11.8591
61.1447	12.1589
61.4452	12.1801
61.7467	12.5754
62.0488	12.8316
62.3493	13.2184
62.6497	11.7431
62.9512	11.9398
63.2517	11.5412
63.5858	9.9501
63.8891	9.77297
64.1905	10.1905
64.491	9.70415
64.792	9.60749
65.0925	9.58435
65.3941	9.94891
65.6961	9.89188
65.9982	10.1302
66.2992	10.2055
66.6002	10.1257
66.9018	10.3469
67.2023	10.2233
67.5038	10.2673
67.8043	10.3032
68.1058	10.2673
68.4079	10.3289
68.7105	10.3506
69.0126	10.4083
69.3146	10.4083
69.6156	10.644
69.9167	10.6838
70.2171	10.9022
70.5176	11.1418
70.8191	11.3825
71.1207	11.7388
71.4228	12.1573
71.7243	12.654
72.0244	9.87801
72.326	10.9396
72.6276	10.6652
72.9286	10.9629
73.2307	11.5604
73.5316	10.3673
73.8321	10.1039
74.1325	10.5838
74.433	10.8223
74.734	10.6041
75.0361	10.3289
75.3377	10.2275
75.6381	10.3431
75.9392	10.4048
76.2412	10.4083
76.5422	10.5244
76.8433	10.4447
77.1458	10.4696
77.4474	10.506
77.7489	10.506
78.0494	10.5428
78.3499	10.5428
78.6504	10.5827
78.9514	10.644
79.2519	10.7025
79.5534	10.904
79.8539	10.9421
80.1544	11.2217
80.4554	11.4811
80.7575	11.8385
81.058	12.22
81.3601	12.7125
81.6605	10.545
81.9612	11.4939
82.2617	11.2217
82.5632	10.9836
82.8653	11.5207
83.1657	11.9015
83.4673	9.90643
83.7694	10.5289
84.0708	10.9483
84.3729	11.0042
84.6744	10.9438
84.9759	10.904
85.277	10.8034
85.5774	10.8223
85.8779	10.8223
86.1789	10.8433
86.4805	10.904
86.782	10.904
87.0836	10.904
87.3851	10.904
87.6856	10.943
87.9861	10.9412
88.2876	10.904
88.5892	11.0234
88.8912	11.0042
89.1923	11.1224
89.4943	11.2029
89.7948	11.3415
90.0958	11.6007
90.3974	11.8591
90.6989	12.0979
91.0004	12.5356
91.3009	11.0632
91.6022	11.1104
91.9043	10.8453
92.2053	10.7237
92.5074	11.4015
92.8095	11.6001
93.1274	9.13473
93.4287	10.3554
93.7291	9.62428
94.0296	9.54441
94.3312	9.78973
94.6327	10.0683
94.9348	10.0905
95.2368	10.4481
95.5379	10.3649
95.8399	10.4878
96.1404	10.7025
96.442	10.506
96.7424	10.6227
97.0445	10.6467
97.3455	10.6838
97.6465	10.6838
97.947	10.6227
98.2475	10.7425
98.5491	10.8244
98.8506	10.7846
99.1511	11.022
99.4516	11.2217
99.7531	11.3418
100.055	11.759
100.356	11.9994
100.657	12.4996
100.958	11.1051
101.26	11.3262
101.561	10.9821
101.861	10.7824
102.163	11.302
102.465	11.6796
102.765	9.82002
103.066	10.2287
103.366	10.4629
103.668	10.2275
103.97	10.0111
104.272	9.97133
104.573	10.3469
104.874	10.2055
105.176	10.5275
105.477	10.5244
105.779	10.506
106.079	10.7025
106.381	10.5856
106.682	10.6227
106.983	10.6652
107.284	10.6227
107.585	10.6652
107.886	10.7425
108.187	10.7237
108.487	10.8623
108.789	10.9836
109.09	11.1224
109.391	11.3418
109.693	11.6796
109.995	11.9179
110.296	12.2999
110.604	11.208
110.912	11.2019
111.214	11.1631
111.515	10.7636
111.817	11.1631
112.117	11.5811
112.418	11.9605
112.719	12.8191
113.02	10.8256
113.321	10.476
113.623	10.5856
113.924	10.5428
114.224	10.4629
114.526	10.5275
114.827	10.6626
115.128	10.7846
115.43	10.9438
115.731	11.1224
116.032	11.0028
116.333	11.2224
116.634	11.1817
116.935	11.2224
117.236	11.2616
117.537	11.2224
117.839	11.302
118.139	11.2616
118.441	11.3418
118.742	11.3616
119.043	11.4611
119.344	11.5811
119.645	11.7203
119.945	11.8606
120.247	12.3152
120.55	12.5138
120.851	12.8764
121.175	11.7552
121.481	11.7715
121.783	11.8782
122.084	11.6007
122.385	11.7009
122.687	12.0768
122.988	12.4162
123.289	12.8191
123.59	13.0359
123.891	13.3315
124.193	13.5305
124.494	13.8887
124.795	13.8574
125.096	14.0081
125.397	14.1369
125.698	14.192
125.999	14.2717
126.299	14.2967
126.6	14.2967
126.901	14.3264
127.202	14.3765
127.502	14.4165
127.803	14.471
128.104	14.471
128.405	14.5906
128.707	14.6448
129.008	14.8438
129.309	15.0291
129.61	15.2683
129.912	15.5075
130.212	12.2868
130.513	14.0662
130.813	14.097
131.114	13.7136
131.415	13.8332
131.716	14.2168
132.028	11.2066
132.33	12.7019
132.63	12.22
132.932	11.8782
133.233	11.9197
133.534	12.119
133.835	12.2784
134.137	12.4344
134.438	12.6372
134.739	12.6194
135.04	12.8142
135.341	12.8366
135.642	12.8366
135.943	12.859
136.244	12.8938
136.545	12.9389
136.845	12.9389
137.146	13.0359
137.449	12.9508
137.75	13.0758
138.05	13.1385
138.352	13.2917
138.652	13.3782
138.953	13.594
139.254	13.8973
139.555	14.1275
139.856	14.4963
140.156	11.5086
140.458	12.9537
140.759	12.456
141.078	10.8387
141.385	10.9092
141.687	10.7985
141.988	10.3032
142.291	10.2316
142.591	10.6227
142.891	10.7025
143.192	10.8223
143.492	11.2217
143.794	10.9836
144.095	11.242
144.397	11.302
144.698	11.2224
144.999	11.3415
145.3	11.302
145.601	11.3217
145.902	11.4014
146.204	11.3418
146.505	11.3816
146.806	11.4811
147.108	11.5805
147.408	11.7808
147.709	11.8001
148.01	12.22
148.312	12.3946
148.613	12.717
148.914	13.0132
149.216	10.2819
149.517	11.5853
149.817	11.3415
150.119	11.3418
150.42	11.8798
150.72	10.4245
151.021	10.4555
151.322	10.2055
151.623	9.84668
151.924	9.84668
152.227	10.2931
152.528	10.3333
152.83	10.5374
153.131	10.8034
153.431	10.6227
153.733	10.885
154.034	10.8433
154.335	10.7824
154.635	10.9421
154.936	10.8433
155.239	10.885
155.54	10.904
155.842	10.9438
156.144	11.0042
156.445	11.0426
156.745	11.2616
157.046	11.3415
157.346	11.621
157.647	11.8207
157.948	12.119
158.249	12.4778
158.55	12.8366
158.85	11.4644
159.152	11.5445
159.452	11.3015
159.754	11.1428
160.055	11.6601
160.357	12.0183
160.668	9.44923
160.968	10.8353
161.268	10.0236
161.57	9.97133
161.871	10.1257
162.174	10.3686
162.476	10.4083
162.778	10.7261
163.079	10.7846
163.381	10.885
163.683	10.904
163.985	10.8661
164.286	10.9421
164.586	10.9421
164.888	10.904
165.188	10.9421
165.489	10.9421
165.789	10.9821
166.091	11.0042
166.394	11.2029
166.696	11.2823
166.996	11.4613
167.298	11.7397
167.599	11.8798
167.901	12.3549
168.203	12.5933
168.503	13.1785
168.819	11.1799
169.126	12.2757
169.428	11.7987
169.73	11.4809
170.031	11.8399
170.332	12.3764
170.635	9.49231
170.935	10.2524
171.236	10.0236
171.537	9.90911
171.839	10.3469
172.139	10.4629
172.44	10.5642
172.742	11.0234
173.044	10.8642
173.346	11.0439
173.646	11.1817
173.948	11.1428
174.248	11.2616
174.55	11.2224
174.852	11.2823
175.154	11.2823
175.454	11.2616
175.756	11.3418
176.056	11.3814
176.357	11.3616
176.659	11.6203
176.96	11.7397
177.263	11.9577
177.564	12.1775
177.865	12.4379
178.167	12.8316
178.469	11.4247
178.77	11.7876
179.07	11.2217
179.372	11.1428
179.674	11.4412
179.975	12.0603
180.275	12.22
180.576	12.5974
180.878	13.0132
181.178	13.0587
181.479	13.4744
181.78	13.498
182.081	13.7295
182.382	13.8174
182.683	13.8731
182.983	13.9772
183.284	13.9528
183.585	14.057
183.886	14.0081
184.187	14.057
184.488	14.0877
184.789	14.097
185.089	14.1768
185.391	14.2468
185.693	14.3015
185.995	14.381
186.295	14.6161
186.597	14.8836
186.899	15.0166
187.2	12.4944
187.5	13.6617
187.802	13.3878
188.103	13.2751
188.405	13.3084
188.707	13.7056
189.007	11.3164
189.309	12.1307
189.61	11.8001
189.911	11.521
190.213	11.5009
190.514	11.8001
190.814	11.9006
191.116	12.0371
191.416	12.3497
191.718	12.2288
192.019	12.4958
192.32	12.4597
192.621	12.5754
192.923	12.655
193.223	12.6194
193.524	12.6771
193.826	12.633
194.127	12.6993
194.428	12.717
194.73	12.7522
195.031	12.8142
195.333	12.9734
195.633	13.0187
195.934	13.2751
196.236	13.5305
196.538	13.8091
196.839	14.2318
197.139	11.7226
197.44	12.9972
197.741	13.0132
198.043	12.7226
198.345	12.6847
198.646	13.1326
198.975	11.7876
199.28	11.7642
199.582	11.7695
199.884	11.2823
200.186	11.0439
200.488	11.4015
200.789	11.5412
201.089	11.5811
201.39	11.8207
201.691	11.8989
201.992	12.0393
202.294	11.9974
202.595	12.0393
202.897	12.0979
203.197	12.0603
203.498	12.1402
203.799	12.0979
204.101	12.1775
204.402	12.2386
204.704	12.196
205.005	12.4162
205.306	12.4379
205.607	12.5974
205.908	12.859
206.209	13.0359
206.509	13.458
206.811	13.6499
207.141	12.4934
207.447	12.5926
207.749	12.6948
208.05	12.1987
208.35	12.2999
208.651	12.7568
208.968	10.0535
209.269	11.2512
209.57	10.4845
209.872	10.3949
210.173	10.7152
210.474	10.9421
210.776	11.0042
211.077	11.3418
211.379	11.4213
211.68	11.4611
211.982	11.5407
212.283	11.6406
212.584	11.6406
212.885	11.6203
213.186	11.661
213.487	11.6203
213.788	11.661
214.089	11.6805
214.389	11.7009
214.691	11.7987
214.993	11.8385
215.294	12.1402
215.594	13.2184
215.896	10.6266
216.196	10.4736
216.497	10.6579
217.724	2.09181
218.028	0.277107
218.331	4.27588
218.674	14.839
219.839	1.17438
220.142	4.82957
220.446	8.12794
220.751	9.45312
221.06	10.7506
221.379	8.6877
221.712	6.20323
222.022	6.04832
222.327	6.57015
222.629	6.67479
222.931	6.55894
223.234	6.53214
223.534	6.58924
223.837	6.41337
224.138	6.37841
224.44	6.3673
224.743	6.33922
225.045	6.35118
225.347	6.3673
225.651	6.39122
225.955	6.39122
226.256	6.4071
226.557	6.41828
226.858	6.57774
227.16	6.60608
227.461	6.94865
227.763	7.09869
228.065	7.40199
228.366	7.87954
228.668	8.06447
228.971	8.64533
229.271	9.38467
229.58	7.96213
229.887	8.92854
230.187	9.3839
230.489	8.83463
230.79	8.63565
231.092	9.0179
231.393	9.44803
231.694	9.68722
231.996	10.0683
232.297	10.0859
232.599	10.3071
232.901	10.4083
233.202	10.3469
233.503	10.5428
233.805	10.4083
234.106	10.4265
234.409	10.4696
234.709	10.4629
235.011	10.4878
235.314	10.491
235.616	10.5458
235.918	10.6254
236.218	10.7824
236.52	10.885
236.823	11.0453
237.125	11.302
237.426	11.6203
237.728	11.9974
238.046	10.0241
238.354	10.8844
238.656	10.6254
238.956	10.2632
239.257	7.89741
239.559	8.67071
239.86	8.47647
240.162	8.35708
240.465	8.88327
240.766	8.88992
241.068	9.00224
241.371	9.30335
241.672	9.10513
241.972	9.185
242.273	9.34474
242.576	9.18459
242.877	9.31218
243.179	9.31218
243.481	9.21653
243.782	9.32843
244.084	9.33571
244.386	9.33571
244.688	9.51116
244.989	9.56762
245.289	9.78402
245.59	9.92641
245.891	10.2453
246.192	10.644
246.494	8.90764
246.796	9.74008
247.098	10.5357
248.185	0.971151
248.488	0.395887
248.792	7.43044
249.095	19.9993
249.396	23.7881
249.697	23.6015
249.997	18.2283
250.298	21.1194
250.598	21.8306
250.899	21.9258
251.2	21.8461
251.501	21.6846
251.801	21.7245
252.102	21.6846
252.402	17.8755
252.703	19.1353
253.003	19.8067
253.304	20.4529
253.605	21.1557
253.905	21.3508
254.206	21.3278
254.507	21.1285
254.807	21.0057
255.108	20.806
255.409	20.4508
255.709	20.2469
256.01	19.8875
256.311	19.5339
256.611	19.2486
256.912	19.0888
257.212	18.8492
257.513	18.8163
257.815	18.6244
258.115	16.1757
258.417	16.1584
258.718	16.8033
259.019	15.9978
259.32	12.7517
259.621	13.7223
259.922	13.0187
260.222	12.6194
260.523	12.4597
260.824	12.8938
261.125	12.9389
261.426	13.2917
261.727	13.594
262.028	13.6737
262.329	13.8731
262.63	13.8731
262.931	14.0325
263.232	14.057
263.532	14.057
263.833	14.057
264.134	14.1672
264.435	14.1122
264.736	14.2318
265.038	14.1672
265.338	14.2967
265.639	14.3913
265.94	14.4312
266.242	14.5796
266.543	14.7759
266.843	14.9356
267.145	15.2549
267.446	12.851
267.747	13.8771
268.049	13.4907
268.38	11.6401
268.687	11.4295
268.989	11.0439
269.291	10.5856
269.592	10.6652
269.894	11.2426
270.196	11.164
270.498	11.5197
270.8	11.6203
271.101	11.7009
271.402	11.8591
271.704	11.7795
272.005	11.9387
272.307	11.8591
272.607	11.9006
272.908	11.9006
273.208	11.9804
273.51	11.9387
273.81	12.0204
274.112	12.0371
274.413	12.1402
274.714	12.1987
275.015	12.3582
275.316	12.5754
275.618	12.7744
275.919	13.0928
276.238	11.8548
276.544	11.9146
276.846	11.794
277.147	11.4611
277.449	11.6491
277.751	12.1678
278.052	9.88961
278.353	10.8585
278.655	10.8053
278.957	10.3074
279.259	9.98871
279.56	10.2055
279.861	10.5642
280.162	10.4843
280.463	10.9632
280.765	10.8661
281.066	11.0028
281.368	11.1234
281.67	10.9645
281.972	11.2029
282.273	11.1019
282.575	11.1234
282.875	11.1817
283.177	11.1826
283.477	11.2217
283.779	11.2622
284.08	11.4811
284.381	11.5012
284.682	11.8399
284.983	12.0183
285.284	12.1987
285.586	12.6727
285.896	11.3059
286.202	11.6053
286.504	11.8193
286.806	11.1234
287.106	11.3814
287.408	11.8385
287.709	10.4649
288.011	10.1524
288.313	10.1081
288.614	9.90911
288.915	9.72708
289.217	10.2494
289.521	10.2931
289.822	10.3251
290.123	10.705
290.426	10.4696
290.726	10.7025
291.027	10.7824
291.328	10.6838
291.63	10.8056
291.932	10.7868
292.233	10.7025
292.534	10.7635
292.835	10.8035
293.136	10.8642
293.439	10.8265
293.74	11.1019
294.041	11.1428
294.342	11.3814
294.644	11.6398
294.944	11.8207
295.245	12.5575
295.546	13.8731
295.847	14.0724
296.148	15.0291
296.449	15.5346
296.75	16.4244
297.05	14.3805
297.351	13.9911
297.652	13.9772
297.952	14.8336
298.322	8.24195
299.237	0.118037
299.54	0.277107
299.843	6.7976
300.225	7.76905
300.56	1.71979
300.864	2.0515
301.168	3.07757
301.473	4.21452
301.806	4.5667
302.11	3.56329
302.415	3.93296
302.72	4.16395
303.026	4.39003
303.332	4.51831
303.637	4.59212
303.949	4.62247
304.254	4.48204
304.555	4.2257
304.86	4.08888
305.162	4.0521
305.467	4.1747
305.768	4.15322
306.069	3.98651
306.369	4.19315
306.671	4.33772
306.977	4.1924
307.281	4.50531
307.581	4.91238
307.887	4.7487
308.188	3.66618
308.49	4.40873
308.796	4.34912
309.098	4.37752
309.398	5.11165
309.702	5.34448
310.006	5.56273
310.309	5.41427
310.612	5.15547
310.913	5.09384
311.218	5.20766
311.52	5.24389
311.824	5.04985
312.125	5.17343
312.426	5.27139
312.728	5.08498
313.031	5.2653
313.332	5.46152
313.635	5.39341
313.938	5.61187
314.243	5.98636
314.545	5.99869
314.847	6.35623
315.148	7.06846
315.448	6.15317
315.75	5.95279
316.053	6.86857
316.443	0.52305
316.753	0.11595
317.057	2.17129
317.385	4.20768
317.735	3.11618
318.048	3.45062
318.353	3.55068
318.657	3.19036
318.961	3.99224
319.262	3.66759
319.569	3.36382
319.875	3.44795
320.179	3.79394
320.482	3.56299
320.785	3.47778
321.09	3.55068
321.395	3.61087
321.699	3.59634
322.003	3.67538
322.303	3.87367
322.608	4.01025
322.913	4.1282
323.215	4.5765
323.519	4.86099
323.821	4.28425
324.124	4.35512
324.428	4.14962
324.729	4.5765
325.033	4.58435
325.338	5.19868
325.64	4.9658
325.942	5.0365
326.247	5.59252
326.549	5.32334
326.85	5.18246
327.153	5.46324
327.457	5.36547
327.759	5.25302
328.062	5.38407
328.363	5.42165
328.666	5.27444
328.968	5.39341
329.27	5.65098
329.574	5.49331
329.875	5.84996
330.177	6.12853
330.511	5.41515
330.826	5.36782
331.128	5.87951
331.432	5.30489
331.734	5.80006
332.037	6.3342
332.341	6.07561
332.643	6.23705
332.946	6.78143
333.246	6.38957
333.548	6.43568
333.851	6.82108
334.154	6.48132
334.456	6.52649
334.756	6.70904
335.06	6.48132
335.363	6.41337
335.666	6.70211
335.968	6.70211
336.27	6.48669
336.573	7.13834
336.875	7.0713
337.192	5.10716
337.493	6.57133
337.794	4.82422
338.103	4.62783
338.404	5.10134
338.708	4.41862
339.032	3.55783
339.339	4.13687
339.65	4.24442
339.954	4.30771
340.255	4.09895
340.557	4.211
340.859	4.13155
341.164	4.10301
341.464	4.15322
341.766	4.13875
342.068	4.04506
342.37	4.13875
342.672	4.211
342.973	4.1061
343.274	4.09895
343.578	4.46579
343.881	4.36232
344.185	4.56854
344.49	5.08053
344.792	5.16444
345.093	4.07368
345.393	4.87021
345.698	4.59999
346	4.69589
346.301	5.34192
346.602	5.41221
346.904	5.13364
347.206	5.68088
347.51	5.60218
347.812	5.32334
348.113	5.67074
348.414	5.73057
348.717	5.47273
349.021	5.52328
349.323	5.72061
349.625	5.48225
349.927	5.52197
350.231	5.79944
350.533	5.61119
350.836	6.01749
351.138	6.19732
351.44	6.24792
351.741	6.65747
352.043	7.19048
352.345	5.60463
352.648	6.5361
352.948	5.11995
353.25	4.76667
353.552	4.29045
353.869	3.51648
354.176	3.8354
354.492	3.94625
354.795	3.92609
355.099	3.74794
355.4	4.01936
355.707	3.98965
356.013	3.91813
356.32	3.91142
356.624	4.03106
356.927	3.95202
357.234	3.83977
357.534	3.99348
357.837	4.04506
358.142	3.97778
358.446	4.06355
358.747	4.3453
359.049	4.44164
359.353	4.46579
359.657	5.01907
359.962	5.18974
360.262	4.27701
360.562	4.63775
360.864	4.89486
361.165	5.06287
361.467	5.07616
361.771	5.20766
362.076	5.48383
362.379	5.58201
362.681	5.3141
362.984	5.70078
363.286	5.73057
363.59	5.45379
363.894	5.60218
364.194	5.67074
364.497	5.46324
364.798	5.59087
365.101	5.75033
365.402	5.57139
365.705	5.77995
366.007	6.07814
366.311	6.0466
366.615	6.2442
366.917	6.9004
367.218	6.78891
367.519	7.69459
367.821	8.53346
368.124	6.5415
368.424	7.23798
368.726	7.86144
369.028	8.34927
369.329	8.39688
369.631	8.54118
369.932	8.42624
370.232	8.54604
370.533	8.57099
370.835	8.54188
371.138	8.64462
371.439	8.62591
371.739	8.62591
372.042	8.64533
372.342	8.62591
372.645	8.64533
372.945	8.62591
373.246	8.62591
373.547	8.65072
373.847	8.66585
374.15	8.7643
374.452	8.89872
374.753	8.99381
375.054	9.28857
375.355	9.52776
375.657	9.90911
375.959	10.2097
376.262	10.7075
376.563	11.1446
376.865	12.7125
377.165	10.1979
377.467	11.0455
377.769	11.8211
378.07	11.8989
378.371	11.9405
378.671	12.0603
378.972	12.1002
379.274	12.3549
379.576	12.4741
379.877	12.6771
380.177	12.8989
380.478	12.9788
380.779	13.1326
381.08	13.1785
381.38	13.2583
381.681	13.2583
381.981	13.2583
382.283	13.3713
382.584	13.2917
382.886	13.2917
383.188	13.3315
383.488	13.3382
383.788	13.4181
384.091	13.4673
384.391	13.6577
384.693	13.7056
384.995	13.944
385.296	14.2168
385.597	14.471
385.897	12.1171
386.199	12.8761
386.5	12.5356
386.811	9.93594
387.115	10.8291
387.42	11.3419
387.721	11.6824
388.022	11.4014
388.323	11.4811
388.625	11.4213
388.927	11.322
389.227	11.3814
389.528	11.3415
389.828	11.2616
390.129	11.3415
390.43	11.302
390.731	11.3415
391.032	11.302
391.334	11.302
391.634	11.3415
391.935	11.3814
392.236	11.2818
392.538	11.3817
392.84	11.4611
393.14	11.5412
393.441	11.661
393.742	11.9387
394.043	12.1987
394.344	12.6194
394.644	11.2233
394.945	11.5348
395.245	12.3957
395.546	12.0603
395.848	11.7193
396.148	11.9804
396.449	12.2999
396.751	12.3946
397.052	12.854
397.354	12.9336
397.655	13.1724
397.957	13.4111
398.259	13.4673
398.559	13.6577
398.861	13.6101
399.163	13.7693
399.464	13.7693
399.766	13.8489
400.067	13.8489
400.368	13.8973
400.669	13.8731
400.97	13.8887
401.271	13.9926
401.572	14.0325
401.873	14.1369
402.174	14.192
402.475	14.4312
402.775	14.6561
403.076	14.8957
403.377	13.1973
403.678	13.4303
403.979	13.3223
404.28	12.9163
404.581	10.5503
404.881	11.1994
405.182	11.6374
405.483	11.7009
405.784	11.6406
406.085	11.5609
406.387	11.6398
406.687	11.5412
406.988	11.5412
407.29	11.5207
407.59	11.5811
407.892	11.5407
408.193	11.5407
408.495	11.5407
408.796	11.5407
409.098	11.5407
409.4	11.5407
409.701	11.5805
410.002	11.6007
410.303	11.7602
410.604	11.8207
410.905	12.0581
411.207	12.1166
411.509	12.3549
411.811	12.7744
412.112	12.9562
412.413	13.5541
412.713	11.3115
413.014	12.6034
413.314	13.151
413.616	12.7919
413.917	12.4996
414.217	12.6993
414.519	13.053
414.821	10.8065
415.122	11.416
415.423	11.1418
415.723	10.8223
416.024	10.9022
416.324	11.1817
416.625	11.2021
416.926	11.5412
417.226	11.621
417.527	11.661
417.827	11.7408
418.128	11.8207
418.429	11.8591
418.73	11.8207
419.03	11.9006
419.331	11.8798
419.632	11.8798
419.935	11.8782
420.236	11.9197
420.537	11.9994
420.839	12.0768
421.139	12.22
421.44	12.398
421.741	12.6771
422.043	12.8714
422.344	13.2983
422.645	13.6897
422.946	10.8108
423.247	12.6908
423.548	12.4379
423.848	12.0603
424.149	9.74064
424.45	10.1979
424.751	9.86389
425.053	9.81243
425.354	10.0683
425.656	10.2494
425.958	10.3071
426.258	10.6626
426.56	10.6864
426.862	10.6652
427.163	11.0028
427.464	10.7448
427.766	10.904
428.067	10.923
428.369	10.885
428.67	10.9421
428.971	10.904
429.272	10.9821
429.572	11.0619
429.874	11.0837
430.175	11.242
430.477	11.302
430.779	11.5604
431.079	11.8207
431.38	12.0393
431.682	12.5138
431.984	12.8142
432.284	10.0376
432.585	11.5881
432.887	10.8453
433.189	8.1228
433.49	9.41405
433.791	9.51116
434.092	9.26487
434.393	9.32843
434.694	9.32843
434.994	9.46454
435.295	9.54441
435.596	9.63054
435.897	9.74409
436.198	9.64735
436.499	9.72708
436.801	9.69325
437.103	9.67642
437.404	9.74409
437.704	9.66422
438.006	9.73298
438.307	9.84668
438.609	9.81243
438.91	10.0636
439.211	10.1081
439.514	10.3686
439.815	10.5458
440.117	10.8453
440.418	11.2818
440.72	11.6601
441.02	9.14183
441.326	10.57
441.626	10.024
441.929	8.24479
442.23	8.75928
442.531	8.50611
442.833	8.30282
443.134	8.37167
443.436	8.77954
443.738	8.70009
444.039	8.88992
444.339	9.02526
444.64	8.94539
444.94	9.10513
445.242	9.07341
445.544	8.99381
445.845	9.08924
446.146	9.07341
446.448	9.07341
446.75	9.16087
447.052	9.19279
447.354	9.24019
447.655	9.50448
447.955	9.50448
448.256	9.86389
448.556	10.0236
448.858	10.3686
449.159	10.8034
449.461	11.1428
449.762	11.6203
450.063	10.0213
450.363	10.1941
450.664	9.86389
450.965	8.60923
451.266	8.63388
451.568	9.12038
451.868	9.46339
452.171	9.42212
452.472	9.38467
452.772	9.38467
453.073	9.3683
453.375	9.23259
453.675	9.26487
453.976	9.26487
454.276	9.185
454.577	9.26487
454.877	9.185
455.179	9.23259
455.48	9.23259
455.781	9.30481
456.082	9.35198
456.384	9.41516
456.686	9.47136
456.987	9.58435
457.288	9.84668
457.59	10.0905
457.891	10.3649
458.192	10.705
458.493	11.1622
458.808	10.2418
459.117	10.2662
459.417	10.7425
459.718	10.3649
460.02	10.4265
460.321	10.8433
460.622	11.2021
460.924	11.3418
461.225	11.8798
461.526	11.9387
461.828	12.2173
462.129	12.2173
462.431	12.4162
462.732	12.4958
463.034	12.5754
463.334	12.6194
463.635	12.6194
463.936	12.6771
464.238	12.633
464.539	12.655
464.84	12.7392
465.141	12.6771
465.442	12.8366
465.743	12.854
466.044	12.996
466.345	13.1385
466.647	13.3315
466.948	13.5541
467.249	13.9129
467.549	14.2967
467.855	11.4174
468.157	13.1253
468.457	12.6593
468.759	12.5754
469.06	12.8366
469.36	13.2184
469.661	10.8795
469.963	11.5278
470.265	11.2029
470.566	10.6838
470.867	10.7425
471.167	11.3415
471.468	11.3015
471.769	11.6406
472.07	11.7203
472.372	11.8778
472.673	12.0397
472.975	11.9974
473.276	12.0979
473.578	12.0979
473.879	12.119
474.182	12.1352
474.482	12.1402
474.784	12.0979
475.084	12.1801
475.386	12.2173
475.686	12.3798
475.988	12.4958
476.288	12.6593
476.589	12.8764
476.89	13.0187
477.191	13.3947
477.493	13.7453
477.793	11.5535
478.093	12.3869
478.394	11.901
478.694	10.1853
478.996	9.86625
479.296	9.58435
479.597	9.60749
479.9	9.59711
480.202	10.0111
480.503	10.1257
480.804	10.3251
481.106	10.4481
481.407	10.5244
481.708	10.6041
482.011	10.6282
482.311	10.6227
482.613	10.6652
482.913	10.7025
483.215	10.6467
483.516	10.6838
483.817	10.7237
484.119	10.6864
484.42	10.8034
484.722	10.885
485.024	11.0632
485.326	11.1631
485.628	11.5009
485.929	11.7203
486.231	12.1166
486.532	12.5754
486.846	11.3654
487.149	11.631
487.451	11.7193
487.753	11.2029
488.054	9.011
488.355	9.63952
488.656	10.0645
488.956	10.3124
489.258	10.3769
489.56	10.2989
489.861	10.3649
490.163	10.17
490.464	10.3251
490.766	10.17
491.066	10.2233
491.368	10.1877
491.668	10.1434
491.97	10.1877
492.27	10.1434
492.571	10.2233
492.872	10.1877
493.173	10.1834
493.475	10.2891
493.776	10.3649
494.077	10.4447
494.379	10.5856
494.68	10.7636
494.982	11.0837
495.284	11.4015
495.585	11.6805
495.887	12.3549
496.187	10.3901
496.487	10.987
496.79	11.1234
497.091	10.9629
497.392	11.3418
497.693	11.7808
497.994	11.9994
498.295	12.3183
498.596	12.6771
498.896	12.6593
499.197	12.9562
499.498	13.1156
499.8	13.1326
500.101	13.3149
500.401	13.3382
500.703	13.3713
501.004	13.4509
501.306	13.4509
501.607	13.4509
501.909	13.4509
502.209	13.5379
502.51	13.5379
502.811	13.594
503.113	13.6659
503.413	13.7376
503.715	13.9683
504.017	14.1426
504.319	14.4856
504.619	12.7001
504.92	13.0109
505.222	13.1494
505.522	12.859
505.824	12.8938
506.126	13.2686
506.426	11.7825
506.727	11.6938
507.029	11.2224
507.33	10.904
507.632	10.8056
507.934	11.4809
508.236	11.4213
508.537	11.6406
508.839	11.9179
509.139	11.9405
509.441	12.0768
509.743	12.1775
510.043	12.22
510.345	12.2571
510.646	12.1987
510.948	12.2357
511.25	12.2571
511.55	12.2999
511.852	12.3764
512.152	12.4197
512.454	12.4958
512.754	12.6194
513.056	12.7346
513.356	12.9389
513.658	13.1494
513.96	13.5467
514.261	13.6976
514.583	12.5594
514.888	12.7278
515.189	13.291
515.49	12.4778
515.79	10.6265
516.091	10.4613
516.391	10.3032
516.692	10.0236
516.992	10.1834
517.294	10.4265
517.595	10.5856
517.896	10.644
518.198	11.0234
518.499	10.7636
518.8	11.0825
519.102	10.9836
519.403	10.9836
519.705	11.1428
520.006	11.0632
520.307	11.1019
520.607	11.1019
520.908	11.1418
521.208	11.1817
521.509	11.242
521.811	11.4015
522.112	11.4811
522.414	11.6601
522.714	11.9804
523.015	12.1402
523.315	12.5395
523.616	11.181
523.916	11.2643
524.218	11.1234
524.519	10.6838
524.821	8.39099
525.121	9.75278
525.422	10.0981
525.723	10.5082
526.024	10.537
526.326	10.5672
526.627	10.5028
526.928	10.4663
527.229	10.4629
527.53	10.4447
527.831	10.4265
528.133	10.4265
528.433	10.4629
528.734	10.4629
529.034	10.383
529.335	10.5028
529.635	10.4629
529.936	10.5028
530.237	10.4845
530.538	10.6041
530.839	10.5856
531.141	10.705
531.442	10.8034
531.744	11.0439
532.044	11.3814
532.345	11.621
532.646	12.2173
532.947	10.9043
533.248	11.0897
533.549	11.2224
533.85	11.0028
534.152	11.1631
534.454	11.6398
534.755	11.8207
535.056	12.2386
535.357	12.5176
535.658	12.655
535.959	13.0359
536.26	13.0359
536.561	13.3548
536.863	13.4275
537.164	13.3947
537.465	13.6339
537.767	13.5305
538.067	13.6577
538.368	13.6577
538.668	13.6577
538.969	13.6577
539.27	13.7295
539.572	13.7535
539.873	13.7933
540.173	13.8973
540.474	14.0325
540.776	14.207
541.077	14.4856
541.379	14.6846
541.68	13.0157
541.981	13.2928
542.282	13.4345
542.584	13.2289
542.886	13.07
543.187	13.594
543.487	11.9828
543.788	11.9883
544.089	12.0924
544.39	11.6406
544.691	11.1224
544.993	11.3816
545.295	11.9179
545.595	11.7009
545.897	12.1377
546.199	12.2173
546.499	12.22
546.801	12.4741
547.103	12.3946
547.404	12.4597
547.705	12.4379
548.007	12.5536
548.309	12.5536
548.609	12.5395
548.911	12.6152
549.212	12.6152
549.513	12.7392
549.814	12.8142
550.115	13.0587
550.415	13.1385
550.716	13.2751
551.018	13.7295
551.318	13.9372
551.619	14.4312
551.92	11.27
552.221	12.9524
552.522	12.3183
552.823	10.5886
553.123	10.2328
553.426	9.93161
553.727	9.94891
554.03	10.073
554.332	10.4878
554.633	10.5244
554.936	10.8077
555.236	10.9022
555.538	10.885
555.84	11.1234
556.141	11.022
556.441	11.1019
556.742	11.1019
557.042	11.1019
557.344	11.1428
557.646	11.1428
557.946	11.1418
558.248	11.2224
558.549	11.242
558.85	11.3616
559.151	11.521
559.451	11.661
559.752	11.9804
560.054	12.1563
560.355	12.5356
560.656	12.8989
560.957	13.4122
561.258	10.5639
561.559	11.7913
561.861	11.5407
562.161	9.2369
562.462	9.84928
562.763	10.0952
563.064	10.5585
563.366	10.6864
563.667	10.5428
563.967	10.5028
564.269	10.5458
564.57	10.4671
564.871	10.4438
565.173	10.4265
565.474	10.4265
565.776	10.4265
566.077	10.4265
566.379	10.4083
566.681	10.4265
566.983	10.4083
567.283	10.5028
567.587	10.491
567.889	10.607
568.189	10.6227
568.491	10.7448
568.792	11.0234
569.094	11.1234
569.396	11.6203
569.697	11.7602
569.998	12.3582
570.299	11.0846
570.599	11.1926
570.901	11.0837
571.203	11.0837
571.505	11.2426
571.806	11.8207
572.106	10.3844
572.409	10.356
572.711	10.3289
573.013	10.0508
573.314	9.78973
573.616	10.2275
573.917	10.3251
574.218	10.4845
574.519	10.644
574.82	10.7636
575.121	10.7636
575.422	10.8433
575.722	10.8623
576.023	10.8433
576.324	10.923
576.626	10.8244
576.926	10.8623
577.227	10.9022
577.528	10.8832
577.83	11.0042
578.13	11.022
578.433	11.2029
578.734	11.4422
579.035	11.7194
579.336	11.9595
579.636	12.3398
579.938	12.7919
580.239	10.7987
580.54	11.4494
580.842	11.2823
581.143	11.1817
581.445	11.5207
581.746	11.9387
582.048	12.2755
582.35	12.5933
582.651	12.9163
582.954	13.087
583.255	13.3548
583.557	13.4673
583.859	13.6101
584.16	13.6897
584.461	13.7136
584.762	13.7376
585.064	13.8248
585.365	13.7693
585.666	13.8731
585.967	13.8174
586.268	13.8887
586.569	13.8973
586.869	13.8973
587.171	14.0234
587.472	14.8697
587.774	15.5203
588.074	15.4148
588.376	15.1223
588.676	15.295
589.012	13.6939
589.316	13.9141
589.617	14.1654
589.918	14.0325
590.253	8.02757
590.558	0.117895
590.862	0.118459
591.167	0.118316
591.471	0.315009
591.785	6.42631
592.093	9.50823
592.394	3.46365
592.695	3.23012
593.032	1.42767
593.376	4.80714
594.262	0.731456
594.565	5.06771
594.869	8.53725
595.173	9.92578
595.477	11.4456
595.781	13.2802
596.087	15.3374
596.387	17.2726
596.688	17.2616
596.989	14.2118
597.29	15.6279
597.59	16.5149
597.891	16.7433
598.192	17.7515
598.494	19.1481
598.794	19.6701
599.095	20.2091
599.395	20.597
599.696	20.9417
599.997	21.051
600.298	21.2619
600.599	20.8927
600.9	20.5664
601.2	20.207
601.501	19.9674
601.801	19.7278
602.102	19.4882
602.403	19.2947
602.704	18.9758
603.004	18.9291
603.305	18.8163
603.606	18.8562
603.907	18.7765
604.208	18.8562
604.509	18.8961
604.81	18.9291
605.111	18.9359
605.411	19.009
605.712	16.656
606.031	14.3257
606.335	12.4466
606.64	13.0205
606.94	13.5577
607.241	13.7549
607.542	14.0759
607.844	14.2304
608.145	14.3894
608.447	14.5021
608.748	14.6472
609.049	14.7377
609.35	14.7063
609.651	14.6509
609.951	14.6969
610.253	14.5474
610.554	14.71
610.855	14.5866
611.155	14.622
611.455	14.6737
611.757	14.5796
612.058	14.5109
612.359	14.3765
612.66	14.2468
612.961	14.1768
613.262	14.0325
613.563	14.0325
613.864	14.192
614.167	11.3147
614.471	13.4092
614.772	13.9463
615.072	13.7376
615.373	13.6737
615.674	13.7136
615.975	14.0724
616.276	14.2567
616.576	14.4564
616.877	14.8298
617.179	14.8974
617.48	15.2152
617.781	15.2417
618.082	15.4148
618.382	15.4947
618.683	15.5746
618.984	15.5203
619.286	15.5999
619.586	15.5746
619.887	15.4947
620.189	15.5056
620.489	15.5222
620.79	15.4278
621.092	15.5203
621.393	15.5474
621.694	15.6271
621.995	15.6944
622.296	15.8663
622.596	13.9
622.896	13.1543
623.197	13.2352
623.499	13.1494
623.811	10.3411
624.113	11.9862
624.414	11.4014
624.714	11.4613
625.015	11.4413
625.317	11.6999
625.618	11.8001
625.919	11.9197
626.22	12.2173
626.521	12.0603
626.822	12.2571
627.124	12.1775
627.425	12.1775
627.727	12.1775
628.028	12.1987
628.329	12.2784
628.629	12.22
628.932	12.196
629.233	12.1987
629.535	12.2357
629.835	12.3398
630.136	12.3798
630.438	12.5138
630.74	12.7919
631.042	12.9508
631.344	13.2686
631.647	10.9102
631.948	10.8623
632.249	11.2818
632.55	11.5609
632.85	11.9405
633.151	12.5176
633.452	12.8191
633.752	13.2184
634.053	13.5143
634.355	13.8489
634.657	14.0479
634.957	14.2567
635.258	14.2717
635.559	14.4312
635.861	14.5652
636.162	14.6448
636.464	14.6448
636.764	14.6161
637.065	14.6161
637.365	14.6161
637.667	14.605
637.967	14.6161
638.269	14.6448
638.57	14.605
638.871	14.7759
639.171	14.8957
639.473	14.9632
639.774	15.2285
640.074	13.3408
640.376	13.1765
640.677	9.20695
640.977	10.3041
641.278	10.7858
641.579	11.1955
641.879	11.4288
642.18	11.455
642.481	11.4811
642.783	11.4412
643.085	11.4015
643.385	11.3415
643.687	11.302
643.99	11.1834
644.29	11.1019
644.592	10.9836
644.892	11.022
645.193	11.022
645.493	11.022
645.795	11.0837
646.098	11.0653
646.399	11.1419
646.7	11.1622
647.002	11.2622
647.303	11.2818
647.604	11.5609
647.904	11.8207
648.225	10.6731
648.535	10.5851
648.843	11.4932
649.144	11.7408
649.446	11.4015
649.747	11.4014
650.048	11.8193
650.351	12.1166
650.652	12.3366
650.953	12.5795
651.254	12.8366
651.556	12.8714
651.856	13.1385
652.158	13.1097
652.459	13.2583
652.759	13.1785
653.061	13.2122
653.362	13.2352
653.663	13.2352
653.964	13.2458
654.264	13.191
654.565	13.1953
654.865	13.2184
655.167	13.2122
655.469	13.3481
655.77	13.4907
656.072	13.5467
656.375	13.9043
656.676	12.1995
656.981	12.4385
657.283	12.2969
657.583	11.9006
657.884	9.5301
658.189	9.18686
658.489	9.82396
658.792	9.63676
659.093	9.96627
659.394	10.2852
659.695	10.3251
659.996	10.705
660.298	10.607
660.599	10.7636
660.902	10.8661
661.204	10.6652
661.506	10.8056
661.808	10.8056
662.109	10.6041
662.41	10.8244
662.711	10.7824
663.011	10.6626
663.313	10.8642
663.613	10.9022
663.915	11.0632
664.216	11.2622
664.518	11.4015
664.82	11.759
665.121	11.8798
665.422	12.26
665.761	11.2987
666.062	11.4236
666.363	9.52776
666.664	8.17805
666.969	9.36846
667.273	9.73479
667.576	10.0003
667.876	9.90383
668.179	9.87471
668.48	9.90911
668.782	9.82952
669.083	9.80681
669.385	9.78973
669.687	9.69325
669.988	9.78973
670.29	9.7727
670.592	9.69325
670.893	9.80681
671.194	9.84668
671.496	9.78973
671.799	9.85759
672.099	9.94376
672.4	9.96627
672.701	10.1035
673.003	10.1302
673.305	10.3469
673.607	10.6467
673.907	10.9821
674.209	11.3436
674.509	13.0187
674.811	12.7125
675.113	10.1341
675.414	11.3218
675.715	11.1622
676.016	11.1418
676.316	11.5412
676.617	11.9006
676.917	12.1801
677.219	12.6152
677.52	12.8366
677.822	13.07
678.122	13.2184
678.424	13.4907
678.725	13.4509
679.026	13.6339
679.327	13.5789
679.629	13.6648
679.929	13.6577
680.23	13.6577
680.531	13.6339
680.831	13.6577
681.132	13.6976
681.434	13.7056
681.734	13.6976
682.035	13.8174
682.336	13.9926
682.637	14.0724
682.938	14.3116
683.239	14.552
683.539	12.1365
683.841	12.522
684.143	13.7295
684.444	13.5541
684.744	13.5379
685.045	13.7535
685.346	14.1122
685.647	14.2567
685.948	14.6448
686.249	14.8298
686.55	15.1752
686.851	15.2417
687.153	15.4805
687.454	15.4947
687.754	15.6544
688.055	15.5746
688.355	15.7343
688.657	15.6795
688.958	15.7068
689.259	15.6271
689.559	15.6544
689.861	15.6397
690.161	15.6944
690.462	15.667
690.763	15.7343
691.064	15.7866
691.366	15.9303
691.667	15.9858
691.968	13.3473
692.268	13.1802
692.57	13.1724
692.881	11.828
693.185	11.7252
693.489	12.2726
693.791	12.7658
694.091	12.6745
694.393	12.633
694.695	12.633
694.997	12.5356
695.297	12.6593
695.599	12.5138
695.9	12.5395
696.201	12.5176
696.503	12.4958
696.803	12.5395
697.104	12.4597
697.404	12.5395
697.706	12.4958
698.007	12.4958
698.308	12.5795
698.61	12.5138
698.91	12.5395
699.212	12.5754
699.514	12.633
699.816	12.7522
700.117	12.9734
700.418	13.3382
700.719	11.7221
701.02	11.8273
701.321	12.7499
701.623	12.4157
701.925	12.3554
702.226	12.398
702.526	12.859
702.828	13.0132
703.13	13.2686
703.432	13.6101
703.732	13.8174
704.034	14.0479
704.336	14.1029
704.637	14.3264
704.938	14.2967
705.238	14.4564
705.54	14.406
705.84	14.4564
706.142	14.4856
706.442	14.5363
706.743	14.5363
707.045	14.5001
707.347	14.5796
707.648	14.5508
707.949	14.7244
708.251	14.7244
708.553	14.8974
708.854	15.0554
709.154	15.335
709.455	13.5556
709.756	13.7134
710.058	12.655
710.388	11.368
710.692	11.2468
710.996	11.7565
711.298	12.1659
711.599	12.0791
711.901	11.9179
712.202	11.9994
712.503	11.9804
712.803	11.9006
713.104	11.9197
713.405	11.9804
713.705	11.9006
714.006	11.9804
714.307	11.9387
714.609	11.9387
714.909	11.9804
715.21	11.9006
715.511	11.9387
715.812	11.9405
716.113	11.8989
716.414	11.9804
716.714	12.0603
717.015	12.1801
717.315	12.3398
717.617	12.633
717.919	12.7919
718.22	13.2583
718.522	11.0467
718.824	11.5176
719.125	11.302
719.428	11.4412
719.73	11.7987
720.031	10.5247
720.332	10.5195
720.633	10.2055
720.933	9.94376
721.235	10.0508
721.536	10.383
721.837	10.4845
722.137	10.7425
722.438	10.8223
722.738	10.8623
723.04	10.9836
723.341	11.0825
723.641	11.022
723.942	11.0825
724.244	11.0632
724.545	11.0632
724.846	11.0825
725.147	11.1418
725.447	11.1418
725.749	11.2622
726.05	11.3415
726.352	11.4412
726.653	11.6601
726.954	11.8798
727.256	12.2571
727.557	12.456
727.858	13.0187
728.158	10.7571
728.458	11.7033
728.761	11.2828
729.063	11.103
729.364	11.7602
729.665	12.0393
729.966	9.20894
730.267	10.8147
730.568	10.0859
730.869	10.1479
731.171	10.1877
731.471	10.423
731.772	10.4629
732.073	10.6652
732.374	10.7425
732.675	10.7448
732.977	10.885
733.278	10.8623
733.579	10.904
733.881	10.904
734.182	10.9836
734.484	10.904
734.785	10.923
735.086	11.0426
735.388	11.0042
735.689	11.1622
735.992	11.2627
736.292	11.4613
736.594	11.7397
736.896	11.9179
737.197	12.3183
737.497	12.5795
737.798	9.8617
738.099	11.6752
738.399	10.7824
738.7	10.923
739.002	11.4811
739.325	10.2012
739.634	10.022
739.934	9.82396
740.236	9.33571
740.538	9.55095
740.839	10.046
741.14	9.96627
741.442	10.3686
741.744	10.3867
742.046	10.4078
742.346	10.6232
742.648	10.5672
742.951	10.6282
743.253	10.6467
743.554	10.6838
743.854	10.6227
744.156	10.6467
744.458	10.705
744.759	10.7425
745.06	10.8034
745.361	10.923
745.661	11.1019
745.963	11.2622
746.263	11.4613
746.565	11.759
746.867	12.2173
747.168	12.4379
747.469	10.0023
747.77	11.294
748.071	10.6652
748.372	10.8832
748.673	11.5811
748.974	11.7203
749.276	12.0371
749.578	12.4741
749.878	12.6194
750.18	12.9111
750.481	13.0359
750.783	13.2519
751.084	13.2917
751.385	13.4744
751.687	13.4275
751.989	13.5305
752.29	13.4744
752.59	13.498
752.892	13.5305
753.193	13.498
753.493	13.6178
753.794	13.6178
754.095	13.7295
754.396	13.7933
754.697	14.0171
754.997	14.0171
755.298	14.4165
755.599	14.5254
755.9	14.8697
756.201	13.2612
756.501	13.6584
756.801	13.5778
757.102	12.9788
757.402	10.6244
757.703	11.0855
758.004	10.9421
758.305	10.7237
758.606	10.6838
758.906	11.1019
759.208	11.0632
759.509	11.3616
759.81	11.5009
760.111	11.5012
760.413	11.6796
760.715	11.6203
761.017	11.6796
761.318	11.7093
761.619	11.7314
761.92	11.6999
762.221	11.7408
762.521	11.7808
762.823	11.8193
763.123	11.8606
763.424	12.0603
763.726	12.0768
764.028	12.3549
764.329	12.456
764.631	12.8142
764.932	13.1156
765.233	13.5552
765.533	11.3192
765.835	11.9997
766.136	11.6203
766.437	11.7408
766.738	12.1589
767.04	12.5754
767.34	11.1453
767.641	11.3103
767.944	10.8473
768.246	10.6254
768.548	10.5672
768.849	10.9836
769.151	11.0825
769.451	11.3015
769.753	11.4015
770.054	11.5012
770.354	11.5811
770.656	11.6001
770.958	11.6796
771.259	11.6406
771.56	11.7408
771.86	11.661
772.162	11.6999
772.463	11.7397
772.765	11.7397
773.066	11.8193
773.368	11.9179
773.67	12.0979
773.97	12.1801
774.271	12.4778
774.573	12.7346
774.874	13.0359
775.176	13.4509
775.476	11.3852
775.776	12.3128
776.077	11.8001
776.379	11.7795
776.68	12.2173
776.982	12.5754
777.282	12.8989
777.583	13.2751
777.884	13.6339
778.185	13.6178
778.487	14.1426
778.788	14.1122
779.088	14.4165
779.389	14.4312
779.69	14.5109
779.991	14.5906
780.292	14.6161
780.593	14.6704
780.893	14.696
781.194	14.7501
781.495	14.696
781.795	14.8158
782.096	14.7359
782.398	14.9371
782.698	15.0155
782.999	15.1353
783.3	15.3481
783.601	15.4407
783.902	15.8663
784.203	13.1442
784.505	14.3939
784.806	14.0325
785.107	13.6737
785.407	11.9812
785.709	11.9276
786.01	11.9387
786.313	11.6001
786.613	11.3814
786.914	11.6406
787.216	11.8385
787.517	11.9405
787.818	12.2173
788.12	12.2173
788.421	12.4379
788.721	12.4597
789.023	12.4162
789.323	12.5395
789.624	12.4597
789.924	12.5395
790.226	12.5754
790.527	12.5754
790.829	12.6152
791.13	12.6152
791.432	12.6727
791.733	12.859
792.033	12.9788
792.335	13.1494
792.636	13.2751
792.938	13.7295
793.239	13.9372
793.539	11.7555
793.84	12.6624
794.142	11.9974
794.444	12.1775
794.744	12.4996
795.046	12.8142
795.347	10.2348
795.648	11.1711
795.949	10.9438
796.25	10.7425
796.551	10.904
796.852	11.1622
797.153	11.211
797.454	11.5118
797.756	11.5805
798.058	11.6001
798.359	11.6406
798.66	11.7203
798.961	11.7203
799.263	11.6999
799.563	11.7408
799.864	11.7408
800.165	11.7795
800.467	11.8193
800.768	11.8193
801.07	11.9974
801.371	12.0393
801.672	12.1402
801.972	12.4197
802.273	12.5974
802.574	12.9788
802.876	13.3084
803.176	11.297
803.477	12.2864
803.778	11.7203
804.08	11.6001
804.381	12.0791
804.683	12.3946
804.986	9.72847
805.287	10.816
805.589	10.4265
805.891	10.2097
806.191	10.5428
806.493	10.6254
806.794	10.7636
807.096	11.1234
807.398	11.0837
807.699	11.2616
808.001	11.2823
808.303	11.2029
808.603	11.3415
808.904	11.2616
809.205	11.302
809.506	11.3415
809.807	11.302
810.108	11.4613
810.408	11.3814
810.709	11.661
811.01	11.6406
811.312	11.8782
811.613	12.0581
811.915	12.3366
812.215	12.6194
812.517	12.9734
812.818	13.4744
813.12	10.6212
813.42	12.0095
813.721	11.4413
814.022	11.6805
814.323	12.1589
814.624	10.0875
814.927	10.559
815.228	10.2673
815.53	10.0683
815.831	10.2055
816.132	10.5244
816.434	10.5275
816.736	10.8265
817.038	10.9629
817.339	11.0028
817.64	11.0825
817.941	11.0632
818.243	11.1234
818.545	11.1234
818.847	11.0632
819.148	11.1428
819.449	11.1019
819.749	11.2217
820.051	11.1826
820.353	11.322
820.655	11.4412
820.955	11.621
821.258	11.7987
821.559	11.9994
821.86	12.398
822.161	12.6152
822.462	13.1555
822.763	10.9443
823.064	11.9357
823.365	11.4613
823.666	11.4014
823.967	11.8399
824.267	10.5042
824.568	10.4521
824.869	10.3649
825.17	10.0285
825.472	9.94891
825.774	10.3289
826.076	10.4878
826.378	10.6864
826.68	10.8453
826.981	10.8433
827.283	10.9836
827.584	11.0632
827.885	11.0028
828.187	11.0439
828.49	11.0439
828.791	10.9836
829.092	11.1019
829.393	11.103
829.695	11.0632
829.996	11.2224
830.297	11.3015
830.599	11.4809
830.901	11.6001
831.202	11.8591
831.503	12.1987
831.805	12.4344
832.106	12.7967
832.408	11.543
832.709	11.612
833.009	11.4213
833.311	10.9836
833.612	11.6406
833.946	10.4721
834.252	10.332
834.553	10.4737
834.856	9.79539
835.158	9.81243
835.46	10.1523
835.761	10.3431
836.064	10.3722
836.365	10.7448
836.666	10.7425
836.967	10.8433
837.268	10.923
837.57	10.8244
837.871	10.923
838.172	10.923
838.473	10.904
838.775	10.9645
839.076	10.923
839.379	10.9851
839.679	11.0619
839.981	11.2029
840.282	11.242
840.583	11.521
840.885	11.6601
841.185	11.9804
841.486	12.3183
841.788	12.5356
842.107	11.4972
842.415	11.4668
842.716	11.7227
843.017	11.0825
843.319	11.4015
843.621	11.8591
843.921	10.5841
844.222	10.4807
844.523	10.0636
844.824	9.80681
845.125	9.98871
845.427	10.3289
845.728	10.3431
846.03	10.607
846.33	10.7425
846.632	10.6652
846.933	10.923
847.235	10.8661
847.536	10.8623
847.837	10.923
848.138	10.923
848.441	10.8661
848.741	10.9421
849.042	10.9821
849.343	11.0234
849.644	11.0619
849.945	11.2224
850.247	11.3816
850.548	11.5805
850.85	11.9387
851.151	12.0393
851.452	12.5575
851.753	12.9173
852.054	10.4
852.355	11.1357
852.656	10.9836
852.958	11.4015
853.259	11.7203
853.561	9.73536
853.861	9.83882
854.164	9.69924
854.466	9.59075
854.769	9.89718
855.071	10.17
855.372	10.1035
855.673	10.5642
855.974	10.4845
856.275	10.5244
856.576	10.7448
856.877	10.5244
857.179	10.6652
857.479	10.7025
857.781	10.6652
858.082	10.7448
858.383	10.7025
858.684	10.7846
858.986	10.8642
859.286	10.9421
859.587	11.0825
859.889	11.2029
860.19	11.4613
860.491	11.8001
860.791	12.0204
861.093	12.4344
861.394	11.0448
861.696	11.1735
861.998	11.0439
862.3	10.904
862.601	11.3217
862.901	11.621
863.213	9.03365
863.515	10.1821
863.816	9.30532
864.117	9.43157
864.42	9.83505
864.722	9.93161
865.023	10.1479
865.324	10.3251
865.625	10.2055
865.926	10.5244
866.227	10.4629
866.528	10.3469
866.83	10.506
867.132	10.4878
867.434	10.4878
867.736	10.4878
868.038	10.5458
868.338	10.5428
868.639	10.7025
868.94	10.7846
869.241	10.8623
869.541	11.1418
869.842	11.3015
870.143	11.6203
870.445	11.9577
870.746	12.2784
871.047	11.1238
871.352	11.2722
871.654	11.6398
871.957	11.0848
872.257	11.3015
872.56	11.759
872.861	11.9785
873.163	12.2969
873.465	12.7125
873.765	12.7791
874.066	13.1385
874.366	13.2983
874.667	13.2751
874.969	13.5305
875.27	13.5541
875.571	13.6101
875.872	13.6339
876.173	13.6577
876.473	13.6577
876.774	13.7136
877.075	13.7136
877.376	13.7775
877.677	13.8091
877.979	13.9285
878.279	14.057
878.581	14.1426
878.882	14.3366
879.182	14.5363
879.483	14.8298
879.784	15.0953
880.085	12.0616
880.385	14.0739
880.687	13.637
880.989	13.3209
881.291	13.5703
881.592	13.9926
881.892	11.5559
882.196	12.653
882.496	12.3921
882.797	11.8606
883.097	11.7009
883.399	11.9974
883.7	12.1987
884.001	12.2386
884.303	12.5356
884.603	12.5795
884.905	12.7568
885.206	12.7568
885.506	12.7791
885.807	12.8366
886.108	12.7791
886.41	12.8714
886.712	12.8714
887.012	12.859
887.313	12.8764
887.614	12.9562
887.915	13.0187
888.215	13.1785
888.517	13.2917
888.818	13.4907
889.12	13.7693
889.421	14.0724
889.722	14.2866
890.023	12.7983
890.324	12.8054
890.626	12.7919
890.927	12.5176
891.228	12.6993
891.528	13.1785
891.829	10.9448
892.131	11.3612
892.431	11.1019
892.732	10.8223
893.032	11.0619
893.333	11.4014
893.634	11.4014
893.936	11.7397
894.237	11.8193
894.539	11.8385
894.841	11.9974
895.142	11.9804
895.442	12.0603
895.743	12.0393
896.045	12.0979
896.345	12.0603
896.646	12.0603
896.946	12.1002
897.247	12.119
897.549	12.2571
897.849	12.3398
898.15	12.4379
898.451	12.6593
898.751	12.7402
899.052	13.1544
899.353	14.1768
899.653	14.2967
899.955	10.6861
900.256	11.9575
900.558	12.0703
900.93	5.616
901.237	1.17114
901.54	1.1876
901.897	2.68954
902.201	18.4654
902.502	22.7256
903.407	6.03175
903.809	0.0596931
904.114	0.472656
904.417	1.54145
904.721	5.2082
905.025	14.2683
905.329	17.9525
905.633	20.7503
905.933	22.9893
906.234	23.1222
906.54	18.3511
906.841	21.3816
907.141	21.7387
907.442	22.0055
907.743	21.8461
908.043	21.9242
908.344	21.8843
908.644	21.9242
908.945	21.8044
909.246	17.2343
909.546	19.65
909.847	20.413
910.148	20.8881
910.449	21.33
910.749	21.4849
911.05	21.2852
911.351	21.1285
911.652	20.969
911.952	20.7262
912.253	20.4067
912.553	20.0473
912.855	19.7838
913.156	19.6136
913.457	19.3284
913.758	19.3744
914.059	19.1352
914.36	19.1815
914.662	19.0223
914.963	19.0954
915.263	18.9291
915.563	15.7939
915.864	17.1548
916.165	17.3509
916.466	16.7726
916.768	14.1853
917.072	14.2522
917.373	14.9244
917.674	14.7759
917.974	14.2967
918.275	13.9926
918.576	13.8731
918.878	14.0877
919.18	14.1823
919.481	14.3662
919.782	14.4165
920.083	14.5906
920.384	14.5906
920.684	14.696
920.985	14.7501
921.287	14.7782
921.588	14.8298
921.89	14.804
922.19	14.8557
922.492	14.9234
922.792	14.9755
923.093	14.9755
923.393	15.0953
923.694	15.2152
923.995	15.3474
924.295	15.5752
924.596	15.8142
924.896	13.9
925.197	14.036
925.499	14.3982
925.8	13.9129
926.1	13.8973
926.402	14.1823
926.704	11.2242
927.006	12.7577
927.308	11.9577
927.608	11.8207
927.91	11.9387
928.212	12.2357
928.513	12.3798
928.813	12.6593
929.115	12.6152
929.415	12.859
929.717	12.8142
930.017	12.9389
930.319	12.9734
930.62	13.053
930.921	13.0986
931.222	13.053
931.523	13.0758
931.824	13.1156
932.125	13.1555
932.426	13.2583
932.727	13.2751
933.028	13.4345
933.328	13.5778
933.63	13.7453
933.931	14.1122
934.233	14.2866
934.533	12.0195
934.833	12.7993
935.134	12.7568
935.435	12.5176
935.736	12.8191
936.036	13.0986
936.337	10.3073
936.638	11.4069
936.939	10.923
937.239	10.6626
937.54	11.1224
937.842	11.2029
938.143	11.3814
938.444	11.7397
938.746	11.7193
939.047	11.9595
939.348	11.9006
939.65	11.9974
939.951	12.0393
940.252	12.0393
940.553	12.0393
940.853	12.0603
941.155	12.0979
941.457	12.1377
941.758	12.1589
942.059	12.2173
942.36	12.3582
942.661	12.4597
942.961	12.6593
943.262	12.8191
943.562	13.2184
943.863	13.4345
944.164	13.7775
944.465	11.5524
944.766	12.4826
945.067	12.1589
945.367	11.9804
945.668	12.4197
945.968	12.8989
946.268	10.6775
946.569	11.0392
946.87	10.5642
947.171	10.4048
947.472	10.8223
947.775	11.0057
948.077	11.1631
948.378	11.4613
948.679	11.3616
948.979	11.661
949.28	11.661
949.58	11.6619
949.882	11.7581
950.183	11.661
950.484	11.7203
950.786	11.759
951.088	11.6796
951.389	11.8193
951.691	11.7987
951.992	11.9197
952.294	12.0183
952.595	12.0979
952.897	12.3764
953.197	12.5395
953.498	12.8366
953.801	13.2289
954.102	13.6101
954.403	11.3846
954.703	12.446
955.004	11.7009
955.305	11.6203
955.606	12.2386
955.907	10.1066
956.208	10.6322
956.51	10.2673
956.812	10.0508
957.114	10.3109
957.416	10.6652
957.718	10.7261
958.019	11.103
958.321	10.9438
958.623	11.1426
958.924	11.2422
959.224	11.1817
959.525	11.3217
959.827	11.2823
960.129	11.302
960.429	11.3415
960.73	11.3415
961.031	11.3508
961.331	11.4722
961.633	11.4213
961.933	11.661
962.234	11.7408
962.535	11.9197
962.835	12.1002
963.137	12.3946
963.438	12.7967
963.759	11.5164
964.067	11.4488
964.369	11.3418
964.67	10.8642
964.972	11.4213
965.272	10.1449
965.573	10.0472
965.875	10.2673
966.175	9.94376
966.476	9.9837
966.777	9.96627
967.077	10.2233
967.378	10.2453
967.68	10.3867
967.982	10.5856
968.282	10.4629
968.584	10.6467
968.886	10.5856
969.186	10.6223
969.488	10.6656
969.789	10.5856
970.091	10.6652
970.391	10.7425
970.693	10.705
970.995	10.7659
971.296	10.8832
971.596	11.0619
971.898	11.1234
972.2	11.4412
972.502	11.7795
972.804	12.0581
973.106	12.5536
973.406	11.2638
973.707	11.4056
974.008	11.0426
974.334	9.43239
974.642	9.13955
974.945	9.51675
975.246	8.79484
975.549	8.90746
975.85	9.22494
976.151	9.32843
976.451	9.46454
976.752	9.60749
977.054	9.71014
977.355	9.72708
977.658	9.83505
977.96	9.85296
978.262	9.83425
978.564	9.86932
978.866	9.85215
979.168	9.85215
979.47	9.89188
979.772	9.90911
980.074	9.97133
980.374	10.1434
980.675	10.2233
980.976	10.4663
981.278	10.705
981.578	11.0619
981.879	11.3814
982.18	11.8193
982.481	12.5805
982.781	13.2583
983.082	10.1074
983.383	11.6006
983.683	11.9804
983.984	11.8798
984.285	12.1589
984.586	12.26
984.887	12.6771
985.187	12.859
985.488	13.1785
985.789	13.3947
986.09	13.4111
986.391	13.7775
986.691	13.8174
986.992	13.8973
987.292	14.057
987.593	13.9772
987.893	14.057
988.195	14.0877
988.496	14.1122
988.798	14.0632
989.098	14.097
989.399	14.1369
989.7	14.192
990.001	14.2866
990.303	14.4207
990.605	14.5652
990.906	14.804
991.208	15.0428
991.509	15.3213
991.81	13.5796
992.11	13.8177
992.411	14.0493
992.712	13.6577
993.013	13.6101
993.315	13.9683
993.615	11.5904
993.916	12.3568
994.218	12.0768
994.52	11.6999
994.82	11.661
995.122	11.9785
995.422	12.0204
995.723	12.2386
996.024	12.4197
996.326	12.5714
996.627	12.6771
996.929	12.633
997.23	12.7791
997.53	12.7791
997.832	12.7346
998.132	12.859
998.434	12.7346
998.735	12.8142
999.036	13.4345
999.337	14.0038
999.638	12.9857
999.939	13.0187
1000.24	14.688
1000.54	10.5999
