10.0344	34
10.0887	36
10.3821	40
10.4169	44
10.4558	47
10.5004	52
10.5015	51
10.5509	51
10.5519	51
10.6102	52
10.6113	53
10.6643	60
10.6654	60
10.7211	66
10.7221	65
10.7873	72
10.7883	71
10.7894	71
10.8582	71
10.9853	69
11.0341	73
11.0846	77
11.1423	80
11.207	86
11.208	83
11.2774	81
11.2784	80
11.3439	78
11.3449	77
11.4022	74
11.4032	72
11.461	71
11.4621	69
11.5135	67
11.5146	65
11.5661	63
11.5671	62
11.6202	68
11.6212	66
11.6769	71
11.678	69
11.7347	75
11.7358	73
11.7935	78
11.7946	76
11.8545	81
11.8555	79
11.9154	84
11.9165	81
11.9779	86
11.979	83
12.0394	88
12.0404	85
12.1009	89
12.1019	86
12.1618	90
12.1628	87
12.2233	91
12.2243	87
12.2863	92
12.2879	88
12.3551	94
12.3577	91
12.5594	88
12.6262	94
12.6965	99
13.121	101
13.1809	95
13.245	91
13.3149	89
13.3842	86
13.454	84
13.5181	82
13.5785	79
13.6405	77
13.703	75
13.7671	73
13.8338	72
13.9021	72
13.9719	72
14.0418	71
14.1111	71
14.1773	70
14.2403	69
14.3034	69
14.3653	68
14.4289	67
14.4941	67
14.5634	75
14.6332	83
14.702	90
14.7703	96
14.8401	101
15.1054	97
15.1726	101
15.2409	105
15.3108	109
15.3801	113
15.4494	116
15.5177	119
15.7131	120
15.7793	122
15.8481	123
15.918	125
15.9878	127
16.0566	128
16.0576	121
16.1254	114
16.1264	109
16.1937	103
16.1947	99
16.2625	95
16.2636	92
16.3323	89
16.3334	87
16.4016	84
16.4027	82
16.4715	81
16.4725	79
16.5377	78
16.5387	76
16.6038	75
16.6049	74
16.6727	73
16.6737	72
16.7425	72
16.7436	72
16.8113	71
16.8124	71
16.8801	71
16.8812	70
16.9479	70
16.9489	69
17.0162	69
17.0172	69
17.0855	69
17.0866	69
17.1543	69
17.1553	69
17.2236	69
17.2247	69
17.2934	69
17.2945	69
17.3575	68
17.3586	68
17.4158	66
17.4169	65
17.4767	65
17.4778	64
17.5419	64
17.5429	64
17.6097	65
17.6107	65
17.678	65
17.679	66
17.7478	66
17.7489	66
17.8176	67
17.8187	67
17.888	67
17.889	68
17.9584	68
17.9594	68
18.025	68
18.0261	68
18.0907	67
18.0918	67
18.1543	67
18.1553	66
18.2189	66
18.2199	66
18.2867	66
18.2877	66
18.357	67
18.3581	67
18.4253	67
18.4263	67
18.492	67
18.493	67
18.555	66
18.5561	66
18.6159	65
18.617	64
18.679	64
18.68	64
18.7452	64
18.7462	65
18.8145	73
18.8155	73
18.8838	81
18.8849	79
18.9537	87
19.1569	92
19.2247	98
19.2258	94
19.2925	91
19.2935	88
19.3628	86
19.3639	84
19.4306	82
19.4316	80
19.4999	78
19.501	77
19.5687	76
19.5698	75
19.6375	74
19.6386	74
19.7064	73
19.7074	72
19.7762	72
19.7773	72
19.8455	80
19.8466	79
19.9132	86
19.9143	84
19.981	90
19.9821	87
20.0493	93
20.0504	90
20.1187	96
20.1197	93
20.1885	98
20.1895	95
20.2583	100
20.4647	105
20.5341	109
20.6039	112
20.6717	115
20.7363	118
20.7373	111
20.803	105
20.804	101
20.8728	97
20.8739	93
20.9427	90
20.9437	88
21.012	85
21.013	83
21.0813	82
21.0823	80
21.148	87
21.149	84
21.2152	90
21.2163	88
21.2825	93
21.2835	90
21.3523	96
21.3533	93
21.4206	98
21.4216	94
21.4883	99
21.4894	96
21.5577	101
21.5587	97
21.6254	102
21.6265	97
21.6953	102
21.6963	98
21.7651	103
21.7661	99
21.8339	104
21.8349	99
21.9011	104
21.9022	99
21.9673	104
21.9684	99
22.0372	103
22.2378	107
22.304	110
22.3707	112
22.4411	115
22.8318	117
22.9001	119
22.9705	121
23.2467	123
23.3134	124
23.3828	126
23.4531	128
23.7236	128
24.0019	130
24.4799	130
24.5487	131
24.6185	132
24.6863	133
24.754	133
24.8239	133
25.1006	134
25.1694	134
25.2392	135
25.3054	135
25.3721	135
25.4383	134
25.505	134
25.5733	134
25.6426	134
25.713	135
25.9887	135
26.0586	136
26.328	135
26.3937	134
26.3947	126
26.4609	118
26.462	112
26.5282	106
26.5292	101
26.597	97
26.598	94
26.6668	91
26.6679	88
26.7361	86
26.7372	84
26.8049	82
26.806	80
26.8711	78
26.8722	77
26.9384	75
26.9394	74
27.0056	73
27.0067	72
27.0734	72
27.0744	71
27.1432	71
27.1443	71
27.2125	71
27.2136	70
27.2824	70
27.2834	70
27.3496	70
27.3506	69
27.4126	68
27.4137	68
27.4757	67
27.4767	66
27.5413	66
27.5424	66
27.6101	67
27.6112	67
27.68	67
27.681	67
27.7498	68
27.7509	68
27.8165	68
27.8175	67
27.8858	68
27.8869	68
27.951	67
27.952	67
28.0172	67
28.0182	67
28.0865	67
28.0876	67
28.1563	67
28.1574	68
28.2262	68
28.2272	68
28.2944	68
28.2955	68
28.3622	68
28.3632	68
28.4315	68
28.4326	68
28.5009	68
28.5019	68
28.5707	68
28.5717	68
28.6395	68
28.6405	68
28.702	68
28.7031	67
28.7666	67
28.7677	66
28.8318	66
28.8328	66
28.8969	66
28.898	66
28.962	66
28.9631	66
29.0298	66
29.0309	66
29.0997	66
29.1007	67
29.1695	67
29.1706	67
29.2388	67
29.2399	68
29.3081	68
29.3092	68
29.377	68
29.378	68
29.4457	77
29.4468	76
29.5103	83
29.5114	81
29.5755	87
29.5765	84
29.6417	90
29.6427	87
29.6438	84
29.7115	82
29.7126	81
29.7136	79
29.7814	78
29.7824	77
29.7835	76
29.8517	75
29.9862	74
29.9872	73
30.0508	72
30.0518	71
30.117	70
30.118	70
30.1842	69
30.1853	69
30.253	77
30.2541	76
30.3229	84
30.3239	82
30.5245	80
30.5944	87
30.6637	94
30.7335	99
30.8018	104
30.8721	108
31.1452	103
31.2151	108
31.2849	112
31.3537	115
31.4193	117
31.4871	119
31.4882	113
31.5575	108
31.5585	103
31.6273	99
31.6284	95
31.693	91
31.694	88
31.7602	85
31.7613	83
31.8301	81
31.8311	80
31.8999	78
31.9009	77
31.9702	76
31.9713	76
32.0364	74
32.0375	73
32.1031	72
32.1042	72
32.1719	71
32.173	71
32.2418	71
32.2428	70
32.3101	70
32.3111	70
32.3799	70
32.3809	70
32.4466	69
32.4476	69
32.5154	69
32.5165	69
32.5842	69
32.5852	69
32.6498	68
32.6509	68
32.7145	67
32.7155	67
32.7796	67
32.7806	66
32.8463	66
32.8474	66
32.9167	67
32.9177	67
32.9865	67
32.9876	68
33.0558	68
33.0569	68
33.1231	68
33.1241	68
33.1914	68
33.1924	68
33.2607	68
33.2618	68
33.3295	68
33.3306	68
33.3989	68
33.3999	68
33.4687	68
33.4698	68
33.5385	69
33.5396	69
33.6089	69
33.6099	69
33.6777	69
33.6787	69
33.7439	68
33.7449	68
33.8127	68
33.8137	68
33.8825	68
33.8836	68
33.9518	68
33.9529	68
34.0217	69
34.0227	69
34.091	69
34.092	69
34.1572	77
34.1582	76
34.2233	83
34.2244	81
34.2927	87
34.2937	85
34.3625	92
34.3636	89
34.4318	95
34.4329	92
34.5017	98
34.5027	94
34.5652	99
34.5663	95
34.5673	91
34.6293	87
34.6304	84
34.6314	82
34.6966	80
34.6976	78
34.6987	77
34.7669	76
34.768	75
34.769	75
34.8352	74
34.8363	73
34.8373	73
34.9029	80
34.904	79
34.9051	77
34.9665	84
34.9676	81
34.9686	79
35.0301	85
35.0311	82
35.0322	80
35.0332	78
35.0963	77
35.0973	75
35.0984	74
35.0994	73
35.1646	72
35.1656	72
35.1667	71
35.1677	71
35.2344	79
35.2355	78
35.3746	77
35.4418	84
35.4429	82
35.4439	80
35.5127	79
35.6456	77
35.7102	84
35.7785	90
35.8483	96
35.9182	101
35.9833	106
36.175	108
36.2428	111
36.3126	114
36.3825	117
36.4507	120
36.5153	121
36.58	122
36.6462	123
36.7113	124
36.7791	125
36.8489	127
37.1225	128
37.1914	129
37.2612	130
37.331	131
37.5984	131
37.6646	131
37.7328	131
37.8011	132
37.8705	133
37.9403	133
38.0075	134
38.0748	134
38.1425	134
38.2103	134
38.2796	134
38.3495	135
38.4193	135
38.4865	136
38.5496	135
38.6137	134
38.6788	133
38.7445	133
38.8117	133
38.8815	133
38.9514	134
39.0202	135
39.09	135
39.1572	135
39.2213	135
39.2865	134
39.3548	134
39.4246	134
39.4944	135
39.5627	135
39.6278	135
39.6956	135
39.7607	134
39.8274	134
39.8973	134
39.9666	135
40.0364	135
40.1037	135
40.1698	135
40.235	134
40.3007	134
40.3017	126
40.3705	119
40.3716	112
40.4403	107
40.4414	102
40.5102	98
40.5112	95
40.579	91
40.58	88
40.6477	86
40.6488	84
40.7134	90
40.7145	87
40.778	92
40.7791	89
40.8432	94
40.8442	90
40.9083	95
40.9094	91
40.9104	88
40.9777	86
40.9787	84
40.9798	82
41.0475	80
41.0485	79
41.0496	78
41.1173	77
41.1184	76
41.1194	75
41.3227	74
41.3237	73
41.392	73
41.3931	72
41.4618	72
41.4629	72
41.5317	71
41.5327	71
41.5994	79
41.6005	78
41.6677	85
41.6688	83
41.7344	89
41.7355	87
41.7365	84
41.8022	82
41.8033	80
41.8043	79
41.8721	78
41.8731	77
41.8742	76
41.9419	75
41.9429	74
41.944	73
42.0117	73
42.0128	72
42.0138	72
42.0805	72
42.0815	71
42.0826	71
42.1446	70
42.1456	69
42.1467	69
42.2076	76
42.2087	74
42.2097	73
42.2707	79
42.2717	77
42.2728	75
42.3353	82
42.3363	80
42.3374	78
42.4015	84
42.4025	82
42.4036	80
42.4692	87
42.4703	84
42.4713	82
42.5391	89
42.5401	87
42.5412	85
42.6089	91
42.6099	88
42.611	86
42.6782	92
42.6793	90
42.6803	87
42.748	94
42.7491	91
42.7501	88
42.8174	94
42.8184	91
42.8195	88
42.8861	94
42.8872	91
42.8882	88
42.9544	94
42.9555	91
42.9565	88
43.0243	94
43.0253	91
43.0264	89
43.0936	95
43.0946	91
43.0957	89
43.1634	95
43.1644	92
43.1655	89
43.2317	95
43.2327	92
43.2338	89
43.2994	94
43.3005	91
43.3015	88
43.3672	94
43.3683	91
43.3693	88
43.437	94
43.4381	91
43.4391	88
43.5069	94
43.5079	91
43.509	89
43.5762	95
43.5772	92
43.5783	89
43.6424	94
43.6434	91
43.6445	88
43.7106	93
43.7117	90
43.7127	88
43.7805	94
43.7815	91
43.7826	88
43.8503	94
43.8514	91
43.8524	89
43.9197	95
43.9207	92
43.9218	89
43.9895	95
43.9905	92
44.1282	89
44.1896	85
44.1907	82
44.2548	88
44.2558	85
44.3215	91
44.3225	88
44.3903	94
44.3914	91
44.4601	96
44.4612	93
44.5295	99
44.5305	95
44.5993	100
44.6003	97
44.6676	102
44.6686	97
44.6697	94
44.7332	90
44.7343	87
44.7353	85
44.7973	82
44.7984	80
44.7994	78
44.8619	76
44.863	74
44.864	73
44.9276	72
44.9286	71
44.9297	70
44.9959	70
44.9969	70
44.998	70
45.0652	78
45.0662	77
45.0673	76
45.135	84
45.1361	82
45.1371	81
45.2028	87
45.2038	85
45.2049	83
45.2716	89
45.2726	87
45.2737	85
45.3414	91
45.3425	88
45.3435	86
45.4113	93
45.4123	90
45.4134	87
45.4811	94
45.4821	91
45.4832	88
45.5499	94
45.5509	91
45.552	88
45.6161	94
45.6171	90
45.6182	88
45.6812	93
45.6823	89
45.6833	86
45.7469	92
45.7479	88
45.749	85
45.8141	91
45.8152	88
45.8162	86
45.884	92
45.885	89
45.8861	87
45.9538	93
45.9548	90
45.9559	88
46.0236	94
46.0247	91
46.0257	88
46.0929	94
46.094	91
46.095	89
46.1617	94
46.1628	91
46.1638	89
46.2315	94
46.2326	91
46.2336	89
46.3014	95
46.3024	92
46.3035	89
46.3712	95
46.3723	92
46.3733	89
46.4363	95
46.4374	91
46.4384	88
46.5009	93
46.502	89
46.503	86
46.5661	91
46.5671	88
46.5682	86
46.6307	91
46.6318	87
46.6328	85
46.6964	90
46.6974	87
46.6985	84
46.7636	90
46.7647	87
46.7657	85
46.8324	91
46.8335	88
46.8345	86
46.9017	92
46.9028	89
46.9038	87
46.9716	93
46.9726	90
46.9737	88
47.0409	94
47.0419	91
47.043	88
47.1092	94
47.1102	91
47.1113	88
47.1759	94
47.1769	90
47.178	87
47.2447	93
47.2458	90
47.2468	88
47.314	94
47.3151	91
47.3161	88
47.3839	94
47.3849	91
47.386	88
47.4537	94
47.4547	91
47.4558	89
47.5214	95
47.5224	91
47.5235	89
47.5855	94
47.5865	90
47.5876	87
47.6506	92
47.6517	89
47.6527	86
47.7163	91
47.7173	88
47.7184	85
47.7194	83
47.7814	81
47.7825	79
47.7835	77
47.7846	75
47.8482	74
47.8492	73
47.8503	72
47.8513	72
47.9164	71
47.9175	71
47.9185	70
47.9196	70
47.9863	70
47.9873	70
47.9884	70
47.9894	70
48.0561	70
48.0571	70
48.0582	70
48.0592	70
48.1233	78
48.1244	77
48.1254	75
48.1265	74
48.1895	81
48.1905	80
48.1916	78
48.1926	76
48.2567	83
48.2578	81
48.2588	79
48.2599	78
48.3229	84
48.324	82
48.325	80
48.3261	79
48.3271	77
48.3917	76
48.3928	75
48.3938	74
48.3949	73
48.3959	73
48.4616	72
48.4626	72
48.4637	72
48.4647	71
48.4658	71
48.5298	71
48.5309	70
48.5319	70
48.533	70
48.534	70
48.5991	78
48.6002	77
48.6012	76
48.6023	75
48.6033	75
48.6679	82
48.669	80
48.67	79
48.6711	78
48.6721	77
48.6732	76
48.7383	75
48.7393	75
48.7404	74
48.7414	73
48.7425	73
48.7435	72
48.8086	72
48.879	71
48.9368	70
48.9379	69
48.9389	68
48.94	67
48.9983	66
48.9993	65
49.0004	65
49.0014	65
49.0613	64
49.0624	64
49.0634	64
49.0645	64
49.1291	72
49.1301	72
49.1312	71
49.1322	71
49.1994	79
49.3375	77
49.3386	76
49.3396	75
49.4058	74
49.4069	74
49.4079	73
49.4736	72
49.4747	72
49.4757	71
49.5419	71
49.543	70
49.544	70
49.6107	70
49.6118	70
49.6128	70
49.68	78
49.6811	77
49.6821	76
49.7504	84
49.8812	81
49.8822	79
49.9447	77
49.9458	75
50.0109	82
50.012	80
50.0803	87
50.0813	85
50.1491	91
50.1501	89
50.2194	95
50.4211	100
50.4894	104
50.5587	108
50.6291	112
50.8328	107
50.8975	110
50.9642	112
51.0314	115
51.0987	117
51.168	120
51.2378	122
51.3076	124
51.3712	125
51.4327	125
51.4962	125
51.563	126
51.6328	127
51.9111	128
52.1785	129
52.2484	130
52.3182	131
52.387	132
52.4568	133
52.5241	133
52.5934	134
52.6638	134
52.9395	134
53.0093	135
53.0791	135
53.3496	135
53.4173	134
53.4867	135
53.5518	135
53.6206	134
53.6857	134
53.7519	134
53.8207	134
53.8906	134
53.9609	135
54.2125	134
54.2808	133
54.3507	134
54.4205	135
54.4872	135
54.556	135
54.6232	135
54.6926	135
54.7629	135
55.2382	136
55.5145	136
55.5822	136
55.6511	136
55.7209	136
55.7907	136
55.8585	137
55.9257	136
55.993	136
56.0607	136
56.1285	136
56.1983	136
56.4704	135
56.5365	135
56.6054	135
56.6064	127
56.6762	120
56.8806	122
56.9499	124
57.0197	126
57.0901	127
57.3506	127
57.4179	120
57.4856	113
57.555	108
57.6248	103
57.6931	99
57.7619	95
57.8307	91
57.9	89
57.9704	86
58.0402	84
58.1064	82
58.1721	80
58.2398	78
58.3096	77
58.379	76
58.4473	75
58.515	74
58.5848	73
58.6547	73
58.7219	72
58.7918	80
58.8584	87
58.9252	93
58.9908	98
59.057	102
59.0581	98
59.1253	94
59.1264	91
59.1952	88
59.1962	86
59.2645	84
59.2655	82
59.3343	80
59.3354	79
59.401	86
59.402	84
59.4635	89
59.4646	86
59.526	91
59.5271	87
59.5281	84
59.5901	82
59.5912	79
59.5922	77
59.6574	76
59.6584	75
59.6595	74
59.7267	81
59.7277	80
59.7288	79
59.7965	86
59.9367	84
60.0018	81
60.0029	79
60.0686	78
60.0696	76
60.1379	75
60.139	75
60.2072	83
60.2083	81
60.277	88
60.2781	86
60.3427	92
60.3437	89
60.3448	86
60.4089	83
60.4099	81
60.411	79
60.4767	78
60.4777	76
60.4788	75
60.546	74
60.547	74
60.5481	73
60.6158	73
60.6169	72
60.6179	72
60.6851	80
60.6862	79
60.6872	78
60.7518	85
60.7529	83
60.7539	81
60.8185	87
60.8196	84
60.8206	82
60.8858	88
60.8868	86
60.8879	84
60.9541	90
60.9551	87
60.9562	85
60.9572	83
61.0239	81
61.025	80
61.026	78
61.0271	77
61.0938	76
61.0948	75
61.0959	75
61.0969	74
61.1636	73
61.1646	73
61.1657	72
61.1667	72
61.2329	72
61.234	71
61.235	71
61.2361	71
61.3006	70
61.3017	70
61.3028	70
61.3038	69
61.3705	69
61.3715	69
61.3726	69
61.3736	69
61.4404	69
61.4414	69
61.4425	69
61.4435	69
61.506	69
61.5071	68
61.5081	68
61.5092	68
61.5738	68
61.5748	67
61.5759	67
61.5769	67
61.6436	68
61.6447	68
61.6457	68
61.6468	68
61.7135	68
61.7145	68
61.7156	69
61.7166	69
61.7828	69
61.7838	69
61.7849	69
61.7859	69
61.8521	69
61.8532	69
61.8542	69
61.8553	69
61.9209	69
61.9219	69
61.923	68
61.924	68
61.9897	68
61.9908	68
61.9918	68
61.9929	68
62.0591	69
62.0601	69
62.0612	69
62.0622	69
62.1289	69
62.1299	69
62.131	69
62.132	69
62.1992	69
62.2003	69
62.2013	69
62.2024	69
62.2675	69
62.2685	69
62.2696	69
62.2706	69
62.3347	68
62.3358	68
62.3368	68
62.3379	68
62.403	68
62.4041	68
62.4051	68
62.4062	68
62.4708	68
62.4718	68
62.4729	68
62.4739	67
62.5406	68
62.5417	68
62.5427	68
62.5438	68
62.6084	68
62.6094	68
62.6105	68
62.6115	68
62.6782	68
62.6793	68
62.6803	68
62.6814	69
62.7454	68
62.7465	68
62.7475	68
62.7486	68
62.8121	68
62.8132	67
62.8142	67
62.8153	67
62.8789	67
62.8799	67
62.881	67
62.882	67
62.9477	67
62.9487	67
62.9498	67
62.9508	67
63.018	68
63.0191	68
63.0201	68
63.0212	69
63.0837	68
63.0847	68
63.0858	67
63.0868	67
63.1478	66
63.1488	66
63.1499	66
63.1509	65
63.215	66
63.2161	66
63.2171	66
63.2182	66
63.2833	66
63.2844	67
63.2854	67
63.2865	67
63.3527	67
63.3537	67
63.3548	67
63.3558	68
63.423	68
63.424	68
63.4251	68
63.4262	69
63.4923	69
63.4933	69
63.4944	69
63.4954	69
63.5616	69
63.5627	69
63.5637	69
63.5648	69
63.6309	69
63.632	69
63.633	69
63.6341	69
63.6945	68
63.6955	68
63.6966	67
63.6976	67
63.7591	74
63.7602	73
63.7612	72
63.7623	71
63.8237	78
63.8248	76
63.8258	75
63.8269	74
63.8904	80
63.8915	79
63.8925	77
63.8936	76
63.9603	83
63.9613	82
63.9624	80
63.9634	79
64.0301	86
64.0312	84
64.164	82
64.1651	80
64.1661	78
64.2318	77
64.2329	76
64.2339	74
64.2991	74
64.3001	73
64.3012	72
64.3684	80
64.3694	79
64.3705	78
64.4382	85
64.4392	83
64.4403	82
64.5065	88
64.5075	86
64.5086	84
64.5096	82
64.5732	80
64.5743	78
64.5753	77
64.5764	75
64.6415	74
64.6425	74
64.6436	73
64.6446	72
64.7113	72
64.7124	72
64.7134	71
64.7145	71
64.7801	71
64.7812	71
64.7822	70
64.7833	70
64.8494	78
64.8505	77
64.8515	76
64.8526	75
64.9172	83
64.9182	81
64.9193	79
64.9203	78
64.986	85
64.987	83
64.9881	81
64.9891	80
65.0558	87
65.0569	85
65.0579	83
65.059	81
65.1257	88
65.1267	86
65.2627	83
65.2638	81
65.2648	79
65.3305	78
65.3315	76
65.3326	75
65.3983	74
65.3993	74
65.4004	73
65.466	80
65.4671	79
65.4681	78
65.5343	85
65.5354	83
65.5364	81
65.6041	88
65.6052	86
65.7438	83
65.7449	81
65.8105	88
65.8116	85
65.8126	83
65.8788	81
65.8799	79
65.8809	78
65.9466	77
65.9477	75
65.9487	74
66.0138	73
66.0149	73
66.0159	72
66.0816	71
66.0827	71
66.0837	70
66.151	70
66.152	70
66.1531	70
66.2213	70
66.2224	70
66.2234	70
66.2911	70
66.2922	70
66.2932	70
66.361	70
66.362	70
66.3631	70
66.4282	69
66.4292	69
66.4303	69
66.4944	68
66.4954	68
66.4965	68
66.56	67
66.5611	67
66.5621	67
66.6262	67
66.6273	67
66.6283	66
66.6935	66
66.6945	66
66.6956	66
66.7612	67
66.7623	67
66.7633	67
66.8316	67
66.8327	67
66.8337	68
66.902	68
66.903	68
66.9041	69
66.9692	68
66.9702	68
66.9713	68
67.038	68
67.039	68
67.0401	68
67.1052	68
67.1063	68
67.1073	68
67.1714	67
67.1725	67
67.1735	67
67.2408	67
67.2418	67
67.2429	67
67.3111	68
67.3122	68
67.3132	68
67.3815	69
67.3825	69
67.3836	69
67.4487	69
67.4498	68
67.4508	68
67.5159	68
67.517	68
67.518	68
67.5842	68
67.5853	68
67.5863	68
67.6536	68
67.6546	68
67.6557	68
67.7229	68
67.7239	68
67.725	68
67.7927	68
67.7938	68
67.7948	69
67.8609	68
67.862	68
67.863	68
67.9266	68
67.9277	68
67.9287	67
67.9944	67
67.9954	67
67.9965	67
68.0621	67
68.0632	67
68.0642	67
68.1315	68
68.1325	68
68.1336	68
68.2013	68
68.2024	68
68.2034	68
68.2711	68
68.2722	69
68.2732	69
68.3389	68
68.3399	68
68.341	68
68.4067	68
68.4077	68
68.4088	68
68.476	68
68.477	68
68.4781	68
68.5458	68
68.5469	68
68.5479	68
68.6151	69
68.6162	69
68.6172	69
68.6844	69
68.6855	69
68.6865	69
68.7527	69
68.7538	68
68.7548	68
68.8221	68
68.8231	69
68.8242	69
68.8908	77
68.8919	76
68.8929	75
68.9607	83
68.9617	81
68.9628	80
69.0269	87
69.0279	84
69.029	82
69.0931	88
69.0941	85
69.0952	83
69.1587	89
69.1598	86
69.1608	83
69.1619	81
69.2275	80
69.2286	78
69.2296	77
69.2307	76
69.2974	75
69.2984	74
69.2995	74
69.3005	73
69.3667	73
69.3678	72
69.3688	72
69.3699	71
69.4355	71
69.4365	71
69.4376	71
69.4386	70
69.5048	78
69.5058	77
69.5069	76
69.5079	76
69.5725	83
69.5736	81
69.5746	79
69.5757	78
69.5767	77
69.6403	76
69.6414	75
69.6424	74
69.6435	73
69.6445	72
69.7075	72
69.7086	71
69.7096	70
69.7107	70
69.7117	69
69.7769	69
69.7779	69
69.779	69
69.78	70
69.7811	70
69.8462	78
69.8472	77
69.8483	76
69.8493	75
69.8504	75
69.916	82
69.9171	81
70.052	87
70.0531	85
70.0541	82
70.0552	81
70.1182	79
70.1193	77
70.1203	76
70.1214	74
70.1855	73
70.1865	73
70.1876	72
70.1886	71
70.2548	79
70.2558	78
70.2569	77
70.2579	76
70.3246	83
70.3257	82
70.3267	80
70.3278	79
70.3913	86
70.3924	84
70.3934	82
70.3945	80
70.3955	78
70.4564	77
70.4575	75
70.4585	74
70.4596	73
70.4606	72
70.5237	71
70.5247	70
70.5258	70
70.5268	69
70.5279	69
70.5915	69
70.5925	69
70.5936	69
70.5946	68
70.5957	68
70.6613	68
70.6623	69
70.6634	69
70.6645	69
70.6655	69
70.7306	77
70.7317	76
70.7327	76
70.7338	75
70.7348	74
70.7973	81
70.7984	80
70.7994	78
70.8005	77
70.8015	76
70.8646	82
70.8656	80
70.8667	79
70.8677	77
70.8688	76
70.9297	83
70.9307	80
70.9318	79
70.9328	77
70.9339	76
70.9959	82
70.9969	80
70.998	78
70.999	77
71.0001	76
71.0011	75
71.0663	74
71.0673	74
71.0684	73
71.0694	73
71.0705	72
71.0715	72
71.1356	72
71.1366	71
71.1377	71
71.1387	71
71.1398	70
71.1408	70
71.2049	70
71.2059	70
71.207	70
71.208	70
71.2091	70
71.2101	70
71.2732	69
71.2742	69
71.2753	69
71.2763	69
71.2774	69
71.2784	69
71.343	69
71.3441	69
71.3451	69
71.3462	69
71.3472	69
71.3483	69
71.4118	69
71.4129	69
71.4139	69
71.415	68
71.416	68
71.4171	68
71.4816	69
71.4827	69
71.4837	69
71.4848	69
71.4858	69
71.4869	69
71.5499	69
71.551	68
71.552	68
71.5531	68
71.5541	68
71.5552	68
71.6187	68
71.6198	68
71.6208	68
71.6219	68
71.6229	68
71.624	68
71.6886	68
71.6896	68
71.6907	69
71.6917	69
71.6928	69
71.6938	69
71.7584	69
71.7594	69
71.7605	69
71.7615	69
71.7626	69
71.7636	69
71.8267	69
71.8277	69
71.8288	69
71.8298	69
71.8309	68
71.8319	68
71.8965	68
71.8976	69
71.8986	69
71.8997	69
71.9007	69
71.9018	69
71.9663	69
71.9674	69
71.9684	69
71.9695	69
71.9705	69
71.9716	69
72.0357	69
72.0367	69
72.0378	69
72.0388	69
72.0399	69
72.0409	69
72.1055	69
72.1066	69
72.1076	69
72.1087	69
72.1097	69
72.1108	69
72.1717	69
72.1727	68
72.1738	68
72.1748	68
72.1759	67
72.1769	67
72.2395	67
72.2405	67
72.2416	67
72.2426	67
72.2437	67
72.2447	67
72.3072	67
72.3083	67
72.3093	67
72.3104	67
72.3114	67
72.3125	67
72.375	67
72.376	67
72.3771	67
72.3781	67
72.3792	67
72.3802	67
72.4448	68
72.4459	68
72.4469	68
72.448	68
72.449	68
72.4501	68
72.5142	68
72.5152	69
72.5163	69
72.5173	69
72.5184	69
72.5194	69
72.584	69
72.585	69
72.5861	69
72.5871	69
72.5882	69
72.5892	69
72.6523	69
72.6533	69
72.6544	69
72.6554	69
72.6565	68
72.6575	68
72.719	68
72.72	68
72.7211	68
72.7221	67
72.7232	67
72.7242	67
72.7873	67
72.7883	67
72.7894	67
72.7904	67
72.7915	67
72.7925	67
72.8566	68
72.8577	68
72.8587	68
72.8598	68
72.8608	68
72.8619	68
72.9265	68
72.9275	68
72.9286	69
72.9296	69
72.9307	69
72.9317	69
72.9958	69
72.9968	69
72.9979	69
72.9989	69
73	69
73.001	69
73.0656	69
73.0667	69
73.0677	69
73.0688	69
73.0698	69
73.0709	69
73.1297	68
73.1307	68
73.1318	67
73.1328	67
73.1339	66
73.1349	66
73.1948	66
73.1959	66
73.1969	65
73.198	65
73.199	65
73.2001	65
73.261	66
73.2621	66
73.2631	66
73.2642	66
73.2652	66
73.2663	66
73.3267	66
73.3277	65
73.3288	65
73.3298	65
73.3309	65
73.3319	65
73.3939	65
73.395	65
73.396	66
73.3971	66
73.3981	66
73.3992	66
73.4633	67
73.4643	67
73.4654	67
73.4664	67
73.4675	68
73.4685	68
73.5331	68
73.5341	68
73.5352	68
73.5363	68
73.5373	69
73.5384	69
73.6029	69
73.604	69
73.605	69
73.6061	69
73.6071	69
73.6082	69
73.6712	69
73.6722	69
73.6733	69
73.6743	69
73.6754	68
73.6764	68
73.7395	68
73.7405	68
73.7416	68
73.7426	68
73.7437	68
73.7447	68
73.8062	76
73.8072	75
73.8083	74
73.8093	73
73.8104	72
73.8115	72
73.8708	79
73.8719	77
73.8729	75
73.874	74
73.875	73
73.8761	72
73.9375	79
73.9386	77
73.9396	76
73.9407	75
73.9417	74
73.9428	73
74.0058	80
74.0069	79
74.0079	77
74.009	76
74.01	75
74.0111	75
74.0756	82
74.0767	80
74.1487	79
74.2133	78
74.2143	76
74.2154	75
74.2164	74
74.2175	74
74.2821	73
74.2831	72
74.2842	72
74.2852	72
74.2863	71
74.3519	71
74.353	71
74.354	70
74.3551	70
74.3561	70
74.4212	70
74.4223	70
74.4233	70
74.4244	70
74.4254	70
74.489	69
74.49	69
74.4911	69
74.4921	69
74.4932	69
74.5573	77
74.5583	76
74.5594	75
74.5604	74
74.5615	73
74.6261	81
74.6271	79
74.6282	78
74.6292	77
74.6303	76
74.6959	83
74.697	82
74.833	88
74.834	85
74.8351	83
74.8362	81
74.9029	80
74.9039	78
74.905	77
74.906	76
74.9727	75
74.9737	75
74.9748	74
74.9758	73
75.041	73
75.042	72
75.0431	72
75.0441	71
75.1066	70
75.1077	70
75.1087	69
75.1098	69
75.1728	76
75.1739	75
75.1749	74
75.176	73
75.2406	80
75.2416	79
75.2427	77
75.2437	76
75.3089	83
75.3099	82
75.311	80
75.312	79
75.3782	86
75.3792	84
75.3803	82
75.3813	81
75.448	87
75.4491	85
75.5809	83
75.582	80
75.583	79
75.6471	77
75.6481	76
75.6492	74
75.7138	73
75.7149	72
75.7159	72
75.7831	79
75.7842	78
75.7852	77
75.8514	85
75.8524	83
75.8535	81
75.9197	87
75.9207	85
75.9218	83
75.9228	81
75.9901	80
75.9911	79
75.9922	78
75.9932	77
76.0599	76
76.061	75
76.062	74
76.0631	74
76.1271	73
76.1282	72
76.1292	71
76.1303	71
76.1923	70
76.1933	69
76.1944	69
76.1954	69
76.2569	76
76.2579	74
76.259	73
76.26	72
76.3241	79
76.3252	78
76.3262	77
76.3273	76
76.394	83
76.395	81
76.3961	80
76.3971	79
76.4638	86
76.4648	84
76.4659	82
76.4669	81
76.5315	87
76.5326	85
76.5336	83
76.5347	81
76.5357	79
76.6003	78
76.6014	77
76.6024	76
76.6035	75
76.6045	74
76.6696	73
76.6707	73
76.6717	72
76.6728	72
76.6738	71
76.7389	71
76.74	71
76.741	71
76.7421	70
76.7431	70
76.8088	70
76.8098	70
76.8109	70
76.8119	70
76.813	70
76.8786	70
76.8797	70
76.8807	70
76.8818	70
76.8828	70
76.9458	69
76.9469	69
76.9479	69
76.949	68
76.95	68
77.0131	68
77.0141	68
77.0152	68
77.0162	68
77.0173	68
77.0824	68
77.0835	68
77.0845	68
77.0856	68
77.0866	68
77.1522	68
77.1533	68
77.1544	69
77.1554	69
77.1565	69
77.2221	69
77.2231	69
77.2242	69
77.2252	69
77.2263	69
77.2914	69
77.2924	69
77.2935	69
77.2945	69
77.2956	69
77.355	68
77.356	67
77.3571	67
77.3581	67
77.3592	66
77.418	66
77.419	65
77.4201	65
77.4211	65
77.4222	64
77.4826	64
77.4837	64
77.4847	64
77.4858	64
77.4868	64
77.5483	64
77.5493	64
77.5504	65
77.5514	65
77.5525	65
77.6166	65
77.6176	65
77.6187	66
77.6197	66
77.6208	66
77.6864	67
77.6875	67
77.6885	67
77.6896	67
77.6906	68
77.7562	68
77.7573	68
77.7583	68
77.7594	68
77.7604	69
77.8261	69
77.8271	69
77.8282	69
77.8292	69
77.8303	69
77.8943	69
77.8954	69
77.8964	69
77.8975	68
77.8985	68
77.9631	68
77.9642	68
77.9652	68
77.9663	68
77.9673	68
78.0299	68
78.0309	68
78.032	67
78.033	67
78.0341	67
78.0976	67
78.0987	67
78.0997	67
78.1008	67
78.1018	67
78.1649	67
78.1659	67
78.167	67
78.168	67
78.1691	67
78.2337	67
78.2347	67
78.2358	68
78.2368	68
78.2379	68
78.3035	68
78.3046	68
78.3056	68
78.3067	68
78.3077	68
78.3733	69
78.3744	69
78.3755	69
78.3765	69
78.3776	69
78.4416	69
78.4427	69
78.4437	68
78.4448	68
78.4458	68
78.5099	68
78.511	68
78.512	68
78.5131	68
78.5141	68
78.5787	68
78.5798	68
78.5808	68
78.5819	68
78.5829	68
78.6486	68
78.6496	68
78.6507	69
78.6518	69
78.6528	69
78.7184	69
78.7195	69
78.7205	69
78.7216	69
78.7226	69
78.7877	69
78.7888	69
78.7898	69
78.7909	69
78.7919	69
78.8576	69
78.8586	69
78.8597	69
78.8607	69
78.8618	69
78.9274	69
78.9285	69
78.9295	69
78.9306	69
78.9316	69
78.9972	69
78.9983	69
78.9993	69
79.0004	69
79.0014	69
79.0655	69
79.0665	69
79.0676	69
79.0686	69
79.0697	68
79.1338	68
79.1348	68
79.1359	68
79.1369	68
79.138	68
79.2005	68
79.2015	68
79.2026	68
79.2036	67
79.2047	67
79.2682	67
79.2693	67
79.2703	68
79.2714	68
79.2724	68
79.337	76
79.3381	75
79.3391	74
79.3402	74
79.3412	73
79.4069	81
79.4079	79
79.409	78
79.41	77
79.4111	76
79.4767	84
79.4778	82
79.4788	81
79.4799	79
79.4809	78
79.545	85
79.546	83
79.5471	81
79.5481	80
79.5492	79
79.6138	85
79.6148	83
79.6159	81
79.6169	80
79.618	78
79.619	77
79.6841	76
79.6852	76
79.6862	75
79.6873	74
79.6883	74
79.6894	73
79.7535	73
79.7545	72
79.7556	72
79.7566	71
79.7577	71
79.7587	71
79.8228	70
79.8238	70
79.8249	70
79.8259	70
79.827	70
79.828	70
79.8926	70
79.8936	70
79.8947	70
79.8957	70
79.8968	70
79.8978	70
79.9614	78
79.9624	77
79.9635	76
79.9645	75
79.9656	74
79.9666	74
80.0286	81
80.0297	79
80.0307	78
80.0318	76
80.0328	75
80.0339	74
80.0349	74
80.0974	73
80.0985	72
80.0995	72
80.1006	71
80.1016	71
80.1027	71
80.1038	70
80.1663	70
80.1673	70
80.1684	70
80.1694	70
80.1705	70
80.1715	69
80.1726	69
80.2361	69
80.2371	69
80.2382	70
80.2392	70
80.2403	70
80.2413	70
80.2424	70
80.3054	78
80.3065	77
80.3075	76
80.3086	75
80.3096	74
80.3107	74
80.3117	73
80.3757	81
80.4492	79
80.5133	85
80.5144	83
80.5154	81
80.5165	80
80.5175	78
80.5769	76
80.578	74
80.579	73
80.5801	72
80.5811	71
80.6426	70
80.6436	70
80.6447	69
80.6457	69
80.6468	68
80.7109	76
80.7119	75
80.713	74
80.714	74
80.7151	73
80.7807	81
80.7818	79
80.9203	86
80.9214	84
80.9224	82
80.9235	81
80.9892	79
80.9902	78
80.9913	77
80.9923	76
81.0575	83
81.0585	81
81.0596	80
81.0606	78
81.1273	85
81.1284	84
81.2675	82
81.3342	88
81.3353	86
81.4025	92
81.4036	89
81.4729	95
81.6761	99
81.7423	103
81.8085	107
81.8763	110
81.9456	113
82.0149	116
82.0159	111
82.0852	106
82.0863	101
82.153	97
82.1541	93
82.2202	90
82.2213	87
82.2854	84
82.2864	82
82.3505	80
82.3516	78
82.4178	76
82.4188	75
82.4866	74
82.4876	74
82.5564	73
82.5575	73
82.6242	72
82.6252	71
82.6919	71
82.693	70
82.7597	70
82.7608	70
82.828	69
82.8291	69
82.8968	69
82.8979	69
82.9672	69
82.9682	69
83.0344	69
83.0354	69
83.1011	68
83.1022	68
83.1683	68
83.1694	68
83.2372	68
83.2382	68
83.307	68
83.308	68
83.3773	68
83.3784	69
83.4467	69
83.4477	69
83.5107	68
83.5118	67
83.5748	67
83.5759	66
83.6405	66
83.6415	66
83.7072	66
83.7083	66
83.7755	66
83.7766	67
83.8443	67
83.8454	67
83.9147	67
83.9157	68
83.983	68
83.984	68
84.0518	68
84.0528	68
84.1195	68
84.1206	68
84.1878	68
84.1889	68
84.2556	68
84.2566	68
84.3239	68
84.3249	68
84.3937	68
84.3948	68
84.4635	68
84.4646	68
84.5334	69
84.5344	69
84.6006	68
84.6016	68
84.6684	68
84.6694	68
84.7356	68
84.7366	68
84.8049	76
84.806	75
84.8747	83
84.8758	81
84.9446	89
84.9456	86
85.0123	93
85.0134	90
85.0806	95
85.0817	92
85.0827	89
85.1479	86
85.1489	84
85.15	82
85.2172	80
85.2183	79
85.2193	78
85.2875	77
85.2886	76
85.2896	75
85.3558	74
85.3569	73
85.3579	73
85.4251	81
85.4262	79
85.4272	78
85.4944	85
85.4955	83
85.4965	82
85.5627	88
85.5637	86
85.5648	84
85.5658	82
85.6284	80
85.6294	78
85.6305	76
85.6315	75
85.6951	74
85.6961	73
85.6972	72
85.6982	72
85.7628	79
85.7639	78
85.7649	76
85.766	75
85.8327	83
85.8337	81
85.9718	80
85.9729	78
85.9739	77
86.0391	76
86.0401	75
86.0412	74
86.1063	73
86.1074	72
86.1084	72
86.1736	79
86.1746	78
86.1757	76
86.2419	83
86.2429	82
86.244	80
86.3117	87
86.3128	85
86.4477	82
86.5118	88
86.5128	85
86.5764	90
86.5774	87
86.6421	93
86.6431	89
86.7072	94
86.7082	91
86.776	96
86.7771	93
86.8458	98
86.8469	95
87.0486	99
87.1137	103
87.1148	98
87.1809	94
87.182	91
87.2492	88
87.2503	86
87.3186	84
87.3196	82
87.3879	80
87.3889	79
87.4562	77
87.4572	76
87.5234	75
87.5245	74
87.5917	81
87.5928	80
87.6605	87
87.6616	85
87.7304	91
87.7314	89
87.8002	95
87.8012	92
87.8695	98
87.8711	94
88.0665	98
88.1316	102
88.1999	106
88.2703	110
88.5459	105
88.6153	109
88.6841	113
88.7544	116
89.0238	119
89.0921	121
89.1594	123
89.2261	124
89.2938	125
89.3632	127
89.433	128
89.5023	130
89.5711	131
89.6389	131
89.7072	132
89.7755	132
89.8453	133
89.9136	134
89.9834	134
90.2617	134
90.3289	135
90.3982	135
90.467	135
90.5369	136
90.6067	136
90.675	136
90.7401	136
90.8053	135
90.8693	134
90.935	134
91.0038	134
91.0736	134
91.1435	135
91.2138	135
91.4895	136
91.5589	136
91.6287	136
91.6985	137
91.9763	128
92.0425	129
92.1087	130
92.1754	130
92.2432	131
92.3131	131
92.5903	124
92.6596	126
92.7285	127
92.7988	128
93.0755	130
93.1433	122
93.2084	115
93.2772	109
93.3466	104
93.4164	100
93.4862	96
93.555	92
93.6238	89
93.6937	87
93.7635	85
93.8339	83
93.9037	81
93.9704	79
94.0366	78
94.1054	76
94.1752	76
94.244	75
94.3081	73
94.3753	72
94.4431	72
94.5108	80
94.5791	87
94.6489	93
94.7183	99
94.7855	103
94.7865	99
94.8554	95
94.8564	92
94.9246	89
94.9257	87
94.9924	84
94.9934	82
95.0602	80
95.0612	79
95.1269	85
95.1279	83
95.1946	89
95.1957	87
95.1967	84
95.2619	82
95.2629	80
95.264	79
95.3291	77
95.3302	76
95.3312	75
95.3989	74
95.4	74
95.4011	73
95.4656	81
95.4667	79
95.4677	78
95.5339	84
95.535	82
95.536	81
95.5371	79
95.6028	78
95.6038	77
95.6049	76
95.6059	75
95.6726	74
95.6736	74
95.6747	73
95.6758	73
95.7419	81
95.7429	79
95.744	78
95.745	77
95.8117	84
96.0187	82
96.0859	89
96.087	86
96.088	84
96.1563	82
96.1573	81
96.1584	79
96.2266	78
96.3616	77
96.3627	75
96.4289	74
96.4299	73
96.4982	73
96.4992	72
96.568	72
96.5691	72
96.6379	71
96.6389	71
96.7067	71
96.7077	71
96.776	79
96.777	78
96.8448	85
96.8458	83
96.9125	90
96.9135	87
96.9761	92
96.9771	89
97.0433	94
97.0443	91
97.1121	96
97.1132	93
97.1809	98
97.182	94
97.2513	100
97.4582	104
97.5276	108
97.5968	112
97.6646	115
97.7319	118
97.7329	111
97.8017	106
97.8028	101
97.871	97
97.8721	94
97.9409	91
97.9419	88
98.0097	86
98.0107	83
98.08	82
98.2786	88
98.3474	94
98.4178	99
98.8999	104
98.9697	108
99.0343	112
99.0974	114
99.162	115
99.2271	117
99.2933	119
99.3637	121
99.6393	123
99.7045	124
99.7712	125
99.8384	126
99.9083	127
99.9781	129
100.247	129
100.314	130
100.384	131
100.659	131
100.726	131
100.794	132
100.863	133
100.933	133
101.003	134
101.07	134
101.137	134
101.204	134
101.272	134
101.341	134
101.411	135
101.481	135
101.74	134
101.805	133
101.874	133
101.944	134
102.013	135
102.082	135
102.149	135
102.216	135
102.283	135
102.352	135
102.422	135
102.691	135
102.761	135
102.831	135
102.897	135
102.966	135
103.035	135
103.104	136
103.174	136
103.242	136
103.309	136
103.377	136
103.447	136
103.517	136
103.586	137
103.656	137
103.925	137
103.993	136
104.062	136
104.132	137
104.201	137
104.268	137
104.334	136
104.4	136
104.466	135
104.531	134
104.598	134
104.668	134
104.738	135
105.014	135
105.084	135
105.154	136
105.637	136
105.707	137
105.776	137
105.84	136
105.904	135
105.969	134
106.038	134
106.107	135
106.177	135
106.247	136
106.311	135
106.372	134
106.433	132
106.495	131
106.559	130
106.625	130
106.694	131
106.764	132
107.042	132
107.109	133
107.179	134
107.454	134
107.523	134
107.593	135
107.662	135
107.729	135
107.797	135
107.867	135
107.937	136
108.006	136
108.074	136
108.144	136
108.213	137
108.283	137
108.349	137
108.418	136
108.485	136
108.553	136
108.623	136
108.692	137
108.762	137
108.831	137
108.898	137
108.966	137
109.036	137
109.104	137
109.172	136
109.242	137
109.509	136
109.575	135
109.576	127
109.644	119
109.645	113
109.714	108
109.715	103
109.783	99
109.784	95
109.852	92
109.853	89
109.917	86
109.918	83
109.98	80
109.981	78
110.045	76
110.046	75
110.112	74
110.113	73
110.181	73
110.182	72
110.251	72
110.252	71
110.32	71
110.322	71
110.389	70
110.39	70
110.457	70
110.458	69
110.523	69
110.524	69
110.591	69
110.592	68
110.661	69
110.662	69
110.73	69
110.731	69
110.799	68
110.8	68
110.865	68
110.866	68
110.931	68
110.932	67
110.998	67
110.999	67
111.068	67
111.069	68
111.138	68
111.139	68
111.204	68
111.205	67
111.267	67
111.268	66
111.33	66
111.331	65
111.396	65
111.397	65
111.462	65
111.463	65
111.532	66
111.533	66
111.601	67
111.603	67
111.672	67
111.673	68
111.742	68
111.743	68
111.808	68
111.809	67
111.875	67
111.876	67
111.943	67
111.944	67
112.013	68
112.014	68
112.083	68
112.084	68
112.149	68
112.15	68
112.214	67
112.215	67
112.279	67
112.281	66
112.348	67
112.349	67
112.417	67
112.418	67
112.486	67
112.487	68
112.553	67
112.554	67
112.622	76
112.623	75
112.691	83
112.692	81
112.756	87
112.757	85
112.822	90
112.823	87
112.824	85
112.889	82
112.89	80
112.891	79
112.958	77
112.959	76
112.96	75
113.027	75
113.028	74
113.03	74
113.096	81
113.097	80
113.098	79
113.166	86
113.167	84
113.305	82
113.306	80
113.374	87
113.375	85
113.442	91
113.443	88
113.512	94
113.513	91
113.717	97
113.786	102
113.856	106
113.925	110
113.995	114
114.063	117
114.26	119
114.328	120
114.396	122
114.464	124
114.534	126
114.603	127
114.672	129
114.741	130
114.809	131
114.875	131
114.941	131
115.009	131
115.078	132
115.148	133
115.421	133
115.488	133
115.556	133
115.626	134
115.695	134
115.764	134
115.833	135
115.903	135
116.175	135
116.245	135
116.445	152
116.792	142
116.856	141
116.919	139
116.984	137
117.052	137
117.122	137
117.397	128
117.464	129
117.535	130
117.804	130
117.87	122
117.94	115
118.009	109
118.08	104
118.149	100
118.219	96
118.285	92
118.353	89
118.422	87
118.492	85
118.562	83
118.629	81
118.694	79
118.761	77
118.828	76
118.899	75
118.968	74
119.037	74
119.104	73
119.17	72
119.236	79
119.304	86
119.372	92
119.442	98
119.512	103
119.582	107
119.841	110
119.906	112
119.973	115
120.039	117
120.106	119
120.175	121
120.176	115
120.246	109
120.247	104
120.316	100
120.317	96
120.384	92
120.385	89
120.446	86
120.447	83
120.507	80
120.508	78
120.568	76
120.569	74
120.628	72
120.629	70
120.684	68
120.685	67
120.74	65
120.741	64
120.795	63
120.796	62
120.854	61
120.855	61
120.913	61
120.914	61
120.972	60
120.973	60
121.033	60
121.034	60
121.092	60
121.093	60
121.153	60
121.154	60
121.217	60
121.218	61
121.281	61
121.282	62
121.343	61
121.344	61
121.408	62
121.409	62
121.475	63
121.476	63
121.542	64
121.543	64
121.611	64
121.612	65
121.68	65
121.681	66
121.749	66
121.751	67
121.818	67
121.819	67
121.878	66
121.879	65
121.938	65
121.939	64
122	64
122.001	63
122.064	63
122.065	63
122.13	64
122.131	64
122.196	64
122.197	64
122.264	65
122.265	65
122.333	66
122.335	66
122.403	66
122.404	67
122.467	66
122.468	66
122.532	66
122.533	66
122.592	65
122.593	64
122.651	63
122.652	63
122.713	63
122.714	62
122.768	62
122.769	61
122.821	60
122.822	59
122.878	59
122.879	58
122.935	65
122.936	64
122.995	71
122.996	69
123.055	75
123.056	73
123.118	79
123.119	77
123.181	83
123.182	81
123.246	87
123.247	84
123.248	82
123.315	80
123.316	79
123.317	77
123.385	76
123.386	75
123.387	75
123.453	74
123.454	73
123.455	72
123.523	72
123.648	70
123.649	68
123.704	67
123.705	65
123.763	64
123.764	64
123.822	63
123.823	63
123.882	70
123.883	69
123.944	75
123.945	73
124.01	80
124.011	78
124.078	85
124.079	83
124.08	81
124.149	80
124.271	77
124.331	82
124.332	80
124.388	77
124.389	74
124.446	72
124.447	70
124.505	69
124.506	68
124.568	67
124.569	66
124.629	65
124.63	65
124.686	64
124.687	63
124.746	63
124.747	62
124.804	62
124.805	61
124.864	61
124.865	61
124.925	68
124.926	67
124.989	74
124.99	73
125.054	80
125.055	78
125.113	84
125.114	81
125.165	84
125.166	80
125.217	83
125.218	79
125.268	82
125.269	78
125.32	81
125.321	77
125.371	81
125.372	77
125.422	80
125.423	77
125.474	80
125.475	76
125.52	79
125.522	75
125.564	76
125.565	72
125.602	73
125.603	69
125.637	69
125.638	65
125.672	65
125.673	62
125.707	62
125.708	59
125.741	60
125.743	57
125.776	59
125.777	56
125.811	57
125.812	54
125.846	56
125.847	53
125.881	55
125.882	53
125.915	55
125.916	52
125.951	54
125.952	52
125.986	54
125.987	52
126.021	54
126.022	52
126.057	54
126.058	52
126.092	54
126.093	51
126.127	54
126.128	52
126.162	54
126.163	52
126.198	54
126.199	52
126.233	54
126.234	52
126.268	54
126.269	51
126.303	53
126.304	51
126.338	54
126.339	51
126.374	53
126.375	51
126.409	53
126.41	51
126.444	54
126.445	51
126.48	54
126.481	51
126.515	53
126.516	51
126.55	53
126.551	51
126.585	54
126.587	51
126.621	54
126.622	51
126.657	54
126.658	51
126.691	54
126.692	51
126.727	54
126.728	51
126.762	54
126.764	51
126.798	54
126.799	51
126.834	54
126.835	52
126.868	54
126.869	51
126.904	54
126.905	52
126.939	54
126.941	52
126.975	54
126.976	51
127.01	54
127.011	52
127.045	54
127.046	51
127.081	54
127.082	51
127.117	54
127.118	51
127.152	54
127.153	51
127.186	54
127.188	51
127.221	53
127.222	51
127.256	53
127.291	51
