11.1936	0.289148
11.264	0.681872
11.3305	0.721857
11.3909	0.993161
11.5002	1.09821
11.6074	0.895792
11.7219	0.838264
11.7823	1.39043
11.8427	0.595896
11.9031	0.595896
11.9651	0.580747
12.0266	0.780947
12.088	0.780947
12.149	0.787679
12.2104	0.780947
12.2751	0.742852
12.3927	0.509989
12.6601	0.0448776
12.7304	0.341414
12.801	0.510099
12.8671	0.725977
12.98	0.743716
13.0888	0.441405
13.207	0.710662
13.2747	0.708301
13.344	0.692696
13.4139	0.687241
13.4785	0.92892
13.5405	0.774329
13.6035	0.761423
13.666	0.767822
13.728	0.774329
13.7937	0.913708
13.8609	1.07075
13.9313	1.02317
14.0006	1.03867
14.0688	1.05504
14.1377	1.04623
14.2007	1.14213
14.2637	1.14213
14.3257	1.16149
14.3888	1.14213
14.4534	1.11428
14.5222	1.04623
14.592	1.03123
14.6618	1.03123
14.7296	1.06245
14.7989	1.03867
14.8677	1.04661
14.9344	1.07918
14.9996	1.10529
15.0647	1.10529
15.1314	1.07918
15.1992	1.06245
15.268	1.04623
15.3379	1.03123
15.4061	1.05428
15.4755	1.03867
15.5396	1.12341
15.6057	1.08775
15.6709	1.10529
15.7366	1.09645
15.8048	1.05428
15.8747	1.03086
15.9445	1.03123
16.0138	1.03867
16.0826	1.04661
16.1504	1.06245
16.2182	1.06245
16.288	1.03086
16.3578	1.03123
16.4266	1.04661
16.4949	1.23044
16.5611	1.08775
16.6294	1.05428
16.6987	1.0383
16.7691	1.02352
16.8379	0.871859
16.9061	0.878883
16.9744	0.702852
17.0427	0.702852
17.1116	0.697487
17.1814	0.687484
17.2512	0.687241
17.3184	0.892948
17.3814	0.380712
17.5028	0.494431
17.569	0.725165
17.6362	0.713834
17.7051	0.697487
17.7749	0.687484
17.8452	0.682111
17.913	0.531419
17.9828	0.515613
18.0474	0.371426
18.111	0.377565
18.1751	0.37447
18.2407	0.365483
18.3106	0.343621
18.3809	0.341175
18.4492	0.175777
18.5143	0.368431
18.5753	0.39384
18.6367	0.390473
18.7003	0.377565
18.7702	0.343621
18.8384	0.351426
18.9083	0.343621
18.9781	0.343742
19.0454	0.356917
19.1115	0.362583
19.1788	0.356917
19.246	0.356917
19.3149	0.348743
19.3847	0.343742
19.4545	0.343621
19.5228	0.351426
19.5911	0.351426
19.6599	0.348743
19.7293	0.346101
19.7991	0.343742
19.8689	0.343742
19.9367	0.35415
20.0044	0.35415
20.0733	0.348743
20.1431	0.343621
20.2129	0.343742
20.2817	0.348869
20.3511	0.346101
20.4188	0.35415
20.4887	0.343621
20.5585	0.343621
20.6278	0.346225
20.694	0.362583
20.7607	0.359728
20.8301	0.346101
20.8994	0.346348
20.9692	0.343742
21.0375	0.351553
21.1052	0.354279
21.1725	0.356917
21.2392	0.359728
21.309	0.343621
21.3788	0.343742
21.4477	0.348743
21.5159	0.351426
21.5842	0.527139
21.6536	0.346101
21.7234	0.343742
21.7932	0.343742
21.8605	0.356917
21.9251	0.371426
21.9929	0.35415
22.0611	0.52733
22.1278	0.719721
22.193	0.736861
22.2586	0.730966
22.3243	0.730966
22.3941	0.687241
22.4635	0.692449
22.5338	0.68235
22.6031	0.692696
22.6635	0.993161
22.7239	0.794529
22.787	0.571067
22.8537	0.719455
22.9225	0.697487
22.9923	0.687484
23.0621	0.687484
23.132	0.687241
23.1997	0.708559
23.2664	0.719455
23.3342	0.708301
23.404	0.687241
23.4739	0.687484
23.5427	0.697487
23.6105	0.708301
23.6793	0.697487
23.7486	0.692449
23.8179	0.692203
23.8878	0.687484
23.9576	0.687484
24.0274	0.687241
24.0962	0.697737
24.164	0.708301
24.2318	0.708301
24.3016	0.687241
24.3704	0.697737
24.4387	0.702852
24.507	0.702852
24.5768	0.687241
24.6451	0.70336
24.7123	0.713834
24.7816	0.865254
24.851	0.692449
24.9208	0.687484
24.9891	0.703106
25.0574	0.702852
25.1272	0.859051
25.197	1.03123
25.2663	1.03867
25.333	1.07958
25.4003	1.24921
25.4659	1.09645
25.5327	1.07918
25.602	1.21136
25.6718	1.37497
25.7416	1.54684
25.8099	1.40621
25.8782	1.58142
25.947	1.74372
26.0158	1.91809
26.0857	1.71871
26.1555	1.71871
26.2217	1.08775
26.2847	1.33249
26.3504	1.46193
26.4166	1.45033
26.4843	1.59368
26.5526	1.4057
26.6225	1.37448
26.6923	1.37448
26.7616	0.865562
26.8289	0.713834
26.8951	0.906456
26.9623	1.07075
27.0296	1.07075
27.0984	1.04623
27.1682	1.03123
27.238	1.20267
27.3058	1.06323
27.3698	1.12341
27.4334	1.1327
27.4975	1.12341
27.5647	1.24921
27.6346	1.37448
27.7039	1.3849
27.7737	1.37497
27.8415	1.4166
27.9072	1.46193
27.9723	1.47372
28.0406	1.4057
28.1104	1.37448
28.1808	1.3647
28.249	1.40672
28.3163	1.42767
28.3846	1.4057
28.4539	1.38441
28.5238	1.37448
28.5936	1.37497
28.6561	1.53564
28.7207	1.4857
28.7853	1.4857
28.8505	1.47372
28.9161	1.46193
28.9823	1.45033
29.0517	1.38441
29.1215	1.37497
29.1903	1.39547
29.2601	1.37448
29.3284	1.4057
29.3977	1.3849
29.4644	1.43944
29.5306	1.45033
29.5963	1.46193
29.6646	1.4057
29.7344	1.37497
29.8042	1.37448
29.8741	1.37497
29.9382	1.49788
30.0033	1.47372
30.07	1.43891
30.1367	1.43891
30.2055	1.39497
30.2754	1.54684
30.3447	1.3849
30.4114	1.43944
30.4797	1.4057
30.5485	1.39497
30.6183	1.54684
30.6881	1.71871
30.7574	1.73112
30.8273	1.71871
30.8971	1.89058
30.9659	1.74372
31.0336	1.7714
31.1014	1.94783
31.1713	2.06172
31.2411	2.23432
31.3109	2.06172
31.3792	1.93354
31.4454	1.26904
31.5142	1.2206
31.584	1.54684
31.6502	1.45087
31.7164	1.45033
31.7852	1.56935
31.8545	1.73112
31.9243	1.89058
31.9915	1.7859
32.0577	1.81291
32.126	1.93284
32.1959	2.06172
32.2641	2.10932
32.334	2.06172
32.4033	2.25046
32.4705	2.1415
32.5404	2.06172
32.6087	1.93354
32.6727	1.31065
32.7379	1.47372
32.8035	1.46193
32.8729	1.38441
32.9427	1.54684
33.0115	1.39597
33.0792	1.4166
33.1465	1.42767
33.2153	1.56935
33.2836	1.75713
33.3524	1.74372
33.4223	1.7181
33.4916	1.73112
33.5609	1.90491
33.6307	1.71871
33.6974	1.79864
33.7652	1.77075
33.834	1.74372
33.9038	1.71871
33.9737	1.7181
34.043	1.73112
34.1118	1.74497
34.1785	1.79864
34.2468	1.75713
34.3171	1.70528
34.387	1.54684
34.4568	1.0305
34.5235	0.899651
34.5876	1.12341
34.6522	0.557139
34.7205	0.702852
34.7909	0.852937
34.8597	0.697737
34.9243	0.742852
34.9873	0.761423
35.0509	0.75513
35.1176	0.719455
35.188	0.682111
35.2552	0.535572
35.325	0.687484
35.3928	0.35415
35.4626	0.343621
35.5319	0.346348
35.5976	0.365483
35.6627	0.368431
35.7284	0.548225
35.7983	0.686998
35.8681	0.687484
35.9384	0.68235
36.0015	0.761423
36.0666	0.921077
36.1291	0.767822
36.1958	0.719455
36.2652	0.692203
36.335	0.687484
36.4043	0.692449
36.4721	0.708559
36.5361	0.748941
36.6018	0.730966
36.667	0.736861
36.7337	0.719455
36.8035	0.687241
36.8734	0.687241
36.9416	0.52752
37.0094	0.708301
37.0771	0.35415
37.146	0.348743
37.2158	0.343621
37.2846	0.348869
37.3539	0.346225
37.4243	0.341175
37.4894	0.184215
37.554	0.371426
37.6197	0.365483
37.6869	0.356917
37.7557	0.348743
37.8251	0.346101
37.8955	0.341055
37.9653	0.171871
38.033	0.35415
38.0998	0.359728
38.1681	0.351426
38.2363	0.351426
38.3057	0.346225
38.3755	0.343742
38.4443	0.348869
38.5073	0.380712
38.5714	0.37447
38.6366	0.368431
38.7022	0.365483
38.7689	0.359728
38.8393	0.341055
38.9081	0.174434
38.9779	0.343742
39.0483	0.341175
39.115	0.359728
39.1796	0.371426
39.2447	0.368431
39.313	0.351426
39.3834	0.341055
39.4527	0.173174
39.5225	0.343742
39.5877	0.368431
39.6544	0.359728
39.72	0.365483
39.7852	0.368431
39.8535	0.351426
39.9233	0.343742
39.9921	0.348869
40.0588	0.359861
40.1276	0.348743
40.1927	0.368431
40.2579	0.368431
40.3267	0.348743
40.396	0.346225
40.4658	0.343742
40.5352	0.346225
40.605	0.343742
40.6722	0.356917
40.7368	0.371426
40.8009	0.37447
40.8661	0.368431
40.9344	0.351426
41.0047	0.341055
41.0751	0.170587
41.1439	0.174434
41.2132	0.173051
41.2799	0.17993
41.3487	0.174372
41.4186	0.17181
41.4879	0.173112
41.5572	0.346348
41.6244	0.356917
41.6922	0.35415
41.7594	0.356917
41.8277	0.351426
41.8981	0.341175
41.9674	0.173112
42.0372	0.343742
42.105	0.354279
42.1685	0.377565
42.2316	0.380712
42.2951	0.377565
42.3603	0.368431
42.428	0.35415
42.4979	0.343621
42.5677	0.343621
42.6381	0.341175
42.7053	0.178524
42.7751	0.343742
42.8434	0.351553
42.9117	0.351426
42.9805	0.348869
43.0503	0.343742
43.1196	0.346225
43.1889	0.346348
43.2561	0.356917
43.3218	0.365483
43.3917	0.515431
43.462	0.682111
43.5303	0.52752
43.5975	0.535572
43.6658	0.351426
43.7351	0.346101
43.805	0.343621
43.8743	0.173174
43.9441	0.343621
44.0134	0.346225
44.0822	0.348743
44.1442	0.193582
44.2088	0.371426
44.2745	0.365483
44.3428	0.351426
44.4121	0.346101
44.482	0.343742
44.5518	0.343621
44.6201	0.35168
44.6873	0.356917
44.7524	0.368431
44.8171	0.371426
44.8817	0.371426
44.9484	0.359728
45.0182	0.343621
45.0881	0.343742
45.1563	0.351553
45.2251	0.348743
45.294	0.348743
45.3643	0.341175
45.4341	0.343621
45.504	0.515613
45.5707	0.359728
45.6358	0.368431
45.7015	0.365483
45.7682	0.359728
45.8365	0.527139
45.9063	0.687484
45.9761	0.687484
46.0455	0.692449
46.1153	0.859355
46.1851	0.687241
46.2544	0.692449
46.3243	0.687484
46.3941	0.859355
46.4577	0.377565
46.5223	0.371426
46.5874	0.368431
46.6525	0.368431
46.7193	0.539591
46.7876	0.702852
46.8574	0.687241
46.9272	0.687241
46.9971	0.687484
47.0654	0.702852
47.1326	0.356917
47.2004	0.35415
47.2692	0.348869
47.3385	0.346225
47.4083	0.343742
47.4781	0.343742
47.5443	0.362718
47.6079	0.377565
47.674	0.543874
47.7387	0.371426
47.8043	0.365483
47.8726	0.351426
47.9425	0.343621
48.0112	0.348994
48.08	0.348869
48.1457	0.548431
48.2129	0.713834
48.2791	0.725165
48.3464	0.713834
48.4162	0.686998
48.486	0.687484
48.5564	0.68235
48.6241	0.708559
48.6945	0.682111
48.7643	0.687484
48.831	0.719721
48.8941	0.761423
48.955	0.787679
49.017	0.774329
49.0837	0.719455
49.1535	0.687241
49.2234	0.687484
49.2927	0.692203
49.361	0.703106
49.4282	0.713834
49.497	0.697487
49.5653	0.702852
49.6352	0.687241
49.705	0.687484
49.7738	0.697737
49.8373	0.75513
49.9004	0.761423
49.9666	0.725165
50.0338	0.713834
50.1032	0.692203
50.173	0.687484
50.2423	0.692449
50.3095	0.714096
50.3778	0.702852
50.4451	0.713834
50.5144	0.692203
50.5842	0.687241
50.6541	0.687484
50.7239	0.687241
50.7906	0.719721
50.8573	0.899319
50.9235	0.725165
50.9913	0.708301
51.0585	0.713834
51.1279	0.692203
51.1977	0.687484
51.2675	0.687484
51.3311	0.943913
51.3925	0.390473
51.4545	0.387164
51.5191	0.557139
51.588	0.697487
51.6573	0.692449
51.7271	0.687484
51.7949	0.708301
51.8652	0.682111
51.9319	0.719721
52.0007	0.697487
52.0669	0.362583
52.1342	0.356917
52.204	0.343621
52.2739	0.343621
52.3442	0.341175
52.412	0.177075
52.4792	0.535572
52.5485	0.519152
52.6184	0.515431
52.6872	0.348994
52.757	0.343621
52.8258	0.174497
52.8946	0.348743
52.9634	0.348743
53.0338	0.341175
53.1031	0.173112
53.1724	0.346348
53.2422	0.343742
53.3073	0.368431
53.3735	0.362583
53.4439	0.341055
53.509	0.36857
53.5768	0.35415
53.6414	0.371426
53.7071	0.365483
53.7748	0.35415
53.8452	0.341055
53.915	0.343742
53.9848	0.343742
54.0468	0.387164
54.1083	0.390473
54.1708	0.383911
54.237	0.362583
54.3068	0.343621
54.3762	0.346225
54.4465	0.511762
54.5137	0.356917
54.5815	0.35415
54.6503	0.348743
54.7197	0.346225
54.7895	0.515613
54.8572	0.708559
54.926	0.697987
54.9906	0.742852
55.0578	0.892293
55.1246	0.719455
55.1939	0.692203
55.2642	0.68235
55.3336	0.692449
55.4018	0.351553
55.4701	0.527139
55.5379	0.35415
55.6062	0.351426
55.676	0.515431
55.7459	0.687241
55.8125	0.719987
55.8819	0.865254
55.9491	0.713834
56.0169	0.708301
56.0841	0.713834
56.1535	0.692449
56.2217	0.703106
56.2916	0.859355
56.3614	1.03086
56.4255	1.12341
56.4906	1.10529
56.5584	1.06245
56.6277	1.03867
56.696	1.05466
56.7648	1.04623
56.8341	1.0383
56.9029	1.04661
56.9733	1.02317
57.0431	1.03123
57.113	1.03086
57.1797	1.07958
57.2432	1.1327
57.3078	1.11428
57.374	1.08775
57.4418	1.06245
57.5106	1.04623
57.5805	1.03086
57.6498	1.03867
57.7191	1.03867
57.7879	1.04623
57.8573	1.0383
57.9261	1.04661
57.9959	1.03123
58.0626	1.07958
58.1282	1.09645
58.1955	1.07075
58.2648	1.03867
58.3346	1.03123
58.4029	1.05428
58.4712	1.05428
58.5411	1.03086
58.6109	1.03123
58.6786	1.06284
58.748	1.0383
58.8178	1.03123
58.8829	1.10529
58.9496	1.25905
59.0158	1.08775
59.0831	1.07075
59.1519	1.04661
59.2217	1.03123
59.2915	1.03086
59.3587	1.07114
59.4239	1.10529
59.4864	0.959777
59.5494	0.761423
59.6146	0.736861
59.6829	0.878565
59.7527	1.03123
59.8225	1.03123
59.8924	1.0305
59.9591	1.07958
60.0263	0.892293
60.0941	0.708301
60.1644	0.852937
60.2343	0.687241
60.2994	0.73714
60.3661	0.719455
60.4328	0.719455
60.5022	0.692203
60.5715	0.692449
60.6413	0.687484
60.7106	0.692449
60.7763	0.730966
60.8446	0.702852
60.9113	0.719455
60.9801	0.697487
61.05	0.687241
61.1198	0.515613
61.1896	0.687484
61.2589	0.346225
61.3278	0.348743
61.3971	0.346225
61.4659	0.348869
61.5321	0.362583
61.6003	0.527139
61.6702	0.687241
61.74	0.687241
61.8088	0.697987
61.8766	0.708559
61.9459	0.865254
62.0152	0.692203
62.0851	0.687241
62.1549	0.687484
62.2247	0.687484
62.294	0.692449
62.3613	0.713834
62.4296	0.702852
62.4979	0.702852
62.5677	0.687484
62.6375	0.687241
62.7058	0.703106
62.773	0.713834
62.8387	0.730966
62.9065	0.708301
62.9763	0.687241
63.043	0.719721
63.1082	0.736861
63.1754	0.713834
63.2432	0.708301
63.312	0.697487
63.3818	0.687241
63.4517	0.515613
63.522	0.68235
63.5918	0.343621
63.6549	0.380712
63.72	0.368431
63.7841	0.37447
63.8508	0.359728
63.9207	0.515431
63.9905	0.687484
64.0577	0.714096
64.126	0.702852
64.1932	0.713834
64.261	0.885376
64.3298	0.697487
64.3997	0.687484
64.4669	0.714096
64.5331	0.725165
64.6019	0.697487
64.6717	0.687241
64.7405	0.697987
64.8103	0.687241
64.8776	0.714096
64.9459	0.702852
65.0157	0.686998
65.0855	0.515613
65.1559	0.68235
65.2236	0.354279
65.2914	0.35415
65.3586	0.535376
65.4269	0.702852
65.4952	0.702852
65.5651	0.687241
65.6344	0.692449
65.7042	0.687484
65.7715	0.713834
65.8382	0.719455
65.9065	0.878565
65.9742	0.708301
66.042	0.708301
66.1108	0.697487
66.1807	0.687241
66.2505	0.687484
66.3203	0.687241
66.3886	0.70336
66.4548	0.725165
66.5215	0.719455
66.5871	0.730966
66.6539	0.719455
66.7211	0.713834
66.7904	0.692203
66.8603	0.687484
66.9306	0.68235
66.9984	0.531226
67.0667	0.702852
67.1334	0.359728
67.2012	0.35415
67.2705	0.346225
67.3403	0.343742
67.4075	0.357048
67.4742	0.539591
67.5409	0.719455
67.6098	0.697487
67.6791	0.692696
67.7489	0.687241
67.8187	0.687484
67.887	0.703106
67.9542	0.356917
68.0215	0.356917
68.0908	0.346101
68.1607	0.343621
68.23	0.173174
68.2977	0.531419
68.3644	0.539591
68.4343	0.515431
68.5036	0.346225
68.5734	0.343742
68.6422	0.348869
68.711	0.348869
68.7803	0.346101
68.8491	0.348869
68.919	0.343621
68.9846	0.36562
69.0508	0.362583
69.1165	0.365483
69.1848	0.351426
69.2546	0.343621
69.3239	0.346225
69.3927	0.348869
69.4625	0.343742
69.5303	0.354279
69.597	0.359728
69.6648	0.35415
69.7341	0.346101
69.8039	0.343742
69.8738	0.343621
69.9431	0.346348
70.0098	0.359728
70.0755	0.365483
70.1432	0.35415
70.2126	0.346101
70.2819	0.346348
70.3517	0.343742
70.4168	0.368431
70.483	0.362583
70.5497	0.359728
70.6191	0.346101
70.6889	0.343742
70.7566	0.354279
70.8228	0.362583
70.8885	0.365483
70.9547	0.362583
71.0235	0.348743
71.0933	0.343742
71.1632	0.343621
71.2304	0.178524
71.3002	0.343621
71.3696	0.346225
71.4394	0.343621
71.5071	0.354279
71.576	0.348743
71.6458	0.343621
71.7156	0.343742
71.7834	0.354279
71.8522	0.523115
71.9215	0.692696
71.9887	0.714096
72.0585	0.687241
72.1268	0.703106
72.193	0.725165
72.2613	0.702852
72.3291	0.708301
72.3989	0.687241
72.4677	0.697737
72.5376	0.687241
72.6058	0.703106
72.672	0.725165
72.7393	0.713834
72.8075	0.702852
72.8769	0.692203
72.9467	0.687484
73.0166	0.687241
73.0832	0.719721
73.1484	0.736861
73.213	0.742852
73.2792	0.725165
73.3454	0.725165
73.4142	0.697487
73.4841	0.687241
73.5544	0.68235
73.6247	0.68235
73.692	0.713834
73.7603	0.702852
73.8249	0.742852
73.89	0.736861
73.9583	0.702852
74.0282	0.687241
74.0975	0.692449
74.1658	0.702852
74.2351	0.692449
74.3049	0.687241
74.3748	0.859051
74.4431	0.703106
74.5108	0.708301
74.5786	0.708301
74.6484	0.687241
74.7178	0.692449
74.7866	0.697737
74.8554	0.697487
74.9252	0.859051
74.994	1.04698
75.0612	1.07075
75.1269	1.09645
75.1931	1.26904
75.2609	1.06245
75.3307	1.03086
75.4005	1.03086
75.4688	1.05504
75.5334	0.928565
75.5996	0.725165
75.6663	0.719455
75.7351	0.871859
75.805	1.03123
75.8738	1.04623
75.9431	1.0383
76.0135	1.19411
76.0802	1.07958
76.1463	1.08775
76.2125	1.08775
76.2787	1.08775
76.3475	1.2206
76.4174	1.37497
76.4872	1.37448
76.5555	1.40621
76.6253	1.37448
76.6951	1.37497
76.7655	1.3647
76.8348	1.3849
76.9031	1.40621
76.9703	1.42767
77.0397	1.38441
77.11	1.36422
77.1799	1.37497
77.2497	1.37448
77.3132	1.51085
77.3773	1.49788
77.4419	1.4857
77.5076	1.46193
77.5749	1.42767
77.6447	1.37448
77.714	1.3849
77.7838	1.37497
77.8516	1.41712
77.9214	1.37448
77.9876	1.45033
78.0543	1.43891
78.1221	1.4166
78.1899	1.4166
78.2597	1.37448
78.3295	1.37497
78.3989	1.3849
78.4677	1.39497
78.5354	1.4166
78.6037	1.4057
78.6735	1.37497
78.7429	1.3849
78.8117	1.39547
78.8815	1.37497
78.9513	1.37448
79.0217	1.53529
79.0899	1.40621
79.1567	1.43891
79.2239	1.42767
79.2937	1.37448
79.3636	1.37448
79.4324	1.39547
79.5022	1.03123
79.5715	1.0383
79.6398	1.05466
79.7102	1.19411
79.779	1.04661
79.8488	1.03086
79.9191	1.02352
79.9874	0.878565
80.0552	0.708301
80.124	0.871859
80.1939	0.687241
80.2632	0.692449
80.333	0.687484
80.4028	0.687484
80.4721	0.692449
80.5357	0.566348
80.6009	0.368431
80.6681	0.356917
80.7374	0.519152
80.8073	0.687484
80.8771	0.687484
80.9464	0.692449
81.0157	0.865254
81.0856	0.687241
81.1544	0.697737
81.2242	0.687484
81.2914	0.713834
81.3582	0.899319
81.427	1.04623
81.4968	1.03123
81.5666	1.03123
81.6318	1.10529
81.6974	1.09645
81.7631	1.09645
81.8309	1.06245
81.8992	1.05428
81.969	1.03086
82.0388	1.03123
82.1071	1.05466
82.1754	1.05428
82.2405	1.10529
82.3057	1.10529
82.3724	1.07918
82.4407	1.05428
82.51	1.0383
82.5798	1.03123
82.6471	1.07075
82.7148	1.06245
82.7826	1.06245
82.8504	1.06245
82.9202	1.03086
82.99	1.03123
83.0568	1.07918
83.123	1.08775
83.1912	1.05428
83.2611	1.03086
83.3309	1.03123
83.4002	1.03867
83.4674	1.07114
83.531	1.1327
83.5962	1.10529
83.6623	1.08775
83.7296	1.07075
83.7979	1.05428
83.8677	1.03086
83.937	1.03867
84.0069	1.03086
84.0752	1.22999
84.1424	1.07075
84.2097	1.07075
84.278	1.05428
84.3468	1.04623
84.4166	1.2031
84.4864	1.37497
84.5562	1.37497
84.6235	1.60613
84.6912	1.4166
84.7595	1.4057
84.8288	1.55857
84.8987	1.71871
84.9669	1.75777
85.0352	1.93284
85.1019	1.79864
85.1702	1.93284
85.2406	2.04633
85.3104	2.06172
85.3803	1.2031
85.4496	1.38539
85.5178	1.58199
85.584	1.45033
85.6502	1.63162
85.718	1.77075
85.7868	1.74372
85.8561	1.90491
85.9259	1.7181
85.9932	1.78524
86.0609	1.77075
86.1292	1.4057
86.197	1.4166
86.2668	1.37448
86.3367	1.37448
86.4039	1.42872
86.4685	0.928565
86.5341	0.913708
86.5993	0.736861
86.665	0.730966
86.7332	0.702852
86.8026	0.865562
86.8724	1.03123
86.9412	1.04623
87.0089	1.06284
87.0757	1.07918
87.1419	1.26904
87.2101	1.05428
87.2795	1.0383
87.3493	1.03123
87.4166	1.07075
87.4833	1.07918
87.5516	1.05428
87.6204	1.04623
87.6902	1.03086
87.7601	1.03086
87.8294	0.86587
87.8997	0.852937
87.9638	0.748941
88.0263	0.959777
88.0894	0.761423
88.1556	0.725165
88.2254	0.687241
88.2947	0.692449
88.3624	0.708817
88.4302	0.885376
88.5	1.03086
88.5683	1.05504
88.6376	1.03867
88.7069	1.03867
88.7762	1.21179
88.8414	1.10529
88.9092	1.06245
88.9785	1.03867
89.0478	1.03867
89.1176	1.03086
89.1838	1.08775
89.2516	1.06245
89.3204	1.04623
89.3902	1.03123
89.4596	1.0383
89.5278	1.05504
89.5961	1.05428
89.6639	1.06245
89.7317	1.06245
89.801	1.03867
89.8708	1.03123
89.9406	1.03086
90.0094	1.04661
90.0787	1.03904
90.1486	1.03086
90.2184	1.03123
90.2861	1.06284
90.3544	1.05428
90.4237	1.03867
90.4936	1.03086
90.5634	1.03086
90.6333	1.03123
90.6979	1.11428
90.7635	1.09645
90.8271	1.1327
90.8917	1.11428
90.9584	1.07918
91.0283	1.03086
91.0981	1.03123
91.1679	1.03086
91.2378	0.859355
91.3066	1.04661
91.3754	0.523115
91.4452	0.859355
91.5145	0.692449
91.5844	0.687241
91.6542	0.687484
91.7235	0.692449
91.7918	0.702852
91.8611	0.865254
91.9304	1.03904
91.9982	1.06284
92.0644	1.08775
92.13	1.09645
92.1983	1.05428
92.2677	1.21136
92.337	1.03904
92.4052	1.05466
92.4751	1.03086
92.5439	1.04623
92.6116	1.06284
92.6789	1.07114
92.7487	1.03086
92.8185	1.03123
92.8873	1.04661
92.9561	1.04661
93.0259	1.03086
93.0921	0.906794
93.1583	1.08775
93.225	0.539591
93.2949	0.687241
93.3647	0.687241
93.4345	0.687484
93.5038	0.86587
93.5721	0.702852
93.6404	0.702852
93.7103	0.859051
93.7796	1.03904
93.8488	1.03904
93.9176	1.04661
93.9854	1.06245
94.0527	1.07075
94.1225	1.20267
94.1923	1.03123
94.2616	1.03867
94.3262	1.1147
94.3935	1.07075
94.4618	1.05428
94.5295	1.06245
94.5994	1.03086
94.6687	1.03867
94.7375	1.04698
94.8052	1.06245
94.8746	1.03867
94.9444	1.03123
95.01	1.09645
95.0768	1.07918
95.1435	1.07918
95.2118	1.05428
95.2795	1.06284
95.3483	1.04623
95.4181	1.03123
95.4859	1.06245
95.5532	1.07075
95.6209	1.06245
95.6907	1.03123
95.7606	0.859355
95.8304	1.03086
95.8997	0.519337
95.9675	0.708301
96.0363	0.697487
96.1051	0.697487
96.175	0.859355
96.2448	0.687484
96.312	0.713834
96.3777	0.913708
96.446	1.05428
96.5153	1.0383
96.5852	1.03086
96.6555	1.02352
96.7243	1.04661
96.7946	1.19411
96.864	1.03867
96.9296	1.09686
96.9958	1.08775
97.0636	1.06245
97.1324	1.04623
97.2023	1.0305
97.2721	0.859355
97.3419	0.859355
97.4102	0.702852
97.4785	0.878565
97.5483	0.687241
97.6161	0.708559
97.6844	0.702852
97.7547	0.682111
97.8225	0.531419
97.8923	0.687241
97.9601	0.354279
98.0294	0.519152
98.0971	0.354279
98.1649	0.35415
98.2316	0.359728
98.2994	0.531226
98.3687	0.692203
98.4386	0.687484
98.5068	0.70336
98.5746	0.708301
98.6428	0.878883
98.7111	0.702852
98.7805	0.692449
98.8503	0.687241
98.9196	0.519522
98.9879	0.703106
99.0514	0.566348
99.1171	0.548225
99.1817	0.371426
99.2474	0.365483
99.3157	0.351426
99.386	0.511762
99.4558	0.515613
99.5257	0.515431
99.5961	0.341055
99.6596	0.188856
99.7247	0.368431
99.792	0.356917
99.8608	0.348743
99.9306	0.343742
99.9989	0.351553
100.066	0.356917
100.133	0.356917
100.2	0.359728
100.268	0.35415
100.338	0.341055
100.408	0.173112
100.477	0.343742
100.547	0.343742
100.615	0.35415
100.682	0.356917
100.75	0.35415
100.818	0.35415
100.888	0.343621
100.957	0.343621
101.025	0.17859
101.093	0.351426
101.16	0.359728
101.226	0.359728
101.295	0.351426
101.364	0.343621
101.435	0.341175
101.503	0.17714
101.57	0.356917
101.633	0.377565
101.696	0.380712
101.761	0.37447
101.829	0.351426
101.898	0.346101
101.968	0.343742
102.038	0.343742
102.104	0.359728
102.172	0.35415
102.24	0.356917
102.308	0.351426
102.378	0.341055
102.448	0.17181
102.516	0.175777
102.582	0.182742
102.65	0.177075
102.719	0.174372
102.788	0.171871
102.855	0.362583
102.921	0.359728
102.989	0.35415
103.059	0.343742
103.129	0.343621
103.197	0.351553
103.264	0.359728
103.332	0.351426
103.402	0.343621
103.471	0.348994
103.539	0.348743
103.609	0.343742
103.677	0.351553
103.745	0.356917
103.811	0.362583
103.879	0.35415
103.946	0.35415
104.015	0.348743
104.085	0.343621
104.155	0.343742
104.225	0.343742
104.29	0.365483
104.357	0.359728
104.422	0.371426
104.487	0.368431
104.554	0.356917
104.623	0.348743
104.692	0.346225
104.761	0.348869
104.831	0.343621
104.901	0.343742
104.97	0.346225
105.038	0.351426
105.108	0.346101
105.177	0.346225
105.246	0.346225
105.315	0.348743
105.383	0.35415
105.452	0.346101
105.522	0.343499
105.591	0.173174
105.661	0.519522
105.731	0.515613
105.797	0.539591
105.86	0.380712
105.926	0.362583
105.994	0.356917
106.063	0.348743
106.132	0.515613
106.202	0.687484
106.27	0.703106
106.332	0.780947
106.392	0.794529
106.454	0.780947
106.517	0.761423
106.583	0.725165
106.651	0.708301
106.72	0.692203
106.789	0.692696
106.859	0.692449
106.928	0.692449
106.998	0.68235
107.065	0.725435
107.133	0.697487
107.203	0.687484
107.273	0.687241
107.341	0.703106
107.409	0.708301
107.477	0.702852
107.547	0.687484
107.617	0.692449
107.683	0.719455
107.751	0.713834
107.82	0.687241
107.889	0.871859
107.958	0.697987
108.027	0.692449
108.096	0.697487
108.166	0.682111
108.236	0.519522
108.305	0.697737
108.373	0.351426
108.438	0.365483
108.507	0.348743
108.577	0.346101
108.646	0.343742
108.716	0.343621
108.785	0.174434
108.852	0.357048
108.92	0.356917
108.989	0.343621
109.059	0.343742
109.127	0.35415
109.196	0.346225
109.266	0.343742
109.335	0.346225
109.4	0.371426
109.465	0.368431
109.53	0.368431
109.598	0.35415
109.667	0.346225
109.737	0.343742
109.807	0.343742
109.872	0.371426
109.935	0.380712
110	0.365483
110.067	0.362583
110.136	0.346101
110.206	0.343621
110.275	0.346225
110.345	0.343742
110.412	0.359728
110.477	0.368431
110.545	0.35415
110.614	0.343621
110.684	0.346225
110.753	0.346348
110.818	0.371568
110.884	0.362583
110.951	0.359728
111.019	0.348743
111.089	0.346225
111.158	0.343742
111.223	0.371568
111.285	0.387164
111.349	0.377565
111.414	0.368431
111.481	0.356917
111.551	0.343621
111.621	0.341175
111.692	0.170587
111.761	0.173112
111.825	0.187235
111.892	0.178459
111.962	0.17181
112.031	0.173112
112.101	0.346348
112.168	0.531226
112.232	0.377565
112.299	0.356917
112.368	0.348743
112.437	0.346101
112.507	0.343742
112.577	0.346101
112.646	0.519522
112.714	0.351426
112.78	0.362583
112.846	0.365483
112.915	0.348743
112.985	0.343621
113.055	0.341175
113.125	0.17181
113.195	0.343742
113.264	0.343742
113.334	0.346101
113.403	0.523303
113.472	0.346101
113.542	0.343742
113.61	0.354279
113.676	0.362583
113.743	0.531226
113.813	0.692203
113.882	0.692449
113.952	0.687241
114.022	0.687484
114.087	0.736861
114.153	0.730966
114.218	0.730966
114.286	0.713834
114.353	0.708301
114.422	0.697487
114.491	0.697487
114.56	0.697487
114.629	0.692203
114.699	0.687484
114.769	0.687241
114.835	0.725165
114.901	0.730966
114.967	0.725165
115.036	0.697487
115.105	0.687241
115.176	0.68235
115.246	0.687241
115.314	0.697987
115.381	0.719455
115.449	0.708301
115.517	0.702852
115.586	0.697487
115.655	0.692696
115.722	0.719721
115.791	0.697487
115.861	0.687241
115.929	0.697737
115.999	0.687241
116.064	0.736861
116.132	0.708301
116.203	0.682111
116.272	0.692449
116.338	0.725435
116.406	0.702852
116.474	0.892293
116.541	0.713834
116.611	0.687241
116.681	0.68235
116.75	0.523303
116.817	0.899651
116.879	0.383911
116.942	0.380712
117.008	0.543874
117.077	0.697487
117.147	0.687484
117.216	0.697737
117.285	0.692449
117.353	0.708559
117.421	0.878565
117.489	0.702852
117.558	0.697737
117.628	0.687484
117.698	0.687241
117.762	0.749229
117.828	0.906456
117.896	0.351426
117.966	0.343742
118.035	0.348743
118.105	0.343742
118.173	0.351426
118.243	0.343742
118.31	0.535376
118.378	0.351426
118.448	0.343621
118.517	0.348869
118.587	0.343742
118.652	0.371426
118.717	0.368431
118.783	0.362583
118.851	0.351426
118.921	0.343742
118.991	0.343621
119.06	0.346348
119.125	0.371426
119.192	0.356917
119.259	0.359728
119.327	0.351426
119.397	0.343621
119.466	0.348869
119.535	0.343742
119.604	0.348869
119.667	0.384448
119.729	0.387052
119.794	0.365483
119.859	0.371426
119.926	0.359728
119.991	0.365483
120.058	0.362583
120.126	0.351426
120.196	0.343742
120.265	0.343742
120.334	0.348869
120.401	0.359728
120.464	0.380712
120.525	0.39384
120.642	0.410068
120.752	0.437231
120.868	0.413442
120.987	0.4044
121.047	0.397264
121.107	0.794529
121.168	0.19692
121.233	0.742852
121.298	0.742852
121.361	0.761423
121.427	0.725165
121.493	0.906456
121.561	0.709131
121.63	0.697305
121.698	0.697737
121.768	0.859355
121.829	1.19257
121.889	1.19144
121.95	1.36666
122.012	1.16276
122.076	1.1231
122.14	1.32148
122.207	1.44025
122.277	1.54644
122.345	1.40621
122.415	1.54684
122.479	1.87235
122.543	1.87235
122.603	1.78769
122.664	1.19381
122.724	0.595719
122.836	1.39378
122.896	2.78002
123.011	1.15261
123.072	1.56189
123.135	1.52285
123.2	1.4857
123.267	1.61877
123.337	1.7181
123.404	1.7714
123.474	1.7181
123.544	1.7181
123.605	1.97
123.72	1.24597
123.781	1.58906
123.841	1.39043
123.902	1.19179
123.965	1.14213
124.032	1.4166
124.102	1.54629
124.172	1.37448
124.234	1.35561
124.295	0.993161
124.355	0.984599
124.416	1.39067
124.535	0.505293
124.596	0.984599
124.656	2.1942
124.771	0.729903
124.831	1.59213
124.892	0.794292
124.955	1.32148
125.02	1.10529
125.081	1.19179
125.189	1.32542
125.442	0.188722
