10.1307	0.643667
10.2008	0.856161
10.2714	0.679908
10.345	0.814685
10.4162	0.674886
10.5008	0.993161
10.6137	0.956206
10.7256	0.965184
10.7934	1.06245
10.8637	1.02317
10.9315	1.06284
11.0323	1.07075
11.1537	0.791089
11.2236	0.686756
11.2953	0.669234
11.414	0.909665
11.5201	0.904661
11.6278	0.891422
11.7439	0.826885
11.8044	0.794529
11.8658	0.780947
11.9268	0.787679
11.9893	0.767822
12.0513	0.774329
12.1122	0.787679
12.1737	0.780947
12.2346	0.787679
12.2992	0.742852
12.3601	0.787998
12.4289	0.697487
12.4957	0.719455
12.5629	0.713834
12.6296	0.719455
12.6995	0.687241
12.7706	0.674405
12.8403	0.516891
12.9007	0.794529
13.0105	0.437181
13.1198	0.439283
13.1802	0.595896
13.2448	0.371426
13.3152	0.682111
13.3845	0.692449
13.4533	0.697987
13.5173	0.748941
13.5783	0.787679
13.6397	0.976184
13.7023	0.767822
13.7664	0.748941
13.8331	0.719455
13.9014	0.702852
13.9712	0.687484
14.0416	0.682111
14.1098	0.52733
14.176	0.725165
14.2385	0.383911
14.3016	0.380712
14.3641	0.383911
14.4276	0.377565
14.4944	0.359728
14.5632	0.523303
14.633	0.687484
14.7002	0.714096
14.7695	0.692203
14.8394	0.687484
14.9066	0.892293
14.9738	0.713834
15.0385	0.742852
15.1047	0.725165
15.1719	0.713834
15.2407	0.697487
15.3111	0.682111
15.3788	0.531419
15.4487	0.687241
15.5143	0.365483
15.58	0.365483
15.6446	0.371426
15.7103	0.365483
15.7781	0.35415
15.8479	0.515249
15.9183	0.511762
15.9876	0.519522
16.0574	0.343621
16.1246	0.356917
16.1924	0.35415
16.2618	0.346101
16.3316	0.343742
16.4014	0.343742
16.4707	0.346225
16.5348	0.37447
16.6015	0.539591
16.6698	0.702852
16.7397	0.687241
16.8079	0.703106
16.8778	0.687241
16.9461	0.702852
17.0144	0.702852
17.0832	0.697487
17.1525	0.692449
17.2223	0.687484
17.2916	0.692449
17.3552	0.755424
17.4755	0.797998
17.5411	0.730966
17.6089	0.708301
17.6772	0.702852
17.7471	0.687241
17.8174	0.68235
17.8857	0.703106
17.956	0.682111
18.0227	0.719721
18.0879	0.736861
18.152	0.748941
18.2171	0.736861
18.2849	0.708301
18.3547	0.687484
18.4245	0.687241
18.4912	0.719721
18.5543	0.761423
18.6152	0.787679
18.6782	0.761423
18.746	0.708301
18.8153	0.692449
18.8847	0.692203
18.9545	0.687484
19.0228	0.703106
19.0895	0.719455
19.1567	0.892293
19.225	0.702852
19.2928	0.708301
19.3626	0.687241
19.4309	0.703106
19.5002	0.865562
19.569	0.348743
19.6379	0.348743
19.7072	0.346101
19.7765	0.346225
19.8463	0.343742
19.9141	0.354279
19.9818	0.531226
20.0512	0.346101
20.1205	0.346225
20.1893	0.348869
20.2586	0.346348
20.3274	0.348743
20.3952	0.35415
20.465	0.343621
20.5338	0.348869
20.6031	0.346225
20.6693	0.362583
20.735	0.365483
20.8033	0.351426
20.8737	0.341055
20.944	0.170587
21.0133	0.173112
21.0837	0.170587
21.1499	0.181291
21.2161	0.181291
21.2849	0.174372
21.3542	0.346348
21.4235	0.346225
21.4923	0.348743
21.5611	0.348743
21.6305	0.346101
21.7003	0.343742
21.7701	0.343621
21.8368	0.359861
21.9014	0.371426
21.9687	0.356917
22.038	0.346225
22.1047	0.359861
22.1698	0.368431
22.2355	0.365483
22.3012	0.365483
22.3695	0.351426
22.4393	0.343621
22.5091	0.171871
22.579	0.343742
22.643	0.374615
22.7034	0.397264
22.7644	0.39384
22.829	0.371426
22.8978	0.348743
22.9676	0.343621
23.0375	0.343742
23.1068	0.346225
23.1761	0.346348
23.2423	0.362583
23.3085	0.362583
23.3778	0.346101
23.4476	0.343742
23.5164	0.348869
23.5837	0.356917
23.6509	0.356917
23.7202	0.346225
23.789	0.348743
23.8589	0.343742
23.9287	0.343621
23.997	0.35168
24.0673	0.341055
24.1346	0.178459
24.2013	0.359728
24.2701	0.348743
24.3389	0.348994
24.4066	0.35415
24.4749	0.351426
24.5448	0.343621
24.6146	0.343621
24.6813	0.359861
24.7501	0.348743
24.8189	0.348869
24.8882	0.519337
24.9581	0.687484
25.0269	0.697487
25.0968	0.686998
25.166	0.692696
25.2359	0.687484
25.302	0.725435
25.3698	0.708301
25.4355	0.730966
25.5017	0.725165
25.57	0.702852
25.6393	0.692449
25.7091	0.687484
25.7789	0.687484
25.8472	0.702852
25.916	0.697487
25.9854	0.692203
26.0552	0.687241
26.125	0.687484
26.1938	0.697737
26.2584	0.742852
26.3225	0.748941
26.3892	0.719455
26.457	0.708301
26.5243	0.713834
26.5936	0.692203
26.6634	0.687484
26.7327	0.692449
26.8	0.713834
26.8662	0.725165
26.9334	0.713834
27.0012	0.708301
27.0695	0.702852
27.1393	0.687241
27.2091	0.687484
27.2785	0.692449
27.3457	0.714096
27.4092	0.75513
27.4723	0.951779
27.538	0.730966
27.6073	0.692203
27.6771	0.687484
27.7469	0.687484
27.8147	0.885376
27.8809	0.362583
27.946	0.368431
28.0128	0.359728
28.0826	0.343621
28.1524	0.343742
28.2223	0.343621
28.2916	0.519337
28.3593	0.35415
28.4287	0.346101
28.498	0.346101
28.5679	0.343742
28.6351	0.357048
28.6981	0.380712
28.7627	0.371426
28.8284	0.365483
28.8935	0.368431
28.9592	0.365483
29.0275	0.351426
29.0973	0.343621
29.1672	0.343742
29.2365	0.346101
29.3048	0.351553
29.3746	0.343621
29.4413	0.359861
29.507	0.365483
29.5721	0.368431
29.6388	0.359728
29.7087	0.343621
29.7785	0.343742
29.8478	0.346225
29.9129	0.36857
29.9791	0.362583
30.0443	0.368431
30.111	0.359728
30.1793	0.351426
30.2486	0.346225
30.3184	0.343742
30.3841	0.36562
30.4513	0.356917
30.5196	0.351426
30.5894	0.343621
30.6582	0.348994
30.728	0.343742
30.7968	0.348869
30.8666	0.343742
30.9349	0.351553
31.0042	0.346225
31.0699	0.365483
31.1382	0.527139
31.208	0.687484
31.2778	0.687484
31.3456	0.708559
31.4102	0.742852
31.4785	0.878565
31.5483	0.687241
31.6181	0.687484
31.6843	0.725165
31.7516	0.892293
31.8209	1.03867
31.8902	1.03867
31.96	1.2031
32.0267	1.07958
32.094	1.24921
32.1633	1.38441
32.2337	1.53529
32.302	1.4057
32.3718	1.54684
32.4385	1.79864
32.5089	1.8758
32.5771	1.75777
32.6428	1.27919
32.7074	1.29999
32.7731	1.46193
32.8408	1.4166
32.9112	1.53475
32.9816	1.19411
33.0504	1.22104
33.1171	0.899319
33.1859	1.04623
33.2552	1.0383
33.3241	1.04623
33.3929	1.04623
33.4627	1.2031
33.5325	1.03086
33.6029	0.852937
33.6706	0.885698
33.7373	0.539591
33.8056	0.527139
33.8755	0.687241
33.9448	0.865562
34.0146	0.687484
34.0845	0.687241
34.1512	0.719721
34.2179	0.719455
34.2877	0.687241
34.3576	0.687241
34.4264	0.523303
34.4962	0.687241
34.5603	0.561706
34.6244	0.561706
34.6916	0.356917
34.7615	0.343621
34.8313	0.343742
34.8985	0.356917
34.9626	0.37447
35.0262	0.566348
35.0924	0.362583
35.1612	0.348743
35.231	0.343742
35.3009	0.343621
35.3681	0.357048
35.4374	0.346101
35.5072	0.343742
35.5745	0.357048
35.6391	0.371426
35.7037	0.371426
35.772	0.351426
35.8418	0.343621
35.9116	0.343742
35.9768	0.36857
36.0424	0.365483
36.1044	0.387164
36.1696	0.368431
36.2373	0.35415
36.3072	0.343621
36.377	0.343621
36.4458	0.174497
36.5109	0.368431
36.5761	0.368431
36.6417	0.365483
36.7079	0.362583
36.7767	0.348743
36.8471	0.341175
36.9169	0.171871
36.9847	0.35415
37.0509	0.362583
37.1192	0.351426
37.1885	0.346101
37.2578	0.346348
37.3276	0.343621
37.3975	0.343742
37.4642	0.359728
37.5278	0.377565
37.5934	0.365483
37.6601	0.359728
37.729	0.348743
37.7978	0.348743
37.8676	0.343499
37.9369	0.173174
38.0047	0.354279
38.0719	0.356917
38.1397	0.35415
38.2075	0.35415
38.2773	0.343621
38.3471	0.343621
38.4164	0.346348
38.4811	0.371426
38.5451	0.37447
38.6092	0.37447
38.6744	0.368431
38.7411	0.359728
38.8094	0.351426
38.8792	0.343621
38.9491	0.171871
39.0194	0.341175
39.0882	0.348869
39.1539	0.365483
39.2179	0.37447
39.2831	0.368431
39.3519	0.348743
39.4217	0.343742
39.4915	0.343742
39.5603	0.348869
39.6255	0.368431
39.6917	0.362583
39.7573	0.365483
39.8241	0.359728
39.8939	0.343621
39.9642	0.341175
40.032	0.17714
40.1003	0.351426
40.1665	0.362583
40.2316	0.368431
40.2983	0.359728
40.3687	0.341055
40.4385	0.17181
40.5084	0.343742
40.5777	0.346225
40.6465	0.348869
40.7121	0.365483
40.7768	0.371426
40.8419	0.368431
40.9086	0.359728
40.978	0.346101
41.0478	0.343742
41.1166	0.348994
41.1843	0.35415
41.2526	0.351553
41.3209	0.351426
41.3907	0.343621
41.46	0.346225
41.5299	0.343621
41.5971	0.357048
41.6649	0.35415
41.7321	0.356917
41.8004	0.351426
41.8703	0.343621
41.9401	0.343742
42.0099	0.343742
42.0776	0.354279
42.1417	0.37447
42.2053	0.377565
42.2683	0.380712
42.3335	0.368431
42.4002	0.359728
42.4695	0.346101
42.5389	0.346225
42.6087	0.343742
42.6785	0.343742
42.7478	0.346225
42.8171	0.346225
42.8865	0.346225
42.9553	0.348743
43.0251	0.343742
43.0944	0.346225
43.1642	0.343742
43.2314	0.357048
43.2966	0.368431
43.3649	0.351426
43.4347	0.515613
43.504	0.692449
43.5728	0.697987
43.6395	0.719455
43.7089	0.692203
43.7782	0.865562
43.848	0.687484
43.9173	0.692203
43.9872	0.687484
44.056	0.697487
44.1216	0.913708
44.1863	0.371426
44.2503	0.37447
44.3171	0.539591
44.3859	0.697487
44.4557	0.687241
44.5255	0.687484
44.5954	0.687241
44.6626	0.714096
44.7283	0.913708
44.7924	0.748941
44.857	0.742852
44.9226	0.730966
44.992	0.692203
45.0618	0.687484
45.1316	0.859355
45.1999	0.351426
45.2693	0.346101
45.3396	0.341055
45.4089	0.173174
45.4788	0.515613
45.546	0.535376
45.6117	0.548225
45.6768	0.368431
45.743	0.362583
45.8113	0.351426
45.8806	0.346225
45.9504	0.343742
46.0202	0.343742
46.0901	0.343621
46.1594	0.346225
46.2292	0.343742
46.2991	0.343742
46.3689	0.343621
46.4335	0.185784
46.4976	0.37447
46.5632	0.365483
46.6284	0.368431
46.6941	0.365483
46.7618	0.35415
46.8312	0.346101
46.901	0.343742
46.9698	0.348869
47.0386	0.348869
47.1074	0.348743
47.1746	0.356917
47.244	0.346225
47.3127	0.348869
47.3826	0.343742
47.4524	0.343742
47.5186	0.362718
47.5816	0.380712
47.6483	0.359728
47.7134	0.368431
47.7791	0.365483
47.8474	0.351426
47.9173	0.343621
47.9866	0.346225
48.0564	0.343742
48.1231	0.359861
48.1909	0.35415
48.2565	0.365483
48.3238	0.356917
48.3921	0.351426
48.4619	0.343742
48.5312	0.346225
48.6	0.348994
48.6698	0.343621
48.7396	0.343742
48.8084	0.348869
48.872	0.377565
48.9329	0.39384
48.9939	0.39384
49.058	0.37447
49.1262	0.351426
49.1961	0.343742
49.2649	0.348869
49.3331	0.351553
49.4009	0.531226
49.4692	0.702852
49.537	0.708301
49.6063	0.692203
49.6761	0.687484
49.7459	0.859355
49.8132	0.713834
49.8762	0.761423
49.9408	0.742852
50.0065	0.913708
50.0758	1.0383
50.1446	1.04661
50.2145	1.2031
50.2801	1.09686
50.3468	1.25905
50.4156	1.39497
50.4839	1.4057
50.5533	1.55746
50.6231	1.54684
50.6914	1.75777
50.7612	1.89058
50.8284	1.78459
50.8936	2.02637
50.9613	2.30198
51.0281	2.15837
51.0953	2.31996
51.1651	2.57715
51.2355	2.55881
51.3027	2.67786
51.3647	1.74224
51.4267	1.93582
51.4897	1.90356
51.557	1.96304
51.6268	1.7181
51.6967	1.7181
51.7654	1.22104
51.8348	1.21136
51.9041	1.38539
51.9724	1.4057
52.0375	1.47372
52.1048	1.60613
52.1736	1.39497
52.2434	1.37497
52.3132	1.37448
52.381	1.23998
52.4503	1.55801
52.5181	0.885376
52.5869	1.04661
52.6567	1.03086
52.7265	1.03123
52.7964	0.859355
52.8646	0.702852
52.9329	0.702852
53.0028	0.687241
53.0726	0.687484
53.1424	0.687241
53.2123	0.687484
53.2774	0.73714
53.3436	0.362583
53.4113	0.35415
53.4812	0.515613
53.5474	0.725165
53.6141	0.719455
53.6792	0.736861
53.7459	0.719455
53.8158	0.687241
53.8856	0.687484
53.9554	0.687241
54.02	0.92892
54.082	0.774329
54.1435	0.780947
54.2076	0.748941
54.2769	0.692203
54.3462	0.692449
54.4161	0.687484
54.4833	0.714096
54.5516	0.702852
54.6188	0.713834
54.6882	0.692203
54.758	0.687484
54.8278	0.687484
54.8966	0.697737
54.9612	0.743136
55.0274	0.725165
55.0936	0.725165
55.1629	0.692203
55.2322	0.692449
55.302	0.687484
55.3719	0.687241
55.4391	0.713834
55.5064	0.713834
55.5747	0.702852
55.644	0.692203
55.7138	0.687484
55.7837	0.687241
55.8525	0.523303
55.9202	0.708301
55.987	0.539591
56.0542	0.535376
56.1225	0.351426
56.1918	0.346348
56.2616	0.343621
56.331	0.346225
56.3976	0.359861
56.4633	0.548225
56.53	0.359728
56.5994	0.346101
56.6692	0.343742
56.7375	0.351426
56.8053	0.35415
56.874	0.348869
56.9439	0.343621
57.0132	0.346225
57.0825	0.346348
57.1502	0.354279
57.2154	0.368431
57.28	0.371426
57.3446	0.371426
57.4119	0.356917
57.4802	0.351426
57.5495	0.346101
57.6188	0.346348
57.6871	0.351426
57.7559	0.348869
57.8247	0.348743
57.8945	0.343621
57.9639	0.346225
58.0332	0.346348
58.0983	0.368431
58.1629	0.371426
58.2312	0.527139
58.301	0.687484
58.3709	0.687241
58.4397	0.697487
58.509	0.692203
58.5789	0.687484
58.6481	0.692696
58.7164	0.702852
58.7863	0.687241
58.8535	0.714096
58.9192	0.730966
58.9854	0.725165
59.0521	0.719455
59.1209	0.697487
59.1912	0.68235
59.2606	0.692449
59.3304	0.687241
59.3971	0.719721
59.4591	0.774329
59.5221	0.761423
59.5862	0.748941
59.6545	0.878565
59.7244	0.687241
59.7942	0.687484
59.863	0.697737
59.9312	0.878883
59.9974	1.08775
60.0641	1.07918
60.1345	1.19369
60.2038	1.03867
60.2726	1.04698
60.3393	1.07918
60.4055	0.906456
60.4738	0.702852
60.5432	0.692203
60.613	0.687484
60.6828	0.859355
60.7495	0.359728
60.8157	0.362583
60.8829	0.356917
60.9512	0.351426
61.0216	0.341055
61.0914	0.171871
61.1597	0.351553
61.2295	0.343742
61.2973	0.35415
61.3666	0.519337
61.4364	0.343621
61.5021	0.365483
61.5704	0.351426
61.6402	0.343621
61.7101	0.343621
61.7794	0.346225
61.8493	0.343621
61.9181	0.174434
61.9869	0.348743
62.0567	0.343499
62.126	0.346348
62.1959	0.343742
62.2646	0.348869
62.3319	0.357048
62.4002	0.351426
62.4679	0.35415
62.5378	0.343621
62.606	0.351553
62.6748	0.348994
62.7421	0.356917
62.8077	0.365483
62.8744	0.359728
62.9438	0.346101
63.0136	0.343742
63.0798	0.362583
63.1449	0.368431
63.2122	0.356917
63.2805	0.351426
63.3503	0.343621
63.4196	0.346225
63.4894	0.343742
63.5588	0.346225
63.627	0.351553
63.6911	0.37447
63.7557	0.371426
63.8204	0.371426
63.8876	0.356917
63.9574	0.343742
64.0278	0.341175
64.0929	0.184215
64.1591	0.362583
64.2274	0.351426
64.2946	0.356917
64.364	0.346225
64.4338	0.343742
64.5026	0.348743
64.5704	0.35415
64.6402	0.343499
64.7101	0.171871
64.7799	0.343621
64.8492	0.346348
64.9175	0.351426
64.9858	0.351426
65.0556	0.343742
65.1254	0.343621
65.1932	0.354408
65.2604	0.356917
65.3276	0.356917
65.3959	0.351426
65.4637	0.35415
65.5325	0.348743
65.6029	0.341175
65.6727	0.17181
65.7415	0.348869
65.8082	0.359728
65.8765	0.351426
65.9438	0.356917
66.0115	0.35415
66.0798	0.351426
66.1492	0.346101
66.219	0.343742
66.2888	0.343742
66.3581	0.346225
66.4243	0.362718
66.4905	0.362583
66.5561	0.365483
66.6223	0.362583
66.6896	0.356917
66.7584	0.348743
66.8288	0.341055
66.8981	0.173174
66.9653	0.357048
67.0331	0.35415
67.1008	0.35415
67.1681	0.356917
67.2379	0.343621
67.3078	0.343621
67.3776	0.343742
67.4443	0.539591
67.51	0.365483
67.5777	0.35415
67.6476	0.343621
67.7174	0.343742
67.7872	0.343742
67.8544	0.357048
67.9206	0.543874
67.9879	0.713834
68.0556	0.708301
68.1255	0.687241
68.1953	0.687241
68.2651	0.687484
68.3319	0.719455
68.3996	0.708301
68.4695	0.687241
68.5393	0.687484
68.6091	0.687241
68.6789	0.687484
68.7467	0.708301
68.8166	0.687241
68.8859	0.692203
68.9547	0.697987
69.0209	0.725165
69.0865	0.730966
69.1527	0.725165
69.2215	0.697487
69.2914	0.687484
69.3612	0.687241
69.4305	0.692449
69.4998	0.692449
69.5676	0.708559
69.6354	0.708301
69.7026	0.713834
69.7724	0.687241
69.8418	0.692449
69.9116	0.687484
69.9799	0.703106
70.0471	0.713834
70.1133	0.725165
70.1811	0.708301
70.2504	0.692449
70.3202	0.687484
70.3874	0.714096
70.4526	0.736861
70.5198	0.713834
70.5876	0.708301
70.6574	0.859051
70.7272	0.687484
70.7939	0.719455
70.8612	0.713834
70.9263	0.736861
70.9936	0.892293
71.0634	1.03086
71.1332	1.03123
71.202	1.04661
71.2703	1.22999
71.3401	1.03123
71.4095	1.0383
71.4777	1.05504
71.546	1.05428
71.6159	0.859051
71.6852	0.692449
71.7555	0.68235
71.8228	0.535376
71.8926	0.687241
71.9624	0.343742
72.0318	0.519152
72.1016	0.343742
72.1678	0.362583
72.2356	0.35415
72.3033	0.531226
72.3711	0.708301
72.4409	0.687484
72.5103	0.692203
72.5801	0.687484
72.6484	0.878565
72.7156	0.713834
72.7834	0.708301
72.8527	0.692203
72.9226	0.687241
72.9919	0.692449
73.0617	0.687484
73.1263	0.742852
73.1899	0.75513
73.2561	0.725165
73.3217	0.730966
73.3895	0.708301
73.4594	0.687241
73.5292	0.687241
73.5996	0.511762
73.6673	0.531419
73.7366	0.519152
73.8028	0.362583
73.8674	0.371426
73.9342	0.539591
74.0025	0.702852
74.0723	0.687484
74.1395	0.713834
74.2089	0.692203
74.2771	0.703106
74.3469	0.687484
74.4163	0.692203
74.4846	0.878883
74.5529	0.702852
74.6217	0.697487
74.6915	0.687484
74.7598	0.703106
74.827	0.713834
74.8968	0.687241
74.9667	0.687241
75.0344	0.531419
75.1012	0.719455
75.1668	0.548225
75.2346	0.531226
75.3039	0.346101
75.3738	0.343742
75.4436	0.343742
75.5077	0.37447
75.5733	0.365483
75.64	0.539591
75.7073	0.356917
75.7771	0.343621
75.8449	0.354279
75.9142	0.346101
75.9841	0.343621
76.0539	0.343742
76.1196	0.365483
76.1852	0.365483
76.2504	0.368431
76.3181	0.35415
76.3874	0.346225
76.4573	0.343742
76.5261	0.348869
76.5959	0.343499
76.6647	0.174497
76.7345	0.343742
76.8038	0.346225
76.8737	0.343742
76.9414	0.35415
77.0092	0.35415
77.0785	0.346101
77.1484	0.343742
77.2182	0.343742
77.2864	0.351553
77.35	0.377565
77.413	0.380712
77.4777	0.371426
77.5439	0.362583
77.6127	0.348743
77.6825	0.343742
77.7523	0.343621
77.8227	0.341175
77.8905	0.177075
77.9592	0.348869
78.0265	0.356917
78.0937	0.356917
78.1615	0.35415
78.2308	0.346101
78.3007	0.343742
78.3705	0.343742
78.4393	0.348743
78.506	0.359728
78.5748	0.348743
78.6447	0.343621
78.7145	0.343742
78.7838	0.346101
78.8537	0.343742
78.9235	0.343621
78.9933	0.171871
79.0621	0.348994
79.1299	0.35415
79.1966	0.359728
79.2649	0.351426
79.3337	0.348869
79.4035	0.343742
79.4733	0.343621
79.5421	0.348869
79.612	0.343499
79.6818	0.171871
79.7516	0.343742
79.8215	0.343499
79.8913	0.343742
79.9601	0.348869
80.0279	0.35415
80.0967	0.348743
80.166	0.346101
80.2364	0.341175
80.3062	0.171871
80.3766	0.341175
80.4438	0.357048
80.51	0.362583
80.5741	0.37447
80.6408	0.359728
80.7096	0.348743
80.78	0.341055
80.8482	0.17584
80.9175	0.346348
80.9868	0.346101
81.0557	0.348743
81.126	0.341175
81.1959	0.17181
81.2641	0.351553
81.3324	0.351426
81.4007	0.351426
81.4706	0.343621
81.5398	0.346348
81.6081	0.351553
81.6733	0.368431
81.74	0.359728
81.8067	0.359728
81.8739	0.356917
81.9433	0.346101
82.0131	0.343742
82.0808	0.354408
82.1496	0.348743
82.2174	0.35415
82.2825	0.368431
82.3482	0.365483
82.4149	0.359728
82.4837	0.348743
82.5536	0.343621
82.6208	0.357048
82.6891	0.351426
82.7569	0.35415
82.8252	0.351426
82.8945	0.346101
82.9643	0.343742
83.0321	0.354279
83.0993	0.356917
83.1666	0.356917
83.2359	0.346101
83.3057	0.343742
83.3755	0.343742
83.4443	0.523303
83.5079	0.377565
83.5725	0.371426
83.6382	0.365483
83.7049	0.359728
83.7727	0.35415
83.842	0.346101
83.9118	0.343742
83.9817	0.343621
84.0494	0.531226
84.1167	0.356917
84.1839	0.356917
84.2517	0.35415
84.3205	0.348743
84.3903	0.343742
84.4597	0.346225
84.5289	0.519522
84.5967	0.708559
84.6645	0.708301
84.7328	0.702852
84.8021	0.692449
84.8714	0.692696
84.9412	0.687484
85.01	0.697487
85.0762	0.725165
85.1429	0.719455
85.2123	0.692203
85.2821	0.687484
85.3519	0.687484
85.4212	0.692449
85.4916	0.68235
85.5583	0.719455
85.6239	0.730966
85.6907	0.719455
85.7584	0.708301
85.8283	0.687241
85.8965	0.703106
85.9648	0.70336
86.032	0.713834
86.0998	0.708301
86.167	0.713834
86.2353	0.702852
86.3052	0.687484
86.375	0.687484
86.4396	0.742852
86.5042	0.742852
86.5688	0.742852
86.6345	0.730966
86.6996	0.736861
86.769	0.692203
86.8388	0.687484
86.9071	0.703106
86.9753	0.703106
87.041	0.730966
87.1067	0.730966
87.1739	0.713834
87.2422	0.878565
87.3115	0.692449
87.3808	0.692449
87.4491	0.702852
87.5169	0.708301
87.5852	0.878565
87.654	1.04623
87.7238	1.03123
87.7937	1.03086
87.8635	1.03123
87.9333	1.03086
87.9964	0.571067
88.0589	0.767822
88.1246	0.730966
88.1923	0.708301
88.2621	0.859355
88.332	0.687241
88.3997	0.708559
88.4696	0.686998
88.5394	0.515613
88.6082	0.697987
88.677	0.348743
88.7468	0.515613
88.813	0.362583
88.8792	0.362583
88.9486	0.346101
89.0184	0.343742
89.0877	0.346101
89.1539	0.544076
89.2211	0.356917
89.2894	0.351426
89.3593	0.343621
89.4286	0.346225
89.4984	0.343621
89.5677	0.346225
89.6355	0.35415
89.7033	0.35415
89.7721	0.348743
89.8419	0.343742
89.9112	0.346225
89.98	0.348994
90.0499	0.343621
90.1197	0.343742
90.1895	0.343621
90.2567	0.17859
90.3234	0.359728
90.3933	0.343621
90.4621	0.348743
90.5314	0.346225
90.6012	0.343742
90.6674	0.362718
90.7331	0.548225
90.7977	0.371426
90.8618	0.37447
90.9274	0.365483
90.9968	0.346101
91.0666	0.343742
91.1369	0.341175
91.2063	0.173112
91.2761	0.343742
91.3439	0.35415
91.4132	0.346225
91.483	0.515613
91.5529	0.343499
91.6211	0.17584
91.6909	0.343742
91.7597	0.348743
91.8286	0.348743
91.8984	0.17181
91.9682	0.343742
92.0334	0.368431
92.099	0.365483
92.1658	0.359728
92.234	0.351426
92.3039	0.343621
92.3737	0.343742
92.4425	0.348743
92.5118	0.346225
92.5817	0.343621
92.6494	0.354279
92.7183	0.348743
92.7875	0.346348
92.8569	0.346225
92.9257	0.348869
92.9955	0.343742
93.0648	0.346225
93.131	0.362583
93.1961	0.368431
93.2655	0.519152
93.3353	0.343742
93.4051	0.343621
93.475	0.343742
93.5438	0.348869
93.6126	0.523115
93.6824	0.687241
93.7523	0.687241
93.8221	0.687484
93.8919	0.687484
93.9581	0.362583
94.0248	0.359728
94.0942	0.346101
94.164	0.343742
94.2327	0.348994
94.2973	0.557352
94.3651	0.708301
94.4334	0.702852
94.5012	0.708301
94.5695	0.702852
94.6393	0.859355
94.7086	0.692449
94.7763	0.708559
94.8462	0.687241
94.916	0.687241
94.9822	0.544076
95.0505	0.702852
95.1172	0.359728
95.1855	0.351426
95.2532	0.354279
95.3215	0.351426
95.3914	0.343621
95.4586	0.357048
95.5269	0.351426
95.5957	0.523115
95.6656	0.343621
95.7354	0.343742
95.8052	0.343742
95.874	0.348869
95.9412	0.356917
96.009	0.35415
96.0778	0.348743
96.1476	0.343742
96.2175	0.343621
96.2847	0.357048
96.3514	0.359728
96.4187	0.356917
96.488	0.346101
96.5584	0.341055
96.6282	0.17181
96.6975	0.173174
96.7668	0.173112
96.8361	0.173112
96.9033	0.17859
96.9674	0.187235
97.0352	0.35415
97.1035	0.351426
97.1723	0.348743
97.2422	0.343621
97.312	0.171871
97.3802	0.351553
97.4475	0.356917
97.5168	0.346101
97.5861	0.346348
97.6539	0.35415
97.7222	0.351426
97.7925	0.341175
97.8619	0.173051
97.9322	0.341175
98.001	0.348743
98.0693	0.351553
98.1365	0.356917
98.2017	0.368431
98.2684	0.359728
98.3372	0.348743
98.4071	0.343621
98.4774	0.341175
98.5441	0.17993
98.614	0.343499
98.6812	0.357048
98.751	0.343621
98.8209	0.343621
98.8897	0.348869
98.959	0.346348
99.0236	0.371426
99.0882	0.371426
99.1533	0.368431
99.2185	0.368431
99.2847	0.362583
99.3545	0.343621
99.4243	0.343742
99.4942	0.343742
99.564	0.343621
99.6302	0.362718
99.6948	0.371426
99.7615	0.359728
99.8287	0.356917
99.8986	0.343621
99.9684	0.343742
100.037	0.351426
100.104	0.356917
100.172	0.35415
100.238	0.362583
100.306	0.35415
100.375	0.343742
100.445	0.343621
100.515	0.171871
100.582	0.357048
100.65	0.35415
100.717	0.356917
100.786	0.351426
100.855	0.348743
100.924	0.343742
100.994	0.343621
101.061	0.178524
101.129	0.356917
101.196	0.356917
101.263	0.356917
101.332	0.346101
101.402	0.343742
101.472	0.343742
101.541	0.348743
101.605	0.37447
101.668	0.380712
101.731	0.380712
101.797	0.548225
101.865	0.702852
101.935	0.687241
102.005	0.687484
102.074	0.697737
102.141	0.713834
102.208	0.713834
102.275	0.713834
102.345	0.692203
102.415	0.68235
102.484	0.692449
102.551	0.719455
102.618	0.719455
102.686	0.702852
102.756	0.687241
102.823	0.714096
102.889	0.725165
102.958	0.702852
103.028	0.682111
103.098	0.687241
103.167	0.692696
103.234	0.713834
103.303	0.702852
103.372	0.686998
103.442	0.687484
103.511	0.697737
103.581	0.687241
103.65	0.697987
103.716	0.725165
103.783	0.713834
103.85	0.713834
103.918	0.708301
103.986	0.702852
104.056	0.692203
104.126	0.68235
104.196	0.687484
104.262	0.725435
104.328	0.730966
104.394	0.906456
104.459	0.736861
104.525	0.730966
104.593	0.702852
104.663	0.859051
104.731	1.05466
104.801	1.03086
104.87	1.21179
104.94	1.03123
105.008	1.06245
105.077	1.0383
105.147	0.859051
105.217	0.687241
105.285	0.702852
105.353	0.885376
105.421	1.05428
105.49	1.05428
105.559	1.2031
105.629	1.03086
105.699	1.03123
105.768	1.04661
105.831	1.14213
105.896	1.11428
105.962	1.26904
106.03	1.4057
106.1	1.37448
106.17	1.37497
106.239	1.37497
106.304	1.49788
106.364	1.58906
106.425	1.56189
106.487	1.54866
106.551	1.51026
106.618	1.42767
106.687	1.39497
106.757	1.37448
106.827	1.37497
106.896	1.38441
106.965	1.38539
107.035	1.37497
107.103	1.4166
107.173	1.37448
107.243	1.37497
107.312	1.3849
107.379	1.43891
107.447	1.39497
107.517	1.3849
107.587	1.37497
107.654	1.4166
107.721	1.43891
107.79	1.38441
107.859	1.39547
107.929	1.37448
107.998	1.3849
108.068	1.3849
108.137	1.38441
108.207	1.37497
108.277	1.37497
108.343	1.45033
108.411	1.4057
108.478	1.42767
108.547	1.39497
108.617	1.37448
108.687	1.53529
108.756	1.40621
108.824	1.39547
108.892	1.42767
108.961	1.39497
109.03	1.54684
109.098	1.7714
109.167	1.74372
109.237	1.87646
109.307	1.7181
109.374	1.60672
109.439	1.28951
109.504	1.29999
109.571	1.43891
109.64	1.38441
109.71	1.54684
109.78	1.37497
109.846	1.43944
109.911	1.11428
109.974	1.15173
110.04	1.26904
110.108	1.06245
110.176	1.04623
110.246	1.03123
110.316	1.03086
110.384	1.06284
110.451	1.07918
110.517	1.07918
110.585	1.23953
110.655	1.37497
110.725	1.37448
110.791	1.43997
110.856	1.47372
110.923	1.43891
110.99	1.42767
111.061	1.36422
111.131	1.37448
111.197	1.45141
111.261	1.49788
111.323	1.54866
111.389	1.46193
111.455	1.45033
111.525	1.37448
111.594	1.37497
111.664	1.3849
111.733	1.38539
111.799	1.46193
111.865	1.45033
111.934	1.39497
112.004	1.37497
112.073	1.37497
112.141	1.42767
112.205	1.49788
112.271	1.45033
112.34	1.39497
112.409	1.38441
112.478	1.38539
112.546	1.4166
112.615	1.3849
112.684	1.40621
112.749	1.46193
112.816	1.45033
112.883	1.4166
112.953	1.38441
113.022	1.37497
113.092	1.3849
113.162	1.37497
113.231	1.37497
113.3	1.58199
113.368	1.39547
113.437	1.4057
113.507	1.37448
113.576	1.37448
113.644	1.24967
113.712	0.878565
113.781	0.697487
113.851	0.687241
113.92	0.692203
113.99	0.687484
114.058	0.885698
114.123	0.365483
114.188	0.368431
114.255	0.543874
114.322	0.708301
114.39	0.708301
114.459	0.697487
114.528	0.692203
114.597	0.697487
114.667	0.687241
114.735	0.703106
114.804	0.872171
114.87	0.730966
114.936	0.725165
115.003	0.713834
115.072	0.692203
115.142	0.687484
115.212	0.687241
115.282	0.511762
115.349	0.539791
115.416	0.179864
115.483	0.178459
115.551	0.351426
115.621	0.346225
115.69	0.346225
115.758	0.351553
115.828	0.343621
115.896	0.351553
115.966	0.346101
116.035	0.519337
116.102	0.359728
116.17	0.351426
116.239	0.346225
116.309	0.343742
116.376	0.359728
116.443	0.356917
116.511	0.35415
116.581	0.343499
116.65	0.173174
116.72	0.343621
116.787	0.359994
116.852	0.368431
116.914	0.383911
116.98	0.365483
117.048	0.351426
117.118	0.343621
117.188	0.341175
117.258	0.173112
117.325	0.354279
117.394	0.348743
117.462	0.35415
117.532	0.343621
117.602	0.341055
117.672	0.173112
117.737	0.365758
117.802	0.368431
117.868	0.365483
117.938	0.343621
118.006	0.351553
118.076	0.343621
118.145	0.348869
118.214	0.348869
118.281	0.357048
118.349	0.35415
118.418	0.346101
118.488	0.343742
118.755	0.0897718
118.822	0.178459
118.892	0.17181
118.962	0.171871
119.031	0.346225
119.098	0.535572
119.165	0.359728
119.231	0.548225
119.299	0.708301
119.367	0.702852
119.437	0.687484
119.507	0.682111
119.576	0.697737
119.643	0.719721
119.706	0.756169
119.771	0.742645
119.836	0.736861
119.902	0.725165
119.968	0.725165
120.034	0.725165
120.102	0.708301
120.172	0.692449
120.241	0.687484
120.311	0.687484
120.379	0.702852
120.442	0.767822
120.502	0.794529
120.564	0.780947
120.624	1.39043
120.733	0.552304
120.848	0.834436
120.908	1.19275
121.027	0.606351
121.087	1.19179
121.148	0.595896
121.211	0.571067
121.275	0.748941
121.338	0.767822
121.403	0.736861
121.47	0.713834
121.537	0.714677
121.606	0.697305
121.675	0.692203
121.745	0.692696
121.805	0.788507
121.866	0.794292
121.926	0.993161
121.988	0.58571
122.052	0.749729
122.117	0.730766
122.184	0.906456
122.252	0.703491
122.321	0.692762
122.39	0.865562
122.455	1.1147
122.52	1.11428
122.58	1.58906
122.64	1.59174
122.701	0.794292
122.809	1.55199
122.87	2.97859
122.983	1.05753
123.043	1.98632
123.106	1.7276
123.169	2.09391
123.235	1.9942
123.303	2.10856
123.373	2.23432
123.442	2.28427
123.512	2.38822
123.579	2.49934
123.64	3.37675
123.751	1.18523
123.811	2.58222
123.872	1.98632
123.933	1.57536
123.999	1.9942
124.068	2.07661
124.138	2.23432
124.202	2.26627
124.262	3.37675
124.322	2.58222
124.383	3.57601
124.496	2.01834
124.558	2.90373
124.619	2.10066
