10.1386	0.622492
10.2082	0.862627
10.2777	0.690102
10.3504	0.825409
10.4241	0.651748
10.5113	0.963246
10.6242	0.956206
10.7414	0.921903
10.8091	1.06245
10.8795	1.02352
10.9446	1.10529
11.0428	1.09938
11.1642	0.791089
11.2341	0.686756
11.3058	0.669234
11.3662	1.58906
11.4266	0.794529
11.5307	0.576836
11.6383	0.891422
11.7544	0.826885
11.8149	0.794529
11.8763	0.780947
11.9373	0.787679
11.9998	0.767822
12.0618	0.774329
12.1227	0.787679
12.1842	0.780947
12.2451	0.787679
12.3097	0.742852
12.3706	0.787998
12.4395	0.697487
12.5062	0.719455
12.5734	0.713834
12.6401	0.719455
12.71	0.687484
12.7811	0.675107
12.8492	0.704124
12.9632	0.842127
13.0709	0.891422
13.1881	0.819469
13.2548	0.719455
13.3251	0.682111
13.395	0.515431
13.4627	0.531613
13.5273	0.185713
13.5888	0.195237
13.6497	0.39384
13.7117	0.387164
13.7763	0.371426
13.8436	0.356917
13.9119	0.351426
13.9817	0.515613
14.0515	0.687484
14.1209	0.692203
14.1844	0.75513
14.2469	0.767822
14.31	0.951779
14.3725	0.767822
14.4361	0.75513
14.5038	0.708301
14.5737	0.687241
14.6435	0.687484
14.7107	0.714096
14.78	0.692203
14.8499	0.687484
14.9171	0.713834
14.9823	0.736861
15.0469	0.742852
15.1131	0.725165
15.1803	0.713834
15.2491	0.697487
15.319	0.687241
15.3872	0.703106
15.4571	0.687241
15.5217	0.742852
15.5874	0.730966
15.652	0.742852
15.7176	0.730966
15.7859	0.702852
15.8558	0.687241
15.9256	0.687484
15.9949	0.692449
16.0637	0.697737
16.131	0.713834
16.1992	0.702852
16.2691	0.687241
16.34	0.677292
16.4077	0.354279
16.477	0.519337
16.5427	0.365483
16.611	0.527139
16.6793	0.527139
16.7491	0.687241
16.8179	0.697737
16.8883	0.682111
16.9561	0.708301
17.0238	0.708301
17.0926	0.697487
17.162	0.692449
17.2318	0.859355
17.3016	0.687484
17.3652	0.75513
17.4839	0.808591
17.5496	0.730966
17.6173	0.708301
17.6861	0.697487
17.7565	0.682111
17.8263	0.515613
17.8957	0.692449
17.966	0.341055
18.0322	0.181359
18.0973	0.368431
18.1614	0.37447
18.2266	0.368431
18.2954	0.174372
18.3657	0.341175
18.435	0.346225
18.5012	0.362718
18.5637	0.383911
18.6252	0.390473
18.6882	0.380712
18.7565	0.351426
18.8258	0.346225
18.8952	0.346101
18.9655	0.341175
19.0333	0.354279
19.1005	0.356917
19.1678	0.356917
19.2355	0.35415
19.3038	0.351426
19.3742	0.341175
19.4435	0.346101
19.5107	0.357048
19.5795	0.348743
19.6489	0.519152
19.7177	0.348743
19.7875	0.343742
19.8573	0.343742
19.9246	0.356917
19.9918	0.535376
20.0606	0.697487
20.1305	0.687241
20.1998	0.692449
20.2691	0.86587
20.3385	0.692203
20.4057	0.713834
20.4755	0.859051
20.5443	1.04661
20.6142	1.20267
20.6798	1.09645
20.746	1.26904
20.8149	1.39497
20.8847	1.54684
20.9545	1.37448
21.0244	1.20267
21.0931	0.697987
21.1593	0.543874
21.2255	0.906456
21.2954	1.03086
21.3652	1.03086
21.4345	1.03867
21.5033	0.871859
21.5716	0.702852
21.641	0.692203
21.7108	0.687484
21.7806	0.687484
21.8473	0.719455
21.912	0.928565
21.9797	0.708301
22.0485	0.697737
22.1152	0.719721
22.1803	0.736861
22.246	0.730966
22.3117	0.730966
22.3805	0.697487
22.4508	0.68235
22.5207	0.515431
22.591	0.511762
22.6546	0.188856
22.715	0.198632
22.7765	0.195237
22.8416	0.184215
22.9104	0.348743
22.9808	0.341175
23.0501	0.173112
23.1199	0.343742
23.1871	0.357048
23.2533	0.362583
23.32	0.359728
23.3899	0.343499
23.4592	0.173174
23.528	0.348869
23.5957	0.35415
23.6635	0.35415
23.7328	0.346225
23.8022	0.346101
23.8725	0.341175
23.9418	0.173112
24.0111	0.346348
24.0805	0.346225
24.1482	0.35415
24.216	0.35415
24.2859	0.343499
24.3546	0.174497
24.4229	0.351426
24.4907	0.35415
24.5605	0.343621
24.6283	0.354408
24.6955	0.356917
24.7648	0.346101
24.8342	0.346225
24.904	0.343742
24.9722	0.351553
25.0405	0.351426
25.1104	0.343621
25.1802	0.343621
25.2495	0.173174
25.3162	0.359861
25.3835	0.356917
25.4491	0.365483
25.5153	0.362583
25.5841	0.348743
25.654	0.343621
25.7238	0.171871
25.7936	0.343742
25.8619	0.351426
25.9313	0.346101
26.0001	0.348743
26.0699	0.343621
26.1397	0.343742
26.2085	0.348869
26.2731	0.371426
26.3372	0.37447
26.404	0.359728
26.4717	0.35415
26.539	0.356917
26.6083	0.346101
26.6781	0.343742
26.7474	0.346225
26.8147	0.356917
26.8809	0.362583
26.9487	0.35415
27.0159	0.356917
27.0842	0.351426
27.154	0.343621
27.2239	0.343742
27.2937	0.343742
27.3578	0.37447
27.4219	0.37447
27.4854	0.377565
27.5511	0.365483
27.6209	0.343621
27.6892	0.351553
27.759	0.343742
27.8257	0.359728
27.8925	0.359728
27.9576	0.368431
28.0254	0.35415
28.0947	0.346225
28.165	0.341175
28.2327	0.177204
28.3005	0.35415
28.3678	0.356917
28.4371	0.346101
28.5069	0.343621
28.5768	0.343742
28.6409	0.37447
28.7049	0.37447
28.7696	0.371426
28.8347	0.368431
28.8998	0.368431
28.9666	0.359728
29.0359	0.346101
29.1057	0.343621
29.1756	0.343742
29.2454	0.343499
29.3137	0.175777
29.383	0.346225
29.4497	0.359861
29.5154	0.365483
29.581	0.365483
29.6483	0.356917
29.7181	0.343621
29.788	0.343742
29.8573	0.346225
29.9224	0.36857
29.9886	0.362583
30.0537	0.368431
30.1204	0.359728
30.1887	0.351426
30.2581	0.346225
30.3279	0.343742
30.3935	0.36562
30.4608	0.356917
30.5291	0.351426
30.5989	0.343621
30.6677	0.174497
30.7375	0.343742
30.8063	0.348869
30.8761	0.343742
30.9444	0.351553
31.0137	0.346225
31.0799	0.362583
31.1492	0.346101
31.219	0.343742
31.2889	0.343742
31.3571	0.351553
31.4212	0.37447
31.4895	0.351426
31.5594	0.515431
31.6297	0.68235
31.6964	0.719455
31.7647	0.702852
31.8346	0.687241
31.9044	0.687484
31.9742	0.687241
32.0409	0.719721
32.1097	0.697487
32.1791	0.692449
32.2473	0.703106
32.3172	0.686998
32.3865	0.692696
32.4537	0.713834
32.5236	0.687241
32.5913	0.708559
32.6565	0.736861
32.7221	0.730966
32.7878	0.730966
32.8566	0.697487
32.9259	0.692696
32.9957	0.687484
33.0635	0.708301
33.1302	0.719455
33.199	0.697487
33.2678	0.697487
33.3367	0.697487
33.406	0.692203
33.4758	0.687484
33.5462	0.68235
33.616	0.687241
33.6827	0.719721
33.7499	0.713834
33.8182	0.702852
33.8881	0.687241
33.9574	0.692449
34.0272	0.859355
34.097	0.687484
34.1622	0.736861
34.2294	0.892293
34.2993	1.03086
34.3696	1.02352
34.4379	1.05428
34.5072	0.865562
34.5718	0.742852
34.6359	0.748941
34.7032	0.713834
34.773	0.859051
34.8434	0.68235
34.9069	0.566348
34.9716	0.742852
35.0346	0.380712
35.1008	0.362583
35.1701	0.346101
35.2399	0.343742
35.3098	0.343621
35.376	0.362718
35.4463	0.511583
35.5156	0.519337
35.5818	0.544076
35.6464	0.371426
35.711	0.371426
35.7804	0.346101
35.8502	0.343621
35.9201	0.343742
35.9852	0.36857
36.0498	0.557139
36.1123	0.767822
36.1785	0.725165
36.2473	0.697487
36.3166	0.692449
36.3865	0.687484
36.4547	0.703106
36.5193	0.742852
36.5845	0.736861
36.6501	0.730966
36.7169	0.719455
36.7862	0.692203
36.856	0.687484
36.9264	0.68235
36.9931	0.719455
37.0598	0.719455
37.1281	0.702852
37.1979	0.687241
37.2667	0.697737
37.3361	0.692449
37.4059	0.687484
37.4731	0.713834
37.5372	0.748941
37.6029	0.730966
37.6701	0.713834
37.7384	0.702852
37.8078	0.692203
37.8776	0.687241
37.9474	0.687484
38.0157	0.702852
38.083	0.713834
38.1512	0.702852
38.2195	0.702852
38.2889	0.692449
38.3587	0.687484
38.4264	0.708559
38.4916	0.736861
38.5557	0.748941
38.6203	0.742852
38.6849	0.742852
38.7516	0.899319
38.8204	0.697487
38.8902	0.687484
38.9601	0.687484
39.0304	0.682111
39.0971	0.539791
39.1628	0.913708
39.2269	0.37447
39.2931	0.362583
39.3624	0.519152
39.4322	0.687484
39.5026	0.68235
39.5708	0.703106
39.636	0.736861
39.7022	0.906456
39.7678	0.730966
39.8351	0.713834
39.9055	0.682111
39.9758	0.511762
40.0425	0.539791
40.1113	0.174372
40.177	0.182742
40.2421	0.368431
40.3099	0.35415
40.3803	0.341055
40.4485	0.17584
40.5173	0.348869
40.5876	0.341175
40.6544	0.359728
40.719	0.185713
40.7836	0.371426
40.8493	0.365483
40.9165	0.356917
40.9863	0.343621
41.0562	0.343621
41.125	0.348994
41.1933	0.351426
41.2605	0.357048
41.3293	0.348743
41.3991	0.343621
41.4685	0.346225
41.5383	0.343742
41.6055	0.356917
41.6733	0.35415
41.7405	0.356917
41.8088	0.351426
41.8787	0.343621
41.9485	0.343742
42.0183	0.343742
42.086	0.531419
42.1501	0.37447
42.2137	0.377565
42.2773	0.377565
42.3419	0.371426
42.4086	0.539591
42.4779	0.692203
42.5478	0.687484
42.6176	0.687241
42.6859	0.8792
42.7552	0.692449
42.8245	0.692449
42.8938	0.692449
42.9637	0.859051
43.033	0.346225
43.1033	0.341175
43.1721	0.174434
43.2399	0.354279
43.3045	0.371426
43.3738	0.346101
43.4436	0.343742
43.5135	0.343742
43.5812	0.354279
43.649	0.35415
43.7178	0.348743
43.7866	0.348869
43.8564	0.343742
43.9257	0.346101
43.9956	0.343742
44.0649	0.346101
44.1285	0.377565
44.1926	0.37447
44.2572	0.371426
44.3249	0.35415
44.3943	0.346101
44.4641	0.343621
44.534	0.343742
44.6038	0.343742
44.671	0.356917
44.7356	0.371426
44.8002	0.371426
44.8643	0.37447
44.93	0.365483
44.9998	0.343621
45.0697	0.343621
45.1379	0.35168
45.2062	0.351426
45.2756	0.519152
45.3454	0.343621
45.4152	0.343742
45.4851	0.343742
45.5518	0.359728
45.6169	0.368431
45.6821	0.368431
45.7482	0.543874
45.8165	0.702852
45.8864	0.687484
45.9557	0.692449
46.0255	0.687484
46.0953	0.687484
46.1652	0.687241
46.2345	0.692449
46.3048	0.68235
46.3741	0.692696
46.4387	0.742852
46.5028	0.748941
46.5685	0.730966
46.6336	0.736861
46.6993	0.730966
46.7676	0.702852
46.8375	0.686998
46.9073	0.687484
46.9761	0.697737
47.0449	0.697737
47.1137	0.697487
47.1809	0.713834
47.2503	0.692449
47.319	0.697737
47.3889	0.687484
47.4587	0.687484
47.5249	0.725435
47.5879	0.761423
47.6546	0.719455
47.7198	0.736861
47.7854	0.730966
47.8537	0.702852
47.9236	0.687241
47.9929	0.692449
48.0627	0.687484
48.1294	0.719721
48.1972	0.708301
48.2628	0.730966
48.3301	0.713834
48.3984	0.702852
48.4682	0.859355
48.5375	0.692449
48.6063	0.697987
48.6766	0.682111
48.7459	0.519522
48.8147	0.872171
48.8788	0.37447
48.9403	0.390473
49.0017	0.390473
49.0669	0.368431
49.1357	0.523115
49.2055	0.687484
49.2743	0.697737
49.3426	0.703106
49.4109	0.878565
49.4792	0.702852
49.5475	0.702852
49.6173	0.687241
49.6871	0.687484
49.7549	0.708559
49.8216	0.899319
49.8841	0.383911
49.9498	0.365483
50.0165	0.359728
50.0853	0.348743
50.1551	0.515613
50.2239	0.697737
50.2917	0.708559
50.3584	0.719455
50.4272	0.871859
50.4965	0.692203
50.5664	0.687241
50.6362	0.687241
50.705	0.697737
50.7727	0.886021
50.841	1.05428
50.9067	1.09645
50.9745	1.06245
51.0417	1.07075
51.1105	1.04623
51.1804	1.03086
51.2502	1.03123
51.3153	1.10571
51.3763	1.18152
51.4388	1.15173
51.5023	1.1327
51.5696	1.07075
51.6394	1.03086
51.7082	1.04661
51.7754	1.07114
51.8453	1.03086
51.9146	1.03867
51.9829	1.05428
52.0491	1.08775
52.1147	1.09645
52.1841	1.0383
52.2539	1.03123
52.3237	1.03123
52.392	1.05428
52.4592	1.07114
52.5275	1.05428
52.5963	1.04661
52.6661	1.03123
52.7355	1.03867
52.8037	1.05504
52.872	1.05428
52.9403	1.05428
53.0101	1.03086
53.08	1.03123
53.1498	1.03123
53.2196	1.03123
53.2837	1.12341
53.3499	1.08775
53.4187	1.04623
53.4885	1.2031
53.5547	1.08775
53.6204	1.09645
53.6855	1.10529
53.7522	1.07918
53.8221	1.20267
53.8919	1.37497
53.9617	1.37497
54.0258	1.49788
54.0878	1.74224
54.1493	1.56189
54.2144	1.47372
54.2832	1.56935
54.3525	1.73112
54.4224	1.89058
54.4896	1.78524
54.5579	1.93284
54.6256	2.1249
54.6955	2.23353
54.7653	2.06172
54.8352	1.89058
54.9039	1.22104
54.9685	1.67206
55.0347	1.63162
55.1009	1.81291
55.1703	1.90356
55.2396	1.73112
55.3094	1.71871
55.3792	1.7181
55.4465	1.24921
55.5137	1.24921
55.582	1.4057
55.6514	1.38441
55.7212	1.37497
55.791	1.54684
55.8598	1.39497
55.9271	1.42767
55.9938	1.43891
56.0605	1.43891
56.1288	1.58142
56.1981	1.73174
56.2679	1.7181
56.3373	1.73112
56.4045	1.78524
56.4701	1.82742
56.5374	1.78459
56.6067	1.73051
56.6765	1.71871
56.7448	1.75713
56.8131	1.75713
56.8814	1.75777
56.9512	1.7181
57.0206	1.73112
57.0904	1.71871
57.1581	1.7714
57.2217	1.88783
57.2863	1.85713
57.3514	1.84215
57.4182	1.79864
57.487	1.74372
57.5574	1.70528
57.6261	1.74434
57.696	1.7181
57.7648	1.74372
57.8336	1.74372
57.9029	1.90424
57.9728	1.7181
58.0416	1.57047
58.1072	1.09645
58.1739	1.07918
58.2438	1.03086
58.3136	1.03086
58.383	1.21179
58.4523	0.692203
58.5222	0.686998
58.5925	0.511762
58.6613	0.52349
58.7306	0.173051
58.8004	0.171871
58.8651	0.371426
58.9313	0.362583
58.998	0.359728
59.0642	0.362583
59.134	0.343499
59.2039	0.171871
59.2732	0.346225
59.343	0.343742
59.4081	0.184215
59.4696	0.195237
59.5326	0.380712
59.5973	0.371426
59.665	0.35415
59.7348	0.343742
59.8047	0.343621
59.873	0.351553
59.9417	0.523303
60.0079	0.725165
60.0757	0.708301
60.1461	0.682111
60.2159	0.687484
60.2842	0.703106
60.3509	0.719455
60.4165	0.730966
60.4843	0.708301
60.5542	0.687241
60.624	0.687484
60.6922	0.703106
60.7584	0.725165
60.8252	0.719455
60.8913	0.725165
60.9596	0.702852
61.0295	0.687241
61.0993	0.687484
61.1686	0.692449
61.239	0.68235
61.3073	0.702852
61.3771	0.687241
61.4459	0.697737
61.5116	0.730966
61.5804	0.697487
61.6508	0.682111
61.7206	0.687241
61.7904	0.687241
61.8597	0.692696
61.9291	0.692203
61.9984	0.692203
62.0688	0.682111
62.1381	0.692449
62.2085	0.68235
62.2778	0.692449
62.345	0.714096
62.4138	0.697487
62.4821	0.702852
62.552	0.687241
62.6213	0.692449
62.69	0.872484
62.7583	0.702852
62.8235	0.736861
62.8907	0.713834
62.9611	0.682111
63.0267	0.548431
63.0929	0.725165
63.1586	0.365483
63.2264	0.531226
63.2947	0.351426
63.365	0.341055
63.4354	0.170587
63.5031	0.17714
63.5729	0.171871
63.6381	0.184215
63.7032	0.184215
63.7673	0.187235
63.8324	0.184215
63.9002	0.35415
63.97	0.343742
64.0404	0.341175
64.1055	0.184215
64.1717	0.362583
64.24	0.351426
64.3078	0.35415
64.3781	0.341175
64.4469	0.174434
64.5142	0.356917
64.5819	0.35415
64.6518	0.343621
64.7221	0.341175
64.7914	0.173112
64.8586	0.357048
64.9275	0.348743
64.9963	0.348743
65.0661	0.343742
65.1359	0.343742
65.2037	0.354279
65.2709	0.356917
65.3381	0.356917
65.4064	0.351426
65.4742	0.35415
65.5436	0.346101
65.6128	0.346348
65.6827	0.343621
65.752	0.346225
65.8187	0.179864
65.887	0.175713
65.9543	0.178459
66.022	0.35415
66.0903	0.351426
66.1597	0.346101
66.2295	0.343742
66.2993	0.343742
66.3686	0.346225
66.4348	0.362718
66.501	0.362583
66.5667	0.548225
66.6328	0.362583
66.7001	0.356917
66.7689	0.348743
66.8387	0.343742
66.9086	0.343621
66.9758	0.357048
67.0441	0.527139
67.1113	0.713834
67.1786	0.713834
67.2484	0.687241
67.3183	0.687241
67.3881	0.687484
67.4553	0.713834
67.5215	0.725165
67.5893	0.708301
67.6591	0.687484
67.7284	0.692449
67.7972	0.697987
67.8655	0.703106
67.9332	0.708301
68.0005	0.713834
68.0688	0.702852
68.1386	0.687241
68.2079	0.692696
68.2762	0.703106
68.3429	0.719455
68.4117	0.697487
68.482	0.68235
68.5519	0.687241
68.6217	0.687484
68.69	0.703106
68.7577	0.708301
68.8271	0.692449
68.8969	0.687241
68.9641	0.714096
69.0303	0.725165
69.0955	0.736861
69.1622	0.719455
69.2315	0.692203
69.3019	0.68235
69.3722	0.682111
69.441	0.697737
69.5109	0.687484
69.5781	0.713834
69.6459	0.708301
69.7131	0.713834
69.7829	0.859051
69.8528	0.687484
69.9226	0.687241
69.9898	0.535572
70.0565	0.719455
70.1233	0.359728
70.1921	0.348743
70.2619	0.343742
70.3317	0.343621
70.3969	0.36857
70.462	0.552646
70.5292	0.713834
70.5981	0.697487
70.6684	0.682111
70.7377	0.519522
70.805	0.535376
70.8717	0.359728
70.9374	0.365483
71.0057	0.351426
71.0755	0.343742
71.1453	0.343621
71.2131	0.354279
71.2814	0.351426
71.3506	0.346348
71.4205	0.343621
71.4882	0.354279
71.5565	0.351426
71.6264	0.343621
71.6962	0.343621
71.7645	0.35168
71.8328	0.351426
71.9015	0.348869
71.9708	0.346348
72.0407	0.343621
72.109	0.351553
72.1746	0.365483
72.2424	0.35415
72.3107	0.351426
72.3795	0.348743
72.4488	0.346348
72.5186	0.343621
72.5885	0.343621
72.6547	0.362583
72.7209	0.362583
72.7897	0.348743
72.859	0.346101
72.9289	0.343621
72.9982	0.346225
73.0685	0.341175
73.1332	0.185713
73.1983	0.368431
73.2645	0.362583
73.3302	0.365483
73.3979	0.35415
73.4678	0.343621
73.5376	0.343742
73.6074	0.343621
73.6757	0.351553
73.744	0.351426
73.8102	0.543874
73.8753	0.368431
73.9426	0.356917
74.0109	0.351426
74.0807	0.343742
74.1484	0.35415
74.2183	0.343499
74.2866	0.175777
74.3564	0.343742
74.4263	0.343621
74.494	0.35415
74.5623	0.527139
74.6311	0.348743
74.7009	0.343742
74.7692	0.351553
74.8365	0.356917
74.9063	0.515431
74.9761	0.687484
75.0439	0.708301
75.1101	0.725165
75.1758	0.730966
75.243	0.713834
75.3123	0.692203
75.3822	0.687484
75.452	0.687484
75.5161	0.748941
75.5823	0.725165
75.6485	0.725165
75.7157	0.713834
75.7855	0.687241
75.8538	0.703106
75.9232	0.692203
75.9925	0.692449
76.0623	0.687484
76.128	0.730966
76.1947	0.719455
76.2609	0.725165
76.3286	0.708301
76.3985	0.687241
76.4683	0.687484
76.5371	0.697737
76.6069	0.687241
76.6773	0.68235
76.7466	0.692449
76.8164	0.687484
76.8847	0.703106
76.9519	0.713834
77.0207	0.697487
77.0906	0.687241
77.1604	0.687484
77.2292	0.697737
77.2943	0.73714
77.3584	0.748941
77.4215	0.761423
77.4866	0.736861
77.5533	0.719455
77.6232	0.858748
77.693	0.687484
77.7618	0.697737
77.8321	0.68235
77.9004	0.527139
77.9687	0.878883
78.0359	0.356917
78.1037	0.35415
78.1715	0.35415
78.2413	0.343499
78.3112	0.171871
78.381	0.343742
78.4503	0.346101
78.5176	0.356917
78.5864	0.523115
78.6562	0.343621
78.7261	0.343742
78.7954	0.346101
78.8652	0.343742
78.935	0.343742
79.0049	0.343742
79.0737	0.348869
79.1404	0.359728
79.2076	0.356917
79.277	0.346101
79.3463	0.346225
79.4161	0.343742
79.4859	0.343621
79.5547	0.348869
79.6246	0.343621
79.6944	0.343621
79.7642	0.343742
79.8346	0.341055
79.9039	0.173112
79.9717	0.354279
80.0394	0.35415
80.1083	0.348743
80.1781	0.343499
80.2474	0.173174
80.3172	0.343742
80.3871	0.343742
80.4548	0.354279
80.52	0.368431
80.5846	0.371426
80.6508	0.362583
80.7196	0.348743
80.7894	0.343742
80.8592	0.343621
80.928	0.174497
80.9974	0.346101
81.0667	0.346101
81.136	0.346348
81.2058	0.343621
81.2746	0.348869
81.3424	0.35415
81.4102	0.35415
81.48	0.343742
81.5483	0.351553
81.6155	0.357048
81.6817	0.362583
81.7473	0.365483
81.814	0.359728
81.8813	0.356917
81.9511	0.343621
82.0205	0.346225
82.0882	0.354408
82.1559	0.531226
82.2237	0.35415
82.2888	0.368431
82.3545	0.365483
82.4218	0.356917
82.4911	0.346101
82.5609	0.343621
82.6282	0.357048
82.6965	0.351426
82.7642	0.531226
82.8325	0.351426
82.9019	0.346101
82.9717	0.343742
83.0394	0.354279
83.1067	0.356917
83.1739	0.356917
83.2438	0.515431
83.3131	0.692449
83.3829	0.687484
83.4517	0.697737
83.5153	0.75513
83.5799	0.742852
83.6455	0.730966
83.7123	0.719455
83.78	0.708301
83.8499	0.687241
83.9192	0.692449
83.989	0.687241
84.0568	0.708301
84.124	0.713834
84.1918	0.708301
84.2601	0.702852
84.3289	0.697487
84.3987	0.687484
84.4686	0.687484
84.5384	0.687241
84.6061	0.708559
84.6739	0.708301
84.7422	0.702852
84.812	0.687484
84.8813	0.692449
84.9496	0.70336
85.0184	0.697487
85.0846	0.725165
85.1518	0.713834
85.2212	0.692203
85.291	0.687484
85.3614	0.68235
85.4312	0.687241
85.5005	0.692696
85.5672	0.719455
85.6318	0.742852
85.6996	0.708301
85.7668	0.713834
85.8367	0.687484
85.9055	0.697487
85.9721	0.899984
86.0399	0.708301
86.1082	0.702852
86.1754	0.713834
86.2443	0.697487
86.3141	0.859355
86.3844	1.02352
86.4496	1.10529
86.5137	1.12341
86.5783	1.29999
86.6445	1.08775
86.7101	1.09645
86.7795	1.21136
86.8493	1.37497
86.9181	1.56991
86.9848	1.43944
87.0504	1.64467
87.1161	1.82742
87.1839	1.94783
87.2522	1.75713
87.322	1.88991
87.3913	1.90424
87.4596	1.93284
87.5285	1.2206
87.5967	1.22999
87.6656	1.39497
87.7354	1.54684
87.8052	1.37497
87.875	1.37448
87.9438	1.39547
88.0058	0.967911
88.0683	0.959777
88.1345	1.08775
88.2034	1.04623
88.2726	1.03904
88.3425	1.2031
88.4102	1.06245
88.4801	1.03086
88.5499	1.03123
88.6176	1.06284
88.6865	1.2206
88.7558	1.38539
88.8214	1.46193
88.8876	1.45033
88.9575	1.37448
89.0268	1.3849
89.0966	1.37448
89.1623	1.46193
89.2301	1.4166
89.2978	1.4166
89.3677	1.37448
89.437	1.3849
89.5068	1.37497
89.5746	1.4166
89.6423	1.4166
89.7101	1.4166
89.78	1.37448
89.8498	1.37448
89.9196	1.37448
89.9889	1.38539
90.0583	1.3849
90.1281	1.37497
90.1979	1.37497
90.2656	1.41712
90.3334	1.4166
90.4033	1.37448
90.4726	1.38441
90.5424	1.37497
90.6123	1.37448
90.6784	1.45087
90.7436	1.47372
90.8082	1.4857
90.8723	1.49788
90.9379	1.46193
91.0073	1.38441
91.0771	1.37497
91.1469	1.37497
91.2167	1.37497
91.285	1.40621
91.3528	1.4166
91.4226	1.54684
91.4919	1.3849
91.5602	1.40621
91.6285	1.40621
91.6983	1.37497
91.7671	1.39497
91.8354	1.05428
91.9052	1.03123
91.9751	1.20267
92.0402	1.10529
92.1059	1.09645
92.1731	1.07075
92.2409	1.23953
92.3112	1.36422
92.3811	1.37497
92.4504	1.38441
92.5192	1.56991
92.589	1.37448
92.6568	1.41712
92.7256	1.39497
92.7954	1.37497
92.8652	1.37497
92.9346	1.0383
93.0049	1.02352
93.0737	1.04661
93.1394	1.27919
93.2061	1.07918
93.2749	1.04623
93.3448	1.2031
93.4146	1.37497
93.4849	1.3647
93.5527	1.4166
93.621	1.58142
93.6913	1.36422
93.7612	1.2031
93.8305	0.865562
93.8993	0.872484
93.9665	0.713834
94.0337	0.713834
94.1036	0.686998
94.1734	0.515613
94.2433	0.687484
94.3078	0.371568
94.3756	0.531226
94.4439	0.351426
94.5117	0.35415
94.581	0.346101
94.6508	0.343742
94.7202	0.346225
94.7879	0.531419
94.8577	0.343621
94.9276	0.343742
94.9938	0.362583
95.061	0.356917
95.1277	0.359728
95.196	0.351426
95.2637	0.354279
95.332	0.351426
95.4019	0.343621
95.4691	0.357048
95.5379	0.348743
95.6062	0.527139
95.6761	0.343621
95.7459	0.171871
95.8157	0.343742
95.8845	0.348869
95.9517	0.356917
96.0195	0.177075
96.0883	0.348743
96.1581	0.343742
96.228	0.343621
96.2952	0.357048
96.3619	0.359728
96.4292	0.356917
96.4985	0.346101
96.5684	0.343621
96.6382	0.343742
96.7075	0.346225
96.7773	0.343621
96.8466	0.346348
96.9133	0.359861
96.9785	0.368431
97.0457	0.356917
97.1145	0.348743
97.1839	0.346101
97.2537	0.343742
97.324	0.341175
97.3908	0.359728
97.4585	0.35415
97.5273	0.348869
97.5945	0.357048
97.6623	0.35415
97.7316	0.346101
97.802	0.341175
97.8718	0.17181
97.9412	0.346225
98.0105	0.346101
98.0782	0.354279
98.1455	0.356917
98.2106	0.368431
98.2784	0.35415
98.3477	0.346101
98.4176	0.343742
98.4874	0.343621
98.5546	0.357048
98.625	0.341055
98.6917	0.179864
98.7615	0.343621
98.8314	0.343621
98.9002	0.348869
98.9695	0.346348
99.0341	0.371426
99.0987	0.371426
99.1639	0.368431
99.229	0.368431
99.2952	0.362583
99.365	0.343621
99.4348	0.171871
99.5047	0.343742
99.5745	0.343621
99.6386	0.374615
99.7037	0.368431
99.771	0.356917
99.8387	0.35415
99.9086	0.343621
99.9789	0.341175
100.048	0.174372
100.114	0.359728
100.182	0.35415
100.248	0.362583
100.317	0.351426
100.387	0.343742
100.457	0.341175
100.527	0.171871
100.594	0.356917
100.661	0.356917
100.728	0.356917
100.796	0.35415
100.866	0.346101
100.936	0.341175
101.006	0.171871
101.073	0.35415
101.14	0.359728
101.207	0.356917
101.275	0.356917
101.344	0.346101
101.414	0.343742
101.484	0.343742
101.552	0.348743
101.617	0.37447
101.68	0.380712
101.743	0.377565
101.809	0.362583
101.878	0.351426
101.947	0.343621
102.017	0.171871
102.086	0.348869
102.153	0.356917
102.221	0.35415
102.289	0.35415
102.358	0.346101
102.428	0.343742
102.497	0.346225
102.564	0.362583
102.63	0.359728
102.699	0.351426
102.768	0.343621
102.836	0.357048
102.902	0.362583
102.97	0.351426
103.04	0.343621
103.11	0.343742
103.178	0.351553
103.245	0.356917
103.314	0.351426
103.383	0.343621
103.452	0.35168
103.52	0.348743
103.591	0.341175
103.659	0.17714
103.725	0.359728
103.792	0.359728
103.86	0.35415
103.928	0.35415
103.996	0.348743
104.066	0.343499
104.136	0.171871
104.206	0.341175
104.272	0.36562
104.338	0.365483
104.403	0.365483
104.469	0.368431
104.535	0.362583
104.603	0.351426
104.673	0.343621
104.742	0.348869
104.811	0.343621
104.881	0.343621
104.95	0.17584
105.017	0.35415
105.086	0.348743
105.155	0.346225
105.225	0.343621
105.295	0.346101
105.363	0.348743
105.432	0.351426
105.501	0.348743
105.57	0.346348
105.64	0.341175
105.71	0.173112
105.778	0.348869
105.841	0.380712
105.907	0.368431
105.973	0.359728
106.042	0.351426
106.111	0.343742
106.181	0.343621
106.25	0.348994
106.314	0.37447
106.374	0.397264
106.436	0.390473
106.498	0.387164
106.562	0.37447
106.63	0.35415
106.699	0.348743
106.769	0.341055
106.838	0.173174
106.908	0.343499
106.977	0.348994
107.047	0.343742
107.115	0.351426
107.185	0.515431
107.255	0.68235
107.323	0.703106
107.391	0.713834
107.46	0.697487
107.529	0.687241
107.599	0.687484
107.666	0.713834
107.734	0.713834
107.804	0.686998
107.872	0.703106
107.942	0.687241
108.012	0.68235
108.081	0.697487
108.151	0.687241
108.221	0.687241
108.289	0.697987
108.357	0.713834
108.423	0.725165
108.49	0.713834
108.559	0.697487
108.629	0.687241
108.698	0.687484
108.767	0.703106
108.834	0.708559
108.902	0.713834
108.972	0.687241
109.041	0.687241
109.11	0.703106
109.18	0.687241
109.249	0.692449
109.318	0.692696
109.383	0.736861
109.448	0.736861
109.514	0.736861
109.58	0.719455
109.65	0.687241
109.72	0.687484
109.788	0.703106
109.854	0.731241
109.918	0.742852
109.982	0.761423
110.048	0.725165
110.116	0.702852
110.185	0.865254
110.255	0.687484
110.326	0.682111
110.393	0.357048
110.459	0.719455
110.527	0.356917
110.595	0.351426
110.665	0.341175
110.735	0.171871
110.801	0.36562
110.866	0.365483
110.933	0.362583
111	0.178459
111.07	0.343621
111.14	0.343742
111.205	0.548431
111.269	0.37447
111.332	0.380712
111.398	0.365483
111.464	0.362583
111.534	0.343621
111.603	0.346348
111.673	0.343621
111.742	0.173174
111.808	0.365483
111.874	0.362583
111.944	0.346101
112.013	0.343742
112.084	0.341175
112.151	0.178459
112.215	0.37447
112.282	0.359728
112.35	0.351426
112.42	0.346101
112.489	0.346348
112.557	0.351426
112.627	0.343742
112.695	0.351426
112.761	0.362583
112.827	0.365483
112.895	0.351426
112.965	0.343621
113.035	0.343621
113.105	0.343621
113.175	0.171871
113.245	0.343742
113.314	0.346225
113.382	0.351553
113.451	0.348743
113.521	0.343621
113.589	0.354408
113.655	0.362583
113.722	0.35415
113.792	0.346101
113.861	0.346225
113.931	0.343621
114.001	0.343621
114.066	0.36857
114.132	0.365483
114.197	0.365483
114.264	0.359728
114.332	0.35415
114.4	0.351426
114.468	0.351426
114.538	0.346101
114.607	0.348743
114.676	0.343621
114.746	0.346225
114.814	0.348869
114.88	0.365483
114.946	0.362583
115.015	0.351426
115.084	0.343621
115.154	0.346225
115.223	0.346348
115.293	0.343742
115.358	0.368431
115.425	0.356917
115.493	0.356917
115.561	0.351426
115.63	0.346225
115.699	0.346225
115.768	0.351553
115.838	0.343621
115.906	0.351553
115.976	0.343621
116.045	0.348743
116.111	0.359728
116.18	0.527139
116.249	0.692449
116.319	0.687484
116.385	0.719455
116.453	0.713834
116.52	0.885376
116.59	0.687241
116.66	0.692449
116.729	0.687484
116.797	0.714096
116.86	0.943913
116.923	0.383911
116.988	0.365483
117.057	0.351426
117.126	0.343621
117.196	0.343742
117.266	0.343621
117.334	0.531419
117.403	0.348743
117.471	0.351426
117.54	0.346225
117.61	0.343621
117.68	0.343742
117.746	0.36562
117.811	0.365483
117.877	0.362583
117.947	0.343621
118.016	0.348869
118.086	0.343621
118.154	0.351553
118.224	0.346225
118.291	0.354279
118.359	0.35415
118.429	0.343621
118.498	0.346225
118.568	0.343742
118.633	0.371426
118.698	0.368431
118.764	0.362583
118.832	0.35415
118.902	0.343621
118.971	0.343742
119.042	0.341175
119.106	0.187235
119.173	0.356917
119.24	0.359728
119.308	0.351426
119.377	0.346101
119.447	0.346348
119.517	0.341055
119.586	0.173112
119.653	0.359861
119.717	0.378085
119.782	0.368329
119.846	0.371426
119.913	0.362583
119.979	0.362583
120.045	0.362583
120.113	0.35415
120.182	0.346225
120.252	0.343742
120.322	0.343742
120.389	0.356917
120.451	0.383911
120.512	0.397264
120.628	0.411917
120.738	0.437231
120.853	0.417218
120.971	0.406198
121.032	0.39384
121.153	0.397264
121.217	0.37447
121.281	0.37447
121.344	0.383911
121.41	0.365483
121.476	0.359728
121.543	0.357339
121.613	0.346012
121.683	0.343499
121.752	0.171871
121.813	0.397686
121.874	0.390359
121.935	0.39384
121.997	0.387164
122.062	0.371813
122.128	0.362484
122.194	0.362583
122.263	0.346411
122.332	0.349027
122.402	0.343742
122.466	0.561706
122.531	0.371426
122.65	0.401091
122.712	0.387052
122.823	0.43292
122.937	0.526246
122.998	0.993161
123.059	0.590759
123.122	0.761423
123.185	0.75513
123.252	0.719455
123.322	0.687241
123.39	0.708559
123.459	0.687241
123.529	0.692449
123.591	0.768125
123.705	0.846026
123.765	1.19179
123.884	0.603772
123.947	0.767822
124.014	0.719455
124.083	0.687241
124.152	0.697737
124.214	0.774637
124.275	1.39043
124.335	0.794529
124.45	0.523882
124.511	0.780947
124.571	0.794529
124.685	0.843746
124.746	0.993161
124.864	0.708213
124.926	0.774104
124.99	0.748941
125.056	0.730966
125.116	0.794529
125.22	0.923814
125.324	0.927622
125.428	0.923399
125.526	0.976963
125.599	1.48893
125.669	1.35982
125.74	1.35982
125.81	1.35982
125.881	1.35982
125.952	1.52979
126.022	2.03972
126.093	2.03972
126.163	2.03972
126.233	2.22627
126.303	2.07054
126.373	2.22627
126.445	2.67975
126.515	2.71963
126.585	2.91127
126.655	2.76072
126.725	3.25378
126.796	3.39954
126.866	3.59628
126.936	2.20749
