10.0346	34
12.4124	37
12.4796	49
12.4806	51
12.5463	62
12.5474	62
12.6136	71
12.6146	71
12.6829	79
12.7537	86
12.9477	83
13.0013	86
13.0559	89
13.1105	91
13.1678	94
13.1688	89
13.2298	86
13.2308	83
13.2975	81
13.2986	79
13.3674	78
13.3684	77
13.4372	76
13.4383	75
13.5013	74
13.5023	72
13.5627	71
13.5638	70
13.6247	76
13.6258	75
13.6872	81
13.6883	79
13.7498	84
13.7508	81
13.8165	87
13.8175	85
13.8842	91
13.8853	88
13.9541	94
13.9551	91
14.0239	97
14.224	101
14.2871	104
14.3491	107
14.4121	109
14.4767	111
14.4778	105
14.5461	101
14.5471	97
14.6159	93
14.6169	90
14.6857	88
14.6868	85
14.7535	83
14.7545	81
14.8228	80
14.8238	78
14.8911	86
14.8921	84
14.9578	90
14.9588	87
15.0229	92
15.024	89
15.0881	94
15.0891	91
15.1548	96
15.1558	92
15.2225	97
15.2236	93
15.2914	99
15.2924	95
15.3612	100
15.3622	97
15.4295	102
15.4305	97
15.4988	102
15.4998	98
15.5629	102
15.5639	98
15.6291	102
15.6301	97
15.6942	101
15.6953	97
15.7599	101
15.7609	96
15.8282	101
15.8292	97
15.898	102
15.8991	98
15.9678	103
15.9689	99
16.0372	104
16.0382	100
16.106	104
16.107	100
16.1737	104
16.1748	100
16.2415	104
16.2425	100
16.3113	104
16.3124	100
16.3812	105
16.3822	100
16.4505	105
16.4515	101
16.5182	105
16.5193	100
16.5844	104
16.5855	100
16.6527	104
16.6538	99
16.722	104
16.7231	100
16.7919	105
16.7929	100
16.8612	105
16.8623	101
16.93	105
16.9311	101
16.9988	105
16.9999	100
17.0671	105
17.0682	100
17.1359	105
17.137	100
17.2063	105
17.5267	107
17.5934	110
17.6611	113
17.73	116
17.7993	119
17.8003	113
17.8696	107
17.8707	102
17.9384	98
17.9395	95
18.0067	91
18.0077	88
18.0718	85
18.0729	83
18.1348	80
18.1359	78
18.1989	84
18.2	82
18.2657	88
18.2667	85
18.335	91
18.336	89
18.4048	95
18.4058	92
18.4725	97
18.4736	94
18.5371	98
18.5382	94
18.5986	98
18.5997	93
18.6606	97
18.6617	93
18.7252	97
18.7263	93
18.7945	98
18.7956	94
18.8628	99
18.8639	96
18.9327	101
18.9337	97
19.0014	102
19.0025	98
19.0687	102
19.0697	98
19.1349	102
19.1359	98
19.2021	102
19.2032	98
19.2694	102
19.2704	98
19.3387	103
19.3398	98
19.408	103
19.4091	99
19.4778	104
19.4789	100
19.5461	104
19.5472	100
19.6144	104
19.6155	100
19.6838	104
19.6848	100
19.7536	105
19.9611	109
20.0288	112
20.0299	106
20.0982	102
20.0992	98
20.168	94
20.1691	91
20.2378	88
20.2389	86
20.3066	84
20.3077	82
20.376	80
20.377	79
20.4437	77
20.4448	76
20.5136	75
20.5146	74
20.5834	74
20.7851	81
20.8545	88
20.9238	94
20.9936	100
21.0619	104
21.0629	100
21.1301	96
21.1312	93
21.1974	89
21.1984	86
21.2641	84
21.2651	82
21.3339	80
21.335	79
21.4037	78
21.4048	77
21.472	84
21.4731	82
21.5409	89
21.5419	86
21.6086	92
21.6097	89
21.6785	95
21.8848	100
21.95	104
22.0188	108
22.0881	112
22.1543	115
22.1553	109
22.22	103
22.221	98
22.2862	94
22.2872	91
22.3529	88
22.3539	85
22.4227	83
22.4238	81
22.4915	80
22.4926	78
22.5608	86
22.5619	84
22.629	90
22.6301	88
22.6884	93
22.6895	88
22.7493	92
22.7504	88
22.8134	93
22.8145	89
22.8807	94
22.8817	91
22.9506	96
23.1579	101
23.2257	106
23.2934	109
23.3623	113
23.4316	116
23.4326	110
23.5019	105
23.503	101
23.5697	96
23.5707	93
23.6375	90
23.6385	87
23.7068	85
23.7079	83
23.7756	81
23.7767	79
23.8449	87
23.846	84
23.9132	91
23.9142	88
23.983	94
23.9841	91
24.0528	97
24.0539	94
24.1216	99
24.1227	95
24.1884	100
24.1894	96
24.2561	101
24.2572	97
24.326	102
24.327	98
24.3948	103
24.3958	98
24.4625	103
24.4636	99
24.5308	103
24.5319	99
24.6001	104
24.6012	99
24.6684	104
24.6694	100
24.7351	104
24.7362	99
24.8039	104
24.805	99
24.8737	104
24.8748	100
24.9431	105
24.9441	100
25.0119	105
25.0129	100
25.0802	105
25.0812	100
25.15	105
25.1511	101
25.2198	105
25.2209	101
25.2897	105
25.4882	109
25.5555	112
25.5565	106
25.6258	101
25.6269	97
25.6957	94
25.6967	91
25.765	88
25.766	86
25.8338	84
25.8348	82
25.9026	80
25.9036	79
25.9719	77
25.973	76
26.0407	75
26.0418	74
26.1111	74
26.308	81
26.3737	87
26.4404	92
26.5077	97
26.576	102
26.577	98
26.6463	95
26.6474	91
26.7151	89
26.7161	86
26.7844	84
26.7855	82
26.8512	80
26.8522	78
26.9179	77
26.9189	75
26.9846	82
26.9856	81
27.0518	87
27.0529	85
27.1212	91
27.1222	88
27.191	95
27.192	92
27.2613	97
27.4552	101
27.5203	104
27.5881	108
27.6579	111
27.7277	115
27.7971	118
27.9967	119
28.065	121
28.1348	123
28.2046	125
28.4778	127
28.5481	128
28.8097	128
28.8748	128
28.9405	129
29.0067	129
29.076	130
29.1459	131
29.2147	132
29.2845	133
29.3528	133
29.4221	134
29.4888	134
29.555	134
29.6207	133
29.689	133
29.7588	134
29.8286	135
30.0944	134
30.1611	134
30.2305	134
30.3003	135
30.3701	135
30.6453	136
30.9225	136
30.9924	136
31.0601	136
31.1268	136
31.1967	136
31.2665	136
31.3363	137
31.4025	137
31.4698	136
31.5391	136
31.6089	136
31.6746	136
31.7413	136
31.8106	136
31.8805	136
31.9498	136
32.0175	136
32.0847	136
32.1536	136
32.2234	136
32.4981	136
32.5679	136
32.6336	136
32.6982	135
32.7633	135
32.829	134
32.8988	134
32.9681	135
33.0369	135
33.1047	135
33.1724	135
33.2418	135
33.3101	136
33.3789	136
33.4487	136
33.5186	136
33.5874	137
33.6572	137
33.7239	137
33.7917	136
33.8605	136
33.9303	137
34.0001	137
34.0695	137
34.1382	137
34.205	137
34.2732	137
34.3431	137
34.4113	137
34.4812	137
34.5479	137
34.6104	136
34.6766	135
34.7454	135
34.8152	135
34.884	136
35.0758	134
35.143	134
35.2129	134
35.2811	135
35.3494	135
35.4172	135
35.4182	127
35.4875	120
35.4886	113
35.5558	108
35.5568	103
35.6214	98
35.6225	94
35.6871	90
35.6881	87
35.7538	85
35.7549	82
35.8232	81
35.8242	79
35.893	78
35.894	77
35.9628	76
35.9638	75
36.0264	74
36.0274	72
36.0899	71
36.091	70
36.1535	69
36.1545	68
36.2197	68
36.2207	68
36.289	68
36.2901	68
36.3588	68
36.3599	68
36.4282	68
36.4292	69
36.4959	68
36.497	68
36.56	68
36.5611	67
36.6257	67
36.6267	67
36.6908	66
36.6919	66
36.7581	66
36.7591	66
36.8284	67
36.8295	67
36.8982	67
36.8993	68
36.9665	68
36.9676	68
37.0332	68
37.0343	67
37.101	67
37.102	67
37.1698	67
37.1709	67
37.2397	68
37.2407	68
37.3085	68
37.3095	68
37.3783	68
37.3793	68
37.4476	68
37.4486	68
37.5133	68
37.5143	68
37.5779	67
37.5789	67
37.6435	67
37.6446	66
37.7113	67
37.7124	67
37.7796	67
37.7807	67
37.8489	67
37.85	67
37.9188	68
37.9198	68
37.9891	68
37.9902	68
38.0559	68
38.0569	68
38.1231	68
38.1241	68
38.1903	76
38.1914	75
38.2586	82
38.2597	81
38.3285	88
38.6599	93
38.7256	97
38.7923	102
38.8621	106
38.932	110
39.0023	114
39.7444	116
39.8101	118
39.8789	120
39.9487	122
40.0175	124
40.0847	126
40.153	127
40.2182	128
40.2838	128
40.3532	129
40.423	130
40.6971	131
40.7623	131
40.8269	131
40.8915	130
40.9598	131
41.0296	131
41.0995	132
41.1672	133
41.2371	134
41.5128	134
41.7838	134
41.8526	134
41.923	135
42.1929	134
42.2559	133
42.3195	132
42.3852	132
42.4535	132
42.5233	133
42.5932	134
42.6635	134
42.9371	134
43.0064	135
43.0768	135
43.3488	135
43.4192	135
43.9007	135
43.9706	136
44.0399	136
44.1082	136
44.1707	136
44.2353	134
44.2364	126
44.3015	118
44.3026	112
44.3698	106
44.3709	101
44.4392	97
44.4402	94
44.509	91
44.51	88
44.5788	86
44.5798	84
44.6471	82
44.6481	80
44.7122	78
44.7133	76
44.7773	75
44.7784	74
44.842	72
44.843	71
44.9066	71
44.9076	70
44.9738	69
44.9749	69
45.0442	69
45.0452	69
45.1145	69
45.1156	69
45.1823	69
45.1833	69
45.2511	69
45.2521	69
45.3204	69
45.3215	69
45.3903	69
45.3913	69
45.4601	69
45.4611	69
45.5278	69
45.5289	68
45.5935	68
45.5945	68
45.6586	67
45.6597	67
45.7243	67
45.7254	67
45.7915	67
45.7926	67
45.8614	67
45.8624	67
45.9312	68
45.9323	68
46.0005	68
46.0016	68
46.0704	68
46.0714	68
46.1391	68
46.1402	68
46.209	68
46.21	69
46.2788	69
46.2799	69
46.3486	69
46.3497	69
46.4158	69
46.4169	68
46.4794	68
46.4805	67
46.5445	67
46.5456	67
46.6092	66
46.6102	66
46.6748	66
46.6759	66
46.7421	66
46.7431	66
46.8104	66
46.8114	66
46.8802	67
46.8813	67
46.95	67
46.9511	68
47.0183	76
47.0193	75
47.0861	83
47.0871	81
47.1528	87
47.1538	85
47.2206	91
47.2216	88
47.2227	86
47.2904	84
47.2914	82
47.2925	80
47.3602	79
47.3613	78
47.3623	77
47.4301	76
47.4311	75
47.4322	75
47.6301	73
47.6312	72
47.6958	71
47.6969	70
47.7604	70
47.7615	69
47.8261	69
47.8271	68
47.8944	76
47.8954	75
47.9642	83
47.9653	81
48.0335	88
48.0346	86
48.1028	92
48.1044	90
48.3024	95
48.3697	99
48.4395	104
48.5094	109
48.5797	112
48.8538	107
48.9158	109
48.9762	111
49.0382	112
49.1054	114
49.1753	117
49.2456	120
49.5193	122
49.5876	124
49.6575	125
49.7273	127
49.7966	129
49.8586	129
49.9216	128
49.9878	128
50.0551	129
50.1249	130
50.1942	131
50.264	132
50.3308	132
50.399	133
50.4663	133
50.5356	133
50.6055	134
50.6753	135
50.7451	135
50.8124	135
50.8786	135
50.9447	135
51.0125	134
51.0798	134
51.1491	135
51.2189	135
51.2887	136
51.3518	135
51.3528	126
51.4132	118
51.4143	111
51.4758	105
51.4768	99
51.5409	95
51.5419	91
51.6097	88
51.6108	86
51.679	84
51.6801	82
51.7489	80
51.7499	79
51.8171	78
51.8182	76
51.8875	76
51.8886	75
51.9547	74
51.9558	73
52.0225	72
52.0236	72
52.0887	71
52.0897	70
52.1559	70
52.157	69
52.2258	69
52.2268	69
52.2956	69
52.2967	69
52.3654	69
52.3665	69
52.4343	69
52.4353	69
52.5015	69
52.5025	69
52.5708	69
52.5719	69
52.6401	77
52.6412	76
52.7084	84
52.7094	82
52.7787	89
52.9846	95
53.0545	100
53.1243	105
53.1936	109
53.1946	104
53.2639	100
53.265	96
53.3291	92
53.3301	89
53.3948	86
53.3958	83
53.4646	90
53.4656	87
53.5292	93
53.5302	90
53.597	95
53.598	91
53.6616	96
53.6626	92
53.7272	97
53.7288	93
53.795	98
53.7961	94
53.7976	91
54.067	96
54.1285	99
54.191	102
54.2572	105
54.2582	101
54.3275	97
54.3286	93
54.3974	90
54.3984	88
54.4672	86
54.4683	84
54.535	81
54.536	80
54.6017	86
54.6027	84
54.6705	90
54.6716	88
54.7404	94
54.7414	91
54.8102	97
54.8112	94
54.879	99
54.88	95
54.8811	92
54.9467	89
54.9477	86
54.9488	84
55.0118	81
55.0129	79
55.0139	77
55.0785	76
55.0796	75
55.0806	74
55.1453	73
55.1463	72
55.1474	71
55.2151	71
55.2162	71
55.2172	71
55.285	70
55.286	70
55.2871	70
55.3537	70
55.3548	70
55.3558	69
55.422	69
55.4231	69
55.4241	69
55.4898	69
55.4908	69
55.4919	68
55.5576	68
55.5586	68
55.5597	68
55.6264	68
55.6274	68
55.6285	68
55.6962	68
55.6973	68
55.6983	69
55.7666	69
55.7676	69
55.7687	69
55.8333	69
55.8343	68
55.8354	68
55.9021	68
55.9031	68
55.9042	68
55.9693	68
55.9704	68
55.9714	68
56.0371	68
56.0381	68
56.0392	68
56.1048	67
56.1059	67
56.1069	67
56.1742	68
56.1752	68
56.1763	68
56.243	68
56.244	68
56.2451	68
56.3128	68
56.3138	68
56.3149	68
56.3831	69
56.3842	69
56.3853	69
56.4472	68
56.4483	68
56.4493	67
56.5124	67
56.5134	67
56.5145	66
56.5801	66
56.5812	67
56.5823	67
56.6495	67
56.6505	67
56.6516	67
56.7177	67
56.7188	67
56.7198	67
56.7866	68
56.7876	68
56.7887	68
56.8559	68
56.857	68
56.858	68
56.9247	68
56.9257	68
56.9268	68
56.9945	68
56.9956	68
56.9966	69
57.0638	69
57.0649	69
57.0659	69
57.1337	69
57.1347	69
57.1358	69
57.2004	69
57.2014	68
57.2025	68
57.2639	67
57.265	67
57.266	66
57.3286	66
57.3296	66
57.3307	66
57.3947	66
57.3958	66
57.3968	66
57.4625	66
57.4636	66
57.4646	66
57.5313	67
57.5324	67
57.5334	67
57.6012	67
57.6022	68
57.6033	68
57.67	76
57.671	76
57.6721	75
57.7393	82
57.7403	81
57.7414	80
57.8081	87
57.8092	84
57.8102	83
57.8774	89
57.8785	87
57.8795	85
57.9462	91
57.9473	88
57.9483	86
57.9494	84
58.0166	82
58.0176	80
58.0187	79
58.0197	78
58.0833	76
58.0843	75
58.0854	74
58.0864	73
58.1489	72
58.15	71
58.151	71
58.1521	70
58.2157	77
58.2167	76
58.2178	75
58.2188	74
58.285	81
58.286	80
58.2871	79
58.2881	78
58.3548	85
58.3559	83
58.4919	81
58.493	79
58.494	78
58.5618	77
58.5628	76
58.5639	75
58.6316	74
58.6326	74
58.6337	74
58.6988	81
58.6998	79
58.7009	78
58.7681	85
58.7692	83
58.7702	82
58.838	88
58.839	86
58.9703	84
58.9714	81
59.036	87
59.0371	85
59.1033	91
59.1043	88
59.172	94
59.1731	91
59.2419	96
59.2429	93
59.3117	99
59.3128	95
59.5055	99
59.5686	102
59.5696	97
59.6348	93
59.6358	90
59.7036	87
59.7046	85
59.7734	83
59.7745	81
59.8432	80
59.8443	78
59.9136	77
59.9146	76
59.9793	75
59.9803	74
60.0455	81
60.0465	79
60.1137	86
60.1148	84
60.1836	90
60.1846	88
60.2534	94
60.2545	91
60.3185	96
60.3196	93
60.3206	89
60.3858	86
60.3868	84
60.3879	82
60.4525	80
60.4535	78
60.4546	77
60.5218	76
60.5229	75
60.5239	74
60.5911	73
60.5922	73
60.5932	73
60.661	72
60.662	72
60.6631	71
60.7303	71
60.7313	71
60.7324	71
60.796	70
60.797	69
60.7981	69
60.8642	69
60.8653	69
60.8663	68
60.931	68
60.932	68
60.9331	68
60.9998	68
61.0008	68
61.0019	68
61.0696	68
61.0707	68
61.0717	68
61.1394	68
61.1405	69
61.1415	69
61.2082	69
61.2093	69
61.2103	69
61.2775	69
61.2786	69
61.2796	69
61.3464	69
61.3474	69
61.3485	69
61.4157	69
61.4167	69
61.4178	69
61.4845	69
61.4855	69
61.4866	69
61.5512	68
61.5522	68
61.5533	68
61.62	68
61.6211	68
61.6221	68
61.6898	68
61.6909	68
61.6919	68
61.7597	68
61.7607	69
61.7618	69
61.8285	69
61.8295	69
61.8306	69
61.8967	68
61.8978	68
61.8988	68
61.9655	68
61.9666	68
61.9676	68
62.0349	68
62.0359	68
62.037	68
62.1047	69
62.1058	69
62.1068	69
62.1746	69
62.1756	69
62.1767	69
62.2444	69
62.2454	69
62.2465	69
62.3137	69
62.3147	69
62.3158	69
62.3809	69
62.382	68
62.383	68
62.4492	68
62.4503	68
62.4513	68
62.5175	68
62.5186	68
62.5196	68
62.5873	68
62.5884	68
62.5894	68
62.6572	69
62.6582	69
62.6593	69
62.7255	69
62.7265	69
62.7276	68
62.7927	68
62.7937	68
62.7948	68
62.8584	67
62.8594	67
62.8605	67
62.9261	67
62.9272	67
62.9282	67
62.996	67
62.997	68
62.9981	68
63.0621	76
63.0632	75
63.0642	74
63.1273	81
63.1283	79
63.1294	77
63.1945	84
63.1956	82
63.1966	80
63.2623	87
63.2633	84
63.2644	82
63.3311	89
63.3322	86
63.3332	84
63.4009	91
63.402	88
63.5406	86
63.5416	83
63.6099	90
63.611	87
63.612	85
63.6735	83
63.6745	80
63.6756	78
63.7386	76
63.7397	75
63.7407	74
63.8027	72
63.8038	71
63.8048	70
63.87	70
63.871	69
63.8721	69
63.9403	69
63.9414	69
63.9424	69
64.0101	69
64.0112	70
64.0122	70
64.0768	78
64.0779	76
64.0789	75
64.1451	82
64.1462	81
64.1472	79
64.2129	86
64.214	84
64.215	82
64.2801	88
64.2812	86
64.2822	84
64.349	90
64.35	87
64.3511	85
64.3521	83
64.4193	81
64.4204	80
64.4214	79
64.4225	78
64.4865	76
64.4876	75
64.4886	74
64.4897	73
64.5527	72
64.5538	71
64.5548	70
64.5559	70
64.6215	70
64.6226	70
64.6236	69
64.6247	69
64.6914	69
64.6924	69
64.6935	69
64.6945	69
64.7601	69
64.7612	69
64.7622	69
64.7633	69
64.83	69
64.831	69
64.8321	69
64.8331	69
64.8972	69
64.8983	69
64.8993	68
64.9004	68
64.9655	68
64.9666	68
64.9676	68
64.9687	68
65.0353	68
65.0364	68
65.0374	68
65.0385	69
65.1052	69
65.1062	69
65.1073	69
65.1083	69
65.1745	69
65.1755	69
65.1766	69
65.1776	69
65.2422	69
65.2433	68
65.2443	68
65.2454	68
65.3105	68
65.3116	68
65.3126	68
65.3137	68
65.3783	68
65.3793	68
65.3804	68
65.3814	68
65.4466	68
65.4476	68
65.4487	68
65.4497	68
65.5149	68
65.5159	68
65.517	68
65.518	68
65.5847	68
65.5858	68
65.5868	68
65.5879	68
65.654	68
65.6551	69
65.6561	69
65.6572	69
65.7239	69
65.7249	69
65.726	69
65.727	69
65.7911	69
65.7922	69
65.7932	68
65.7943	68
65.8583	68
65.8594	68
65.8604	68
65.8615	67
65.9261	67
65.9272	67
65.9282	67
65.9293	67
65.9939	67
65.9949	67
65.996	67
65.997	67
66.0616	67
66.0627	67
66.0638	67
66.0648	67
66.1305	67
66.1315	68
66.1326	68
66.1336	68
66.2003	68
66.2014	68
66.2024	68
66.2035	68
66.2701	69
66.2712	69
66.2722	69
66.2733	69
66.34	69
66.341	69
66.3421	69
66.3431	69
66.4082	69
66.4093	69
66.4103	69
66.4114	68
66.4744	68
66.4755	68
66.4765	68
66.4776	67
66.5411	67
66.5422	67
66.5432	67
66.5443	67
66.6068	67
66.6078	66
66.6089	66
66.6099	66
66.6735	66
66.6746	66
66.6756	66
66.6767	66
66.7408	66
66.7418	66
66.7429	66
66.7439	66
66.8101	67
66.8112	67
66.8122	67
66.8133	68
66.8799	68
66.881	68
66.882	68
66.8831	68
66.9497	68
66.9508	69
66.9518	69
66.9529	69
67.018	69
67.0191	69
67.0201	69
67.0212	69
67.0847	76
67.0858	75
67.0869	74
67.0879	73
67.1515	80
67.1525	79
67.1536	77
67.1546	76
67.2192	83
67.2203	81
67.2213	80
67.2224	78
67.2886	85
67.2896	83
67.2907	81
67.2917	80
67.3584	87
67.3594	85
67.3605	83
67.3615	81
67.4261	88
67.4272	86
67.4282	84
67.4293	82
67.4303	80
67.4939	78
67.4949	77
67.496	76
67.497	75
67.4981	74
67.5606	73
67.5617	72
67.5627	71
67.5638	71
67.5648	70
67.6294	70
67.6305	70
67.6315	70
67.6326	70
67.6336	70
67.6982	78
67.6992	77
67.7003	76
67.7013	75
67.7024	74
67.7685	82
67.9734	80
67.9744	78
67.9755	77
68.0401	76
68.0411	75
68.0422	74
68.0432	73
68.1094	73
68.1105	72
68.1115	72
68.1126	71
68.1792	71
68.1803	71
68.1813	71
68.1824	71
68.2486	79
68.2496	78
68.2507	77
68.2517	76
68.3163	83
68.3174	81
68.3184	80
68.3195	78
68.383	85
68.3841	83
68.3851	81
68.3862	79
68.3872	78
68.4529	77
68.4539	76
68.455	75
68.456	74
68.4571	73
68.5222	73
68.5232	73
68.5243	72
68.5253	72
68.5264	71
68.592	71
68.5931	71
68.5941	71
68.5952	71
68.5962	70
68.6608	70
68.6619	70
68.6629	70
68.664	70
68.665	70
68.7291	77
68.7301	76
68.7312	76
68.7322	75
68.7333	74
68.7984	81
68.7995	80
68.8005	79
68.8016	77
68.8026	76
68.8672	84
68.8683	82
68.8693	80
68.8704	79
68.8714	78
68.9371	85
68.9381	83
68.9392	81
68.9402	80
68.9413	79
69.0027	85
69.0037	83
69.0048	81
69.0058	79
69.0069	77
69.0079	76
69.0694	75
69.0705	74
69.0715	73
69.0726	72
69.0736	71
69.0747	71
69.1351	70
69.1361	69
69.1372	69
69.1382	69
69.1393	68
69.1403	68
69.2034	68
69.2044	68
69.2055	68
69.2065	68
69.2076	68
69.2086	68
69.2732	68
69.2743	68
69.2753	68
69.2764	68
69.2774	69
69.2785	69
69.3425	69
69.3436	69
69.3446	69
69.3457	69
69.3467	69
69.3478	69
69.4113	69
69.4124	69
69.4134	69
69.4145	69
69.4155	69
69.4166	69
69.4811	69
69.4822	69
69.4833	69
69.4843	69
69.4854	69
69.4864	69
69.5489	69
69.5499	68
69.551	68
69.552	68
69.5531	68
69.5541	68
69.6156	68
69.6167	68
69.6177	67
69.6188	67
69.6198	67
69.6209	67
69.6834	67
69.6844	67
69.6855	67
69.6865	67
69.6876	67
69.6886	67
69.7527	67
69.7538	68
69.7548	68
69.7559	68
69.7569	68
69.758	68
69.8225	68
69.8236	68
69.8246	68
69.8257	69
69.8267	69
69.8278	69
69.8924	69
69.8934	69
69.8945	69
69.8955	69
69.8966	69
69.8976	69
69.9617	69
69.9627	69
69.9638	69
69.9648	69
69.9659	69
69.9669	69
70.0284	69
70.0294	68
70.0305	68
70.0315	68
70.0326	68
70.0337	68
70.0941	67
70.0951	67
70.0962	67
70.0972	67
70.0983	67
70.0993	66
70.1618	66
70.1629	66
70.1639	66
70.165	66
70.166	67
70.1671	67
70.2312	67
70.2322	67
70.2333	68
70.2343	68
70.2354	68
70.2364	68
70.3005	68
70.3015	68
70.3026	68
70.3036	68
70.3047	68
70.3057	68
70.3703	68
70.3713	69
70.3724	69
70.3734	69
70.3745	69
70.3755	69
70.4354	68
70.4365	68
70.4375	67
70.4386	67
70.4396	67
70.4407	66
70.5016	66
70.5027	66
70.5037	66
70.5048	66
70.5058	66
70.5069	66
70.5683	66
70.5694	66
70.5704	66
70.5715	66
70.5725	66
70.5736	66
70.6377	67
70.6387	67
70.6398	67
70.6408	67
70.6419	67
70.6429	67
70.7075	68
70.7086	68
70.7096	68
70.7107	68
70.7117	68
70.7128	69
70.7752	68
70.7763	68
70.7773	68
70.7784	68
70.7794	68
70.7805	68
70.8414	68
70.8425	67
70.8435	67
70.8446	67
70.8456	67
70.8467	67
70.9071	66
70.9082	66
70.9092	66
70.9103	66
70.9113	66
70.9124	66
70.9733	66
70.9743	66
70.9754	66
70.9764	66
70.9775	66
70.9785	66
71.0421	66
71.0432	66
71.0442	67
71.0453	67
71.0463	67
71.0474	67
71.1119	67
71.113	68
71.114	68
71.1151	68
71.1161	68
71.1172	68
71.1818	68
71.1828	69
71.1839	69
71.1849	69
71.186	69
71.187	69
71.249	68
71.25	68
71.2511	68
71.2521	68
71.2532	68
71.2543	68
71.3188	68
71.3199	68
71.3209	68
71.322	68
71.323	68
71.3241	69
71.3882	69
71.3892	69
71.3903	69
71.3913	69
71.3924	69
71.3934	69
71.458	69
71.4591	69
71.4601	69
71.4612	69
71.4622	69
71.4633	69
71.5257	69
71.5268	69
71.5278	68
71.5289	68
71.53	68
71.531	68
71.5946	68
71.5956	68
71.5967	68
71.5977	68
71.5988	68
71.5998	68
71.6644	68
71.6655	68
71.6665	69
71.6676	69
71.6686	69
71.6697	69
71.7342	69
71.7353	69
71.7363	69
71.7374	69
71.7384	70
71.7395	70
71.802	77
71.803	76
71.8041	75
71.8051	74
71.8062	74
71.8072	73
71.8713	80
71.8724	79
71.8734	78
71.8745	77
71.8755	76
71.8766	75
71.9406	82
71.9417	81
71.9427	79
71.9438	78
71.9448	77
71.9459	76
72.0078	83
72.0089	81
72.0099	79
72.011	78
72.012	77
72.0131	76
72.0777	83
72.0787	81
72.1496	79
72.2127	78
72.2137	76
72.2148	75
72.2158	74
72.2169	73
72.281	72
72.282	72
72.2831	71
72.2841	71
72.2852	71
72.3487	70
72.3498	70
72.3508	69
72.3519	69
72.3529	69
72.4186	69
72.4196	69
72.4207	69
72.4217	69
72.4228	69
72.4874	69
72.4884	69
72.4895	69
72.4905	69
72.4916	69
72.5572	69
72.5583	69
72.5593	69
72.5604	69
72.5614	70
72.6249	77
72.626	76
72.627	75
72.6281	74
72.6292	74
72.6911	81
72.6922	79
72.6932	78
72.6943	76
72.6953	75
72.6964	74
72.7589	73
72.76	72
72.761	72
72.7621	71
72.7631	71
72.7642	70
72.8272	70
72.8283	70
72.8293	70
72.8304	69
72.8314	69
72.8325	69
72.8965	69
72.8976	69
72.8986	69
72.8997	69
72.9007	69
72.9018	69
72.9664	69
72.9674	69
72.9685	69
72.9695	69
72.9706	69
72.9716	70
73.0357	78
73.0367	77
73.0378	76
73.0388	75
73.0399	74
73.0409	74
73.1024	81
73.1034	79
73.1045	78
73.1055	76
73.1066	75
73.1076	74
73.1675	81
73.1686	79
73.1696	77
73.1707	76
73.1717	74
73.1728	73
73.2321	80
73.2332	78
73.2342	76
73.2353	75
73.2363	74
73.2374	73
73.2983	79
73.2994	78
73.3004	76
73.3015	75
73.3025	74
73.3036	73
73.3046	72
73.365	72
73.3661	71
73.3671	70
73.3682	70
73.3692	69
73.3703	69
73.3713	69
73.4339	69
73.4349	68
73.436	68
73.437	68
73.4381	68
73.4391	68
73.4402	68
73.5037	69
73.5048	69
73.5058	69
73.5069	69
73.5079	69
73.509	69
73.51	69
73.574	69
73.5751	69
73.5762	69
73.5772	69
73.5783	70
73.5793	70
73.5804	70
73.6444	70
73.6454	70
73.6465	70
73.6475	70
73.6486	70
73.6496	70
73.6507	70
73.7116	69
73.7127	69
73.7137	69
73.7148	68
73.7158	68
73.7169	68
73.7179	68
73.7799	68
73.781	68
73.782	68
73.7831	68
73.7841	68
73.7852	68
73.7862	68
73.8445	68
73.8456	67
73.8466	67
73.8477	66
73.8487	66
73.8498	66
73.8509	65
73.9097	65
73.9107	65
73.9118	65
73.9128	65
73.9139	65
73.9149	65
73.916	65
73.978	65
73.979	66
73.9801	66
73.9811	66
73.9822	67
73.9832	67
73.9843	67
74.0478	67
74.0489	67
74.0499	68
74.051	68
74.052	68
74.0531	68
74.0541	68
74.1171	68
74.1182	69
74.1192	69
74.1203	69
74.1213	69
74.1224	69
74.1234	69
74.1854	69
74.1865	68
74.1875	68
74.1886	68
74.1896	68
74.1907	68
74.1917	68
74.2548	68
74.2558	68
74.2569	68
74.2579	68
74.259	68
74.26	68
74.2611	69
74.3251	69
74.3262	69
74.3272	69
74.3283	69
74.3293	69
74.3304	69
74.3314	69
74.3944	69
74.3955	69
74.3965	69
74.3976	69
74.3986	69
74.3997	69
74.4007	69
74.4627	69
74.4638	69
74.4648	68
74.4659	68
74.4669	68
74.468	68
74.469	68
74.5305	68
74.5315	68
74.5326	68
74.5336	68
74.5347	68
74.5357	68
74.5368	68
74.5982	68
74.5993	68
74.6004	68
74.6014	68
74.6025	68
74.6035	68
74.6046	68
74.6681	68
74.6691	68
74.6702	68
74.6712	68
74.6723	69
74.6733	69
74.6744	69
74.7374	69
74.7385	69
74.7395	69
74.7406	69
74.7416	69
74.7427	69
74.7437	69
74.8062	69
74.8073	69
74.8083	69
74.8094	69
74.8104	69
74.8115	69
74.8125	69
74.8756	69
74.8766	69
74.8777	69
74.8787	69
74.8798	69
74.8808	69
74.8819	69
74.9459	69
74.947	69
74.948	69
74.9496	69
75.0819	69
75.083	68
75.084	68
75.0851	68
75.1476	75
75.1486	74
75.1497	73
75.1508	72
75.2133	79
75.2143	78
75.2154	76
75.2164	75
75.2175	74
75.2816	73
75.2826	72
75.2837	72
75.2847	71
75.2858	71
75.3514	71
75.3525	71
75.3535	70
75.3546	70
75.3556	70
75.4212	70
75.5525	77
75.5536	76
75.5546	74
75.6187	81
75.6198	79
75.6208	77
75.686	84
75.687	82
75.6881	80
75.7553	87
75.7564	85
75.7574	83
75.8251	90
75.8262	87
75.9643	85
75.9654	83
76.0336	90
76.0347	87
76.0357	85
76.1009	83
76.1019	81
76.103	79
76.167	77
76.1681	76
76.1691	75
76.2332	74
76.2343	73
76.2353	72
76.3	71
76.301	70
76.3021	70
76.3693	70
76.3704	70
76.3714	70
76.4391	70
76.4402	70
76.4412	70
76.509	69
76.51	69
76.5111	69
76.5772	69
76.5783	69
76.5793	69
76.6471	69
76.6481	69
76.6492	69
76.7169	69
76.7179	69
76.719	69
76.7872	69
76.7883	69
76.7893	69
76.8566	69
76.8576	69
76.8587	69
76.9248	69
76.9259	69
76.9269	69
76.9921	68
76.9931	68
76.9942	68
77.0614	68
77.0625	68
77.0635	68
77.1318	68
77.1328	69
77.1339	69
77.2016	69
77.2027	69
77.2037	69
77.2714	69
77.2725	69
77.2736	69
77.335	68
77.336	68
77.3371	67
77.3991	67
77.4001	66
77.4012	66
77.4637	66
77.4647	65
77.4658	65
77.5294	65
77.5304	65
77.5315	65
77.5966	65
77.5977	66
77.5987	66
77.6665	66
77.6675	67
77.6686	67
77.7358	67
77.7368	67
77.7379	67
77.8056	68
77.8066	68
77.8077	68
77.8733	68
77.8744	68
77.8754	68
77.9432	68
77.9442	68
77.9453	68
78.0094	68
78.0104	68
78.0115	67
78.0761	67
78.0771	67
78.0782	67
78.1439	67
78.1449	67
78.146	67
78.2116	67
78.2127	67
78.2137	67
78.2815	67
78.2825	68
78.2836	68
78.3513	68
78.3523	68
78.3534	68
78.4206	68
78.4217	68
78.4227	68
78.4894	68
78.4905	68
78.4915	68
78.5572	68
78.5582	68
78.5593	68
78.6255	68
78.6265	68
78.6276	68
78.6953	68
78.6964	68
78.6974	68
78.7646	68
78.7657	68
78.7667	68
78.8334	68
78.8345	68
78.8355	68
78.9032	69
78.9043	69
78.9053	69
78.9736	69
78.9747	69
78.9757	69
79.0434	69
79.0445	69
79.0455	69
79.1112	78
79.1122	77
79.1133	76
79.1779	83
79.1789	81
79.18	79
79.2451	85
79.2462	83
79.2472	81
79.315	88
79.316	86
79.3171	84
79.3848	91
79.3859	88
79.5229	86
79.524	83
79.5917	90
79.5928	87
79.6605	94
79.6616	91
79.6626	88
79.7309	86
79.7319	84
79.733	82
79.7997	80
79.8007	79
79.8018	77
79.8695	76
79.8706	76
79.8716	75
79.9393	74
79.9404	74
79.9414	73
80.0066	81
80.0076	79
80.0087	78
80.0749	85
80.0759	83
80.077	81
80.1432	88
80.1442	85
80.1453	83
80.213	90
80.214	87
80.2151	85
80.2828	92
80.2839	89
80.2849	87
80.3521	93
80.3532	90
80.3542	88
80.3553	85
80.4225	83
80.4235	82
80.4246	80
80.4256	79
80.4913	78
80.4923	76
80.4934	75
80.4944	75
80.5543	73
80.5554	72
80.5564	71
80.5575	70
80.6195	69
80.6205	68
80.6216	68
80.6226	67
80.6872	67
80.6883	67
80.6893	67
80.6904	67
80.7571	68
80.7581	68
80.7592	68
80.7602	68
80.8269	68
80.828	68
80.829	69
80.8301	69
80.8967	69
80.8978	69
80.8988	69
80.8999	69
80.9666	69
80.9676	69
80.9687	69
80.9697	69
81.0354	69
81.0364	69
81.0375	69
81.0385	69
81.1052	69
81.1063	69
81.1073	69
81.1084	69
81.174	69
81.1751	69
81.1761	69
81.1772	69
81.2439	69
81.2449	69
81.246	69
81.247	69
81.3116	69
81.3127	69
81.3137	68
81.3148	68
81.3789	68
81.3799	68
81.381	68
81.382	68
81.4477	68
81.4487	68
81.4498	68
81.4508	68
81.5175	68
81.5186	68
81.5196	68
81.5207	69
81.5873	69
81.5884	69
81.5894	69
81.5905	69
81.6525	68
81.6535	68
81.6546	67
81.6556	67
81.7181	67
81.7192	67
81.7202	67
81.7213	66
81.7838	66
81.7848	66
81.7859	66
81.7869	66
81.8516	66
81.8526	66
81.8537	66
81.8547	66
81.9199	67
81.9209	67
81.922	67
81.923	67
81.9897	67
81.9908	68
81.9918	68
81.9929	68
82.0595	68
82.0606	68
82.0616	68
82.0627	69
82.1278	68
82.1288	68
82.1299	68
82.1309	68
82.1961	68
82.1971	68
82.1982	68
82.1992	68
82.2612	68
82.2623	67
82.2633	67
82.2644	67
82.3264	66
82.3274	66
82.3285	66
82.3295	66
82.3931	66
82.3941	66
82.3952	66
82.3962	66
82.4614	66
82.4624	66
82.4635	67
82.4645	67
82.5307	67
82.5318	67
82.5328	67
82.5339	67
82.6005	68
82.6016	68
82.6026	68
82.6037	68
82.6678	68
82.6688	68
82.6699	68
82.6709	68
82.7355	68
82.7366	68
82.7376	68
82.7387	68
82.8033	68
82.8044	68
82.8054	68
82.8065	68
82.8711	68
82.8721	68
82.8732	68
82.8742	68
82.9409	68
82.942	68
82.943	68
82.9441	68
83.0107	68
83.0118	69
83.0128	69
83.0139	69
83.0769	77
83.078	75
83.079	74
83.0801	74
83.1431	81
83.1442	79
83.1452	78
83.1463	76
83.2114	83
83.2125	81
83.2135	80
83.2146	78
83.2813	85
83.2823	83
83.2834	82
83.2844	80
83.3511	87
83.3521	85
83.3532	83
83.3542	82
83.4204	89
83.422	86
83.5517	83
83.5528	81
83.5538	78
83.6169	77
83.6179	75
83.619	74
83.6831	73
83.6841	72
83.6852	71
83.7503	71
83.7513	70
83.7524	70
83.8181	78
83.8191	77
83.8202	76
83.8879	83
83.889	81
83.89	80
83.9572	87
84.1642	85
84.2304	83
84.2314	81
84.2981	87
84.2992	85
84.3675	91
84.3685	89
84.4378	95
84.6447	100
84.7125	104
84.7135	100
84.7818	96
84.7829	92
84.8516	89
84.8527	87
84.9215	85
84.9225	83
84.9903	81
84.9913	79
85.058	78
85.0591	77
85.1253	75
85.1263	74
85.1941	74
85.1951	73
85.2645	73
85.2655	72
85.3322	72
85.3332	71
85.402	71
85.4031	71
85.4718	70
85.4729	70
85.5396	70
85.5406	70
85.6063	69
85.6073	69
85.673	69
85.6741	68
85.7408	68
85.7418	68
85.8101	68
85.8112	68
85.8789	68
85.8799	68
85.9487	68
85.9498	68
86.016	68
86.017	68
86.0827	68
86.0837	68
86.151	68
86.152	68
86.2187	68
86.2198	68
86.2886	68
86.2896	68
86.3589	68
86.36	68
86.424	68
86.4251	68
86.4887	67
86.4897	67
86.5538	66
86.5549	66
86.6189	66
86.62	66
86.6846	66
86.6857	66
86.7534	66
86.7545	66
86.8233	67
86.8243	67
86.8931	67
86.8941	68
86.9619	68
86.963	68
87.0297	68
87.0307	68
87.0969	67
87.0979	67
87.1626	67
87.1636	67
87.2309	67
87.2319	67
87.3002	67
87.3012	68
87.37	68
87.3711	68
87.4373	68
87.4383	68
87.504	67
87.505	67
87.5723	67
87.5733	67
87.6411	68
87.6421	68
87.7109	68
87.712	68
87.7802	77
87.7813	76
87.849	84
87.8501	82
87.9188	89
87.9199	86
87.9835	92
87.9845	89
88.0454	93
88.0465	89
88.0475	86
88.109	83
88.1101	81
88.1111	79
88.1752	77
88.1763	76
88.1773	74
88.245	74
88.2461	73
88.2471	73
88.3144	72
88.3154	72
88.3165	72
88.3821	79
88.3831	78
88.3842	77
88.4504	84
88.4514	82
88.4525	80
88.5202	87
88.5213	85
88.6583	83
88.6594	81
88.7276	88
88.7287	86
88.7964	92
88.7975	89
88.8616	95
88.8626	91
88.8637	88
88.9299	85
88.9309	83
88.932	81
88.9992	80
89.0002	78
89.0013	77
89.0685	76
89.0695	75
89.0706	74
89.1383	74
89.1394	73
89.1404	73
89.204	81
89.2051	79
89.2061	77
89.2718	84
89.2728	82
89.2739	80
89.3406	87
89.3416	85
89.3427	83
89.4104	89
89.4115	87
89.4125	85
89.4798	91
89.4813	89
89.6168	86
89.6179	84
89.6841	90
89.6851	87
89.7518	93
89.7529	90
89.8211	95
89.8222	92
89.8233	90
89.8915	87
89.8925	85
89.8936	83
89.9613	81
89.9624	80
89.9634	79
90.0301	77
90.0312	76
90.0322	75
90.0989	83
90.1	81
90.101	80
90.1687	87
90.1698	85
90.3074	82
90.3751	81
90.3762	79
90.4439	86
90.445	84
90.5138	90
90.5148	88
90.5836	94
90.5847	91
90.6534	97
90.6545	94
90.718	99
90.7191	95
90.7837	99
90.7848	95
90.8473	99
90.8483	95
90.9119	99
90.9129	94
90.9786	99
90.9797	95
91.0485	100
91.0495	96
91.1183	101
91.1193	98
91.1881	103
91.1891	99
91.2579	104
91.259	99
91.3252	104
91.3262	99
91.395	104
91.6035	108
91.6733	112
91.7426	115
91.8114	118
91.8813	121
92.1507	114
92.219	116
92.2878	119
92.3571	121
92.4254	123
92.4953	125
92.5641	127
92.6318	128
92.699	129
92.7689	130
92.8387	131
92.9075	132
92.9763	132
93.0461	133
93.1123	133
93.1769	133
93.2442	133
93.314	133
93.3838	134
93.4542	135
93.7304	135
94.0056	135
94.0734	135
94.1427	135
94.2125	136
94.2818	136
94.3464	136
94.4136	135
94.4819	135
94.5497	135
94.6196	136
94.6889	136
94.7576	136
94.8254	136
94.8947	136
94.9645	136
95.0302	136
95.0969	136
95.1637	135
95.2319	135
95.2997	135
95.3685	135
95.4383	136
95.5061	136
95.5744	136
95.6432	136
95.713	136
95.7834	137
96.0575	137
96.1274	137
96.1967	137
96.265	137
96.3327	137
96.3994	136
96.4683	136
96.5376	136
96.6074	137
97.0858	136
97.1547	136
97.2245	136
97.2938	137
97.3631	137
97.4319	137
97.4997	137
97.5696	137
97.6373	137
97.7056	137
97.7754	137
97.8437	137
97.9125	137
97.9808	137
97.9818	128
98.0501	121
98.0512	115
98.1179	109
98.1189	103
98.1856	99
98.1867	95
98.2529	91
98.2539	88
98.3212	86
98.3222	84
98.3905	82
98.3916	80
98.4603	79
98.4614	78
98.5286	76
98.5296	75
98.5969	74
98.5979	73
98.6646	73
98.6657	72
98.7329	71
98.7339	71
98.8022	71
98.8033	71
98.872	70
98.8731	70
98.9414	70
98.9424	70
99.0091	70
99.0101	69
99.0727	68
99.0737	68
99.1378	67
99.1389	67
99.2024	67
99.2035	66
99.2681	66
99.2691	66
99.3369	66
99.338	66
99.4067	67
99.4078	67
99.4771	68
99.4781	68
99.5453	68
99.5464	68
99.6152	68
99.6162	68
99.6792	68
99.6803	67
99.7444	67
99.7454	67
99.8116	67
99.8127	67
99.8804	67
99.8815	67
99.9503	67
99.9513	68
100.019	68
100.02	68
100.086	67
100.087	67
100.153	67
100.154	67
100.219	76
100.22	74
100.287	82
100.288	80
100.357	87
100.358	85
100.427	91
100.428	89
100.634	95
100.701	100
100.769	104
100.837	108
100.838	103
100.907	99
100.908	95
100.977	92
100.978	89
101.044	86
101.045	84
101.112	90
101.113	87
101.179	93
101.18	90
101.245	95
101.247	92
101.314	97
101.315	93
101.384	99
101.385	95
101.453	101
101.454	97
101.652	101
101.716	104
101.78	107
101.848	110
101.849	105
101.918	100
101.919	96
101.988	93
101.989	90
102.057	88
102.058	85
102.124	83
102.125	81
102.191	87
102.192	85
102.259	91
102.26	88
102.327	94
102.328	91
102.397	96
102.398	93
102.467	99
102.468	95
102.668	100
102.737	104
102.807	108
102.874	112
102.875	106
102.941	101
102.942	97
103.009	93
103.01	90
103.079	88
103.08	85
103.148	83
103.149	82
103.216	89
103.217	86
103.283	92
103.284	89
103.351	94
103.352	91
103.421	97
103.422	93
103.49	99
103.491	95
103.492	92
103.559	89
103.56	87
103.561	85
103.629	83
103.63	81
103.631	79
103.697	78
103.698	77
103.699	76
103.764	75
103.765	74
103.766	73
103.831	72
103.832	71
103.833	70
103.898	70
103.899	70
103.9	69
103.966	69
103.967	69
103.968	69
104.035	69
104.036	68
104.037	68
104.105	69
104.106	69
104.107	69
104.175	69
104.176	69
104.177	69
104.244	69
104.245	69
104.247	69
104.31	69
104.311	68
104.312	68
104.377	68
104.378	67
104.379	67
104.441	67
104.442	67
104.444	66
104.507	66
104.508	66
104.509	66
104.574	66
104.575	66
104.576	66
104.643	66
104.644	67
104.645	67
104.712	67
104.713	67
104.714	67
104.781	68
104.782	68
104.783	68
104.851	68
104.852	68
104.853	68
104.92	68
104.921	69
104.923	69
104.99	69
104.991	69
104.992	69
105.058	69
105.059	69
105.06	69
105.127	69
105.128	69
105.129	69
105.197	69
105.198	69
105.199	69
105.266	69
105.267	69
105.268	69
105.335	69
105.336	69
105.337	68
105.403	68
105.404	68
105.405	68
105.472	68
105.473	68
105.474	68
105.542	69
105.543	69
105.544	69
105.612	69
105.613	69
105.614	69
105.681	69
105.682	69
105.683	69
105.751	69
105.752	69
105.753	69
105.817	69
105.818	68
105.819	68
105.88	67
105.882	67
105.883	66
105.946	66
105.947	66
105.948	66
106.013	66
106.014	66
106.015	66
106.083	67
106.084	67
106.085	67
106.153	67
106.154	68
106.155	68
106.222	77
106.223	76
106.224	75
106.291	83
106.292	81
106.293	79
106.352	85
106.353	83
106.354	80
106.413	85
106.414	82
106.415	79
106.474	84
106.475	81
106.476	79
106.537	85
106.538	82
106.539	80
106.54	78
106.604	76
106.605	75
106.606	74
106.607	73
106.672	72
106.673	71
106.674	71
106.675	71
106.741	70
106.742	70
106.743	70
106.744	70
106.81	70
106.811	70
106.812	70
106.813	70
106.879	78
106.88	77
106.881	76
106.882	75
106.948	82
106.949	81
106.95	80
106.951	78
106.952	77
107.019	76
107.02	75
107.021	75
107.022	74
107.023	73
107.085	73
107.086	72
107.087	71
107.088	71
107.09	70
107.154	70
107.155	70
107.156	70
107.157	70
107.158	70
107.223	78
107.224	77
107.226	76
107.227	75
107.228	74
107.293	82
107.294	80
107.429	87
107.43	84
107.431	82
107.432	80
107.498	79
107.499	78
107.5	76
107.501	75
107.568	75
107.569	74
107.57	74
107.571	73
107.637	81
107.638	79
107.639	78
107.64	77
107.703	84
107.704	82
107.706	80
107.707	78
107.771	85
107.772	83
107.773	81
107.774	79
107.775	78
107.841	77
107.842	76
107.843	75
107.844	75
107.845	74
107.91	73
107.911	73
107.912	72
107.913	72
107.914	71
107.979	71
107.98	71
107.981	70
107.982	70
107.983	70
108.048	69
108.049	70
108.05	70
108.051	70
108.052	70
108.116	78
108.117	77
108.118	76
108.119	75
108.12	74
108.186	81
108.187	80
108.188	79
108.189	78
108.19	77
108.256	84
108.257	82
108.258	81
108.259	80
108.26	78
108.324	85
108.325	83
108.326	81
108.327	80
108.328	78
108.392	85
108.393	83
108.394	81
108.395	80
108.396	78
108.397	77
108.458	76
108.459	75
108.46	73
108.461	72
108.462	72
108.463	71
108.527	70
108.528	70
108.529	70
108.53	70
108.531	70
108.532	69
108.596	69
108.597	69
108.598	69
108.599	69
108.601	69
108.602	69
108.666	69
108.667	69
108.668	69
108.669	69
108.67	69
108.671	69
108.736	69
108.737	69
108.738	69
108.739	69
108.74	69
108.741	69
108.805	69
108.806	69
108.807	69
108.808	69
108.809	69
108.81	69
108.872	68
108.873	68
108.874	68
108.875	68
108.876	68
108.877	68
108.939	68
108.94	68
108.941	67
108.942	67
108.943	67
108.944	67
109.009	67
109.01	68
109.011	68
109.012	68
109.013	68
109.014	68
109.079	68
109.08	68
109.081	68
109.082	69
109.083	69
109.084	69
109.147	69
109.148	68
109.149	68
109.15	68
109.151	68
109.152	68
109.216	68
109.217	68
109.218	68
109.219	68
109.22	69
109.221	69
109.286	69
109.287	69
109.288	69
109.289	69
109.29	69
109.291	69
109.355	69
109.356	69
109.357	69
109.358	69
109.359	69
109.36	69
109.42	68
109.421	68
109.422	67
109.423	67
109.424	66
109.425	66
109.485	66
109.486	66
109.487	65
109.488	65
109.489	65
109.49	65
109.55	65
109.551	65
109.552	65
109.553	65
109.554	65
109.555	65
109.618	65
109.619	65
109.62	66
109.621	66
109.622	66
109.623	66
109.687	66
109.688	67
109.689	67
109.69	67
109.691	68
109.692	68
109.757	68
109.758	68
109.759	68
109.76	68
109.761	68
109.762	69
109.827	69
109.828	69
109.829	69
109.83	69
109.831	69
109.832	69
109.891	68
109.892	68
109.893	67
109.895	67
109.896	67
109.897	66
109.954	66
109.955	65
109.957	65
109.958	65
109.959	64
109.96	64
110.02	64
110.021	65
110.022	65
110.023	65
110.024	65
110.025	65
110.086	65
110.087	65
110.088	65
110.089	65
110.09	65
110.092	65
110.156	66
110.157	66
110.158	66
110.159	67
110.16	67
110.161	67
110.225	67
110.226	68
110.228	68
110.229	68
110.23	68
110.231	68
110.295	68
110.296	68
110.297	68
110.298	68
110.299	68
110.3	69
110.365	69
110.366	69
110.367	69
110.368	69
110.369	69
110.37	69
110.431	69
110.432	68
110.433	68
110.434	68
110.436	68
110.437	68
110.496	67
110.497	67
110.499	67
110.5	66
110.501	66
110.502	66
110.564	66
110.565	66
110.566	66
110.567	67
110.568	67
110.569	67
110.634	67
110.635	67
110.636	68
110.637	68
110.638	68
110.639	68
110.703	68
110.704	68
110.705	68
110.707	68
110.708	68
110.709	68
110.773	69
110.774	69
110.775	69
110.776	69
110.777	69
110.778	69
110.838	68
110.839	68
110.84	68
110.841	67
110.843	67
110.844	67
110.905	66
110.906	66
110.907	66
110.908	66
110.909	66
110.91	66
110.971	66
110.972	66
110.973	66
110.974	66
110.975	66
110.976	66
111.04	67
111.041	67
111.042	67
111.043	67
111.044	67
111.045	67
111.109	68
111.11	68
111.111	68
111.113	68
111.114	68
111.115	69
111.179	77
111.18	76
111.181	75
111.182	75
111.183	74
111.184	74
111.243	81
111.244	79
111.245	77
111.246	75
111.247	74
111.248	73
111.305	79
111.306	77
111.307	75
111.308	73
111.309	72
111.31	71
111.369	77
111.37	75
111.371	74
111.372	73
111.374	72
111.375	71
111.435	77
111.436	76
111.437	75
111.438	74
111.439	73
111.44	72
111.441	71
111.503	71
111.504	70
111.505	70
111.506	69
111.507	69
111.508	69
111.509	69
111.573	69
111.574	69
111.575	69
111.576	69
111.577	70
111.578	70
111.579	70
111.642	69
111.643	69
111.644	69
111.645	69
111.646	69
111.647	69
111.648	69
111.712	69
111.713	69
111.714	69
111.715	69
111.716	69
111.717	69
111.718	70
111.781	77
111.782	76
111.783	75
111.784	75
111.785	74
111.786	73
111.787	73
111.845	80
111.846	78
111.847	76
111.848	75
111.849	74
111.85	73
111.851	72
111.912	78
111.913	77
111.914	76
111.915	75
111.916	74
111.917	73
111.918	72
111.919	72
111.982	71
111.983	71
111.984	71
111.985	71
111.986	71
111.987	71
111.989	71
111.99	70
112.052	70
112.053	70
112.054	70
112.055	70
112.056	70
112.057	70
112.058	70
112.059	70
112.121	78
112.122	77
112.123	76
112.125	75
112.126	75
112.127	74
112.128	73
112.129	73
112.187	80
112.188	78
112.189	77
112.19	75
112.191	74
112.192	73
112.193	72
112.194	72
112.195	71
112.251	70
112.252	69
112.253	69
112.254	68
112.255	67
112.256	67
112.257	66
112.258	66
112.26	66
112.319	66
112.32	66
112.321	66
112.322	67
112.323	67
112.324	67
112.325	67
112.326	67
112.327	67
112.387	75
112.388	74
112.389	74
112.39	73
112.391	73
112.392	72
112.393	72
112.395	71
112.396	71
112.457	78
112.458	77
112.53	76
112.531	75
112.532	74
112.597	73
112.598	73
112.599	72
112.6	72
112.601	72
112.734	71
112.735	70
112.736	70
112.737	69
112.799	77
112.801	75
112.802	74
112.803	73
112.866	80
112.867	78
112.868	77
112.869	76
112.934	83
112.935	81
112.936	79
112.937	78
113.004	85
113.005	83
113.144	81
113.145	80
113.146	79
113.214	78
113.215	77
113.216	76
113.284	75
113.285	74
113.286	74
113.354	73
113.355	73
113.356	72
113.422	72
113.423	71
113.424	71
113.491	79
113.492	78
113.493	77
113.561	84
113.562	82
113.563	81
113.629	87
113.63	85
113.631	83
113.695	89
113.696	86
113.697	84
113.764	90
113.765	87
113.766	85
113.767	83
113.834	81
113.835	80
113.836	79
113.837	77
113.903	76
113.904	75
113.905	74
113.906	74
113.973	73
113.974	73
113.975	72
113.976	72
114.043	72
114.044	71
114.045	71
114.046	71
114.108	70
114.109	69
114.11	69
114.111	68
114.173	68
114.174	68
114.175	67
114.176	67
114.239	67
114.24	67
114.241	66
114.242	66
114.306	67
114.307	67
114.308	67
114.309	67
114.374	67
114.375	67
114.376	67
114.377	67
114.443	67
114.444	67
114.445	67
114.446	67
114.512	67
114.513	67
114.514	68
114.515	68
114.58	68
114.582	68
114.583	68
114.584	68
114.65	68
114.651	68
114.652	68
114.653	68
114.72	68
114.721	69
114.722	69
114.723	69
114.789	69
114.791	69
114.792	69
114.793	69
114.856	69
114.857	68
114.858	68
114.859	68
114.921	67
114.922	67
114.923	67
114.924	67
114.988	67
114.989	66
114.99	66
114.991	66
115.056	67
115.057	67
115.058	67
115.059	67
115.126	67
115.127	68
115.128	68
115.129	68
115.196	68
115.197	68
115.198	69
115.199	69
115.267	69
115.402	69
115.403	68
115.469	76
115.47	75
115.537	83
115.538	81
115.606	88
115.607	85
115.608	83
115.676	82
115.677	80
115.678	79
115.743	77
115.744	76
115.745	75
115.813	74
115.814	73
115.815	73
115.882	72
116.021	72
116.022	72
116.086	71
116.087	70
116.154	70
116.155	69
116.224	69
116.225	69
116.294	69
116.295	69
116.36	69
116.361	68
116.428	77
116.429	76
116.495	83
116.496	81
116.562	87
116.563	85
116.632	91
116.633	89
116.702	95
116.703	92
116.772	98
116.773	94
116.837	99
116.838	95
116.899	99
116.9	94
116.963	98
116.964	94
117.03	98
117.031	94
117.098	99
117.099	96
117.168	101
117.169	97
117.237	102
117.238	98
117.306	103
117.307	99
117.375	103
117.376	99
117.442	103
117.443	99
117.511	103
117.512	99
117.579	104
117.58	99
117.649	104
117.65	100
117.719	105
117.72	100
117.784	104
117.785	99
117.848	103
117.849	98
117.917	102
117.918	98
117.986	103
117.987	99
118.055	104
118.056	99
118.125	104
118.126	100
118.193	105
118.194	100
118.264	105
118.469	109
118.538	112
118.607	116
118.804	118
118.872	120
118.943	122
119.214	123
119.282	125
119.349	126
119.419	127
119.487	129
119.557	130
119.625	131
119.688	131
119.751	130
119.817	130
119.882	130
119.948	130
120.014	130
120.08	130
120.149	131
120.219	132
120.488	131
120.548	130
120.607	129
120.665	127
120.72	126
120.775	124
120.832	122
120.892	121
120.951	121
121.01	120
121.07	120
121.13	120
121.193	120
121.257	121
121.322	122
121.385	123
121.452	124
121.517	125
121.585	126
121.654	127
121.723	128
121.793	130
121.852	129
121.913	128
121.974	127
122.036	127
122.101	127
122.165	127
122.233	128
122.302	129
122.371	130
122.441	131
122.504	131
122.564	130
122.622	129
122.682	127
122.744	126
122.801	125
122.802	117
122.858	109
122.859	103
122.915	97
122.916	92
122.973	88
122.974	84
123.033	81
123.034	78
123.094	76
123.095	74
123.157	73
123.158	71
123.222	71
123.223	70
123.289	69
123.291	69
123.359	69
123.36	69
123.427	69
123.428	69
123.497	69
123.498	69
123.567	69
123.741	74
123.8	80
123.86	85
123.922	89
123.986	94
123.987	90
124.055	87
124.056	85
124.124	83
124.125	81
124.194	80
124.195	78
124.254	76
124.255	74
124.315	72
124.316	71
124.375	77
124.376	75
124.433	80
124.434	78
124.493	82
124.494	80
124.554	85
124.555	82
124.616	87
124.617	84
124.673	88
124.674	84
124.733	88
124.734	85
124.791	88
124.792	85
124.85	89
124.851	85
124.912	89
124.913	86
124.975	91
124.976	87
125.04	92
125.041	89
125.101	93
125.102	89
125.157	92
125.158	88
125.208	90
125.209	85
125.259	87
125.26	83
125.311	85
125.312	81
125.364	84
125.365	80
125.416	83
125.417	79
125.469	82
125.47	78
125.515	81
125.516	77
125.559	78
125.56	74
125.597	75
125.598	70
125.631	70
125.632	66
125.666	66
125.667	62
125.701	63
125.702	59
125.736	60
125.737	57
125.77	59
125.771	56
125.805	57
125.806	55
125.84	56
125.841	54
125.875	55
125.876	53
125.91	55
125.911	52
125.944	54
125.945	52
125.979	54
125.98	52
126.014	54
126.015	51
126.049	53
126.05	51
126.083	53
126.084	51
126.118	53
126.119	51
126.153	53
126.154	51
126.188	53
126.189	51
126.223	53
126.224	51
126.257	53
126.258	51
126.292	53
126.293	51
126.327	53
126.328	51
126.363	53
126.364	51
126.398	53
126.4	51
126.434	54
126.435	51
126.47	54
126.471	52
126.505	54
126.506	52
126.541	54
126.542	52
126.577	54
126.578	52
126.612	54
126.613	51
126.647	54
126.648	52
126.682	54
126.683	51
126.718	54
126.719	51
126.753	54
126.754	51
126.788	54
126.789	51
126.824	54
126.825	51
126.859	53
126.86	51
126.894	54
126.895	51
126.93	54
126.931	51
126.965	54
126.966	51
127	54
127.001	51
127.002	50
127.036	48
