10.0341	34
10.071	34
10.087	36
10.2505	36
10.2731	36
10.2858	36
10.3084	36
10.3216	36
10.3458	36
10.3589	37
10.3806	40
10.3942	41
10.4159	43
10.43	44
10.4542	46
10.4553	45
10.4679	44
10.4989	44
10.4999	44
10.5152	44
10.5488	45
10.5498	46
10.5666	46
10.6076	48
10.6087	49
10.6276	53
10.6622	58
10.6633	58
10.6801	59
10.7185	63
10.7195	62
10.7206	62
10.74	61
10.7846	62
10.7857	62
10.7867	63
10.8078	63
10.855	64
10.8561	65
10.8571	66
10.8781	66
11.032	69
11.0331	66
11.0825	70
11.0835	68
11.1402	73
11.1413	71
11.2049	77
11.2059	76
11.2753	83
11.4594	80
11.512	83
11.5645	86
11.6191	89
11.6753	91
11.6764	87
11.7331	83
11.7342	80
11.792	77
11.793	75
11.8529	73
11.854	71
11.9138	70
11.9149	69
11.9764	68
11.9774	67
12.0373	67
12.0383	66
12.0988	73
12.0998	71
12.1597	77
12.1607	75
12.2212	81
12.2222	79
12.2831	84
12.2847	82
12.3499	87
12.3525	85
12.4134	90
12.4171	87
12.4817	93
12.4849	90
12.5484	95
12.5516	92
12.6157	97
12.6188	93
12.6855	98
12.6887	95
12.7568	100
12.9503	103
13.0034	104
13.058	104
13.1132	105
13.1715	106
13.1725	100
13.234	95
13.235	91
13.3017	88
13.3028	85
13.3716	83
13.3726	82
13.4419	80
13.443	79
13.5055	77
13.5065	75
13.5675	73
13.5685	72
13.6289	78
13.63	76
13.6914	82
13.6925	80
13.7545	85
13.7555	83
13.8217	88
13.8228	86
13.8895	92
13.8905	89
13.9593	95
13.9604	92
14.0292	98
14.0302	94
14.0974	99
14.0985	96
14.1657	100
14.1668	96
14.2282	101
14.2293	96
14.2913	100
14.2923	95
14.3533	99
14.3543	94
14.4163	98
14.4174	93
14.4814	98
14.4825	94
14.5508	98
14.5518	95
14.6206	100
14.6217	96
14.6904	102
14.6915	98
14.7582	103
14.7592	98
14.828	103
14.8291	99
14.8963	104
14.8974	99
14.963	104
14.9641	99
15.0282	103
15.0292	98
15.0933	102
15.0944	98
15.16	102
15.1611	97
15.2278	102
15.2288	97
15.2966	102
15.2977	98
15.3664	103
15.3675	99
15.4347	104
15.4358	99
15.504	104
15.5051	100
15.5681	104
15.5692	99
15.6343	103
15.6354	98
15.6995	102
15.7005	97
15.7651	101
15.7662	97
15.8334	102
15.8345	97
15.9033	102
16.1112	107
16.179	110
16.18	105
16.2473	100
16.2483	96
16.3171	93
16.3182	90
16.3869	87
16.388	85
16.4568	83
16.4578	81
16.524	79
16.525	78
16.5902	77
16.5912	75
16.6585	74
16.6595	73
16.7278	73
16.7289	72
16.7971	80
16.7982	79
16.8665	87
16.8675	84
16.9347	91
16.9358	88
17.003	94
17.0041	91
17.0713	96
17.0724	93
17.1407	98
17.1417	95
17.211	100
17.5309	103
17.5976	107
17.6653	110
17.7347	113
17.805	117
18.3413	119
18.4111	122
18.4788	123
18.5435	124
18.6049	125
18.6669	124
18.7315	125
18.8008	126
18.8691	127
18.939	128
19.0077	130
19.075	130
19.1412	131
19.2084	131
19.2757	131
19.345	132
19.4143	133
19.4841	134
19.5524	134
19.6207	134
19.6901	135
19.7599	135
19.8298	136
19.8985	136
19.9663	136
20.0346	136
20.1039	136
20.1738	136
20.45	136
20.5194	137
20.5892	137
20.6569	137
20.7221	136
20.7888	136
20.8587	136
21.1348	136
21.2021	135
21.2688	135
21.3387	135
21.4085	136
21.4762	136
21.5456	136
21.6128	136
21.6827	136
21.752	136
21.8208	137
21.8885	137
21.9542	136
22.023	136
22.0923	136
22.159	136
22.2247	135
22.2909	135
22.3576	135
22.4274	135
22.4968	135
22.5661	136
22.6343	136
22.6937	135
22.7546	133
22.8187	132
22.8859	132
22.9558	132
23.0251	133
23.0939	134
23.1621	134
23.2299	134
23.2976	134
23.3665	135
23.4363	135
23.5067	136
23.7809	136
23.8502	136
23.9184	136
23.9883	136
24.0581	137
24.1269	137
24.1936	137
24.2614	136
24.3312	137
24.4	137
24.4678	137
24.5361	136
24.6059	137
24.6736	137
24.7404	136
24.8092	136
24.879	137
24.9488	137
25.0171	137
25.0849	137
25.1547	137
25.2245	137
25.2928	137
25.359	137
25.4241	136
25.4903	135
25.5581	135
25.6279	135
25.6983	136
25.9745	136
26.0434	136
26.1132	137
26.1809	137
26.2466	136
26.3101	135
26.3112	126
26.3763	119
26.3774	112
26.443	106
26.4441	101
26.5103	97
26.5113	93
26.5791	90
26.5802	87
26.649	85
26.65	83
26.7182	81
26.7193	80
26.7876	78
26.7886	77
26.8543	76
26.8554	75
26.9216	74
26.9226	73
26.9883	72
26.9893	71
27.0555	71
27.0566	70
27.1249	70
27.1259	70
27.1947	70
27.1957	70
27.2645	70
27.2655	70
27.3317	69
27.3328	69
27.3942	68
27.3953	67
27.4578	67
27.4588	66
27.5229	66
27.524	66
27.5907	66
27.5918	66
27.6605	67
27.6616	67
27.7304	67
27.7314	68
27.7997	68
27.8007	68
27.8685	68
27.8696	68
27.9336	68
27.9347	67
27.9993	67
28.0004	67
28.0676	67
28.0687	67
28.1374	67
28.1385	68
28.2072	68
28.2083	68
28.2755	68
28.2766	68
28.3428	68
28.3438	68
28.411	68
28.4121	68
28.4804	68
28.4814	68
28.5502	68
28.5513	68
28.6201	68
28.6211	69
28.6831	68
28.6841	67
28.7477	67
28.7488	66
28.8123	66
28.8134	66
28.8775	66
28.8785	66
28.9431	66
28.9442	66
29.0093	66
29.0104	66
29.0781	74
29.0792	74
29.148	81
29.149	80
29.2168	87
29.2178	85
29.2866	91
29.2877	89
29.3549	95
29.3559	91
29.4242	97
29.4258	94
29.6233	98
29.6921	103
29.7619	107
29.8317	111
29.9016	115
30.0975	116
30.1643	119
30.2341	121
30.3039	123
30.3722	125
30.4389	126
30.5072	127
30.577	129
30.6469	130
30.7167	131
30.786	132
30.8559	133
30.9246	133
30.9945	134
31.0622	134
31.1289	134
31.1988	134
31.2686	135
31.3384	136
31.4046	136
31.4719	135
31.5412	135
31.611	136
31.6767	136
31.7434	135
31.8127	135
31.8826	136
31.9519	136
32.0196	136
32.0868	136
32.1557	136
32.2255	136
32.2938	136
32.3636	136
32.4329	137
32.5002	137
32.57	137
32.6357	136
32.7003	136
32.7654	135
32.8311	134
32.8321	126
32.9015	119
32.9025	113
32.9708	107
32.9718	102
33.0395	98
33.0406	94
33.1073	91
33.1084	88
33.1751	86
33.1761	83
33.2439	90
33.2449	87
33.3122	93
33.3132	90
33.381	96
33.3821	93
33.3831	90
33.4514	87
33.4524	85
33.4535	83
33.5212	81
33.5222	80
33.5233	79
33.59	77
33.591	76
33.5921	75
33.6593	83
33.6603	81
33.6614	80
33.7265	87
33.7276	84
33.7286	82
33.7948	88
33.7959	86
33.7969	84
33.798	82
33.8642	80
33.8652	79
33.8663	78
33.8673	77
33.934	76
33.935	75
33.9361	74
33.9371	74
34.0033	82
34.0044	80
34.0054	79
34.0065	78
34.0731	85
34.2092	83
34.2102	81
34.2775	79
34.2785	78
34.2796	77
34.3478	76
34.3488	75
34.3499	74
34.4161	74
34.4171	73
34.4182	73
34.4859	80
34.487	79
34.488	78
34.5521	85
34.5532	83
34.5542	81
34.5553	79
34.6151	77
34.6162	75
34.6172	74
34.6183	72
34.6819	71
34.6829	71
34.684	70
34.685	70
34.7512	70
34.7523	70
34.7533	70
34.7544	70
34.821	78
34.8221	77
34.8231	76
34.8242	76
34.8893	83
34.8903	81
34.8914	80
34.8924	78
34.955	85
34.956	82
34.9571	80
34.9581	79
35.018	84
35.019	82
35.0201	80
35.0211	78
35.0222	76
35.0831	75
35.0842	73
35.0852	72
35.0863	71
35.0873	70
35.1504	70
35.1514	69
35.1525	69
35.1535	69
35.1546	68
35.2208	69
35.2218	69
35.2229	69
35.2239	69
35.225	69
35.2895	69
35.2906	69
35.2916	69
35.2927	69
35.2937	69
35.3578	69
35.3588	69
35.3599	69
35.3609	69
35.362	69
35.4266	77
35.4277	76
35.4287	75
35.4298	74
35.4308	74
35.4965	81
35.4975	80
35.6325	78
35.6335	77
35.6346	75
35.6976	82
35.6987	80
35.6997	78
35.7654	85
35.7664	83
35.7675	81
35.8347	88
35.8363	85
35.9733	83
36.0363	81
36.0374	79
36.0989	84
36.0999	82
36.1629	87
36.164	84
36.2297	90
36.2307	87
36.2995	93
36.5033	98
36.5674	102
36.5684	97
36.6341	93
36.6351	90
36.6992	87
36.7003	84
36.767	82
36.768	80
36.8368	79
36.8379	77
36.9066	76
36.9077	76
36.9749	75
36.976	74
37.0416	81
37.0427	80
37.1099	86
37.111	84
37.1787	91
37.1798	88
37.2486	94
37.4565	99
37.5222	104
37.5868	107
37.6525	110
37.6535	104
37.7208	100
37.7218	96
37.7891	92
37.7901	89
37.8584	87
37.8595	84
37.9282	83
37.9293	81
37.9949	88
37.996	85
38.0622	91
38.0632	88
38.1299	94
38.131	91
38.1977	96
38.1987	93
38.2665	98
38.2676	94
38.2686	91
38.3363	89
38.3374	86
38.3384	84
38.4061	82
38.4072	81
38.4083	79
38.4729	78
38.4739	76
38.475	75
38.5364	73
38.5375	72
38.5385	71
38.6005	70
38.6016	69
38.6026	69
38.6657	68
38.6667	68
38.6678	67
38.7313	67
38.7324	67
38.7334	67
38.7986	67
38.7996	67
38.8007	67
38.8679	67
38.8689	67
38.87	67
38.9377	68
38.9388	68
38.9398	68
39.006	68
39.007	68
39.0081	68
39.0763	68
39.0774	69
39.0784	69
39.143	68
39.1441	68
39.1451	68
39.2082	67
39.2092	67
39.2103	67
39.2733	67
39.2744	66
39.2754	66
39.3416	66
39.3427	66
39.3437	67
39.4115	67
39.4125	67
39.4136	68
39.4818	68
39.4829	68
39.4839	68
39.5516	68
39.5527	68
39.5537	69
39.6168	68
39.6178	68
39.6189	67
39.684	67
39.6851	67
39.6861	67
39.7492	67
39.7502	67
39.7513	66
39.8148	66
39.8159	66
39.8169	66
39.8836	66
39.8847	66
39.8857	67
39.9535	67
39.9545	67
39.9556	68
40.0223	68
40.0233	68
40.0244	68
40.0895	68
40.0905	68
40.0916	67
40.1578	67
40.1588	67
40.1599	67
40.2229	67
40.224	67
40.225	67
40.2886	66
40.2896	66
40.2907	66
40.3579	66
40.359	67
40.36	67
40.4277	67
40.4288	68
40.4298	68
40.4971	68
40.4981	68
40.4992	68
40.5669	68
40.5679	68
40.569	68
40.6346	68
40.6357	68
40.6367	68
40.7019	68
40.7029	68
40.704	68
40.767	67
40.768	67
40.7691	67
40.8316	66
40.8327	66
40.8337	66
40.8962	66
40.8973	65
40.8983	65
40.9645	66
40.9656	66
40.9666	66
41.0338	75
41.0349	74
41.0359	74
41.1037	81
41.1047	80
41.1058	79
41.1714	86
41.1725	84
41.1735	82
41.2412	89
41.2423	86
41.2434	84
41.308	90
41.309	88
41.3101	85
41.3111	83
41.3773	81
41.3784	80
41.3794	78
41.3805	77
41.4471	76
41.4482	75
41.4492	75
41.4503	74
41.517	73
41.518	73
41.5191	72
41.5201	72
41.5852	72
41.5863	71
41.5873	71
41.5884	71
41.653	78
41.6541	77
41.6551	76
41.6562	75
41.7197	82
41.7208	80
41.7218	78
41.7229	77
41.787	83
41.788	82
41.7891	80
41.7901	79
41.7912	77
41.8563	76
41.8574	75
41.8584	74
41.8595	74
41.8605	73
41.9261	73
41.9272	72
41.9282	72
41.9293	72
41.9303	72
41.9954	80
41.9965	78
41.9975	77
41.9986	76
41.9996	75
42.0658	83
42.195	81
42.1961	79
42.1971	77
42.258	83
42.2591	80
42.2601	78
42.3221	84
42.3232	82
42.3242	79
42.3253	78
42.3878	76
42.3889	74
42.3899	73
42.391	72
42.4561	72
42.4571	71
42.4582	71
42.4592	71
42.5259	70
42.527	70
42.528	70
42.5291	70
42.5953	78
42.5963	77
42.5974	77
42.5984	76
42.6651	83
42.6661	82
42.6672	80
42.6682	79
42.7333	86
42.7344	84
42.7354	82
42.7365	80
42.7376	79
42.8032	78
42.8042	77
42.8053	76
42.8063	75
42.8074	74
42.8714	73
42.8725	73
42.8735	72
42.8746	71
42.8756	71
42.9397	71
42.9408	70
42.9418	70
42.9429	70
42.9439	70
43.0085	78
43.0096	77
43.0106	76
43.0117	75
43.0127	74
43.0783	82
43.0794	80
43.0804	79
43.0815	78
43.0825	77
43.1482	84
43.1492	83
43.1503	81
43.1513	80
43.1524	79
43.2175	86
43.2185	84
43.2196	82
43.2206	80
43.2217	79
43.2847	86
43.2858	83
43.2868	81
43.2879	80
43.2889	78
43.29	77
43.3514	75
43.3525	74
43.3535	73
43.3546	73
43.3556	72
43.3567	71
43.4213	71
43.4223	71
43.4234	71
43.4244	70
43.4255	70
43.4265	70
43.4911	70
43.4922	70
43.4932	70
43.4943	70
43.4953	70
43.4964	70
43.5594	70
43.5604	69
43.5615	69
43.5625	69
43.5636	69
43.5646	69
43.6261	68
43.6271	68
43.6282	68
43.6292	68
43.6303	68
43.6313	67
43.6944	67
43.6954	67
43.6965	67
43.6975	67
43.6986	67
43.6996	67
43.7642	68
43.7653	68
43.7663	68
43.7674	68
43.7684	68
43.7695	69
43.834	69
43.8351	69
43.8362	69
43.8372	69
43.8383	69
43.8393	69
43.9034	69
43.9044	69
43.9055	69
43.9065	69
43.9076	69
43.9086	69
43.9732	69
43.9743	69
43.9753	69
43.9764	69
43.9774	69
43.9785	69
44.0425	69
44.0436	69
44.0446	69
44.0457	69
44.0467	69
44.0478	69
44.1108	69
44.1119	68
44.1129	68
44.114	68
44.115	68
44.1161	68
44.1733	68
44.1744	67
44.1754	66
44.1765	66
44.1775	65
44.1786	65
44.2385	65
44.2395	65
44.2406	65
44.2416	65
44.2427	65
44.2437	65
44.3047	65
44.3057	65
44.3068	65
44.3078	65
44.3089	65
44.3099	65
44.373	65
44.374	66
44.3751	66
44.3761	66
44.3772	67
44.3782	67
44.4423	67
44.4434	67
44.4444	68
44.4455	68
44.4465	68
44.4476	68
44.5121	68
44.5132	68
44.5142	68
44.5153	69
44.5163	69
44.5174	69
44.5819	69
44.583	69
44.5841	69
44.5851	69
44.5862	69
44.5872	69
44.6502	69
44.6513	69
44.6523	69
44.6534	69
44.6544	68
44.6555	68
44.7154	68
44.7164	67
44.7175	67
44.7185	67
44.7196	66
44.7206	66
44.7805	66
44.7816	66
44.7826	66
44.7837	66
44.7847	65
44.7858	65
44.8451	65
44.8462	65
44.8472	65
44.8483	65
44.8493	65
44.8504	65
44.9097	65
44.9108	65
44.9118	64
44.9129	64
44.9139	64
44.915	64
44.977	64
44.978	65
44.9791	65
44.9801	65
44.9812	66
44.9822	66
45.0468	66
45.0479	67
45.0489	67
45.05	67
45.051	67
45.0521	68
45.1172	68
45.1182	68
45.1193	69
45.1203	69
45.1214	69
45.1224	69
45.1849	69
45.186	68
45.187	68
45.1881	68
45.1891	68
45.1902	68
45.2537	68
45.2548	68
45.2558	68
45.2569	68
45.2579	68
45.259	68
45.3231	68
45.3241	68
45.3252	68
45.3262	69
45.3273	69
45.3283	69
45.3929	69
45.3939	69
45.395	69
45.396	69
45.3971	69
45.3981	69
45.4632	69
45.4643	69
45.4653	69
45.4664	69
45.4674	69
45.4685	69
45.531	69
45.532	69
45.5331	69
45.5341	69
45.5352	68
45.5362	68
45.5966	68
45.5977	68
45.5987	67
45.5998	67
45.6008	67
45.6019	66
45.6618	66
45.6628	66
45.6639	66
45.6649	66
45.666	65
45.667	65
45.7275	65
45.7285	65
45.7296	65
45.7306	65
45.7317	65
45.7327	65
45.7947	65
45.7957	66
45.7968	66
45.7978	66
45.7989	66
45.7999	66
45.8645	66
45.8656	67
45.8666	67
45.8677	67
45.8687	68
45.8698	68
45.9344	68
45.9354	68
45.9365	68
45.9375	69
45.9386	69
45.9396	69
46.0037	69
46.0047	69
46.0058	69
46.0068	69
46.0079	69
46.0089	69
46.073	77
46.074	76
46.0751	76
46.0761	75
46.0772	74
46.0782	74
46.1418	81
46.1428	80
46.1439	78
46.1449	77
46.146	76
46.147	75
46.2116	82
46.2127	81
46.2137	80
46.2148	78
46.2158	77
46.2169	77
46.2814	84
46.2825	82
46.2835	81
46.2846	79
46.2856	78
46.2867	77
46.3513	84
46.3523	83
46.4221	81
46.4826	78
46.4836	77
46.4847	75
46.4857	73
46.4868	72
46.5477	71
46.5488	70
46.5498	70
46.5509	69
46.5519	68
46.6123	68
46.6134	68
46.6144	67
46.6155	67
46.6165	67
46.678	66
46.679	66
46.6801	66
46.6811	66
46.6822	66
46.7452	66
46.7463	66
46.7473	66
46.7484	66
46.7494	66
46.8135	66
46.8146	67
46.8156	67
46.8167	67
46.8177	67
46.8828	75
46.8839	75
46.8849	74
46.886	73
46.887	73
46.9527	81
46.9537	79
46.9548	78
46.9558	77
46.9569	77
47.0215	84
47.0225	82
47.0236	80
47.0246	79
47.0257	78
47.0267	77
47.0897	76
47.0908	75
47.0918	74
47.0929	73
47.0939	72
47.095	72
47.1565	71
47.1575	70
47.1586	70
47.1596	70
47.1607	69
47.1617	69
47.2248	69
47.2258	69
47.2269	69
47.2279	69
47.229	69
47.23	69
47.294	77
47.2951	76
47.2961	75
47.2972	75
47.2983	74
47.2993	74
47.3639	81
47.3649	80
47.366	78
47.367	77
47.3681	76
47.3691	76
47.4342	83
47.6328	88
47.6338	85
47.6349	83
47.6359	80
47.699	79
47.7	77
47.7011	76
47.7021	75
47.7636	73
47.7646	72
47.7657	71
47.7667	70
47.8298	70
47.8308	69
47.8319	69
47.8329	69
47.8975	76
47.8986	75
47.8996	74
47.9007	74
47.9674	81
47.9684	80
47.9695	79
48.1075	77
48.1727	84
48.1737	82
48.2383	88
48.2394	85
48.3045	91
48.3056	88
48.3718	93
48.3728	90
48.3739	87
48.4422	85
48.4432	83
48.4443	82
48.512	80
48.513	79
48.5141	78
48.5818	77
48.5829	76
48.5839	75
48.6501	74
48.6511	73
48.6522	73
48.7199	72
48.721	72
48.722	71
48.7892	71
48.7903	71
48.7913	71
48.8559	79
48.857	77
48.858	76
48.9179	82
48.919	80
48.92	78
48.9783	83
48.9794	80
48.9804	78
49.0403	83
49.0414	81
49.0424	78
49.1076	84
49.1086	82
49.1097	80
49.1774	87
49.1784	85
49.1795	83
49.2472	90
49.2483	88
49.2493	85
49.3171	92
49.3181	89
49.3192	87
49.3859	93
49.3869	90
49.388	87
49.4526	93
49.4536	90
49.4547	87
49.5214	93
49.5225	90
49.5235	87
49.5897	93
49.5908	90
49.5918	87
49.6596	93
49.6606	91
49.6617	88
49.7294	94
49.7304	91
49.7315	89
49.7987	95
49.7997	92
49.8008	89
49.8607	94
49.8617	90
49.8628	86
49.9237	91
49.9248	87
49.9258	84
49.9899	90
49.991	87
49.992	84
50.0572	90
50.0582	88
50.0593	85
50.127	91
50.128	89
50.1291	86
50.1963	93
50.1974	90
50.1984	87
50.2661	93
50.2672	91
50.2682	88
50.3329	94
50.3339	90
50.335	87
50.4011	93
50.4022	90
50.4032	88
50.4684	93
50.4694	90
50.4705	87
50.5377	93
50.5388	90
50.5398	87
50.6076	94
50.6086	91
50.6097	88
50.6774	94
50.6784	91
50.6795	89
50.7472	95
50.7483	92
50.7493	89
50.8145	95
50.8155	91
50.8166	88
50.8807	94
50.8817	90
50.8828	87
50.9468	93
50.9479	89
50.9489	86
51.0146	92
51.0157	89
51.0167	87
51.0819	92
51.0829	89
51.084	86
51.1512	92
51.1522	90
51.1533	87
51.221	94
51.2221	91
51.2231	88
51.2908	94
51.2919	91
51.2929	88
51.3544	94
51.3555	90
51.3565	87
51.4159	91
51.4169	88
51.418	84
51.4784	89
51.4794	86
51.4805	83
51.4815	81
51.544	79
51.5451	77
51.5461	76
51.5472	74
51.6129	73
51.6139	73
51.615	72
51.616	72
51.6822	71
51.6832	71
51.6843	71
51.6853	71
51.752	70
51.7531	70
51.7541	70
51.7552	70
51.8208	70
51.8219	70
51.8229	70
51.824	69
51.8907	78
51.8917	77
51.8928	76
51.8938	75
51.9579	82
51.9589	81
51.96	79
51.961	78
52.0251	84
52.0262	82
52.0272	81
52.0283	79
52.0913	85
52.0924	83
52.0934	81
52.0945	79
52.0955	78
52.1591	76
52.1601	75
52.1612	74
52.1622	73
52.1633	73
52.2289	72
52.23	72
52.231	71
52.2321	71
52.2331	71
52.2988	71
52.2998	71
52.3009	71
52.3019	71
52.303	70
52.3681	78
52.3691	77
52.3702	77
52.3712	76
52.3723	75
52.4369	82
52.4379	81
52.439	79
52.44	78
52.4411	77
52.4421	76
52.5046	75
52.5057	74
52.5067	73
52.5078	72
52.5088	72
52.5099	71
52.574	71
52.575	71
52.5761	71
52.5771	71
52.5782	71
52.5792	71
52.6433	78
52.6443	77
52.6454	76
52.6464	76
52.6475	75
52.6485	74
52.7115	81
52.7126	80
52.7136	78
52.7147	77
52.7157	76
52.7168	75
52.7178	74
52.7819	74
52.7829	73
52.784	73
52.785	72
52.7861	72
52.7871	72
52.7882	72
52.8512	71
52.8523	71
52.8533	71
52.8544	71
52.8554	71
52.8565	71
52.8575	71
52.9179	78
52.919	76
52.92	75
52.9211	74
52.9221	73
52.9232	73
52.9242	72
52.9253	72
52.9873	71
52.9883	71
52.9894	71
52.9904	70
52.9915	70
52.9925	70
52.9936	70
52.9946	70
53.0571	70
53.0581	70
53.0592	70
53.0602	70
53.0613	70
53.0623	70
53.0634	70
53.0644	70
53.1264	78
53.1274	77
53.1285	76
53.1295	75
53.1306	74
53.1316	74
53.1327	73
53.1337	73
53.1348	72
53.1973	72
53.2692	72
53.2702	71
53.2713	70
53.3317	77
53.3328	76
53.3338	74
53.3349	73
53.3359	72
53.337	71
53.3984	70
53.3995	70
53.4005	70
53.4016	69
53.4026	69
53.4037	69
53.4683	69
53.4693	69
53.4704	69
53.4714	69
53.4725	69
53.4735	70
53.5323	77
53.5334	75
53.5344	74
53.5355	73
53.5365	72
53.5376	71
53.6001	78
53.6012	77
53.6022	76
53.6033	75
53.6043	74
53.6054	73
53.6064	73
53.6652	72
53.6663	71
53.6673	70
53.6684	69
53.6695	69
53.6705	68
53.6716	68
53.7314	67
53.7325	67
53.7335	67
53.7346	67
53.7356	67
53.7367	66
53.7377	66
53.7997	67
53.8008	67
53.8018	67
53.8029	67
53.8039	67
53.805	67
53.806	68
53.8696	76
53.8706	75
53.8717	74
53.8727	74
53.8738	74
53.8748	73
53.8759	73
53.9394	80
54.0113	78
54.0702	84
54.0712	81
54.0723	79
54.0733	77
54.0744	75
54.1321	73
54.1332	72
54.1342	71
54.1353	69
54.1363	68
54.1947	68
54.1957	67
54.1968	66
54.1978	66
54.1989	65
54.2619	65
54.263	66
54.264	66
54.2651	66
54.2661	67
54.3317	75
54.3328	74
54.3338	74
54.3349	73
54.3359	73
54.4016	80
54.4026	79
54.4037	78
54.4047	77
54.4058	76
54.4709	84
54.4719	82
54.473	80
54.474	79
54.4751	78
54.5392	85
54.5402	83
54.5413	81
54.5423	80
54.5434	78
54.5444	77
54.6064	76
54.6075	75
54.6085	74
54.6096	73
54.6106	72
54.6117	71
54.6752	71
54.6763	71
54.6773	70
54.6784	70
54.6794	70
54.6805	70
54.7451	70
54.7461	70
54.7472	70
54.7482	70
54.7493	70
54.7503	70
54.8149	69
54.816	69
54.817	69
54.8181	69
54.8191	69
54.8202	69
54.8847	69
54.8858	70
54.8868	70
54.8879	70
54.8889	70
54.89	70
54.9514	77
54.9525	76
54.9535	75
54.9546	74
54.9556	73
54.9567	72
55.0171	79
55.0181	78
55.0192	76
55.0202	75
55.0213	74
55.0223	73
55.0833	80
55.0843	78
55.0854	77
55.0864	75
55.0875	74
55.0885	73
55.15	80
55.151	78
55.1521	77
55.1531	76
55.1542	75
55.1552	74
55.2198	81
55.2209	80
55.2219	78
55.223	77
55.224	76
55.2251	76
55.2897	83
55.2907	81
55.2918	80
55.2928	79
55.2939	78
55.2949	77
55.359	84
55.36	82
55.3611	81
55.3622	79
55.3632	78
55.3643	77
55.4267	84
55.4278	82
55.4288	80
55.4299	79
55.4309	77
55.432	76
55.495	83
55.4961	81
55.4971	80
55.4982	78
55.4992	77
55.5003	76
55.5633	83
55.5644	81
55.5654	80
55.5665	78
55.5675	77
55.5686	76
55.6321	83
55.6332	81
55.6342	80
55.6353	79
55.6363	77
55.6374	76
55.702	83
55.703	82
55.7041	80
55.7051	79
55.7062	78
55.7072	77
55.7718	84
55.7729	82
55.7739	81
55.775	79
55.776	78
55.7771	77
55.839	84
55.8401	82
55.8411	80
55.8422	79
55.8432	78
55.8443	76
55.9078	83
55.9089	81
55.9099	80
55.911	78
55.9121	77
55.9131	76
55.9751	83
55.9761	81
55.9772	80
55.9782	78
55.9793	77
55.9803	76
56.0429	82
56.0439	81
56.045	79
56.046	78
56.0471	76
56.0481	75
56.1106	82
56.1117	81
56.1127	79
56.1138	78
56.1148	76
56.1159	75
56.1799	82
56.181	81
56.182	79
56.1831	78
56.1841	77
56.1852	76
56.2487	83
56.2498	82
56.2508	80
56.2519	79
56.2529	77
56.254	76
56.3186	83
56.3196	82
56.3207	80
56.3217	79
56.3228	78
56.3238	77
56.3884	84
56.3895	83
56.3905	81
56.3916	80
56.3926	79
56.3937	78
56.453	84
56.4541	82
56.4551	80
56.4562	78
56.4572	76
56.4583	75
56.5182	81
56.5192	79
56.5203	78
56.5213	76
56.5224	75
56.5234	74
56.5859	80
56.587	79
56.588	77
56.5891	76
56.5901	75
56.5912	74
56.6558	82
56.6568	80
56.6579	79
56.6589	78
56.66	77
56.661	76
56.7235	83
56.7246	81
56.7256	80
56.7267	78
56.7277	77
56.7288	76
56.7923	83
56.7934	81
56.7944	80
56.7955	78
56.7965	77
56.7976	76
56.8617	83
56.8627	82
56.8638	80
56.8648	79
56.8659	78
56.8669	77
56.9305	84
56.9315	82
56.9326	80
56.9336	79
56.9347	78
56.9357	77
57.0003	84
57.0013	82
57.0024	81
57.0034	79
57.0045	78
57.0055	77
57.0696	84
57.0707	82
57.0717	81
57.0728	79
57.0738	78
57.0749	77
57.14	84
57.2088	82
57.2697	79
57.2708	77
57.2718	76
57.2729	74
57.3338	80
57.3349	78
57.3359	77
57.337	75
57.4005	82
57.4016	80
57.4026	78
57.4037	77
57.4683	84
57.4693	82
57.4704	80
57.4714	79
57.5371	86
57.5382	84
57.5392	82
57.5403	80
57.607	87
57.7466	85
57.8144	91
57.8155	88
57.8832	94
57.8843	91
57.9531	97
58.2929	93
58.3622	99
58.4294	104
58.4977	108
58.5675	111
58.6379	115
58.9089	117
58.9751	119
59.0413	121
59.1085	122
59.1773	124
59.2476	126
59.5087	125
59.5728	125
59.6395	126
59.7088	127
59.7792	129
60.4619	129
60.5308	130
60.6006	131
60.6699	132
60.7376	133
60.9394	133
61.0077	133
61.0775	134
61.1473	134
61.2156	135
61.2838	135
61.2849	127
61.3537	119
61.3548	113
61.423	108
61.4241	103
61.4918	99
61.4929	95
61.5585	91
61.5596	88
61.6279	86
61.6289	83
61.6972	82
61.6983	80
61.767	79
61.7681	78
61.8358	76
61.8369	75
61.903	74
61.9041	73
61.9719	73
61.9729	72
62.0412	72
62.0422	71
62.111	71
62.1121	71
62.1809	71
62.1819	70
62.2507	70
62.2517	70
62.3205	70
62.3216	70
62.3883	70
62.3893	69
62.4566	69
62.4576	69
62.5254	69
62.5265	69
62.5947	69
62.5957	69
62.6645	69
62.6656	69
62.7328	69
62.7339	69
62.8001	68
62.8011	68
62.8662	68
62.8673	68
62.9345	68
62.9356	68
63.0049	68
63.0059	68
63.07	68
63.0711	67
63.1352	67
63.1362	67
63.2019	67
63.2029	66
63.2691	67
63.2702	67
63.3379	67
63.339	67
63.4078	67
63.4088	68
63.4776	68
63.4787	68
63.5469	68
63.548	68
63.6162	68
63.6173	68
63.6798	68
63.6808	67
63.7449	67
63.746	66
63.809	66
63.8101	66
63.8763	66
63.8773	66
63.9461	67
63.9472	67
64.0165	67
64.2187	76
64.2859	83
64.3558	90
64.6278	95
64.6977	92
64.7665	89
64.8363	87
64.904	84
64.9729	82
65.0427	80
65.1125	79
65.1813	87
65.2496	93
65.3174	98
65.3851	103
65.4534	107
65.5217	110
65.5916	114
65.6609	117
65.7307	120
65.7979	122
65.8652	123
65.9329	125
66.0007	126
66.0685	127
66.1373	128
66.2071	130
66.277	131
66.3468	132
66.4151	133
66.6126	132
66.6793	132
66.7465	132
66.8164	133
66.8857	134
66.9555	134
67.0243	135
67.2255	135
67.2949	135
67.3647	135
67.4329	136
67.5007	136
67.5674	135
67.5685	127
67.6378	120
67.6389	113
67.7061	108
67.7071	103
67.7764	99
67.7775	95
67.8441	92
67.8452	89
67.9109	86
67.9119	83
67.9786	81
67.9797	80
68.0464	78
68.0474	77
68.1157	76
68.1168	75
68.1855	74
68.1866	74
68.2554	73
68.2564	73
68.3231	72
68.3242	71
68.3904	71
68.3914	70
68.4602	70
68.4613	70
68.5301	70
68.5311	70
68.5994	70
68.6004	70
68.6687	69
68.6697	69
68.737	69
68.738	69
68.8063	69
68.8073	69
68.8756	69
68.8767	69
68.9465	69
69.144	77
69.2123	84
69.2821	91
69.3515	97
69.4203	102
69.4901	106
69.5578	110
69.7617	113
69.8315	116
69.9013	119
70.1708	121
70.2406	115
70.3099	109
70.3797	104
70.4449	99
70.5111	95
70.5778	91
70.6471	89
70.717	86
70.7847	84
70.8509	81
70.9166	79
70.9828	78
71.0516	77
71.1214	76
71.1912	75
71.2585	74
71.3283	82
71.3971	89
71.4669	95
71.5347	100
71.604	105
71.6733	109
71.7432	113
71.8114	116
71.8808	118
71.9506	121
72.1543	123
72.2221	124
72.2899	125
72.3577	126
72.4275	128
72.4963	129
72.4973	122
72.5661	115
72.5672	109
72.6339	104
72.6349	99
72.7006	95
72.7016	92
72.7689	89
72.7699	86
72.8377	84
72.8388	82
72.9071	80
72.9081	79
72.9769	78
72.9779	77
73.0472	76
73.0483	75
73.1134	74
73.1145	73
73.1785	72
73.1796	71
73.2432	70
73.2442	69
73.3099	69
73.3109	68
73.3771	68
73.3782	68
73.4465	68
73.4475	68
73.5163	68
73.5173	69
73.5861	69
73.5872	69
73.6565	69
73.6575	69
73.7237	69
73.7248	68
73.792	68
73.7931	68
73.8566	68
73.8577	67
73.9223	67
73.9233	67
73.9906	67
73.9916	67
74.0604	67
74.0615	68
74.1298	68
74.1308	68
74.198	68
74.1991	68
74.2674	68
74.2684	68
74.3372	68
74.3383	68
74.4071	69
74.4081	69
74.4753	69
74.4764	68
74.5431	68
74.5441	68
74.6109	68
74.6119	68
74.6807	68
74.6818	68
74.75	68
74.7511	68
74.8188	68
74.8199	68
74.8882	68
74.8892	69
74.958	69
74.959	69
75.0252	69
75.0262	68
75.0919	68
75.093	68
75.1576	67
75.1586	67
75.2238	67
75.2248	67
75.2915	75
75.2926	74
75.3614	82
75.3624	81
75.4312	88
75.4323	86
75.4968	92
75.4979	88
75.5609	93
75.562	90
75.563	87
75.6277	84
75.6287	82
75.6298	80
75.6949	78
75.6959	77
75.697	75
75.7642	75
75.7653	74
75.7663	73
75.8341	73
75.8351	73
75.8362	72
75.9024	80
75.9034	79
75.9045	78
75.9717	85
75.9727	83
75.9738	81
76.0415	88
76.0426	86
76.1755	83
76.1765	81
76.2411	87
76.2422	84
76.3078	90
76.3089	87
76.3772	93
76.3787	90
76.5841	96
76.6544	101
76.9306	106
76.9979	109
77.0672	113
77.1376	116
77.4038	117
77.4684	118
77.5341	120
77.6013	122
77.6712	123
77.741	125
77.8103	127
77.8786	128
77.9479	129
78.0141	130
78.0808	130
78.1486	131
78.2163	131
78.2862	132
78.356	133
78.4253	134
78.4942	134
78.5619	134
78.6302	135
78.7	135
78.7694	135
78.8381	136
78.908	136
78.9778	136
79.0476	137
79.1154	137
79.1821	136
79.2493	136
79.3192	136
79.3895	137
79.6652	137
79.7351	137
79.8044	137
79.8742	137
79.9441	138
80.0118	138
80.0801	137
80.1484	137
80.2182	137
80.2881	137
80.3579	138
80.4277	138
80.4965	138
80.5596	137
80.6247	136
80.6925	135
80.7623	136
80.8327	136
81.111	136
81.1798	137
81.2496	137
81.3174	137
81.3846	137
81.4535	136
81.5233	137
81.5931	137
81.6582	137
81.7239	136
81.7896	135
81.8573	135
81.9256	135
81.9955	135
82.0653	136
82.1336	136
82.2019	136
82.267	136
82.3321	135
82.3989	134
82.4672	134
82.5365	135
82.6063	135
82.6736	135
82.7413	135
82.8096	135
82.8779	135
82.9478	136
83.0176	136
83.0843	136
83.1505	136
83.2188	135
83.2886	136
83.3584	136
83.4283	137
83.4939	136
83.5575	135
83.6226	134
83.6888	134
83.7566	134
83.8244	134
83.8254	126
83.8947	119
83.8958	113
83.9641	107
83.9651	103
84.0328	98
84.0339	94
84.1011	91
84.1022	88
84.1684	86
84.1694	83
84.2356	89
84.2367	87
84.3034	93
84.3044	90
84.3732	95
84.3743	92
84.4431	98
84.6484	94
84.7162	99
84.786	104
84.8553	108
84.8564	103
84.9257	99
84.9267	95
84.9945	92
84.9955	89
85.0622	86
85.0633	84
85.1289	90
85.13	87
85.1978	93
85.1988	90
85.2676	96
85.2687	93
85.3359	98
85.3369	95
85.4057	100
85.4067	96
85.4755	101
85.4766	98
85.6767	102
85.7445	106
85.7455	101
85.8143	97
85.8154	94
85.8831	91
85.8841	88
85.9529	85
85.954	83
86.0202	81
86.0212	80
86.0869	78
86.0879	76
86.1546	83
86.1557	82
86.2229	88
86.224	86
86.2933	92
86.4934	97
86.5585	101
86.6237	104
86.6893	108
86.7582	111
86.828	114
86.8978	117
87.1016	119
87.1673	121
87.2356	123
87.3049	124
87.3747	126
87.442	127
87.443	120
87.5092	113
87.5103	108
87.5775	103
87.5786	98
87.6463	94
87.6474	91
87.7162	89
87.7172	86
87.786	84
87.7871	82
87.8548	80
87.8559	79
87.9246	78
87.9257	77
87.9892	75
87.9903	74
88.0518	72
88.0528	71
88.1153	70
88.1164	69
88.1815	69
88.1826	68
88.2514	68
88.2524	69
88.3212	69
88.3222	69
88.3889	69
88.39	68
88.4572	68
88.4583	68
88.5271	68
88.5281	69
88.5953	68
88.5963	68
88.6641	68
88.6651	68
88.7339	68
88.735	68
88.8022	68
88.8033	68
88.8679	68
88.8689	68
88.9362	68
88.9372	68
89.006	68
89.007	68
89.0753	68
89.0764	68
89.1436	68
89.1446	68
89.2098	68
89.2108	67
89.2776	67
89.2786	67
89.3464	68
89.3474	68
89.4162	68
89.4172	68
89.486	68
89.4871	68
89.5543	68
89.5554	68
89.6215	68
89.6226	68
89.6888	68
89.6898	68
89.7566	68
89.7576	68
89.8264	68
89.8275	68
89.8962	68
89.8973	68
89.9661	68
89.9671	69
90.0359	69
90.037	69
90.1047	69
90.1057	69
90.1745	69
90.1756	69
90.2438	77
90.2448	76
90.31	84
90.311	82
90.3793	88
90.3804	86
90.4481	92
90.4492	89
90.518	95
90.519	92
90.7222	97
90.7879	101
90.8515	105
90.9161	108
90.9171	102
90.9833	98
90.9844	94
91.0532	91
91.0542	88
91.123	86
91.1241	84
91.1928	82
91.1939	80
91.2621	88
91.2632	85
91.3294	92
91.3304	89
91.3992	94
91.4003	91
91.4685	97
91.4696	94
91.5368	99
91.5378	95
91.5389	92
91.6077	89
91.7463	87
91.8146	93
91.8156	90
91.885	87
91.886	85
91.9543	83
91.9553	81
92.022	80
92.0231	78
92.0882	76
92.0893	75
92.1544	74
92.1555	73
92.2222	80
92.2232	79
92.291	86
92.292	84
92.3603	90
92.3613	88
92.4286	94
92.4296	91
92.4984	96
92.4995	93
92.5672	99
92.5683	95
92.5693	92
92.636	89
92.6371	86
92.6381	84
92.7038	82
92.7048	80
92.7059	78
92.7736	77
92.7747	76
92.7757	75
92.8434	75
92.8445	74
92.8455	73
92.9122	73
92.9133	72
92.9143	72
92.981	71
92.9821	71
92.9831	71
93.0508	70
93.0519	70
93.0529	70
93.117	70
93.1181	69
93.1191	69
93.1816	68
93.1827	68
93.1837	67
93.2489	67
93.2499	67
93.251	67
93.3187	67
93.3198	67
93.3208	68
93.3885	68
93.3896	68
93.3906	68
93.4584	68
93.4594	69
93.4605	69
93.5277	69
93.5287	69
93.5298	69
93.596	69
93.597	69
93.5981	69
93.6648	69
93.6658	68
93.6669	68
93.7346	68
93.7357	69
93.7367	69
93.8045	69
93.8055	69
93.8066	69
93.8738	69
93.8748	69
93.8759	69
93.9431	69
93.9441	69
93.9452	69
94.0103	69
94.0114	68
94.0124	68
94.0781	68
94.0791	68
94.0802	68
94.1479	68
94.149	68
94.15	68
94.2177	68
94.2188	69
94.2199	69
94.2876	69
94.2886	69
94.2897	69
94.3527	68
94.3538	68
94.3548	67
94.4194	67
94.4205	67
94.4215	67
94.4877	67
94.4888	67
94.4898	67
94.556	67
94.5571	68
94.5581	68
94.6259	68
94.6269	68
94.628	68
94.6962	68
94.6973	69
94.6983	69
94.7639	68
94.765	68
94.766	68
94.8322	68
94.8333	68
94.8343	68
94.9026	68
94.9036	68
94.9047	69
94.9698	68
94.9709	68
94.9719	68
95.036	68
95.037	67
95.0381	67
95.1032	67
95.1043	67
95.1053	67
95.17	67
95.171	67
95.1721	67
95.2393	67
95.2403	68
95.2414	68
95.3065	76
95.3076	75
95.3086	74
95.3753	81
95.3764	80
95.3774	79
95.4452	86
95.4462	84
95.4473	82
95.5134	89
95.5145	86
95.5155	84
95.5817	90
95.5828	88
95.5838	85
95.5849	83
95.6516	81
95.6527	80
95.6537	79
95.6548	77
95.722	76
95.723	76
95.7241	75
95.7251	75
95.7918	74
95.7928	73
95.7939	73
95.7949	72
95.86	72
95.8611	71
95.8621	71
95.8632	71
95.9294	79
95.9304	78
95.9315	77
95.9325	76
95.9982	83
95.9992	81
96.0003	80
96.0013	79
96.0659	85
96.067	83
96.0681	81
96.0691	80
96.0702	78
96.1363	77
96.1374	76
96.1384	76
96.1395	75
96.1405	74
96.2056	73
96.2067	73
96.2077	73
96.2088	72
96.2098	72
96.2734	79
96.2744	78
96.2755	77
96.2765	76
96.2776	75
96.3411	82
96.3422	80
96.3432	79
96.3443	78
96.3453	76
96.3464	75
96.4084	74
96.4094	73
96.4105	72
96.4115	72
96.4126	71
96.4136	70
96.4772	70
96.4782	70
96.4793	70
96.4803	70
96.4814	70
96.4824	70
96.546	78
96.5471	77
96.5481	76
96.5492	75
96.5502	74
96.5513	74
96.6158	81
96.6169	80
96.6893	78
96.7555	77
96.7566	76
96.7576	75
96.7587	75
96.8227	82
96.8238	80
96.8248	78
96.8259	77
96.8926	84
97.026	82
97.0932	88
97.0943	86
97.162	92
97.1631	89
97.2324	95
97.4393	100
97.5076	105
97.5086	100
97.5785	97
97.7812	102
97.85	106
97.9188	110
97.9876	113
98.0575	116
98.328	119
98.3978	121
98.4672	123
98.5354	125
98.6037	126
98.6714	127
98.7408	129
98.8101	130
98.8799	131
98.9498	132
99.017	132
99.08	132
99.1446	132
99.2092	131
99.2754	131
99.3453	132
99.8206	132
99.8899	132
99.9602	133
100.23	133
100.297	133
100.367	134
100.437	134
100.507	135
100.777	135
100.846	135
100.916	135
101.188	135
101.255	135
101.323	135
101.393	135
101.463	136
101.532	136
101.597	136
101.66	135
101.723	133
101.788	133
101.857	133
101.927	134
102.201	133
102.268	134
102.336	134
102.406	134
102.476	135
102.544	135
102.608	135
102.676	134
102.745	135
102.815	135
102.881	135
102.948	135
103.017	135
103.086	135
103.156	136
103.428	136
103.704	136
103.772	136
103.837	135
103.905	135
103.973	135
104.042	135
104.112	136
104.182	136
104.447	135
104.513	135
104.581	134
104.649	135
104.719	135
104.788	135
104.857	136
104.927	136
104.995	136
105.064	136
105.065	128
105.134	121
105.135	114
105.204	109
105.205	104
105.272	99
105.273	95
105.34	92
105.341	89
105.408	86
105.409	84
105.477	82
105.478	80
105.547	79
105.548	78
105.617	77
105.618	76
105.687	75
105.688	74
105.756	73
105.757	73
105.822	72
105.823	71
105.886	70
105.887	69
105.951	69
105.952	68
106.019	68
106.02	68
106.088	68
106.089	68
106.158	68
106.159	68
106.228	69
106.229	69
106.296	69
106.297	69
106.358	68
106.359	67
106.418	66
106.419	65
106.48	65
106.481	64
106.543	64
106.544	64
106.61	64
106.611	65
106.678	65
106.679	65
106.747	66
106.748	66
106.817	66
106.818	67
106.886	67
106.887	67
106.956	67
106.957	68
107.025	68
107.026	68
107.093	68
107.094	68
107.162	68
107.163	68
107.231	68
107.232	68
107.301	68
107.302	69
107.368	68
107.369	68
107.436	68
107.437	68
107.504	68
107.505	68
107.574	77
107.575	76
107.643	83
107.644	82
107.71	88
107.711	86
107.778	92
107.779	89
107.78	86
107.848	84
107.849	82
107.85	81
107.917	79
107.918	78
107.919	77
107.986	76
107.987	75
107.988	74
108.055	82
108.056	81
108.057	79
108.124	86
108.125	84
108.126	82
108.127	80
108.194	79
108.195	78
108.196	77
108.197	76
108.264	75
108.265	75
108.266	74
108.267	73
108.331	81
108.332	79
108.333	78
108.334	77
108.4	84
108.401	82
108.402	80
108.403	79
108.404	78
108.467	76
108.468	75
108.469	74
108.47	73
108.471	72
108.535	72
108.536	71
108.537	71
108.539	71
108.54	71
108.604	79
108.605	77
108.606	76
108.607	76
108.608	75
108.609	74
108.675	74
108.676	73
108.677	73
108.678	72
108.679	72
108.68	72
108.744	71
108.745	71
108.746	71
108.748	71
108.749	71
108.75	71
108.813	79
108.814	78
108.815	77
108.816	76
108.817	75
108.818	74
108.819	74
108.881	73
108.882	72
108.883	72
108.884	71
108.885	71
108.886	71
108.887	70
108.948	77
108.949	76
108.95	75
108.951	74
108.952	73
108.953	72
108.954	72
109.017	79
109.019	78
109.158	77
109.159	76
109.225	83
109.226	81
109.227	80
109.228	79
109.229	78
109.366	76
109.429	83
109.43	80
109.431	79
109.494	85
109.495	82
109.496	80
109.559	86
109.56	84
109.561	81
109.627	88
109.628	85
109.629	83
109.696	90
109.697	87
109.698	85
109.766	91
109.901	88
109.902	85
109.963	90
109.964	87
110.029	92
110.03	89
110.095	94
110.096	91
110.165	96
110.166	93
110.234	98
110.235	95
110.44	100
110.506	104
110.573	107
110.643	111
110.713	114
110.982	117
111.052	119
111.122	122
111.585	124
111.654	126
111.724	127
111.794	129
111.859	129
111.86	122
111.928	115
111.929	109
111.997	104
111.998	99
112.067	96
112.068	92
112.135	89
112.136	87
112.201	84
112.202	82
112.265	79
112.266	78
112.334	76
112.335	75
112.403	74
112.404	74
112.473	73
112.474	73
112.539	72
112.541	71
112.61	71
112.611	71
112.678	70
112.679	70
112.744	69
112.745	69
112.809	69
112.81	68
112.876	68
112.877	68
112.944	68
112.945	68
113.014	68
113.015	68
113.083	68
113.084	68
113.152	68
113.153	68
113.222	69
113.223	69
113.292	69
113.293	69
113.361	69
113.362	69
113.43	69
113.431	69
113.5	69
113.501	69
113.569	69
113.57	69
113.638	69
113.639	69
113.704	68
113.705	68
113.773	68
113.774	68
113.843	68
113.844	68
113.912	69
113.913	69
113.982	69
113.983	69
114.053	69
114.054	69
114.117	68
114.118	68
114.183	67
114.184	67
114.248	67
114.25	67
114.316	67
114.317	67
114.383	67
114.385	67
114.452	67
114.453	67
114.521	67
114.522	68
114.59	68
114.591	68
114.66	68
114.866	76
114.931	83
114.998	89
115.066	95
115.136	100
115.206	105
115.408	108
115.475	112
115.544	114
115.614	117
115.683	120
115.751	122
115.82	124
115.89	126
115.959	127
116.028	128
116.094	129
116.161	130
116.231	131
116.301	132
116.366	132
116.434	132
116.501	133
116.568	133
116.638	133
116.708	134
116.778	135
116.843	134
116.905	134
116.969	133
117.036	132
117.105	133
117.176	134
117.449	134
117.518	134
117.587	134
117.657	135
117.727	135
117.995	136
118.064	136
118.134	136
118.203	137
118.273	137
118.341	137
118.408	137
118.478	137
118.955	137
119.026	137
119.293	137
119.361	137
119.431	137
119.698	136
119.762	135
119.827	134
119.893	133
119.958	133
120.024	133
120.091	133
120.161	133
120.613	131
120.672	129
120.673	121
120.727	113
120.728	105
120.782	99
120.783	93
120.84	89
120.841	85
120.9	82
120.901	79
120.958	76
120.96	74
121.018	72
121.019	71
121.078	69
121.079	68
121.139	67
121.14	66
121.202	66
121.203	65
121.266	65
121.267	65
121.331	65
121.332	65
121.396	65
121.397	65
121.462	65
121.463	65
121.528	65
121.529	65
121.597	65
121.598	66
121.665	66
121.667	66
121.736	67
121.805	76
121.987	81
122.05	87
122.116	92
122.181	97
122.249	101
122.318	106
122.319	101
122.389	97
122.578	100
122.637	103
122.697	105
122.753	106
122.806	107
122.862	107
122.92	108
122.921	101
122.98	96
122.981	91
123.039	87
123.04	84
123.101	81
123.102	79
123.163	77
123.164	75
123.229	74
123.23	73
123.297	72
123.298	71
123.367	71
123.368	71
123.435	70
123.436	70
123.505	70
123.506	70
123.576	70
123.577	70
123.632	68
123.633	67
123.689	65
123.69	64
123.746	63
123.747	63
123.806	62
123.807	62
123.867	62
123.868	62
123.929	61
123.93	61
123.994	62
123.995	62
124.062	63
124.063	64
124.131	64
124.132	65
124.201	65
124.202	66
124.26	65
124.261	64
124.321	64
124.322	63
124.381	63
124.382	62
124.44	62
124.441	61
124.5	61
124.501	61
124.562	61
124.563	61
124.623	61
124.624	61
124.68	60
124.681	60
124.74	60
124.741	60
124.798	59
124.799	59
124.857	59
124.858	59
124.92	60
124.921	60
124.983	60
124.984	61
125.048	61
125.049	62
125.107	61
125.108	61
125.16	60
125.161	59
125.211	58
125.212	57
125.262	56
125.263	55
125.314	55
125.315	55
125.367	54
125.368	54
125.419	54
125.42	53
125.472	53
125.473	53
125.518	52
125.519	51
125.561	50
125.562	49
125.599	48
125.6	47
125.634	50
125.635	48
125.669	50
125.67	49
125.704	51
125.705	49
125.738	51
125.739	49
125.773	52
125.774	50
125.808	52
125.809	50
125.843	52
125.844	50
125.877	52
125.878	50
125.912	52
125.913	50
125.947	52
125.948	50
125.949	48
125.982	47
125.983	45
125.984	44
126.018	43
126.019	42
126.02	41
126.053	40
126.054	39
126.055	39
126.088	38
126.089	38
126.09	38
126.123	37
126.124	37
126.126	37
126.159	36
126.16	36
126.161	36
126.194	36
126.195	36
126.196	36
126.229	40
126.23	39
126.231	39
126.264	42
126.265	41
126.266	41
126.298	44
126.299	43
126.3	42
126.333	45
126.334	44
126.335	43
126.368	46
126.369	44
126.37	43
126.403	46
126.404	45
126.405	44
126.406	43
126.438	42
126.439	41
126.44	40
126.441	40
126.473	39
126.474	38
126.475	38
126.476	38
126.509	37
126.51	37
126.511	37
126.512	36
126.544	36
126.545	36
126.546	36
126.547	36
126.579	36
126.58	36
126.581	36
126.582	36
126.614	40
126.615	39
126.616	39
126.617	38
126.649	42
126.65	41
126.651	40
126.652	40
126.685	43
126.686	42
126.687	41
126.688	41
126.72	44
126.721	43
126.722	42
126.723	41
126.724	41
126.756	40
126.757	39
126.758	39
126.759	38
126.76	38
126.791	38
126.792	37
126.793	37
126.794	37
126.795	37
126.826	36
126.827	36
126.828	36
126.829	36
126.83	36
126.861	40
126.862	39
126.863	39
126.864	38
126.865	38
126.896	42
126.897	41
126.898	40
126.899	40
126.901	39
126.932	42
126.933	41
126.934	41
127.134	65
127.169	61
