10.0343	34
10.0775	35
10.1152	40
10.3311	40
10.3663	44
10.4016	47
10.4395	50
10.4406	49
10.4794	48
10.4805	47
10.5267	47
10.5278	47
10.5803	47
10.5813	48
10.6391	56
10.6402	57
10.6938	64
10.6948	62
10.6959	61
10.7558	61
10.7568	61
10.7579	61
10.8235	62
10.8246	63
10.8256	63
10.8939	64
11.0094	62
11.0105	61
11.0583	59
11.0593	58
11.1156	58
11.1166	57
11.1796	58
11.1807	59
11.2495	60
11.2506	61
11.3213	63
11.3223	64
11.3791	63
11.3801	62
11.44	69
11.441	68
11.493	74
11.4941	71
11.5456	75
11.5466	72
11.5986	76
11.5997	74
11.6533	78
11.6543	75
11.7105	79
11.7116	77
11.7694	81
11.7704	79
11.8298	83
11.8308	81
11.8912	86
11.8923	83
11.9522	88
11.9532	84
12.0147	89
12.0158	86
12.0767	90
12.0777	87
12.1376	91
12.1387	87
12.1991	92
12.2001	88
12.26	92
12.2611	88
12.3246	93
12.3257	89
12.3856	94
12.3866	90
12.4544	94
12.4554	91
12.5211	97
12.5221	93
12.5883	98
12.5894	94
12.6551	99
12.6561	95
12.7249	100
12.7259	96
12.796	102
12.7971	98
12.9792	93
13.0328	94
13.0869	96
13.1426	98
13.2035	100
13.2046	95
13.2702	92
13.2713	88
13.3406	86
13.3416	84
13.4104	82
13.4115	81
13.4782	79
13.4792	78
13.5428	76
13.5438	74
13.6037	73
13.6048	71
13.6647	77
13.6657	75
13.7266	81
13.7277	79
13.7913	85
13.7923	82
13.8585	88
13.8596	86
13.9268	92
13.9278	89
13.9966	95
13.9977	92
14.0664	98
14.0675	94
14.1358	100
14.1368	96
14.1993	100
14.2004	96
14.2619	99
14.2629	95
14.3249	98
14.3259	94
14.3874	98
14.3885	94
14.451	97
14.452	93
14.5187	98
14.5198	94
14.5886	99
14.5896	96
14.6584	101
14.6595	97
14.7256	102
14.7267	98
14.795	102
14.796	98
14.8648	103
14.8658	99
14.932	104
14.9331	99
14.9972	103
14.9982	99
15.0618	102
15.0628	97
15.128	101
15.129	97
15.1952	102
15.1963	97
15.264	102
15.2651	98
15.3339	103
15.3349	99
15.4022	103
15.4032	99
15.472	104
15.4731	100
15.5366	104
15.5377	99
15.6023	103
15.6033	98
15.6669	102
15.668	97
15.7326	101
15.7336	97
15.8009	101
15.8019	97
15.8707	102
15.8718	98
15.9405	103
15.9416	99
16.0098	104
16.0109	100
16.0786	104
16.0797	100
16.1459	104
16.1469	100
16.2142	104
16.2152	100
16.284	104
16.2851	100
16.493	105
16.5581	109
16.5592	103
16.6264	99
16.6275	95
16.6947	91
16.6958	88
16.7646	86
16.7656	84
16.8334	82
16.8344	80
16.9032	79
16.9043	78
16.971	85
16.972	83
17.0387	89
17.0398	87
17.1076	93
17.1086	90
17.1769	96
17.1779	92
17.2467	98
17.2478	95
17.3165	100
17.3176	96
17.4999	99
17.5655	102
17.6333	106
17.7016	110
17.7026	105
17.772	100
17.773	97
17.8418	93
17.8428	90
17.9111	88
17.9122	85
17.9809	83
17.982	82
18.0471	88
18.0482	86
18.1123	91
18.1133	88
18.1763	93
18.1774	89
18.2415	94
18.2425	91
18.3098	96
18.3108	92
18.3119	89
18.3807	87
18.5172	84
18.5797	90
18.6412	94
18.7037	98
18.7047	93
18.772	90
18.773	87
18.8413	85
18.8423	83
18.9106	81
18.9117	80
18.9805	78
18.9815	77
19.0482	85
19.0492	83
19.1154	89
19.1165	86
19.1827	92
19.1837	89
19.2505	95
19.2515	91
19.3182	97
19.3193	93
19.3203	90
19.3886	88
19.3896	85
19.3907	83
19.4579	81
19.459	80
19.46	79
19.5251	77
19.5262	76
19.5272	75
19.5939	74
19.595	73
19.596	73
19.6633	72
19.6643	72
19.6654	71
19.7321	71
19.7332	71
19.7342	70
19.8019	70
19.803	70
19.804	70
19.8717	70
19.8728	70
19.8738	70
19.939	69
19.94	69
19.9411	69
20.0062	69
20.0073	68
20.0083	68
20.075	68
20.0761	68
20.0772	68
20.1449	68
20.1459	68
20.147	68
20.2142	68
20.2153	69
20.2163	69
20.2835	69
20.2846	69
20.2856	69
20.3529	69
20.3539	69
20.355	69
20.4201	68
20.4211	68
20.4222	68
20.4899	68
20.491	68
20.492	68
20.5587	68
20.5598	68
20.5608	68
20.6286	68
20.6296	69
20.6307	69
20.6942	68
20.6953	68
20.6963	68
20.7604	67
20.7615	67
20.7625	67
20.8293	67
20.8303	67
20.8314	67
20.8991	68
20.9001	68
20.9012	68
20.9689	68
20.97	68
20.971	68
21.0388	69
21.0398	69
21.0409	69
21.1075	69
21.1086	69
21.1096	69
21.1737	68
21.1748	68
21.1758	68
21.2399	67
21.241	67
21.242	67
21.3098	67
21.3108	68
21.3119	68
21.3796	68
21.3807	68
21.3817	68
21.4489	68
21.45	68
21.451	68
21.5177	68
21.5188	68
21.5198	68
21.586	68
21.5871	68
21.5881	68
21.6554	68
21.6564	68
21.6575	68
21.7252	69
21.7262	69
21.7273	69
21.795	69
21.7961	69
21.7971	69
21.8617	69
21.8628	68
21.8638	68
21.9264	67
21.9274	67
21.9285	67
21.9936	67
21.9946	67
21.9957	67
22.0624	75
22.0634	74
22.0645	74
22.1291	81
22.1301	79
22.1312	78
22.1942	84
22.1953	82
22.1963	80
22.2599	86
22.2609	83
22.262	81
22.3256	87
22.3266	84
22.3277	82
22.3938	88
22.3949	86
22.3959	84
22.397	82
22.4642	80
22.4652	79
22.4663	78
22.4673	77
22.534	76
22.5351	75
22.5361	75
22.5372	74
22.6039	73
22.6049	73
22.606	72
22.607	72
22.6674	79
22.6684	77
22.6695	76
22.6705	74
22.7278	80
22.7289	78
22.7299	75
22.731	74
22.7887	79
22.7898	77
22.7909	75
22.7919	73
22.793	72
22.8539	71
22.8549	70
22.856	69
22.857	69
22.8581	68
22.9227	68
22.9238	68
22.9248	68
22.9259	68
22.9269	68
22.9925	68
22.9936	69
22.9946	69
22.9957	69
22.9967	69
23.0618	77
23.0629	76
23.0639	76
23.065	75
23.0661	74
23.1312	82
23.1327	80
23.2667	87
23.2677	84
23.2688	82
23.2698	80
23.3334	78
23.3344	77
23.3355	75
23.3365	74
23.4027	74
23.4038	73
23.4048	72
23.4059	72
23.472	80
23.4731	79
23.4741	78
23.4752	77
23.5408	84
23.5419	82
23.5429	80
23.544	79
23.608	86
23.6091	83
23.6101	82
23.6112	80
23.6122	79
23.6758	77
23.6769	76
23.6779	75
23.679	74
23.68	73
23.7451	72
23.7462	72
23.7472	72
23.7483	71
23.7493	71
23.8145	71
23.8155	70
23.8166	70
23.8176	70
23.8187	70
23.8843	70
23.8853	70
23.8864	70
23.8874	70
23.8885	70
23.9536	78
23.9547	77
23.9557	76
23.9568	75
23.9578	75
24.0229	82
24.024	80
24.025	79
24.0261	78
24.0271	77
24.0922	84
24.0933	83
24.0943	81
24.0954	80
24.0964	78
24.16	85
24.161	83
24.1621	81
24.1631	80
24.1642	78
24.2272	85
24.2283	83
24.2293	81
24.2304	79
24.2314	78
24.2325	76
24.2971	76
24.2982	75
24.2992	74
24.3003	74
24.3013	73
24.3024	73
24.3659	72
24.3669	71
24.368	71
24.369	71
24.3701	70
24.3711	70
24.4342	70
24.4352	70
24.4363	70
24.4373	69
24.4384	69
24.4394	69
24.5019	69
24.503	68
24.504	68
24.5051	68
24.5061	68
24.5072	68
24.5718	68
24.5728	68
24.5739	68
24.5749	68
24.576	68
24.577	69
24.6395	68
24.6406	68
24.6416	68
24.6427	68
24.6437	68
24.6448	68
24.7067	68
24.7078	68
24.7088	67
24.7099	67
24.7109	67
24.712	67
24.7761	67
24.7771	68
24.7782	68
24.7792	68
24.7803	68
24.7813	68
24.8454	68
24.8465	68
24.8475	68
24.8486	68
24.8496	68
24.8507	68
24.9152	69
24.9163	69
24.9173	69
24.9184	69
24.9194	69
24.9205	69
24.9835	69
24.9845	69
24.9856	69
24.9866	68
24.9877	68
24.9887	68
25.0518	68
25.0528	68
25.0539	68
25.0549	68
25.056	68
25.057	68
25.1216	68
25.1227	68
25.1237	68
25.1248	69
25.1258	69
25.1269	69
25.1915	69
25.1925	69
25.1936	69
25.1946	69
25.1957	69
25.1967	69
25.2608	69
25.2618	69
25.2629	69
25.2639	69
25.265	69
25.266	69
25.3275	69
25.3285	68
25.3296	68
25.3306	68
25.3317	68
25.3327	67
25.3947	67
25.3958	67
25.3968	67
25.3979	67
25.3989	67
25.4	67
25.4604	67
25.4614	67
25.4625	66
25.4635	66
25.4646	66
25.4656	66
25.5266	66
25.5276	66
25.5287	66
25.5297	66
25.5308	66
25.5318	66
25.5954	66
25.5964	66
25.5975	67
25.5985	67
25.5996	67
25.6006	67
25.6652	68
25.6663	68
25.6673	68
25.6684	68
25.6694	68
25.6705	69
25.735	69
25.7361	69
25.7371	69
25.7382	69
25.7393	69
25.7403	69
25.8049	69
25.8059	69
25.807	69
25.808	69
25.8091	69
25.8101	69
25.8732	69
25.8742	69
25.8753	69
25.8763	69
25.8774	69
25.8784	68
25.9425	68
25.9436	68
25.9446	68
25.9457	68
25.9467	68
25.9478	68
26.0113	68
26.0124	68
26.0134	68
26.0145	68
26.0155	68
26.0166	68
26.0812	69
26.0822	69
26.0833	69
26.0843	69
26.0854	69
26.0864	69
26.151	69
26.152	69
26.1531	69
26.1541	69
26.1552	69
26.1562	69
26.2198	69
26.2208	69
26.2219	69
26.2229	69
26.224	68
26.225	68
26.2844	68
26.2854	68
26.2865	67
26.2875	67
26.2886	67
26.2897	66
26.3485	66
26.3495	66
26.3506	65
26.3516	65
26.3527	65
26.3537	65
26.4152	65
26.4163	65
26.4173	65
26.4184	65
26.4194	66
26.4205	66
26.483	66
26.484	66
26.4851	66
26.4861	66
26.4872	66
26.4882	67
26.5502	67
26.5513	67
26.5523	67
26.5534	67
26.5544	67
26.5555	67
26.6196	67
26.6206	67
26.6217	67
26.6227	67
26.6238	68
26.6248	68
26.6894	68
26.6904	68
26.6915	68
26.6925	68
26.6936	69
26.6946	69
26.7587	69
26.7597	69
26.7608	69
26.7618	69
26.7629	69
26.764	69
26.8259	68
26.827	68
26.828	68
26.8291	68
26.8301	68
26.8312	68
26.8921	68
26.8932	68
26.8942	67
26.8953	67
26.8963	67
26.8974	67
26.9594	67
26.9604	67
26.9615	67
26.9625	67
26.9636	67
26.9646	67
27.0266	75
27.0277	74
27.0287	73
27.0298	72
27.0308	72
27.0319	71
27.0949	79
27.096	77
27.097	76
27.0981	75
27.0991	75
27.1002	74
27.1648	81
27.1658	80
27.1669	79
27.1679	78
27.169	77
27.17	76
27.2346	83
27.2356	81
27.2367	80
27.2377	79
27.2388	78
27.2398	77
27.3044	84
27.4352	89
27.4363	86
27.4373	83
27.4384	81
27.4982	79
27.4993	77
27.5003	75
27.5014	74
27.5639	80
27.565	78
27.566	77
27.5671	75
27.6338	82
27.8412	81
27.8422	79
27.9069	77
27.9079	76
27.909	75
27.972	73
27.973	72
27.9741	71
28.0398	71
28.0408	70
28.0419	70
28.1091	70
28.1101	70
28.1112	70
28.1789	70
28.18	70
28.181	70
28.2466	78
28.2477	77
28.2487	76
28.3144	83
28.3154	81
28.3165	79
28.3816	86
28.3827	84
28.3837	82
28.451	88
28.452	86
28.4531	84
28.5208	91
28.5219	88
28.7214	85
28.7845	83
28.7855	80
28.8496	86
28.8507	84
28.9148	89
28.9158	86
28.981	92
28.982	89
28.9831	86
29.0503	84
29.0514	82
29.0524	80
29.1201	79
29.1212	78
29.1222	77
29.19	76
29.191	75
29.1921	74
29.2593	74
29.2604	73
29.2614	73
29.3276	81
29.3286	79
29.3297	78
29.3969	85
29.3979	83
29.399	81
29.4636	88
29.4646	85
29.4657	83
29.5293	89
29.5303	86
29.5314	84
29.5944	89
29.5954	86
29.5965	84
29.5975	81
29.6616	80
29.6627	78
29.6637	77
29.6648	75
29.7315	75
29.7325	74
29.7336	73
29.7346	73
29.8013	72
29.8024	72
29.8034	72
29.8045	71
29.8706	71
29.8717	71
29.8727	70
29.8738	70
29.9357	70
29.9368	69
29.9378	68
29.9389	68
30.0019	68
30.003	67
30.004	67
30.0051	67
30.0671	67
30.0681	67
30.0692	66
30.0702	66
30.1338	66
30.1348	66
30.1359	66
30.1369	66
30.2021	66
30.2031	67
30.2042	67
30.2052	67
30.2714	67
30.2725	67
30.2735	67
30.2746	68
30.3412	68
30.3423	68
30.3433	68
30.3444	68
30.4069	68
30.4079	67
30.409	67
30.41	67
30.4741	67
30.4752	67
30.4762	67
30.4773	67
30.5424	67
30.5435	67
30.5445	67
30.5456	67
30.6122	68
30.6133	68
30.6143	68
30.6154	68
30.681	68
30.6821	68
30.6831	68
30.6842	68
30.7508	68
30.7519	68
30.7529	68
30.754	68
30.8196	68
30.8207	68
30.8217	68
30.8228	68
30.8894	69
30.8905	69
30.8915	69
30.8926	69
30.9577	69
30.9588	69
30.9598	68
30.9609	68
31.027	68
31.0281	69
31.0291	69
31.0302	69
31.0932	68
31.0943	68
31.0953	68
31.0964	67
31.1626	68
31.1636	68
31.1647	68
31.1657	68
31.2324	68
31.2334	68
31.2345	68
31.2355	69
31.3022	69
31.3033	69
31.3043	69
31.3054	69
31.3705	69
31.3715	69
31.3726	68
31.3736	68
31.4346	68
31.4356	67
31.4367	67
31.4377	66
31.5029	66
31.5039	67
31.505	67
31.506	67
31.5727	67
31.5738	68
31.5748	68
31.5759	68
31.6431	68
31.6441	68
31.6452	69
31.6462	69
31.7098	69
31.7108	68
31.7119	68
31.7129	68
31.7781	68
31.7791	68
31.7802	68
31.7812	68
31.8479	68
31.849	68
31.85	68
31.8511	68
31.9177	69
31.9188	69
31.9198	69
31.9209	69
31.9876	69
31.9886	69
31.9897	69
31.9907	69
32.0543	69
32.0553	68
32.0564	68
32.0574	68
32.1231	68
32.1241	68
32.1252	68
32.1262	68
32.1924	68
32.1935	68
32.1945	68
32.1956	68
32.2607	68
32.2617	68
32.2628	68
32.2638	68
32.33	68
32.3311	68
32.3321	69
32.3332	69
32.3993	77
32.4004	76
32.4014	75
32.4025	75
32.4666	82
32.4676	80
32.4687	79
32.4697	77
32.5364	84
32.5374	82
32.5385	81
32.5395	80
32.6041	87
32.6052	84
32.6062	82
32.6073	81
32.6688	87
32.6698	84
32.6709	81
32.6719	79
32.673	77
32.7344	76
32.7355	75
32.7365	73
32.7376	72
32.7386	72
32.8001	71
32.8011	70
32.8022	70
32.8032	69
32.8043	69
32.8684	68
32.8694	68
32.8705	68
32.8715	68
32.8726	68
32.9377	76
32.9387	76
32.9398	75
32.9408	74
32.9419	74
33.0075	81
33.0086	80
33.0096	79
33.1436	77
33.1446	76
33.1457	75
33.1467	74
33.2118	73
33.2129	72
33.2139	72
33.215	72
33.2807	79
33.2817	78
33.2828	77
33.2838	76
33.3495	83
33.3505	82
33.3516	80
33.3526	79
33.4188	86
33.4199	84
33.4209	82
33.422	80
33.4881	87
33.4892	85
33.4902	83
33.4913	82
33.4923	80
33.5585	79
33.5595	78
33.5606	77
33.5616	76
33.5627	75
33.6283	74
33.6294	74
33.6304	73
33.6315	73
33.6325	72
33.695	72
33.6961	71
33.6971	70
33.6982	70
33.6992	69
33.7617	69
33.7628	69
33.7638	68
33.7649	68
33.7659	68
33.83	76
33.8311	75
33.8321	74
33.8332	74
33.8342	73
33.8999	81
33.9009	79
33.902	78
33.903	77
33.9041	76
33.9692	84
33.9702	82
33.9713	81
33.9723	79
33.9734	78
34.039	85
34.0401	83
34.0411	82
34.0422	80
34.0432	79
34.1088	86
34.1099	84
34.2428	82
34.2438	80
34.2449	78
34.2459	77
34.3126	76
34.3137	75
34.3147	74
34.3158	74
34.3824	73
34.3835	73
34.3845	73
34.3856	72
34.4507	80
34.4518	79
34.4528	77
34.4539	76
34.5201	84
34.5211	82
34.5222	80
34.5232	79
34.5841	86
34.5852	83
34.5862	81
34.5873	79
34.5883	77
34.6482	75
34.6493	74
34.6503	72
34.6514	71
34.6524	70
34.7155	70
34.7165	69
34.7176	69
34.7186	69
34.7197	68
34.7853	69
34.7864	69
34.7874	69
34.7885	69
34.7895	69
34.8557	69
34.9854	76
34.9865	75
34.9875	73
35.0485	80
35.0495	78
35.0506	76
35.1147	82
35.1157	80
35.1168	79
35.184	85
35.1851	84
35.1861	82
35.2543	89
35.3925	86
35.4623	84
35.6624	90
35.727	95
35.7964	100
35.8667	104
36.1283	107
36.1945	110
36.2633	113
36.3326	116
36.4024	119
36.4707	121
36.5353	123
36.6005	123
36.6661	124
36.7328	125
36.8022	127
36.8725	128
37.1441	129
37.2144	130
37.4891	131
37.5532	131
37.6188	131
37.6861	131
37.7544	131
37.8237	132
37.8936	133
37.9634	134
38.2355	134
38.3048	134
38.3747	135
38.4424	135
38.5075	135
38.5716	134
38.6362	133
38.7009	133
38.7676	132
38.8364	133
38.9062	134
38.9766	134
39.2429	134
39.3085	133
39.3096	125
39.3779	118
39.3789	112
39.4477	106
39.4487	102
39.518	98
39.5191	94
39.5863	91
39.5873	88
39.6514	85
39.6525	83
39.7176	80
39.7187	79
39.7833	77
39.7843	75
39.8505	74
39.8516	73
39.9209	73
39.922	72
39.9913	72
39.9923	72
40.0579	71
40.059	70
40.1268	70
40.1278	70
40.1924	69
40.1935	69
40.2576	68
40.2586	68
40.3253	68
40.3264	68
40.3957	68
40.3968	68
40.464	68
40.465	68
40.5327	68
40.5338	68
40.6031	68
40.6041	69
40.6698	68
40.6709	68
40.7344	68
40.7355	67
40.799	67
40.8001	67
40.8647	66
40.8658	66
40.932	66
40.933	66
41.0018	67
41.0028	67
41.0716	67
41.0727	68
41.1404	68
41.1415	68
41.2087	68
41.2098	68
41.2759	68
41.277	67
41.3447	68
41.3458	68
41.4146	68
41.4156	68
41.4839	68
41.485	68
41.5537	68
41.5548	68
41.621	68
41.622	68
41.6887	68
41.6898	68
41.756	68
41.757	68
41.8243	68
41.8253	68
41.8941	68
41.8952	68
41.9639	68
41.965	68
42.0338	68
42.0348	69
42.1015	68
42.1025	68
42.1656	68
42.1666	67
42.2292	67
42.2302	66
42.2922	66
42.2932	66
42.3568	73
42.3579	72
42.4235	79
42.4246	78
42.4929	85
42.4939	83
42.5622	90
42.5637	87
42.7711	93
42.8405	99
42.9098	104
42.9791	108
43.049	112
43.4596	115
43.5294	118
43.5972	121
43.6649	122
43.7338	124
43.8026	126
43.8724	127
43.9417	129
44.0115	130
44.0809	131
44.1444	131
44.2085	131
44.2732	130
44.3409	131
44.4103	131
44.4801	132
44.5499	133
44.6197	134
44.687	134
44.7516	134
44.8162	133
44.8803	133
44.946	132
45.0158	132
45.0857	133
45.1539	134
45.2222	134
45.2915	135
45.3614	135
45.4312	136
45.501	136
45.5678	136
45.6329	135
45.698	135
45.7642	134
45.8325	134
45.9023	135
45.9717	135
46.0415	136
46.1113	136
46.1806	136
46.2505	137
46.4547	136
46.5188	135
46.5845	134
46.6496	134
46.7153	133
46.783	133
46.7841	125
46.8529	118
46.854	112
46.9227	107
46.9238	102
46.9915	98
46.9926	94
47.0603	91
47.0614	88
47.1291	86
47.1302	84
47.1964	81
47.1974	80
47.2657	78
47.2668	77
47.3345	76
47.3355	75
47.4043	74
47.4054	74
47.4741	73
47.4752	73
47.5403	72
47.5414	71
47.6033	70
47.6044	69
47.6701	69
47.6711	68
47.7352	68
47.7363	68
47.8009	67
47.8019	67
47.8692	67
47.8702	67
47.939	67
47.9401	68
48.0083	68
48.0094	68
48.0781	68
48.0792	68
48.1448	68
48.1459	68
48.2126	68
48.2137	68
48.2783	67
48.2793	67
48.3455	67
48.3466	67
48.4138	67
48.4149	67
48.4836	67
48.4847	68
48.5529	68
48.554	68
48.6217	68
48.6228	68
48.6916	68
48.6926	68
48.7609	77
48.7619	76
48.8297	84
48.8307	82
48.8937	88
48.8948	85
48.9552	90
48.9563	87
49.0167	91
49.0177	87
49.0818	92
49.0829	89
49.1506	94
49.1517	91
49.221	97
49.4269	102
49.4951	106
49.5634	110
49.6333	113
49.7031	117
49.7709	119
49.9657	120
50.0325	121
50.1013	123
50.1711	125
50.2399	127
50.3076	128
50.3744	129
50.4432	129
50.5125	130
50.5824	131
50.857	132
50.9227	132
50.9904	132
51.0577	132
51.1265	133
51.1964	134
51.2662	134
51.3313	134
51.3922	133
51.4547	132
51.5183	131
51.5855	131
51.6554	132
51.7242	133
51.7914	133
51.8613	133
51.9306	134
51.9989	134
52.0651	134
52.1307	134
52.2001	134
52.2699	135
52.3397	135
52.408	135
52.4752	135
52.5435	135
52.6123	136
52.6821	136
52.7514	136
52.8197	136
52.888	136
52.9563	136
53.0261	137
53.0959	137
53.1658	137
53.2356	137
53.505	137
53.7682	137
53.8381	137
53.9079	137
53.9777	137
54.0418	137
54.1038	135
54.1652	134
54.2304	133
54.2992	133
54.3685	134
54.4383	134
54.5056	134
54.5738	134
54.6416	135
54.7115	135
54.7813	136
54.8511	136
54.9199	136
54.9845	136
55.0507	135
55.1169	135
55.1862	135
55.2556	135
55.3254	136
55.3952	136
55.4625	136
55.5297	136
55.598	136
55.6673	136
55.7372	136
55.807	137
55.8758	137
55.943	137
56.0098	136
56.0765	136
56.1448	136
56.2141	136
56.2839	136
56.3532	136
56.4204	136
56.4856	136
56.4866	127
56.5528	119
56.5539	113
56.6222	107
56.6232	103
56.692	98
56.693	95
56.7603	92
56.7613	89
56.8281	86
56.8291	84
56.8963	90
56.8974	87
56.9662	94
56.9672	91
57.0355	96
57.0365	93
57.1053	99
57.1064	95
57.3023	99
57.3674	103
57.4341	107
57.5024	110
57.5035	105
57.5728	100
57.5739	97
57.6416	93
57.6426	90
57.7114	87
57.7125	85
57.7797	83
57.7808	81
57.8486	88
57.8496	86
57.9179	92
57.9189	89
57.9877	95
57.9888	92
58.0565	98
58.0575	94
58.1216	99
58.1227	95
58.1237	91
58.1883	88
58.1894	85
58.1904	83
58.2582	81
58.2592	80
58.2603	79
58.328	77
58.3291	76
58.3301	76
58.3974	75
58.3984	74
58.3995	73
58.4667	73
58.4677	72
58.4688	72
58.5366	71
58.5376	71
58.5387	71
58.6069	71
58.608	71
58.609	71
58.6757	70
58.6767	70
58.6778	70
58.745	70
58.7461	70
58.7471	70
58.8148	70
58.8159	69
58.8169	69
58.8795	69
58.8805	68
58.8816	68
58.9457	67
58.9467	67
58.9478	67
59.0124	67
59.0134	67
59.0145	67
59.0786	67
59.0796	67
59.0807	66
59.1484	67
59.1495	67
59.1505	67
59.2183	68
59.2193	68
59.2204	68
59.2876	68
59.2886	68
59.2897	68
59.3574	68
59.3584	69
59.3595	69
59.4225	68
59.4236	68
59.4246	67
59.484	66
59.485	66
59.4861	65
59.547	65
59.5481	65
59.5491	64
59.6117	64
59.6127	64
59.6138	64
59.6794	65
59.6805	65
59.6815	65
59.7492	66
59.7503	66
59.7513	67
59.8191	67
59.8201	67
59.8212	68
59.8874	68
59.8884	68
59.8895	68
59.9561	68
59.9572	68
59.9582	68
60.0223	68
60.0234	67
60.0244	67
60.0901	67
60.0912	67
60.0922	67
60.1605	68
60.1615	68
60.1626	68
60.2303	68
60.2313	68
60.2324	68
60.2986	68
60.2996	68
60.3007	68
60.3653	68
60.3663	68
60.3674	68
60.4309	67
60.432	67
60.433	67
60.4987	67
60.4998	67
60.5008	67
60.5686	67
60.5696	67
60.5707	68
60.6384	68
60.6394	68
60.6405	68
60.7066	68
60.7077	68
60.7087	68
60.7728	68
60.7739	67
60.7749	67
60.839	67
60.8401	67
60.8411	67
60.9052	75
60.9063	74
60.9073	73
60.9735	80
60.9746	79
60.9756	78
61.0434	85
61.0444	83
61.0455	81
61.1132	88
61.1142	86
61.1153	84
61.182	91
61.183	88
61.1841	86
61.1851	84
61.2523	82
61.2534	80
61.2544	79
61.2555	78
61.3206	77
61.3217	75
61.3227	74
61.3238	74
61.3899	73
61.391	73
61.392	72
61.3931	72
61.4587	80
61.4598	79
61.4608	77
61.4619	76
61.5244	83
61.5254	81
61.5265	79
61.5275	78
61.5927	84
61.5937	82
61.5948	81
61.5958	79
61.5969	78
61.6631	77
61.6641	76
61.6652	75
61.6662	75
61.6673	74
61.7329	73
61.7339	73
61.735	72
61.7361	72
61.7371	72
61.8022	71
61.8033	71
61.8043	71
61.8054	71
61.8064	71
61.8715	79
61.8726	78
61.8736	77
61.8747	76
61.8757	75
61.9403	82
61.9414	81
61.9424	79
61.9435	78
61.9445	77
61.9456	76
62.0097	75
62.0107	74
62.0118	74
62.0128	73
62.0139	72
62.0149	72
62.0795	72
62.0806	71
62.0816	71
62.0827	71
62.0837	71
62.0848	71
62.1483	79
62.1494	78
62.1504	77
62.1515	76
62.1525	75
62.1536	74
62.1546	74
62.2187	73
62.2197	73
62.2208	72
62.2218	72
62.2229	72
62.2239	71
62.225	71
62.2875	71
62.2885	71
62.2896	71
62.2906	70
62.2917	70
62.2927	70
62.2938	70
62.3541	78
62.3552	76
62.3562	75
62.3573	74
62.3583	73
62.3594	73
62.3604	72
62.3615	71
62.423	71
62.424	71
62.4251	70
62.4261	70
62.4272	70
62.4282	70
62.4293	70
62.4303	69
62.4907	69
62.4918	69
62.4928	69
62.4939	69
62.4949	69
62.496	68
62.497	68
62.4981	68
62.5601	76
62.5611	75
62.5622	75
62.5632	74
62.5643	74
62.5653	73
62.5664	73
62.5674	73
62.5685	72
62.6288	72
62.6299	71
62.6309	71
62.632	71
62.633	70
62.6341	70
62.6351	70
62.6362	70
62.6372	70
62.6971	77
62.6981	76
62.6992	76
62.7002	75
62.7013	74
62.7023	73
62.7034	73
62.7044	72
62.7055	72
62.7065	71
62.7649	71
62.7659	70
62.767	70
62.768	69
62.7691	69
62.7701	69
62.7712	69
62.7722	69
62.7733	69
62.7743	69
62.83	75
62.831	74
62.8321	73
62.8331	72
62.8342	72
62.8353	71
62.8363	70
62.8374	70
62.8384	69
62.8395	69
62.8967	75
62.8978	74
62.8988	73
62.8999	72
62.9009	72
62.902	71
62.903	71
62.9041	70
62.9051	70
62.9062	70
62.9072	69
62.9666	69
63.0396	69
63.0406	68
63.0417	68
63.0427	68
63.1021	75
63.1031	74
63.1042	73
63.1052	72
63.1063	71
63.1073	71
63.1084	70
63.1094	70
63.1677	69
63.1688	69
63.1698	68
63.1709	68
63.1719	67
63.173	67
63.174	67
63.1751	67
63.235	67
63.236	67
63.2371	67
63.2381	67
63.2392	67
63.2402	67
63.2413	68
63.2423	68
63.3027	75
63.3038	74
63.3048	73
63.3059	73
63.3069	72
63.308	71
63.3091	71
63.3101	71
63.3112	70
63.3731	70
63.3742	70
63.3752	70
63.3763	70
63.3773	70
63.3784	70
63.3794	70
63.3805	70
63.3815	70
63.4429	70
63.444	70
63.445	70
63.4461	70
63.4471	70
63.4482	70
63.4492	70
63.4503	70
63.4513	70
63.5107	78
63.5117	76
63.5128	75
63.5138	74
63.5149	74
63.5159	73
63.517	72
63.518	72
63.5191	71
63.58	78
63.5816	77
63.6525	76
63.6535	75
63.6546	73
63.7139	72
63.715	71
63.716	71
63.7171	70
63.7181	69
63.7192	69
63.778	76
63.7791	74
63.7801	73
63.7812	72
63.7822	71
63.7833	70
63.8426	77
63.8437	75
63.8447	74
63.8458	73
63.8468	72
63.8479	71
63.8489	70
63.9104	70
63.9115	69
63.9125	69
63.9136	69
63.9146	69
63.9157	69
63.9167	69
63.9802	69
63.9813	69
63.9823	69
63.9834	69
63.9844	69
63.9855	69
63.9865	69
64.05	69
64.0511	69
64.0521	69
64.0532	70
64.0542	70
64.0553	70
64.0564	70
64.1152	77
64.1162	76
64.1173	74
64.1183	73
64.1194	72
64.1204	72
64.1215	71
64.1814	77
64.1824	76
64.1835	75
64.1845	74
64.1856	73
64.1866	72
64.1877	71
64.2497	78
64.2507	77
64.2518	76
64.2528	75
64.2539	74
64.2549	74
64.256	73
64.3169	80
64.318	78
64.319	77
64.3201	76
64.3211	75
64.3222	74
64.3232	74
64.3243	73
64.3873	73
64.3883	72
64.3894	72
64.3904	72
64.3915	71
64.393	71
64.5264	71
64.5275	70
64.5286	70
64.5296	69
64.5307	69
64.5942	69
64.5953	69
64.5963	68
64.5974	68
64.5984	68
64.6641	68
64.6651	69
64.6662	69
64.6672	69
64.6683	69
64.7339	69
64.735	69
64.736	69
64.7371	69
64.8736	69
64.8746	69
64.9408	77
64.9419	76
64.9429	75
64.944	74
65.0096	73
65.0107	73
65.0117	72
65.0128	72
65.0795	71
65.0805	71
65.0816	71
65.0826	71
65.1493	71
65.1503	71
65.1514	70
65.1524	70
65.217	70
65.2181	70
65.2191	69
65.2202	69
65.2843	69
65.2853	69
65.2864	68
65.2874	68
65.3515	68
65.3525	68
65.3536	68
65.3547	67
65.4198	67
65.4208	67
65.4219	67
65.4229	67
65.4876	67
65.4886	67
65.4897	67
65.4907	67
65.5564	68
65.5574	68
65.5585	68
65.5595	68
65.6257	77
65.6267	76
65.6278	75
65.6288	74
65.6955	82
65.6966	80
65.6976	79
65.6987	78
65.7648	85
65.7659	83
65.7669	82
65.768	80
65.8316	87
65.8326	84
65.8337	82
65.8347	80
65.8998	87
65.9009	84
65.9019	82
65.903	81
65.9671	87
65.9681	85
65.9692	83
65.9702	81
66.0349	87
66.0359	85
66.037	83
66.038	81
66.1032	87
66.1042	85
66.1053	83
66.1063	81
66.1725	88
66.1735	86
66.1746	84
66.1756	82
66.2423	89
66.2434	86
66.2444	84
66.2455	83
66.3121	89
66.3132	87
66.3142	85
66.3153	83
66.3815	90
66.3825	87
66.3836	85
66.3846	83
66.4476	89
66.4487	86
66.4497	84
66.4508	82
66.5138	87
66.5149	85
66.5159	83
66.517	81
66.5795	87
66.5805	84
66.5816	82
66.5826	80
66.6457	86
66.6467	84
66.6478	81
66.6488	80
66.7129	86
66.714	84
66.715	82
66.7161	80
66.7817	87
66.7828	84
66.7838	83
66.7849	81
66.8516	88
66.8526	85
66.8537	84
66.8547	82
66.9214	89
66.9224	86
66.9235	84
66.9245	83
66.9886	89
66.9897	86
66.9907	84
66.9918	82
67.0569	88
67.058	86
67.059	84
67.0601	82
67.1241	88
67.1252	86
67.1263	84
67.1273	82
67.1914	88
67.1924	85
67.1935	83
67.1945	81
67.2612	88
67.2623	85
67.2633	84
67.2644	82
67.3311	89
67.3321	86
67.3332	84
67.3342	83
67.4009	89
67.402	87
67.403	85
67.4041	83
67.4681	89
67.4692	87
67.4702	84
67.4713	82
67.5343	88
67.5354	86
67.5364	83
67.5375	81
67.6021	87
67.6032	85
67.6042	83
67.6053	81
67.6719	88
67.673	85
67.8121	83
67.8132	81
67.8799	88
67.8809	85
67.882	83
67.9476	81
67.9487	80
67.9497	78
68.0149	77
68.0159	75
68.017	74
68.0832	74
68.0842	73
68.0853	72
68.1525	72
68.1535	72
68.1546	71
68.2218	79
68.2228	78
68.2239	77
68.29	84
68.2911	82
68.2921	81
68.3568	87
68.3578	85
68.3589	82
68.4251	89
68.4261	86
68.4272	84
68.4282	82
68.4954	81
68.4964	79
68.4975	78
68.4985	77
68.5652	76
68.5663	75
68.5673	75
68.5684	74
68.6351	73
68.6361	73
68.6372	72
68.6382	72
68.7033	72
68.7044	71
68.7054	71
68.7065	70
68.7706	70
68.7716	69
68.7727	69
68.7737	69
68.8399	77
68.8409	76
68.842	75
68.843	75
68.9103	82
69.0452	80
69.0463	78
69.1104	85
69.1114	82
69.1771	88
69.1782	86
69.2459	92
69.247	89
69.248	86
69.3163	84
69.3173	83
69.3184	81
69.3861	80
69.3872	78
69.3882	77
69.4549	85
69.456	83
69.457	81
69.5247	88
69.5258	86
69.5268	84
69.592	90
69.593	87
69.5941	85
69.6592	91
69.6603	88
69.6613	86
69.6624	83
69.7265	81
69.7275	79
69.7286	78
69.7296	76
69.7963	75
69.7973	75
69.7984	74
69.7995	74
69.8661	73
69.8672	73
69.8682	72
69.8693	72
69.936	71
69.937	71
69.9381	71
69.9391	71
70.0027	70
70.0037	70
70.0048	69
70.0058	69
70.0694	77
70.0704	76
70.0715	75
70.0725	74
70.1361	81
70.1371	79
70.1382	78
70.1392	76
70.2049	83
70.206	81
70.207	80
70.2081	79
70.2748	86
70.2758	84
70.2769	82
70.2779	80
70.4769	86
70.478	84
70.5442	90
70.5452	87
70.6125	93
70.6135	90
70.6146	87
70.6828	85
70.6839	83
70.6849	81
70.7521	80
70.7532	79
70.7542	77
70.8188	76
70.8199	75
70.821	74
70.8856	81
70.8866	79
70.8877	78
70.9512	84
70.9523	82
70.9533	80
71.0195	87
71.0206	84
71.0216	82
71.0894	89
71.0904	87
71.2296	84
71.2963	82
71.2973	81
71.3656	87
71.3666	85
71.4354	92
71.4365	89
71.5032	95
71.5042	92
71.5715	97
71.5725	93
71.6413	99
71.6424	95
71.8487	100
71.9175	105
71.9868	109
72.0567	113
72.1249	116
72.3267	118
72.3955	120
72.4648	123
72.5346	125
72.605	126
72.875	128
72.9449	129
73.0142	130
73.2143	130
73.2805	130
73.3461	130
73.4139	131
73.4837	131
73.5536	132
73.6234	133
73.8262	133
73.8913	133
73.9585	133
74.0268	133
74.0967	134
74.1639	134
74.1649	126
74.2338	119
74.2348	113
74.302	107
74.3031	102
74.3719	98
74.3729	94
74.4417	91
74.4428	88
74.5095	86
74.5105	84
74.5778	82
74.5788	80
74.6466	78
74.6476	77
74.7164	76
74.7175	75
74.7847	74
74.7857	74
74.8519	73
74.853	72
74.9218	72
74.9228	71
74.9916	71
74.9926	71
75.0593	70
75.0604	70
75.1255	70
75.1266	69
75.1912	69
75.1923	68
75.2584	68
75.2595	68
75.3278	68
75.3288	68
75.3976	68
75.3987	68
75.4674	68
75.4685	69
75.5315	68
75.5326	67
75.5977	67
75.5988	67
75.6639	67
75.665	67
75.7311	67
75.7322	67
75.801	67
75.802	67
75.8693	67
75.8703	67
75.9386	68
75.9397	68
76.0079	68
76.009	68
76.0777	68
76.0788	68
76.1434	68
76.1445	68
76.2101	67
76.2112	67
76.2763	67
76.2774	67
76.3441	67
76.3451	67
76.4139	67
76.415	67
76.4837	68
76.4848	68
76.5525	68
76.5536	68
76.6224	68
76.6234	68
76.6927	69
76.6938	69
76.7621	69
76.7631	69
76.8319	69
76.8329	69
76.8996	69
76.9007	69
76.9669	77
76.9679	76
77.0357	83
77.0367	81
77.1055	88
77.1066	86
77.1754	93
77.3744	97
77.4374	101
77.5026	104
77.5688	107
77.5698	102
77.6386	98
77.6397	95
77.7085	91
77.7095	89
77.7772	86
77.7783	84
77.8471	82
77.8481	81
77.9154	88
77.9164	85
77.9836	91
77.9847	89
78.0509	94
78.0519	91
78.1186	96
78.1197	93
78.1859	98
78.1869	94
78.188	91
78.2557	88
78.2568	86
78.2579	84
78.3256	82
78.3266	80
78.3277	79
78.3954	78
78.3964	77
78.3975	76
78.4647	75
78.4658	74
78.4668	73
78.532	73
78.533	72
78.5341	71
78.6008	71
78.6018	71
78.6029	70
78.6706	70
78.6717	70
78.6727	70
78.7405	70
78.7415	70
78.7426	70
78.8098	70
78.8109	70
78.8119	69
78.8796	69
78.8807	69
78.8817	69
78.9494	69
78.9505	69
78.9515	69
79.0193	69
79.0203	69
79.0214	69
79.0881	69
79.0891	69
79.0902	69
79.1548	69
79.1558	68
79.1569	68
79.222	68
79.2231	68
79.2241	68
79.2914	68
79.2924	68
79.2935	68
79.3607	68
79.3617	68
79.3628	68
79.4305	68
79.4315	68
79.4326	69
79.5003	69
79.5014	69
79.5024	69
79.5691	69
79.5702	69
79.5712	69
79.639	69
79.64	69
79.6411	69
79.7088	69
79.7099	69
79.7109	69
79.7786	69
79.7797	69
79.7807	69
79.849	69
79.8501	69
79.8511	70
79.9183	69
79.9194	69
79.9204	69
79.9861	69
79.9871	69
79.9882	69
80.0538	68
80.0549	68
80.0559	68
80.1227	68
80.1237	68
80.1248	68
80.1925	68
80.1936	68
80.1946	69
80.2618	69
80.2629	69
80.2639	69
80.3316	69
80.3327	69
80.3337	69
80.4015	69
80.4025	69
80.4036	69
80.4692	69
80.4703	69
80.4713	69
80.5344	68
80.5354	68
80.5365	67
80.599	67
80.6	66
80.6011	66
80.6652	66
80.6662	66
80.6673	66
80.734	66
80.735	67
80.7361	67
80.8038	67
80.8048	67
80.8059	67
80.8731	68
80.8742	68
80.8752	68
80.9419	77
80.9429	76
80.944	75
81.0112	82
81.0123	81
81.0133	80
81.0806	87
81.0816	85
81.0827	83
81.1499	89
81.1509	87
81.152	85
81.2197	91
81.2208	89
81.3573	86
81.3584	84
81.4251	90
81.4261	87
81.4949	93
81.6976	90
81.7633	95
81.83	100
81.8973	104
81.9671	108
82.0364	112
82.2397	115
82.3048	117
82.3705	119
82.4377	120
82.5071	122
82.5769	124
82.6441	126
82.7124	127
82.7802	128
82.8485	129
82.9178	130
82.9877	131
83.0554	132
83.1226	132
83.1899	132
83.2597	133
83.3291	134
83.3989	134
83.4677	135
83.5312	134
83.5958	134
83.6615	133
83.7282	133
83.796	133
83.8658	133
83.9352	134
84.005	135
84.0728	135
84.14	135
84.2078	135
84.2761	135
84.3449	135
84.4147	135
84.4845	136
84.5549	136
84.828	137
84.8973	137
84.9656	137
85.0344	137
85.1006	136
85.1678	136
85.2372	136
85.3075	136
85.5832	136
85.6478	136
85.7156	135
85.7828	135
85.8527	135
86.1242	135
86.1914	135
86.2602	135
86.3306	136
86.5943	135
86.6604	134
86.7261	134
86.7955	134
86.8653	134
86.9341	135
87.0008	135
87.0664	134
87.1321	134
87.1999	134
87.2682	134
87.338	135
87.4073	135
87.4756	135
87.5444	135
87.6127	136
87.6815	136
87.7514	136
87.8212	137
87.891	137
87.9598	137
88.0218	136
88.0843	135
88.1505	134
88.2193	134
88.2886	134
88.3584	135
88.4262	135
88.4961	135
88.5664	136
88.8374	136
88.9036	135
88.9734	135
89.0428	136
89.1126	136
89.1783	136
89.246	136
89.3138	136
89.3836	136
89.453	136
89.5228	136
89.5906	136
89.6583	136
89.7261	136
89.796	136
90.0742	136
90.1441	137
90.2139	137
90.2816	137
90.3494	137
90.4198	137
90.6944	137
90.7595	136
90.8242	135
90.8883	134
90.9539	134
91.0233	134
91.0931	134
91.1629	135
91.2327	135
91.301	136
91.3688	136
91.4386	136
91.5079	136
91.5762	136
91.6444	136
91.7143	137
91.7831	137
91.8514	137
91.9212	137
92.397	137
92.4664	137
92.5352	137
92.605	137
92.6728	137
92.7416	137
92.8114	137
92.8812	138
93.0897	129
93.1554	130
93.2221	130
93.2909	130
93.3607	131
93.4311	132
93.7073	125
93.7771	127
93.8465	128
93.9152	129
93.9825	130
94.0492	130
94.0502	123
94.1191	116
94.1201	110
94.1889	105
94.1899	100
94.2587	97
94.2598	93
94.3233	90
94.3243	86
94.3911	84
94.3921	82
94.4594	80
94.4604	79
94.5271	77
94.5282	76
94.5965	75
94.5975	74
94.6663	74
94.6673	73
94.7356	73
94.7367	72
94.8033	71
94.8044	71
94.8732	71
94.8742	71
94.943	70
94.9441	70
95.0092	70
95.0103	69
95.0764	69
95.0775	69
95.1432	68
95.1442	68
95.2115	68
95.2125	68
95.2792	68
95.2802	68
95.3475	68
95.3485	68
95.4173	68
95.4184	68
95.4846	68
95.4856	68
95.5534	68
95.5544	68
95.6217	68
95.6227	68
95.6915	68
95.6926	68
95.7613	68
95.7624	69
95.8312	69
95.8322	69
95.8999	69
95.901	68
95.9672	68
95.9682	68
96.035	68
96.036	68
96.1038	68
96.1048	68
96.1736	68
96.1746	68
96.2434	68
96.2445	69
96.3107	68
96.3117	68
96.3774	68
96.3784	68
96.4446	68
96.4457	67
96.514	68
96.515	68
96.5838	68
96.5849	68
96.6536	68
96.6547	68
96.7229	68
96.724	68
96.7923	69
96.7933	69
96.8616	77
96.8626	76
96.9282	84
96.9293	82
96.9934	88
96.9944	85
97.0606	91
97.0617	88
97.1289	93
97.13	90
97.131	88
97.1983	85
97.1993	83
97.2004	82
97.2681	80
97.2691	79
97.2702	78
97.3385	77
97.3395	76
97.4057	83
97.6105	89
97.6783	95
97.7471	100
97.7481	96
97.818	93
98.0265	99
98.0942	103
98.1615	107
98.2266	110
98.2944	113
98.3637	116
98.4336	119
98.7077	121
98.7775	123
98.8474	125
98.9162	127
98.9855	128
99.0501	129
99.1147	129
99.1798	129
99.245	129
99.3112	129
99.381	130
99.4508	131
99.5206	132
99.5905	133
99.6546	133
99.7197	132
99.7869	132
99.8547	133
99.9251	133
100.198	133
100.264	133
100.333	133
100.403	134
100.677	134
100.744	134
100.812	134
100.881	134
100.882	126
100.951	119
100.952	113
101.021	108
101.022	103
101.089	98
101.09	94
101.156	91
101.157	88
101.223	85
101.224	83
101.29	81
101.291	79
101.359	78
101.361	77
101.429	76
101.43	75
101.499	74
101.5	74
101.568	73
101.569	72
101.632	71
101.633	70
101.695	69
101.696	69
101.759	68
101.76	67
101.825	67
101.826	67
101.893	67
101.894	67
101.963	67
101.964	67
102.033	68
102.034	68
102.102	68
102.103	68
102.169	68
102.17	68
102.237	68
102.238	68
102.304	68
102.305	68
102.374	68
102.375	68
102.444	68
102.445	68
102.513	68
102.514	68
102.579	68
102.58	68
102.646	68
102.647	67
102.714	67
102.715	68
102.784	68
102.785	68
102.851	68
102.852	68
102.917	67
102.918	67
102.986	67
102.987	67
103.055	68
103.056	68
103.125	68
103.126	68
103.194	68
103.195	68
103.261	68
103.262	68
103.329	68
103.33	68
103.399	68
103.4	68
103.467	68
103.468	68
103.536	68
103.537	68
103.606	68
103.607	69
103.674	68
103.675	68
103.74	68
103.741	68
103.807	76
103.808	74
103.875	82
103.876	80
103.942	87
103.944	85
104.011	91
104.012	88
104.013	86
104.081	84
104.082	82
104.083	80
104.15	79
104.152	78
104.153	77
104.221	76
104.353	75
104.354	73
104.419	72
104.42	71
104.484	70
104.485	70
104.55	69
104.551	69
104.618	77
104.619	76
104.688	83
104.689	82
104.757	89
104.758	86
104.826	93
104.827	90
105.033	96
105.102	101
105.171	105
105.241	109
105.31	113
105.311	108
105.379	103
105.38	98
105.447	95
105.448	91
105.516	88
105.517	86
105.585	84
105.586	82
105.655	80
105.656	79
105.724	86
105.726	84
105.793	91
105.794	88
105.856	93
105.857	90
105.921	94
105.923	91
105.988	96
105.989	92
106.056	97
106.058	94
106.126	99
106.33	103
106.39	106
106.452	108
106.514	110
106.577	112
106.579	106
106.645	101
106.646	97
106.714	93
106.715	90
106.784	88
106.785	85
106.854	83
106.855	81
106.923	80
106.924	79
106.992	86
106.993	84
107.062	90
107.063	88
107.13	94
107.131	91
107.2	97
107.407	101
107.475	106
107.476	101
107.545	97
107.546	94
107.615	91
107.616	88
107.682	85
107.683	83
107.749	81
107.75	79
107.819	78
107.82	77
107.887	76
107.888	75
107.957	74
107.958	74
108.027	73
108.028	72
108.096	80
108.097	79
108.166	86
108.373	92
108.439	97
108.506	102
108.575	106
108.645	110
108.714	114
108.918	116
108.988	119
109.265	121
109.334	123
109.399	125
109.464	125
109.53	126
109.596	127
109.666	128
109.736	129
109.997	129
110.064	129
110.132	129
110.201	130
110.272	132
110.752	133
111.016	133
111.086	133
111.156	134
111.221	134
111.285	133
111.348	132
111.413	132
111.48	132
111.549	132
111.62	133
111.89	133
111.96	133
112.03	134
112.298	133
112.366	133
112.436	134
112.505	134
112.573	135
112.643	135
112.911	135
112.981	135
113.261	136
113.537	136
113.808	136
113.877	136
113.947	137
114.017	137
114.082	137
114.148	136
114.213	135
114.28	135
114.348	135
114.416	135
114.484	135
114.554	135
114.622	136
114.693	136
114.962	135
115.031	135
115.101	135
115.374	135
115.441	135
115.509	135
115.577	135
115.646	135
115.715	136
115.784	136
115.854	136
115.922	136
115.992	136
116.06	137
116.127	136
116.195	136
116.265	136
116.335	136
116.401	136
116.469	136
116.536	136
116.606	136
116.676	136
116.745	137
116.813	137
116.876	136
116.939	135
117.004	134
117.073	134
117.142	134
117.212	135
117.282	135
117.35	136
117.419	136
117.487	136
117.556	136
117.626	136
117.696	137
117.762	136
117.827	136
117.893	135
117.963	135
118.032	136
118.24	136
118.307	136
118.375	136
118.445	136
118.514	136
118.584	137
118.649	136
118.848	136
118.918	136
118.988	136
119.463	137
119.534	128
119.603	121
119.67	114
119.733	108
119.798	102
119.863	97
119.929	94
119.995	90
120.061	87
120.129	85
120.199	83
120.268	81
120.338	79
120.405	78
120.468	76
120.528	74
120.586	72
120.645	70
120.699	68
120.755	66
120.81	65
120.869	71
120.928	77
120.987	82
121.048	87
121.108	91
121.169	94
121.17	90
121.233	87
121.234	84
121.297	81
121.298	79
121.359	77
121.36	75
121.424	74
121.425	73
121.491	80
121.492	79
121.558	85
121.559	83
121.627	89
121.628	87
121.629	85
121.697	83
121.698	81
121.699	80
121.766	78
121.767	77
121.768	76
121.827	83
121.828	80
121.829	77
121.888	83
121.889	80
121.89	78
121.891	76
121.949	74
121.95	72
121.951	71
121.952	69
122.011	68
122.012	68
122.013	67
122.014	66
122.075	66
122.076	66
122.077	65
122.078	65
122.14	73
122.141	72
122.142	71
122.143	71
122.144	70
122.206	70
122.207	69
122.209	69
122.21	68
122.211	68
122.275	68
122.276	68
122.277	68
122.278	69
122.279	69
122.344	77
122.345	76
122.346	75
122.347	74
122.348	74
122.414	81
122.415	80
122.544	78
122.545	76
122.546	75
122.547	73
122.603	72
122.604	70
122.606	69
122.607	67
122.663	66
122.664	66
122.665	65
122.666	64
122.725	71
122.726	70
122.727	69
122.728	68
122.781	74
122.782	72
122.784	70
122.785	68
122.836	73
122.837	71
122.838	69
122.839	67
122.84	65
122.892	64
122.893	63
122.894	62
122.895	62
122.897	61
122.95	60
122.951	60
122.952	60
122.953	59
122.954	59
123.009	59
123.011	59
123.012	59
123.013	59
123.014	59
123.07	59
123.071	60
123.073	60
123.074	60
123.075	60
123.133	68
123.134	67
123.136	67
123.137	66
123.138	66
123.197	73
123.198	72
123.199	71
123.2	70
123.201	69
123.264	76
123.265	75
123.266	74
123.267	73
123.268	72
123.333	80
123.335	79
123.473	85
123.474	83
123.475	82
123.543	89
123.664	85
123.72	88
123.721	84
123.779	88
123.78	85
123.838	89
123.839	85
123.899	89
123.9	86
123.962	90
123.963	87
124.028	92
124.03	89
124.099	95
124.289	90
124.349	94
124.408	97
124.465	99
124.466	94
124.526	90
124.527	86
124.587	83
124.588	80
124.642	77
124.644	74
124.7	72
124.701	70
124.76	76
124.761	74
124.818	79
124.819	77
124.879	82
124.88	79
124.941	85
124.942	82
125.005	87
125.006	84
125.07	90
125.071	87
125.072	84
125.131	81
125.132	78
125.133	76
125.183	73
125.184	70
125.185	68
125.235	66
125.236	64
125.237	62
125.287	61
125.288	60
125.289	59
125.338	58
125.339	57
125.34	56
125.39	56
125.391	55
125.392	55
125.442	54
125.443	54
125.444	54
125.494	53
125.495	53
125.496	53
125.54	52
125.541	51
125.543	51
125.578	49
125.579	47
125.58	46
125.613	45
125.614	43
125.615	42
125.648	41
125.649	41
125.65	40
125.684	39
125.685	39
125.686	38
125.719	38
125.72	37
125.721	37
125.754	37
125.755	37
125.756	36
125.789	36
125.79	36
125.792	36
125.825	36
125.826	36
125.827	35
125.86	35
125.861	35
125.862	35
125.895	35
125.896	35
125.897	35
125.931	35
125.932	35
125.933	35
125.966	35
125.967	35
125.968	35
126.001	35
126.002	35
126.003	35
126.037	35
126.038	35
126.072	35
