10.1339	0.635026
10.2034	0.862627
10.2735	0.685006
10.3472	0.814685
10.4193	0.665062
10.505	0.980975
10.6179	0.956206
10.7319	0.947393
10.7997	1.06245
10.87	1.02317
10.9367	0.899651
11.0365	0.961798
11.1579	0.791089
11.2278	0.686756
11.2995	0.669234
11.4182	0.808591
11.5244	1.01774
11.632	0.891422
11.7481	0.826885
11.8086	0.794529
11.87	0.780947
11.931	0.787679
11.9935	0.767822
12.0555	0.774329
12.1164	0.787679
12.1779	0.780947
12.2388	0.787679
12.3034	0.742852
12.3643	0.787998
12.4332	0.697487
12.4999	0.719455
12.5671	0.713834
12.6338	0.719455
12.7037	0.687241
12.7748	0.505979
12.8445	0.688944
12.9595	0.417218
13.0678	0.443548
13.1833	0.519152
13.249	0.730966
13.3188	0.687241
13.3887	0.687241
13.4564	0.708817
13.5205	0.748941
13.582	0.976184
13.6429	0.787679
13.7054	0.767822
13.77	0.742852
13.8373	0.713834
13.9056	0.702852
13.9754	0.687484
14.0452	0.687241
14.1145	0.519337
14.1792	0.742852
14.2417	0.383911
14.3047	0.380712
14.3672	0.383911
14.4308	0.377565
14.498	0.356917
14.5674	0.519337
14.6372	0.687484
14.7044	0.714096
14.7737	0.692203
14.8436	0.687484
14.9108	0.892293
14.977	0.725165
15.0416	0.742852
15.1078	0.725165
15.175	0.713834
15.2439	0.697487
15.3137	0.687241
15.382	0.703106
15.4513	0.692449
15.5164	0.736861
15.5821	0.730966
15.6467	0.742852
15.7124	0.730966
15.7807	0.702852
15.8505	0.687241
15.9209	0.682111
15.9897	0.52349
16.0595	0.687241
16.1268	0.356917
16.1945	0.35415
16.2639	0.519152
16.3337	0.687484
16.4035	0.687484
16.4728	0.692449
16.538	0.736861
16.6057	0.708301
16.674	0.702852
16.7439	0.687241
16.8121	0.878883
16.882	0.687241
16.9503	0.702852
17.0186	0.702852
17.0874	0.697487
17.1567	0.692449
17.2265	0.687484
17.2958	0.692449
17.3594	0.755424
17.4797	0.797998
17.5454	0.730966
17.6131	0.708301
17.6814	0.702852
17.7513	0.687241
17.8216	0.68235
17.8899	0.52733
17.9602	0.682111
18.0269	0.359861
18.0921	0.368431
18.1562	0.37447
18.2213	0.368431
18.2891	0.35415
18.3589	0.515613
18.4287	0.687241
18.4954	0.719721
18.5585	0.761423
18.6194	0.787679
18.6824	0.951779
18.7502	0.708301
18.8195	0.692449
18.8889	0.692203
18.9587	0.687484
19.027	0.703106
19.0942	0.713834
19.1615	0.713834
19.2292	0.708301
19.297	0.708301
19.3668	0.687241
19.4362	0.519337
19.5044	0.703106
19.5732	0.348743
19.6426	0.346101
19.7114	0.348743
19.7812	0.343742
19.8505	0.346225
19.9183	0.354279
19.985	0.359728
20.0543	0.519152
20.1242	0.343621
20.1935	0.346225
20.2628	0.346348
20.3321	0.346101
20.3994	0.356917
20.4692	0.343621
20.538	0.348869
20.6073	0.346225
20.6735	0.362583
20.7397	0.362583
20.8085	0.348743
20.8784	0.343621
20.9487	0.170587
21.0181	0.173112
21.0884	0.170587
21.1546	0.181291
21.2208	0.181291
21.2901	0.173051
21.3594	0.346348
21.4287	0.346225
21.4976	0.348743
21.5664	0.348743
21.6357	0.346101
21.7055	0.343742
21.7754	0.343621
21.8421	0.359861
21.9067	0.371426
21.9739	0.356917
22.0433	0.346225
22.11	0.359861
22.1751	0.368431
22.2408	0.365483
22.3064	0.365483
22.3747	0.351426
22.4445	0.343742
22.5144	0.343621
22.5842	0.343742
22.6483	0.374615
22.7087	0.397264
22.7696	0.39384
22.8342	0.371426
22.9031	0.348743
22.9729	0.343621
23.0427	0.171871
23.112	0.346225
23.1813	0.346348
23.2475	0.362583
23.3137	0.362583
23.3831	0.346101
23.4534	0.341175
23.5217	0.175777
23.5889	0.356917
23.6562	0.356917
23.7255	0.346225
23.7948	0.346101
23.8652	0.341175
23.935	0.17181
24.0038	0.348994
24.0731	0.346225
24.1409	0.35415
24.2081	0.356917
24.2775	0.346101
24.3462	0.348994
24.4145	0.351426
24.4823	0.35415
24.5521	0.343621
24.6198	0.354408
24.6866	0.359728
24.7559	0.519152
24.8247	0.348869
24.8945	0.343742
24.9628	0.351553
25.0311	0.351426
25.1009	0.343621
25.1702	0.346225
25.239	0.52349
25.3057	0.719721
25.373	0.713834
25.4386	0.730966
25.5048	0.725165
25.5736	0.697487
25.6435	0.687241
25.7133	0.687484
25.7831	0.687484
25.8514	0.702852
25.9207	0.692203
25.9896	0.697487
26.0594	0.687241
26.1292	0.687484
26.198	0.697737
26.2626	0.742852
26.3267	0.748941
26.3934	0.719455
26.4612	0.708301
26.5285	0.713834
26.5978	0.692203
26.6676	0.687484
26.7369	0.692449
26.8042	0.713834
26.8704	0.725165
26.9376	0.713834
27.0054	0.708301
27.0737	0.702852
27.1435	0.687241
27.2133	0.687484
27.2827	0.692449
27.3499	0.714096
27.414	0.748941
27.4765	0.767822
27.5422	0.730966
27.6115	0.692203
27.6813	0.687484
27.7511	0.687484
27.8179	0.719455
27.883	0.736861
27.9481	0.921077
28.0154	0.713834
28.0857	0.682111
28.1556	0.515613
28.2259	0.68235
28.2942	0.351426
28.3614	0.356917
28.4308	0.346101
28.5001	0.346101
28.57	0.343742
28.6372	0.357048
28.7002	0.380712
28.7648	0.557139
28.8305	0.365483
28.8956	0.368431
28.9613	0.365483
29.0296	0.351426
29.0994	0.343621
29.1693	0.343742
29.2386	0.346101
29.3069	0.351553
29.3767	0.343621
29.4434	0.359861
29.5091	0.365483
29.5742	0.368431
29.6409	0.359728
29.7108	0.343621
29.7806	0.343742
29.8499	0.346225
29.915	0.36857
29.9812	0.362583
30.0464	0.368431
30.1131	0.359728
30.1814	0.351426
30.2507	0.346225
30.3205	0.343742
30.3862	0.36562
30.4534	0.356917
30.5217	0.351426
30.5915	0.343621
30.6603	0.348994
30.7301	0.343742
30.7989	0.348869
30.8687	0.343742
30.937	0.351553
31.0063	0.346225
31.0725	0.362583
31.1419	0.346101
31.2122	0.341175
31.282	0.171871
31.3498	0.354279
31.4149	0.368431
31.4832	0.351426
31.5525	0.346225
31.6223	0.343742
31.6891	0.359728
31.7574	0.351426
31.8272	0.343621
31.897	0.343621
31.9669	0.171871
32.0336	0.359861
32.1019	0.351426
32.1722	0.341055
32.24	0.17714
32.3093	0.346101
32.3791	0.343742
32.4464	0.356917
32.5162	0.343621
32.5834	0.357048
32.6475	0.561706
32.7127	0.736861
32.7783	0.730966
32.8466	0.702852
32.9164	0.687484
32.9863	0.687241
33.054	0.708559
33.1218	0.708301
33.1901	0.702852
33.2594	0.692203
33.3283	0.697487
33.3976	0.692203
33.4669	0.692696
33.5367	0.687484
33.6066	0.687241
33.6733	0.719721
33.74	0.719455
33.8088	0.697487
33.8786	0.687241
33.948	0.692449
34.0178	0.687484
34.0876	0.687241
34.1543	0.719721
34.221	0.719455
34.2909	0.687241
34.3607	0.687484
34.4295	0.697487
34.4988	0.692449
34.5629	0.748941
34.6265	0.75513
34.6937	0.713834
34.7636	0.687241
34.8334	0.687484
34.9006	0.713834
34.9652	0.742852
35.0283	0.761423
35.0945	0.725165
35.1633	0.697487
35.2331	0.687484
35.303	0.687241
35.3702	0.714096
35.4395	0.692203
35.5093	0.687484
35.5766	0.89262
35.6412	0.742852
35.7058	0.742852
35.7741	0.702852
35.8439	0.859051
35.9138	1.03123
35.9789	1.10571
36.0445	1.27919
36.1065	1.16149
36.1717	1.28951
36.2394	1.4166
36.3093	1.54629
36.3791	1.37497
36.4479	1.39547
36.513	1.10529
36.5782	1.10529
36.6438	1.09645
36.71	1.08775
36.7794	1.21136
36.8497	1.02352
36.9201	0.852937
36.9878	0.708301
37.054	0.362583
37.1223	0.527139
37.1922	0.515249
37.261	0.52349
37.3308	0.515431
37.4006	0.343742
37.4679	0.356917
37.532	0.37447
37.5976	0.365483
37.6649	0.356917
37.7332	0.351426
37.8025	0.346101
37.8729	0.341055
37.9422	0.173112
38.0105	0.351553
38.0777	0.356917
38.146	0.351426
38.2143	0.351426
38.2836	0.346225
38.3534	0.343742
38.4212	0.354279
38.4863	0.368431
38.5504	0.37447
38.615	0.371426
38.6796	0.371426
38.7463	0.359728
38.8152	0.348743
38.8855	0.341175
38.9554	0.17181
39.0257	0.170587
39.0924	0.17993
39.1581	0.182742
39.2222	0.187235
39.2873	0.184215
39.3561	0.348743
39.4259	0.343742
39.4958	0.343742
39.564	0.351553
39.6286	0.557139
39.6948	0.725165
39.7605	0.730966
39.8272	0.719455
39.8971	0.687241
39.9674	0.68235
40.0341	0.719721
40.1024	0.702852
40.1686	0.725165
40.2337	0.736861
40.301	0.713834
40.3713	0.682111
40.4417	0.682111
40.5115	0.515613
40.5814	0.343621
40.6496	0.351553
40.7153	0.182742
40.7799	0.185713
40.8451	0.184215
40.9123	0.356917
40.9822	0.343499
41.052	0.171871
41.1208	0.348994
41.1885	0.35415
41.2568	0.351553
41.3251	0.175713
41.3949	0.343621
41.4643	0.346225
41.5341	0.343621
41.6013	0.357048
41.6691	0.35415
41.7363	0.356917
41.8046	0.351426
41.8745	0.343621
41.9443	0.343742
42.0141	0.343742
42.0818	0.354279
42.1459	0.37447
42.2095	0.377565
42.2725	0.380712
42.3377	0.368431
42.4044	0.359728
42.4737	0.346101
42.5431	0.346225
42.6129	0.343742
42.6827	0.515613
42.752	0.346225
42.8213	0.346225
42.8907	0.346225
42.9595	0.348743
43.0293	0.515613
43.0986	0.692449
43.1684	0.687484
43.2357	0.714096
43.3008	0.921077
43.3696	0.697487
43.44	0.68235
43.5093	0.519337
43.578	0.697987
43.6453	0.356917
43.7146	0.519152
43.7834	0.348869
43.8532	0.343742
43.9226	0.346101
43.9924	0.343742
44.0618	0.519152
44.1253	0.377565
44.1894	0.37447
44.254	0.371426
44.3218	0.35415
44.3911	0.346101
44.461	0.343621
44.5308	0.343742
44.6011	0.341175
44.6679	0.179864
44.7325	0.371426
44.7971	0.371426
44.8612	0.37447
44.9269	0.365483
44.9967	0.343621
45.0665	0.343621
45.1348	0.35168
45.2031	0.351426
45.2724	0.346101
45.3423	0.343621
45.4121	0.343742
45.4824	0.341175
45.5486	0.181291
45.6138	0.368431
45.6789	0.368431
45.7451	0.362583
45.8134	0.351426
45.8832	0.343742
45.9525	0.346225
46.0229	0.341175
46.0922	0.173112
46.1615	0.346225
46.2313	0.343742
46.3012	0.343742
46.371	0.343742
46.4356	0.371426
46.4997	0.37447
46.5653	0.365483
46.6305	0.368431
46.6962	0.365483
46.7639	0.35415
46.8333	0.346101
46.9031	0.343742
46.9719	0.348869
47.0407	0.348869
47.1095	0.348743
47.1767	0.356917
47.2461	0.346225
47.3148	0.348869
47.3847	0.343742
47.4545	0.343742
47.5207	0.362718
47.5837	0.380712
47.6504	0.359728
47.7156	0.368431
47.7812	0.365483
47.8495	0.351426
47.9194	0.343621
47.9887	0.346225
48.0585	0.343742
48.1252	0.359861
48.193	0.35415
48.2586	0.365483
48.3259	0.356917
48.3942	0.351426
48.464	0.343742
48.5333	0.346225
48.6021	0.348994
48.6719	0.343621
48.7417	0.343742
48.8105	0.348869
48.8746	0.37447
48.9361	0.390473
48.997	0.39384
49.0611	0.561706
49.1294	0.702852
49.1997	0.68235
49.268	0.703106
49.3368	0.697737
49.4051	0.878565
49.4739	0.697487
49.5422	0.702852
49.6116	0.692203
49.6819	0.68235
49.7507	0.697987
49.8174	0.359728
49.8804	0.571067
49.9456	0.552646
50.0123	0.719455
50.0811	0.697487
50.1504	0.692449
50.2197	0.692696
50.2864	0.719721
50.3542	0.885376
50.423	0.697487
50.4918	0.697487
50.5612	0.692203
50.6315	0.68235
50.6998	0.52733
50.7685	0.697987
50.8363	0.35415
50.9025	0.543874
50.9703	0.35415
51.037	0.359728
51.1053	0.527139
51.1751	0.687241
51.2449	0.687484
51.3095	0.743136
51.371	0.976184
51.4335	0.767822
51.4971	0.75513
51.5643	0.713834
51.6342	0.687241
51.7024	0.703106
51.7712	0.872171
51.8411	0.343499
51.9104	0.173174
51.9787	0.351426
52.0449	0.362583
52.1111	0.362583
52.1799	0.174372
52.2497	0.343742
52.3195	0.343742
52.3878	0.351426
52.455	0.357048
52.5233	0.351426
52.5921	0.348869
52.6619	0.343742
52.7313	0.346225
52.7995	0.35168
52.8678	0.351426
52.9361	0.351426
53.0059	0.343621
53.0758	0.343742
53.1456	0.343742
53.2154	0.343621
53.2795	0.374615
53.3457	0.362583
53.4145	0.348743
53.4843	0.343742
53.5505	0.543874
53.6172	0.359728
53.6824	0.368431
53.7491	0.359728
53.8189	0.343621
53.8887	0.343742
53.9586	0.343621
54.0232	0.371568
54.0852	0.193582
54.1466	0.195237
54.2107	0.187235
54.2801	0.346101
54.3494	0.346225
54.4192	0.343742
54.4864	0.357048
54.5547	0.351426
54.622	0.356917
54.6913	0.519152
54.7611	0.687484
54.8309	0.687484
54.8997	0.697737
54.9643	0.743136
55.0305	0.725165
55.0967	0.725165
55.1661	0.692203
55.2354	0.692449
55.3052	0.687484
55.375	0.687241
55.4423	0.713834
55.5095	0.713834
55.5778	0.702852
55.6472	0.692203
55.717	0.687484
55.7868	0.687484
55.8556	0.697487
55.9229	0.713834
55.9896	0.719455
56.0563	0.719455
56.1246	0.702852
56.1939	0.692696
56.2637	0.687241
56.3331	0.692449
56.4003	0.714096
56.4654	0.736861
56.5321	0.719455
56.6015	0.692203
56.6713	0.687484
56.7396	0.702852
56.8074	0.708301
56.8761	0.697737
56.946	0.687241
57.0153	0.692449
57.0851	0.687484
57.1523	0.714096
57.2175	0.736861
57.2821	0.742852
57.3467	0.742852
57.414	0.892293
57.4823	0.702852
57.5521	0.687241
57.6209	0.697737
57.6897	0.697487
57.758	0.878883
57.8268	1.04623
57.8966	1.03086
57.966	1.03867
58.0353	1.21222
58.1004	1.10529
58.1661	1.09645
58.2354	1.21136
58.3052	1.37497
58.3751	1.54629
58.4439	1.39497
58.5132	1.55746
58.5831	1.71871
58.6524	1.90491
58.7206	1.75713
58.7905	1.88991
58.8577	1.96376
58.9234	1.09645
58.9896	1.26904
59.0563	1.43891
59.1251	1.39497
59.1954	1.53529
59.2648	1.3849
59.3346	1.37448
59.4013	1.25951
59.4633	0.967911
59.5263	0.761423
59.5909	0.742852
59.6587	0.708301
59.7286	0.687241
59.7984	0.515613
59.8677	0.692449
59.9365	0.348869
60.0027	0.362583
60.0699	0.356917
60.1398	0.515431
60.2096	0.687484
60.2779	0.703106
60.3446	0.719455
60.4097	0.736861
60.478	0.702852
60.5479	0.687241
60.6177	0.687484
60.6859	0.878883
60.7521	0.725165
60.8183	0.725165
60.885	0.719455
60.9533	0.702852
61.0232	0.687241
61.093	0.687484
61.1618	0.697737
61.2316	0.687484
61.2999	0.702852
61.3692	0.692449
61.4385	0.692449
61.5042	0.730966
61.5725	0.702852
61.6424	0.687241
61.7122	0.687241
61.7815	0.692449
61.8513	0.687484
61.9202	0.697487
61.989	0.697487
62.0588	0.687241
62.1281	0.692449
62.198	0.687484
62.2667	0.697737
62.334	0.714096
62.4023	0.702852
62.47	0.708301
62.5399	0.687241
62.6081	0.703106
62.6769	0.697987
62.7442	0.713834
62.8098	0.730966
62.8765	0.719455
62.9459	0.692203
63.0157	0.687484
63.0819	0.725165
63.147	0.736861
63.2143	0.713834
63.2826	0.702852
63.3524	0.687241
63.4217	0.692449
63.4916	0.859355
63.5609	0.346225
63.6291	0.351553
63.6932	0.561706
63.7578	0.742852
63.8225	0.742852
63.8897	0.713834
63.9595	0.687484
64.0293	0.687484
64.095	0.913708
64.1612	0.725165
64.2295	0.702852
64.2967	0.713834
64.3661	0.692449
64.4359	0.859355
64.5047	1.04623
64.5725	1.06245
64.6423	1.03086
64.7122	1.03086
64.782	1.03123
64.8513	1.03867
64.9196	1.05428
64.9879	1.05428
65.0577	1.03123
65.1275	1.03086
65.1953	1.06323
65.2625	1.07075
65.3297	1.07075
65.398	1.05428
65.4658	1.06245
65.5346	1.04623
65.6044	1.03123
65.6743	1.03086
65.7436	1.03867
65.8103	1.07918
65.8786	1.05428
65.9459	1.07075
66.0136	1.06245
66.0819	1.05428
66.1513	1.0383
66.2211	1.03123
66.2909	1.03123
66.3602	1.03867
66.4264	1.08815
66.4926	1.08775
66.5582	1.09645
66.6244	1.08775
66.6917	1.07075
66.7605	1.04623
66.8303	1.03086
66.9002	1.03123
66.9674	1.07114
67.0352	1.06245
67.1029	1.23953
67.1702	1.07075
67.24	1.03086
67.3099	1.03086
67.3797	1.03123
67.4464	1.07918
67.5121	1.27919
67.5798	1.4166
67.6497	1.37448
67.7195	1.54684
67.7893	1.37497
67.8571	1.41712
67.9238	1.61877
67.991	1.78459
68.0588	1.77075
68.1286	1.88991
68.1984	1.71871
68.2683	1.7181
68.335	1.25905
68.4028	1.23953
68.4726	1.37497
68.5424	1.54629
68.6123	1.37448
68.6821	1.2031
68.7499	0.885376
68.8197	0.687241
68.8891	0.865254
68.9578	1.04698
69.024	1.08775
69.0897	1.09645
69.1559	1.08775
69.2247	1.2206
69.2945	1.03123
69.3644	1.03086
69.4337	1.03867
69.503	1.03867
69.5707	1.06284
69.6385	1.06245
69.7058	0.892293
69.7756	0.687241
69.8449	0.692449
69.9147	0.687484
69.983	0.878883
70.0502	0.356917
70.1164	0.362583
70.1842	0.531226
70.2535	0.692449
70.3233	0.687484
70.3906	0.714096
70.4557	0.736861
70.5229	0.713834
70.5912	0.702852
70.6606	0.692449
70.7304	0.859355
70.7971	0.719455
70.8643	0.713834
70.93	0.730966
70.9983	0.702852
71.0687	0.682111
71.1385	0.515613
71.2078	0.692449
71.2756	0.35415
71.3454	0.343742
71.4152	0.343621
71.483	0.354279
71.5507	0.35415
71.6201	0.519337
71.6894	0.692449
71.7592	0.687484
71.8275	0.702852
71.8958	0.703106
71.9656	0.859355
72.0355	0.686998
72.1037	0.52752
72.1699	0.725165
72.2382	0.351426
72.3065	0.351426
72.3748	0.351426
72.4451	0.341175
72.5145	0.173051
72.5848	0.341175
72.6526	0.35415
72.7188	0.181291
72.7865	0.177075
72.8559	0.346101
72.9257	0.343621
72.995	0.346225
73.0649	0.343742
73.13	0.368431
73.1941	0.37447
73.2603	0.543874
73.326	0.730966
73.3937	0.708301
73.4636	0.687241
73.5334	0.687484
73.6032	0.687241
73.671	0.708559
73.7398	0.697487
73.806	0.725165
73.8711	0.736861
73.9384	0.713834
74.0067	0.702852
74.0765	0.687484
74.1437	0.713834
74.2131	0.692203
74.2813	0.703106
74.3512	0.687484
74.421	0.686998
74.4888	0.708559
74.5571	0.702852
74.6259	0.697487
74.6957	0.687484
74.764	0.703106
74.8312	0.713834
74.9011	0.687241
74.9709	0.687484
75.0386	0.708301
75.1048	0.725165
75.1705	0.730966
75.2377	0.713834
75.3071	0.692203
75.3769	0.687484
75.4467	0.687484
75.5108	0.748941
75.577	0.725165
75.6432	0.725165
75.7104	0.713834
75.7803	0.687241
75.8486	0.703106
75.9174	0.697487
75.9872	0.859051
76.057	0.687484
76.1227	0.730966
76.1889	0.725165
76.2546	0.913708
76.3223	1.06245
76.3916	1.03867
76.462	1.19411
76.5303	1.05466
76.6001	1.20267
76.6694	1.3849
76.7398	1.53529
76.8096	1.37448
76.8789	1.21222
76.9472	0.878565
77.0155	0.702852
77.0854	0.686998
77.1547	0.519522
77.2245	0.859355
77.2912	0.359861
77.3553	0.37447
77.4183	0.380712
77.4834	0.368431
77.5491	0.365483
77.6179	0.523115
77.6877	0.687484
77.7565	0.697737
77.8264	0.687484
77.8947	0.702852
77.9634	0.872171
78.0307	0.713834
78.0985	0.708301
78.1657	0.713834
78.235	0.692203
78.3049	0.687484
78.3747	0.687484
78.444	0.692203
78.5113	0.713834
78.5801	0.697487
78.6499	0.687241
78.7198	0.687484
78.7891	0.692203
78.8589	0.687484
78.9287	0.687484
78.9986	0.687241
79.0674	0.52349
79.1351	0.708301
79.2018	0.359728
79.2701	0.351426
79.3389	0.523303
79.4087	0.687484
79.4786	0.687241
79.5474	0.697737
79.6172	0.687241
79.6871	0.687241
79.7569	0.687484
79.8268	0.686998
79.8966	0.687484
79.9654	0.697737
80.0331	0.35415
80.102	0.348743
80.1713	0.346101
80.2411	0.343742
80.3115	0.341175
80.3818	0.170587
80.449	0.178524
80.5152	0.181291
80.5793	0.187235
80.646	0.179864
80.7148	0.174372
80.7847	0.17181
80.8535	0.174497
80.9228	0.346348
80.9921	0.346101
81.0609	0.348743
81.1313	0.341175
81.2011	0.17181
81.2694	0.351553
81.3377	0.351426
81.406	0.351426
81.4758	0.343621
81.5441	0.35168
81.6123	0.351553
81.678	0.365483
81.7442	0.362583
81.8109	0.359728
81.8781	0.356917
81.948	0.343621
82.0173	0.346225
82.0845	0.357179
82.1528	0.351426
82.2206	0.35415
82.2857	0.368431
82.3514	0.365483
82.4186	0.356917
82.488	0.346101
82.5578	0.343621
82.625	0.357048
82.6933	0.351426
82.7611	0.35415
82.8294	0.351426
82.8987	0.346101
82.9685	0.343742
83.0363	0.354279
83.1035	0.356917
83.1708	0.356917
83.2406	0.343621
83.3099	0.346225
83.3803	0.341175
83.4485	0.175777
83.5121	0.377565
83.5767	0.371426
83.6424	0.365483
83.7091	0.359728
83.7769	0.35415
83.8467	0.343621
83.916	0.346225
83.9864	0.341055
84.0536	0.178459
84.1209	0.356917
84.1881	0.356917
84.2559	0.35415
84.3247	0.348743
84.3945	0.343742
84.4644	0.343621
84.5342	0.171871
84.6019	0.354279
84.6697	0.35415
84.738	0.351426
84.8073	0.346225
84.8766	0.346348
84.9464	0.343742
85.0153	0.348743
85.0814	0.362583
85.1487	0.356917
85.2175	0.348743
85.2873	0.343742
85.3571	0.343742
85.4265	0.346225
85.4963	0.343742
85.563	0.359728
85.6276	0.371426
85.6954	0.35415
85.7626	0.356917
85.8325	0.343621
85.9007	0.351553
85.969	0.35168
86.0368	0.35415
86.105	0.351426
86.1723	0.356917
86.2406	0.351426
86.3109	0.341175
86.3802	0.173174
86.4448	0.371426
86.5095	0.371426
86.5741	0.371426
86.6403	0.362583
86.7059	0.365483
86.7753	0.346101
86.8451	0.343742
86.9134	0.351553
86.9816	0.351553
87.0473	0.365483
87.113	0.365483
87.1807	0.35415
87.2485	0.35415
87.3178	0.346225
87.3871	0.346225
87.4554	0.351426
87.5237	0.351426
87.5925	0.348743
87.6614	0.348743
87.7312	0.343742
87.8015	0.341175
87.8708	0.173112
87.9391	0.351553
88.0027	0.377565
88.0652	0.383911
88.1309	0.365483
88.1992	0.351426
88.2684	0.346348
88.3383	0.343621
88.406	0.17714
88.4759	0.343621
88.5457	0.343621
88.6134	0.354408
88.6828	0.346101
88.7521	0.346348
88.8183	0.362583
88.8845	0.362583
88.9543	0.343621
89.0236	0.346225
89.0935	0.343499
89.1591	0.18281
89.2264	0.356917
89.2947	0.351426
89.365	0.341055
89.4338	0.174434
89.5037	0.343742
89.5714	0.35415
89.6392	0.35415
89.7064	0.356917
89.7758	0.346101
89.8461	0.341175
89.9154	0.173112
89.9847	0.346348
90.0541	0.346225
90.1239	0.343742
90.1937	0.343742
90.2614	0.354279
90.3287	0.356917
90.3985	0.515431
90.4673	0.697487
90.5372	0.687484
90.607	0.687241
90.6732	0.725435
90.7383	0.736861
90.8029	0.742852
90.867	0.748941
90.9327	0.730966
91.002	0.692203
91.0719	0.687484
91.1417	0.687484
91.2115	0.687484
91.2798	0.703106
91.3475	0.708301
91.4174	0.687484
91.4867	0.692449
91.5549	0.703106
91.6232	0.703106
91.693	0.687484
91.7618	0.697487
91.8301	0.702852
91.9	0.687241
91.9703	0.68235
92.0355	0.736861
92.1011	0.730966
92.1684	0.713834
92.2361	0.708301
92.306	0.687241
92.3758	0.687484
92.4446	0.697487
92.5139	0.692449
92.5838	0.687241
92.6515	0.708559
92.7204	0.697487
92.7896	0.692696
92.859	0.692449
92.9278	0.697737
92.9976	0.687484
93.0669	0.692449
93.1331	0.725165
93.1988	0.730966
93.2676	0.871859
93.3374	0.687484
93.4072	0.687484
93.4771	0.687241
93.5464	0.865562
93.6157	0.346101
93.6856	0.343621
93.7554	0.343742
93.8252	0.343621
93.894	0.348994
93.9602	0.362583
94.0269	0.539591
94.0963	0.346101
94.1661	0.343742
94.2354	0.346348
94.3005	0.36857
94.3683	0.35415
94.4365	0.351426
94.5043	0.35415
94.5731	0.348743
94.6424	0.346348
94.7117	0.346225
94.7795	0.354279
94.8493	0.343621
94.9192	0.343742
94.9853	0.362583
95.0526	0.356917
95.1193	0.359728
95.1876	0.351426
95.2553	0.354279
95.3236	0.351426
95.3935	0.343621
95.4607	0.357048
95.5295	0.348743
95.5978	0.351426
95.6677	0.343621
95.7375	0.343742
95.8073	0.343742
95.8761	0.348869
95.9433	0.356917
96.0111	0.35415
96.0799	0.348743
96.1497	0.343742
96.2196	0.343621
96.2868	0.357048
96.3535	0.359728
96.4208	0.356917
96.4901	0.346101
96.5599	0.343621
96.6298	0.343742
96.6991	0.346225
96.7684	0.346225
96.8377	0.346225
96.9049	0.357179
96.9695	0.371426
97.0373	0.531226
97.1056	0.351426
97.1744	0.348743
97.2442	0.343742
97.3141	0.343621
97.3823	0.351553
97.4496	0.356917
97.5189	0.519152
97.5882	0.692696
97.656	0.708301
97.7243	0.702852
97.7941	0.687484
97.864	0.687241
97.9338	0.687241
98.0026	0.697487
98.0709	0.703106
98.1381	0.713834
98.2033	0.736861
98.2705	0.713834
98.3393	0.697487
98.4092	0.687241
98.479	0.687484
98.5462	0.714096
98.6161	0.687241
98.6833	0.713834
98.7531	0.687241
98.823	0.687241
98.8918	0.697737
98.9611	0.692696
99.0257	0.742852
99.0903	0.742852
99.1554	0.736861
99.2206	0.736861
99.2868	0.725165
99.3566	0.687241
99.4264	0.687484
99.4963	0.687484
99.5661	0.687241
99.6323	0.906794
99.6974	0.736861
99.7647	0.713834
99.8319	0.713834
99.9017	0.687241
99.9716	0.687484
100.04	0.702852
100.107	0.713834
100.175	0.708301
100.241	0.725165
100.309	0.708301
100.379	0.687484
100.448	0.687484
100.518	0.687241
100.586	0.535572
100.653	0.708301
100.721	0.356917
100.789	0.527139
100.858	0.348743
100.927	0.343742
100.997	0.343742
101.065	0.356917
101.132	0.535376
101.199	0.356917
101.266	0.356917
101.336	0.346101
101.405	0.343742
101.475	0.343742
101.544	0.348743
101.608	0.37447
101.671	0.380712
101.735	0.377565
101.801	0.362583
101.869	0.351426
101.94	0.341055
102.009	0.173174
102.078	0.348869
102.145	0.356917
102.213	0.35415
102.28	0.35415
102.35	0.346101
102.42	0.341175
102.489	0.174434
102.555	0.362583
102.622	0.359728
102.69	0.351426
102.761	0.341055
102.827	0.17993
102.893	0.362583
102.962	0.351426
103.032	0.343621
103.102	0.341175
103.17	0.17714
103.237	0.356917
103.305	0.351426
103.376	0.341055
103.445	0.17181
103.514	0.348869
103.584	0.343621
103.652	0.35168
103.719	0.359728
103.786	0.356917
103.853	0.356917
103.921	0.35415
103.99	0.351426
104.059	0.346101
104.129	0.341175
104.199	0.171871
104.265	0.362718
104.331	0.362583
104.397	0.365483
104.462	0.368431
104.528	0.365483
104.597	0.348743
104.667	0.343621
104.735	0.348869
104.806	0.341055
104.875	0.174434
104.944	0.343742
105.012	0.35415
105.081	0.348743
105.15	0.346225
105.22	0.343621
105.289	0.348743
105.357	0.351426
105.425	0.351426
105.494	0.348743
105.564	0.346348
105.633	0.343621
105.703	0.171871
105.772	0.348869
105.835	0.380712
105.9	0.368431
105.967	0.359728
106.035	0.351426
106.105	0.343621
106.175	0.343742
106.245	0.343742
106.309	0.37447
106.369	0.397264
106.431	0.390473
106.493	0.387164
106.556	0.377565
106.623	0.356917
106.692	0.348743
106.762	0.343621
106.832	0.343742
106.901	0.346101
106.971	0.346348
107.04	0.343742
107.108	0.35415
107.178	0.343621
107.248	0.343742
107.317	0.346225
107.384	0.359728
107.453	0.348743
107.522	0.346225
107.592	0.343742
107.66	0.351426
107.727	0.356917
107.797	0.346101
107.866	0.348869
107.935	0.343621
108.005	0.343621
108.074	0.174434
108.143	0.346101
108.213	0.343742
108.283	0.343742
108.35	0.359728
108.416	0.359728
108.484	0.356917
108.552	0.348743
108.622	0.343621
108.693	0.341175
108.761	0.175777
108.829	0.351553
108.896	0.356917
108.966	0.343499
109.036	0.171871
109.104	0.351553
109.174	0.346101
109.244	0.343742
109.313	0.343742
109.379	0.365483
109.444	0.368431
109.509	0.368431
109.576	0.359728
109.646	0.343621
109.715	0.346225
109.785	0.343742
109.851	0.36562
109.915	0.371426
109.978	0.380712
110.044	0.365483
110.112	0.35415
110.181	0.348743
110.25	0.515613
110.32	0.687241
110.388	0.708559
110.455	0.719455
110.522	0.713834
110.59	0.702852
110.66	0.687484
110.73	0.687241
110.797	0.719987
110.862	0.736861
110.928	0.719455
110.996	0.713834
111.066	0.687241
111.136	0.682111
111.202	0.725706
111.266	0.748941
111.328	0.774329
111.394	0.730966
111.46	0.725165
111.53	0.687241
111.6	0.687484
111.669	0.692449
111.738	0.692696
111.804	0.730966
111.87	0.725165
111.939	0.697487
112.009	0.687484
112.079	0.687484
112.146	0.713834
112.21	0.748941
112.276	0.725165
112.345	0.871859
112.414	0.692203
112.484	0.692696
112.551	0.708301
112.621	0.865562
112.689	1.05466
112.755	1.09645
112.821	1.26904
112.889	1.06245
112.958	1.21136
113.028	1.37497
113.097	1.3849
113.167	1.54684
113.237	1.54684
113.305	1.75777
113.374	1.91878
113.442	1.75713
113.512	1.88991
113.582	2.06245
113.647	1.27919
113.715	1.4166
113.784	1.39497
113.854	1.54629
113.924	1.37448
113.993	1.37448
114.06	1.45087
114.125	1.09645
114.191	1.09645
114.258	1.07918
114.325	1.06245
114.393	1.06245
114.462	1.2206
114.531	1.0383
114.6	1.04623
114.67	1.03086
114.739	1.04661
114.807	1.23044
114.873	1.46193
114.939	1.45033
115.007	1.4166
115.077	1.374
115.146	1.37497
115.216	1.37497
115.286	1.37448
115.352	1.46248
115.418	1.43891
115.486	1.4166
115.555	1.4057
115.624	1.3849
115.693	1.3849
115.761	1.40621
115.831	1.37448
115.9	1.40621
115.969	1.374
116.038	1.39547
116.105	1.43891
116.173	1.4057
116.243	1.3849
116.312	1.37497
116.379	1.43891
116.446	1.42767
116.514	1.4166
116.584	1.36422
116.653	1.39547
116.723	1.37497
116.79	1.42819
116.854	1.51026
116.916	1.53564
116.982	1.46193
117.05	1.4057
117.12	1.37448
117.19	1.37497
117.26	1.36422
117.328	1.42819
117.396	1.39497
117.464	1.4166
117.534	1.54629
117.604	1.37448
117.674	1.37497
117.739	1.46248
117.804	1.47372
117.87	1.64467
117.94	1.7181
118.008	1.75777
118.078	1.88991
118.147	1.74434
118.216	1.74434
118.283	1.96376
118.351	2.1249
118.42	2.07661
118.49	2.23432
118.56	2.06245
118.626	2.15837
118.69	1.49788
118.758	1.60613
118.825	1.42767
118.895	1.54629
118.965	1.71871
119.035	1.70587
119.101	1.81291
119.168	1.07075
119.235	1.08775
119.302	1.23953
119.371	1.39497
119.441	1.37497
119.511	1.37448
119.58	1.3849
119.647	1.43944
119.71	1.51234
119.775	1.48529
119.84	1.65794
119.906	1.45033
119.972	1.45033
120.039	1.45033
120.106	1.4166
120.176	1.3849
120.246	1.37497
120.315	1.37497
120.383	1.42767
120.445	1.53564
120.506	1.58906
120.567	1.56189
120.68	0.0873123
