10.0344	34
10.0869	36
10.3795	40
10.4148	44
10.4532	47
10.4968	52
10.4978	51
10.5467	51
10.5477	50
10.605	51
10.606	52
10.6601	60
10.6612	59
10.7164	66
10.7174	65
10.7815	71
10.7825	71
10.7836	70
10.8524	70
10.9821	69
11.031	73
11.0814	77
11.1392	81
11.2033	86
11.2043	83
11.2742	81
11.4579	86
11.5109	89
11.5634	91
11.6181	93
11.6743	95
11.7315	97
11.7904	100
11.8513	102
11.9123	105
11.9748	107
12.0357	109
12.0977	110
12.1586	112
12.2201	113
12.2816	114
12.3478	116
12.4103	118
12.4785	119
12.5453	121
12.6125	123
12.6818	124
12.7526	126
12.8227	128
12.8883	129
12.9461	128
13.0002	126
13.0548	124
13.1095	122
13.1667	121
13.2282	120
13.296	121
13.3658	123
13.4362	125
13.6862	125
13.7487	125
13.8154	126
13.8832	127
13.9536	128
14.223	128
14.286	128
14.348	128
14.4111	127
14.4757	127
14.5445	128
14.6143	129
14.6841	130
14.7519	131
14.8212	132
14.89	133
14.9567	133
15.0219	133
15.087	132
15.1537	132
15.2215	132
15.2903	133
15.3601	134
15.4284	134
15.4977	134
15.5618	134
15.628	134
15.6932	133
15.7588	133
15.8271	133
15.897	134
15.9668	134
16.0361	135
16.1049	135
16.1727	135
16.2404	135
16.3103	136
16.3801	136
16.4494	136
16.5172	136
16.5834	136
16.6517	136
16.721	136
16.7908	136
16.8602	137
16.9284	137
16.9295	128
16.9972	121
16.9983	114
17.0655	108
17.0666	103
17.1344	99
17.1354	95
17.2047	92
17.2058	89
17.2745	87
17.2756	85
17.3396	91
17.3407	88
17.4011	92
17.4022	89
17.4605	92
17.4615	88
17.524	92
17.5251	89
17.5261	86
17.5907	83
17.5918	81
17.5928	79
17.6585	78
17.6596	76
17.6606	75
17.7268	74
17.7279	74
17.7289	73
17.7961	81
17.7972	80
17.7982	78
17.8659	86
17.867	84
17.868	82
17.9342	89
17.9353	86
17.9363	84
17.9374	82
18.0025	80
18.0035	79
18.0046	77
18.0056	76
18.0671	75
18.0681	74
18.0692	73
18.0702	72
18.1301	78
18.1312	76
18.1322	75
18.1333	73
18.1942	80
18.1953	78
18.1963	76
18.1974	75
18.1984	73
18.2604	72
18.2614	72
18.2625	71
18.2635	70
18.2646	70
18.3297	77
18.3308	76
18.3318	76
18.3329	75
18.3339	74
18.3995	82
18.4006	80
18.5335	86
18.5345	84
18.5356	81
18.5366	79
18.5949	77
18.596	75
18.597	73
18.5981	72
18.6569	70
18.658	69
18.659	68
18.6601	67
18.721	67
18.7221	67
18.7231	67
18.7242	66
18.7903	74
18.7914	74
18.7924	73
18.7935	73
18.8586	80
18.8597	79
18.8607	78
18.8618	76
18.9285	84
18.9295	82
19.0661	80
19.0671	79
19.0682	77
19.1323	76
19.1333	74
19.1344	73
19.1995	73
19.2005	72
19.2016	71
19.2667	71
19.2678	70
19.2688	70
19.3356	69
19.3366	69
19.3377	69
19.4048	78
19.4059	77
19.407	76
19.4747	83
19.4757	82
19.4768	80
19.543	87
19.544	85
19.5451	83
19.6113	90
19.6123	87
19.6134	85
19.6801	91
19.6811	88
19.6822	86
19.6833	84
19.75	82
19.751	80
19.7521	79
19.7531	78
19.8198	77
19.8208	76
19.8219	75
19.8229	74
19.8896	73
19.8907	73
19.8917	73
19.8928	72
19.9574	72
19.9584	71
19.9595	71
19.9605	70
20.0251	70
20.0262	70
20.0272	69
20.0283	69
20.094	69
20.095	69
20.0961	69
20.0971	69
20.1638	69
20.1649	69
20.1659	69
20.167	69
20.2336	69
20.2347	69
20.2357	69
20.2368	69
20.3024	69
20.3035	69
20.3045	69
20.3056	69
20.3718	69
20.3728	69
20.3739	69
20.3749	69
20.4395	69
20.4406	68
20.4416	68
20.4427	68
20.5094	68
20.5104	69
20.5115	69
20.5125	69
20.5792	69
20.5803	69
20.5813	69
20.5824	69
20.6485	69
20.6496	69
20.6506	69
20.6517	69
20.7147	68
20.7158	68
20.7168	68
20.7179	67
20.7814	67
20.7825	67
20.7835	67
20.7846	67
20.8508	67
20.8518	67
20.8529	68
20.8539	68
20.9201	68
20.9211	68
20.9222	68
20.9232	68
20.9899	68
20.991	68
20.992	69
20.9931	69
21.0582	69
21.0592	69
21.0603	68
21.0613	68
21.1259	68
21.127	68
21.128	68
21.1291	68
21.1932	68
21.1942	68
21.1953	68
21.1963	67
21.2599	67
21.2609	67
21.262	67
21.263	67
21.3297	67
21.3308	67
21.3318	68
21.3329	68
21.3995	68
21.4006	68
21.4016	68
21.4027	68
21.4684	68
21.4694	68
21.4705	68
21.4715	68
21.5372	68
21.5382	68
21.5393	68
21.5403	68
21.6049	68
21.606	68
21.607	68
21.6081	68
21.6748	68
21.6759	68
21.6769	68
21.678	68
21.7441	68
21.7452	69
21.7462	69
21.7473	69
21.8139	69
21.815	69
21.816	69
21.8171	69
21.8812	69
21.8822	69
21.8833	68
21.8843	68
21.9463	68
21.9474	67
21.9484	67
21.9495	67
22.0151	67
22.0162	67
22.0172	67
22.0183	67
22.0845	68
22.0855	68
22.0866	68
22.0876	68
22.1506	68
22.1517	67
22.1527	67
22.1538	67
22.2158	67
22.2168	66
22.2179	66
22.2189	66
22.282	66
22.283	66
22.2841	66
22.2851	66
22.3481	66
22.3492	66
22.3502	66
22.3513	66
22.418	74
22.419	74
22.4201	74
22.4211	73
22.4868	81
22.4878	79
22.4889	78
22.4899	77
22.5566	84
22.5577	82
22.5587	81
22.5598	80
22.6248	86
22.6259	84
22.6269	82
22.628	81
22.6842	86
22.6853	83
22.6863	80
22.6874	78
22.7446	82
22.7457	80
22.7467	77
22.7478	75
22.7488	73
22.8087	72
22.8098	71
22.8108	70
22.8119	69
22.8129	69
22.876	68
22.877	68
22.8781	68
22.8791	68
22.8802	68
22.9453	68
22.9463	68
22.9474	68
22.9484	68
22.9495	68
23.0146	76
23.0156	76
23.0167	75
23.0177	74
23.0188	74
23.0849	81
23.222	87
23.2231	85
23.2241	83
23.2252	81
23.2898	80
23.2908	78
23.2919	76
23.2929	75
23.3581	74
23.3591	74
23.3602	73
23.3612	73
23.4274	80
23.4284	79
23.4295	78
23.4305	77
23.4977	84
23.6343	82
23.6354	80
23.6364	79
23.7031	77
23.7042	76
23.7052	76
23.7719	83
23.773	81
23.774	80
23.8418	87
23.8428	85
23.8439	83
23.91	89
23.9111	87
23.9121	85
23.9799	91
23.9809	88
23.982	86
24.0497	92
24.1868	89
24.1878	86
24.2546	84
24.2556	82
24.3244	80
24.3255	79
24.3932	78
24.3942	76
24.461	75
24.462	74
24.5287	73
24.5298	73
24.598	81
24.5991	79
24.6663	86
24.6673	84
24.733	90
24.7341	88
24.8018	93
24.8029	90
24.8716	96
24.8727	93
24.941	98
24.942	95
25.0098	100
25.0108	96
25.0781	101
25.0791	97
25.1479	102
25.1489	98
25.2182	103
25.421	107
25.4872	110
25.5544	113
25.6243	116
26.1095	110
26.1767	113
26.2434	116
26.307	117
26.3727	119
26.4394	121
26.5066	122
26.5749	124
26.6447	125
26.7135	127
26.9163	128
26.9835	128
27.0508	129
27.1201	130
27.1905	131
27.587	131
27.6569	132
27.7267	133
27.796	134
27.8643	134
27.9294	134
27.9305	125
27.9951	118
27.9962	111
28.0634	106
28.0645	101
28.1332	97
28.1343	94
28.2031	91
28.2041	88
28.2713	85
28.2724	83
28.3386	81
28.3396	79
28.4068	78
28.4079	77
28.4762	76
28.4772	75
28.5466	74
28.5476	74
28.6159	73
28.6169	72
28.6789	71
28.6799	70
28.7435	69
28.7446	69
28.8081	68
28.8092	68
28.8733	67
28.8743	67
28.9389	67
28.94	66
29.0051	66
29.0062	66
29.0745	67
29.0755	67
29.1443	67
29.1453	68
29.2131	68
29.2141	68
29.2829	68
29.284	68
29.3512	68
29.3523	68
29.4205	68
29.4216	68
29.4872	68
29.4883	68
29.5534	67
29.5545	67
29.6191	67
29.6201	67
29.6874	67
29.6884	67
29.7572	67
29.7583	68
29.827	68
29.8281	68
29.8969	68
29.8979	68
29.9615	68
29.9625	67
30.0261	67
30.0271	67
30.0928	66
30.0939	66
30.1595	66
30.1606	66
30.2289	67
30.2299	67
30.2987	67
30.2997	68
30.3685	68
30.3696	68
30.4352	68
30.4363	68
30.5035	68
30.5046	68
30.5734	68
30.5744	68
30.6432	68
30.6443	69
30.7125	77
30.7136	76
30.7823	84
30.7834	82
30.8522	89
30.8532	87
30.9204	93
30.9215	90
30.9898	96
30.9913	93
31.1956	98
31.2655	103
31.3353	108
31.4009	111
31.402	105
31.4682	101
31.4692	96
31.5375	93
31.5386	90
31.6068	87
31.6079	85
31.6725	91
31.6735	88
31.7392	93
31.7402	90
31.8085	96
31.8096	92
31.8784	98
31.8794	95
31.9477	100
31.9487	96
32.0149	101
32.0159	97
32.017	93
32.0821	90
32.0832	87
32.0842	85
32.1509	83
32.152	81
32.153	79
32.2208	78
32.2218	77
32.2229	76
32.289	75
32.2901	74
32.2911	73
32.3589	73
32.3599	72
32.361	72
32.4282	72
32.4293	71
32.4303	71
32.4954	70
32.4965	70
32.4975	70
32.5653	70
32.5663	70
32.5674	70
32.6309	69
32.632	68
32.633	68
32.6955	68
32.6966	67
32.6976	67
32.7607	66
32.7617	66
32.7628	66
32.8264	66
32.8274	66
32.8285	66
32.8962	66
32.8972	67
32.8983	67
32.9655	67
32.9666	67
32.9676	68
33.0343	68
33.0353	68
33.0364	68
33.1021	68
33.1031	68
33.1042	68
33.1698	68
33.1709	67
33.1719	67
33.2392	68
33.2402	68
33.2413	68
33.3075	68
33.3085	68
33.3096	68
33.3763	68
33.3773	68
33.3784	68
33.4461	68
33.4472	68
33.4482	69
33.5159	69
33.517	69
33.518	69
33.5847	69
33.5858	69
33.5868	68
33.6546	69
33.6556	69
33.6567	69
33.7213	69
33.7223	68
33.7234	68
33.789	68
33.7901	68
33.7911	68
33.8579	68
33.8589	68
33.86	68
33.9277	68
33.9287	68
33.9298	68
33.9975	68
33.9986	69
33.9996	69
34.0668	69
34.0679	69
34.0689	69
34.1356	69
34.1367	69
34.1377	69
34.2023	68
34.2034	68
34.2044	68
34.2706	68
34.2717	68
34.2727	68
34.3404	68
34.3415	68
34.3425	68
34.4087	68
34.4098	68
34.4108	68
34.4786	68
34.4796	68
34.4807	69
34.5453	68
34.5463	68
34.5474	68
34.6078	67
34.6088	66
34.6099	66
34.6735	66
34.6745	66
34.6756	66
34.7423	74
34.7433	74
34.7444	73
34.8121	81
34.8131	80
34.8142	79
34.8809	86
34.8819	84
34.883	82
34.9455	88
34.9466	85
34.9476	83
35.0085	88
35.0096	85
35.0106	82
35.0721	87
35.0732	85
35.0742	82
35.0753	80
35.1393	78
35.1404	77
35.1414	75
35.1425	74
35.2092	74
35.2102	73
35.2113	73
35.2123	72
35.2769	72
35.278	71
35.279	71
35.2801	70
35.3452	78
35.3462	77
35.3473	76
35.3483	75
35.4129	82
35.414	80
35.415	79
35.4161	78
35.4828	85
35.4838	83
35.6183	81
35.6193	79
35.6204	77
35.6839	76
35.685	74
35.686	73
35.7501	72
35.7512	72
35.7522	71
35.8195	79
35.8205	78
35.8216	77
35.8893	84
35.8904	82
35.8914	81
35.9596	88
36.0889	85
36.1509	82
36.1519	80
36.2171	86
36.2181	83
36.2864	90
36.2875	87
36.3562	94
36.3573	91
36.4255	97
36.4266	93
36.4933	98
36.4943	95
36.5574	99
36.5584	95
36.623	99
36.6241	95
36.6882	99
36.6892	95
36.7549	99
36.756	95
36.757	92
36.8253	89
36.8263	87
36.8274	85
36.8951	83
36.8961	81
36.8972	80
36.9634	78
36.9644	77
36.9655	76
37.0301	74
37.0311	73
37.0322	73
37.0978	72
37.0989	71
37.0999	71
37.1667	70
37.1677	70
37.1688	70
37.2365	70
37.2376	70
37.2386	70
37.3053	70
37.3064	69
37.3074	69
37.3751	69
37.3762	69
37.3772	69
37.4444	69
37.4455	69
37.4465	69
37.5101	69
37.5112	68
37.5122	68
37.5747	67
37.5758	67
37.5768	66
37.6404	66
37.6414	66
37.6425	66
37.7082	66
37.7092	66
37.7103	67
37.7764	67
37.7775	67
37.7785	67
37.8458	67
37.8468	67
37.8479	67
37.9156	68
37.9167	68
37.9177	68
37.986	68
37.987	69
37.9881	69
38.0527	69
38.0537	68
38.0548	68
38.1199	68
38.121	68
38.122	68
38.1877	68
38.1888	68
38.1898	67
38.256	68
38.2571	68
38.2581	68
38.3258	68
38.3269	68
38.3279	68
38.3962	68
38.3972	69
38.3983	69
38.465	69
38.466	69
38.4671	69
38.5286	68
38.5296	67
38.5307	67
38.5921	66
38.5932	66
38.5942	66
38.6573	65
38.6583	65
38.6594	65
38.7229	65
38.724	65
38.725	65
38.7896	65
38.7907	65
38.7917	65
38.8595	66
38.8605	66
38.8616	67
38.9293	67
38.9304	67
38.9314	68
38.9997	68
39.0007	68
39.0018	68
39.07	69
39.0711	69
39.0721	69
39.1367	69
39.1378	68
39.1388	68
39.2014	67
39.2024	67
39.2035	67
39.2665	66
39.2675	66
39.2686	66
39.3348	66
39.3358	66
39.3369	66
39.4046	67
39.4057	67
39.4067	67
39.4745	68
39.4755	68
39.4766	68
39.5437	77
39.5448	76
39.5458	75
39.6089	82
39.6099	80
39.611	78
39.6756	85
39.6767	83
39.6777	81
39.7413	87
39.7423	84
39.7434	82
39.8064	88
39.8075	85
39.8085	83
39.8096	81
39.8752	79
39.8763	78
39.8773	77
39.8784	76
39.9451	75
39.9461	74
39.9472	74
39.9482	73
40.0138	72
40.0149	72
40.0159	71
40.017	71
40.0805	70
40.0816	70
40.0826	70
40.0837	69
40.1488	77
40.1499	76
40.1509	75
40.152	74
40.214	81
40.215	79
40.2161	78
40.2171	76
40.2791	83
40.2802	81
40.2812	79
40.2823	77
40.2833	76
40.3485	75
40.3495	74
40.3506	73
40.3516	73
40.3527	72
40.4178	72
40.4188	71
40.4199	71
40.4209	71
40.422	71
40.4871	79
40.4881	78
40.4892	77
40.4902	76
40.4913	75
40.5564	83
40.5579	81
40.6935	87
40.6945	85
40.6956	83
40.6966	81
40.7586	79
40.7596	77
40.7607	75
40.7617	74
40.8227	73
40.8237	72
40.8248	71
40.8258	70
40.8873	77
40.8883	75
40.8894	74
40.8905	73
40.9556	80
40.9566	79
40.9577	77
40.9587	76
41.0254	84
41.0265	82
41.0275	81
41.1656	79
41.1667	77
41.2344	76
41.2355	76
41.2365	75
41.3011	74
41.3022	73
41.3032	72
41.37	72
41.371	71
41.3721	71
41.4403	71
41.4414	71
41.4424	70
41.5096	70
41.5107	70
41.5117	70
41.5784	78
41.5795	77
41.5805	76
41.6462	83
41.6472	82
41.6483	80
41.7134	87
41.7145	84
41.7155	82
41.7807	88
41.7817	86
41.7828	83
41.849	90
41.85	87
41.8511	85
41.8521	83
41.9193	81
41.9204	80
41.9214	79
41.9225	77
41.9891	76
41.9902	76
41.9912	75
41.9923	74
42.059	73
42.06	73
42.0611	73
42.0621	72
42.1257	71
42.1267	71
42.1278	70
42.1288	69
42.1892	69
42.1903	68
42.1913	68
42.1924	67
42.2523	66
42.2533	66
42.2544	66
42.2554	65
42.3158	65
42.3169	65
42.3179	64
42.319	64
42.3815	64
42.3825	64
42.3836	65
42.3847	65
42.4498	65
42.4508	65
42.4519	66
42.4529	66
42.5196	66
42.5207	67
42.5217	67
42.5228	67
42.5895	68
42.5905	68
42.5916	68
42.5926	68
42.6598	68
42.6609	69
42.6619	69
42.663	69
42.727	69
42.7281	68
42.7291	68
42.7302	68
42.7969	68
42.7979	68
42.799	68
42.8	68
42.8651	68
42.8662	68
42.8672	68
42.8683	68
42.9334	68
42.9345	68
42.9355	68
42.9366	68
43.0027	68
43.0038	68
43.0048	68
43.0059	68
43.0731	68
43.0741	69
43.0752	69
43.0762	69
43.1424	69
43.1435	69
43.1445	69
43.1456	69
43.2117	69
43.2128	69
43.2138	69
43.2149	69
43.2789	68
43.28	68
43.281	68
43.2821	68
43.3451	68
43.3462	68
43.3472	67
43.3483	67
43.4155	67
43.4166	68
43.4176	68
43.4187	68
43.4859	68
43.4869	68
43.488	69
43.489	69
43.5536	69
43.5546	69
43.5557	68
43.5567	68
43.6203	68
43.6213	68
43.6224	68
43.6234	67
43.6886	67
43.6896	67
43.6907	67
43.6917	67
43.7579	68
43.759	68
43.76	68
43.7611	68
43.8272	77
43.8283	76
43.8293	75
43.8304	75
43.8965	82
43.8976	81
43.8986	79
43.8997	78
43.9664	85
43.9674	83
43.9685	82
43.9695	80
44.0357	87
44.0368	85
44.0378	83
44.0389	81
44.104	88
44.105	86
44.1061	84
44.1071	82
44.1665	88
44.1676	85
44.1686	82
44.1697	79
44.2311	85
44.2322	82
44.2332	80
44.2343	78
44.2968	84
44.2978	82
44.2989	80
44.2999	78
44.3651	85
44.3661	83
44.3672	81
44.3682	80
44.4344	87
44.4355	84
44.4365	83
44.4376	81
44.5042	88
44.5053	86
44.5064	84
44.5074	82
44.5741	89
44.5751	87
44.5762	85
44.5772	83
44.7747	88
44.7758	85
44.8393	91
44.8404	88
44.904	93
44.905	89
44.9707	94
44.9717	91
44.9728	88
45.041	86
45.0421	84
45.0431	82
45.1109	80
45.1119	79
45.113	78
45.1786	85
45.1797	83
45.1807	81
45.2474	88
45.2485	85
45.2495	83
45.3168	90
45.3178	87
45.3189	85
45.3866	92
45.3876	89
45.5252	86
45.5262	84
45.5909	90
45.5919	87
45.656	92
45.6571	89
45.7217	94
45.7227	90
45.7889	95
45.79	92
45.8583	97
45.8598	94
46.0688	91
46.1376	97
46.2074	102
46.2772	107
46.3471	111
46.543	113
46.6076	115
46.6733	117
46.7405	119
46.8088	121
46.8786	123
46.949	125
47.2195	126
47.2888	127
47.3587	129
47.6286	129
47.6942	129
47.7588	129
47.8245	129
47.8933	130
47.9637	131
48.2352	131
48.3014	131
48.3686	131
48.4385	132
48.7168	133
48.9752	131
49.0372	130
49.1044	130
49.1748	131
49.4494	131
49.5183	132
49.5866	132
49.6564	133
49.7262	134
49.7955	134
49.8575	134
49.9206	133
49.9868	132
50.054	132
50.1238	133
50.1932	134
50.263	134
50.5346	134
50.6044	135
50.6742	136
50.7441	136
50.8113	136
50.8775	136
50.9437	135
51.0115	135
51.0787	135
51.148	135
51.2179	136
51.2877	136
51.4742	134
51.5393	133
51.6081	133
51.6775	134
51.7473	134
51.815	135
51.8161	127
51.8854	119
51.8865	113
51.9526	107
51.9537	102
52.0204	98
52.0215	94
52.0866	91
52.0876	87
52.1538	85
52.1549	82
52.2237	81
52.2247	79
52.2935	78
52.2946	77
52.3633	76
52.3644	75
52.4322	74
52.4332	74
52.4994	73
52.5004	72
52.5687	72
52.5698	71
52.6385	71
52.6396	71
52.7068	70
52.7079	70
52.7772	70
52.7782	70
52.8454	70
52.8465	70
52.9142	69
52.9153	69
52.9831	69
52.9841	69
53.0529	69
53.0539	69
53.1227	69
53.1238	69
53.192	69
53.1931	69
53.2618	69
53.2629	69
53.327	68
53.328	68
53.3926	68
53.3937	67
53.463	68
53.4641	68
53.5276	68
53.5287	67
53.5954	67
53.5964	67
53.66	67
53.661	66
53.7257	66
53.7267	66
53.7934	66
53.7945	66
53.8638	67
53.8648	67
53.9336	67
53.9347	68
54.0034	68
54.0045	68
54.0654	67
54.0665	67
54.1269	66
54.1279	65
54.1894	65
54.1905	65
54.2556	65
54.2566	65
54.3254	65
54.3265	66
54.3953	66
54.3963	67
54.4651	67
54.4662	67
54.5323	67
54.5334	67
54.5996	75
54.6006	74
54.6684	82
54.6695	80
54.7383	88
54.7393	85
54.8086	92
55.0103	97
55.077	101
55.1437	105
55.2135	109
55.2834	113
55.4882	116
55.556	118
55.6248	120
55.6952	123
56.1726	124
56.2414	126
56.3117	127
56.5786	128
56.6479	129
56.7162	130
56.785	131
56.8543	132
56.9231	133
57.1236	150
57.4515	139
57.5203	139
57.5901	139
57.6595	139
57.7288	139
57.7976	138
57.8669	138
57.9357	138
58.0056	138
58.0722	138
58.1379	137
58.2052	137
58.2745	137
58.3443	137
58.4126	137
58.4809	137
58.5507	137
58.6205	137
58.6883	137
58.7576	137
58.8275	137
58.8926	137
58.9588	136
59.0255	136
59.0927	135
59.1615	135
59.2319	136
59.4971	135
59.5602	133
59.6248	133
59.6926	132
59.7624	133
59.8322	134
59.901	134
59.9021	126
59.9703	119
59.9714	113
60.037	107
60.0381	102
60.1048	97
60.1059	94
60.1747	91
60.1757	88
60.245	86
60.2461	84
60.3112	82
60.3122	80
60.3779	78
60.3789	76
60.4436	75
60.4446	74
60.5118	73
60.5129	72
60.5817	72
60.5827	72
60.6515	71
60.6526	71
60.7208	71
60.7219	71
60.7865	70
60.7875	69
60.8537	69
60.8548	69
60.9194	68
60.9205	68
60.9882	68
60.9893	68
61.0581	68
61.0591	68
61.1279	68
61.1289	68
61.1977	69
61.1988	69
61.2676	69
61.2686	69
61.3358	69
61.3369	69
61.4052	69
61.4062	69
61.474	69
61.475	69
61.5396	68
61.5407	68
61.6084	68
61.6095	68
61.6783	68
61.6793	68
61.7481	68
61.7492	69
61.8164	68
61.8174	68
61.8857	68
61.8867	68
61.955	69
61.9561	69
62.0244	69
62.0254	69
62.0942	69
62.0953	69
62.164	69
62.1651	69
62.2334	69
62.2344	69
62.3032	69
62.3042	69
62.3699	69
62.371	68
62.4387	68
62.4398	68
62.507	68
62.5081	68
62.5768	68
62.5779	68
62.6462	77
62.6472	76
62.7144	84
62.7155	82
62.7811	88
62.7822	86
62.7832	83
62.8468	81
62.8479	79
62.8489	77
62.9146	76
62.9156	75
62.9167	74
62.9844	73
62.9855	73
62.9865	73
63.0506	80
63.0516	79
63.0527	77
63.1157	84
63.1168	81
63.1178	79
63.1824	86
63.1835	83
63.1845	81
63.1856	80
63.2502	78
63.2513	77
63.2523	76
63.2534	75
63.3185	74
63.3196	73
63.3206	72
63.3217	72
63.3884	80
63.3894	79
63.3905	78
63.3915	77
63.4576	84
63.4587	82
63.4597	81
63.4608	79
63.4618	78
63.5275	77
63.5285	76
63.5296	75
63.5306	75
63.5317	74
63.5978	73
63.7276	80
63.7286	78
63.7297	76
63.7307	75
63.7917	73
63.7927	72
63.7938	71
63.7948	70
63.8584	70
63.8595	69
63.8605	69
63.8616	69
63.9272	69
63.9283	69
63.9293	69
63.9304	69
63.997	77
63.9981	76
63.9991	76
64.0002	75
64.0663	83
64.0674	81
64.0684	80
64.0695	78
64.0705	77
64.1336	76
64.1346	75
64.1357	74
64.1367	73
64.1378	72
64.2003	71
64.2013	71
64.2024	70
64.2034	70
64.2045	69
64.2681	69
64.2691	69
64.2702	69
64.2712	69
64.2723	68
64.3364	68
64.3374	68
64.3385	68
64.3395	68
64.3406	68
64.4062	77
64.4072	76
64.4083	75
64.4093	75
64.4104	74
64.4729	81
64.4739	79
64.475	78
64.476	76
64.4771	75
64.5406	82
64.5417	80
64.5427	79
64.5438	78
64.5448	76
64.6089	83
64.61	81
64.611	80
64.6121	79
64.6131	77
64.6793	85
64.8195	83
64.8205	81
64.8216	80
64.8862	86
64.8872	84
64.8883	82
64.9534	88
64.9545	86
64.9555	83
64.9566	81
65.0228	80
65.0238	78
65.0249	77
65.0259	76
65.0931	75
65.0942	75
65.0952	74
65.0963	74
65.1629	73
65.164	73
65.165	72
65.1661	72
65.2301	80
65.2312	78
65.2322	77
65.2333	76
65.2979	83
65.299	81
65.3	79
65.3011	78
65.3021	77
65.3652	76
65.3662	75
65.3673	74
65.3683	73
65.3694	72
65.4335	71
65.4345	71
65.4356	70
65.4366	70
65.4377	70
65.5012	69
65.5023	69
65.5033	69
65.5044	69
65.5054	69
65.5711	69
65.5721	69
65.5732	69
65.5742	69
65.5753	69
65.6399	77
65.6409	76
65.642	75
65.643	75
65.6441	74
65.7102	82
65.8457	88
65.8468	85
65.8478	83
65.914	89
65.9151	87
65.9161	84
65.9818	91
65.9828	88
65.9839	85
66.0496	91
66.0506	88
66.0517	86
66.1179	92
66.1189	89
66.12	86
66.121	84
66.1877	82
66.1888	81
66.1898	79
66.1909	78
66.2575	77
66.2586	76
66.2597	75
66.2607	74
66.3279	74
66.3289	73
66.33	73
66.331	73
66.3972	72
66.3982	72
66.3993	72
66.4003	71
66.4629	70
66.4639	70
66.465	69
66.466	69
66.529	76
66.5301	75
66.5311	74
66.5322	73
66.5947	80
66.5958	78
66.5968	77
66.5979	75
66.6614	82
66.6625	80
66.6635	79
66.6646	77
66.7287	84
66.7297	82
66.7308	80
66.7318	78
66.798	85
66.7991	83
66.8001	82
66.8012	80
66.8673	87
66.8684	85
66.8694	83
66.8705	81
66.9371	88
66.9382	86
66.9392	84
66.9403	82
67.0049	89
67.0059	86
67.007	84
67.0081	82
67.0732	88
67.0742	86
67.0753	84
67.0763	82
67.1399	88
67.141	85
67.142	83
67.1431	81
67.2072	87
67.2082	85
67.2093	83
67.2103	81
67.277	87
67.278	85
67.2791	83
67.2801	82
67.3473	89
67.4829	86
67.4839	83
67.5485	89
67.5496	86
67.5506	84
67.6163	82
67.6173	80
67.6184	78
67.6861	77
67.6872	76
67.6882	75
67.756	75
67.757	74
67.7581	73
67.8258	73
67.8268	73
67.8279	72
67.894	80
67.8951	79
67.8961	78
67.9618	85
67.9629	82
67.9639	81
68.029	87
68.0301	85
68.0312	83
68.0979	89
68.0989	87
68.1	84
68.101	82
68.1677	81
68.1688	79
68.1698	78
68.1709	77
68.237	76
68.2381	75
68.2391	74
68.2402	74
68.3058	73
68.3069	72
68.3079	72
68.309	71
68.372	71
68.373	70
68.3741	70
68.3751	69
68.4408	69
68.4419	69
68.4429	69
68.444	69
68.5101	77
68.5112	76
68.5122	76
68.5133	75
68.5799	83
68.581	81
68.582	80
68.5831	78
68.6487	85
68.6498	83
68.6508	82
68.6519	80
68.7175	87
68.7186	85
68.7196	83
68.7207	81
68.7863	88
68.7874	85
68.7884	83
68.7895	82
68.8557	88
68.8567	86
68.8578	84
68.8588	82
68.926	89
69.0594	86
69.0605	83
69.1251	89
69.1261	86
69.1929	92
69.1939	89
69.195	86
69.2627	84
69.2638	82
69.2648	81
69.3331	79
69.3341	78
69.3352	77
69.4024	76
69.4034	75
69.4045	75
69.4717	82
69.4728	81
69.4738	79
69.5379	86
69.5389	84
69.54	81
69.6056	88
69.6067	85
69.6077	83
69.6729	89
69.6739	87
69.675	84
69.676	82
69.7422	81
69.7433	79
69.7443	78
69.7454	77
69.8126	76
69.8136	75
69.8147	74
69.8157	74
69.8829	73
69.884	73
69.885	73
69.8861	72
69.9533	72
69.9543	72
69.9554	72
69.9564	71
70.02	71
70.021	70
70.0221	70
70.0231	70
70.0857	77
70.0867	76
70.0878	74
70.0888	73
70.1529	80
70.154	79
70.155	77
70.1561	76
70.2222	83
70.2233	82
70.2243	80
70.2254	79
70.2915	86
70.2926	84
70.2936	82
70.2947	81
70.3619	87
70.4927	85
70.4937	82
70.5594	88
70.5605	85
70.6282	92
70.6293	89
70.6303	86
70.6986	84
70.6996	82
70.7007	81
70.7658	79
70.7668	77
70.7679	76
70.8325	75
70.8336	74
70.8346	73
70.8982	80
70.8992	79
70.9003	77
70.9644	84
70.9654	81
70.9665	80
71.0332	86
71.0342	84
71.0353	82
71.103	89
71.1041	87
71.2422	84
71.3099	82
71.311	81
71.3792	88
71.3803	85
71.4491	92
71.4501	89
71.5168	95
71.5179	92
71.5856	97
71.5867	94
71.655	99
71.656	95
71.6571	92
71.7253	90
71.7264	87
71.7274	85
71.7936	83
71.7946	81
71.7957	79
71.8619	78
71.8629	76
71.864	75
71.9317	75
71.9327	74
71.9338	73
71.9989	73
72	72
72.001	71
72.0693	71
72.0703	71
72.0714	71
72.137	70
72.1381	70
72.1391	70
72.2032	69
72.2043	69
72.2053	68
72.2715	68
72.2725	68
72.2736	68
72.3398	68
72.3408	68
72.3419	68
72.4091	68
72.4102	68
72.4112	68
72.4779	68
72.479	68
72.48	68
72.5477	68
72.5488	69
72.5498	69
72.616	69
72.6171	69
72.6181	69
72.6822	68
72.6833	68
72.6843	68
72.7495	67
72.7505	67
72.7516	67
72.8177	67
72.8188	67
72.8198	67
72.8871	68
72.8881	68
72.8892	68
72.9569	68
72.958	68
72.959	68
73.0268	68
73.0278	69
73.0289	69
73.0934	68
73.0945	68
73.0955	68
73.1586	67
73.1596	67
73.1607	67
73.2232	66
73.2243	66
73.2253	66
73.2894	66
73.2904	66
73.2915	66
73.3556	66
73.3566	66
73.3577	66
73.4244	66
73.4255	66
73.4265	67
73.4948	67
73.4958	67
73.4969	68
73.5646	68
73.5656	68
73.5667	68
73.6349	68
73.636	69
73.637	69
73.7017	68
73.7027	68
73.7038	68
73.7705	68
73.7715	68
73.7726	68
73.8351	68
73.8361	67
73.8372	67
73.9002	67
73.9013	66
73.9023	66
73.968	66
73.9691	66
73.9701	66
74.0378	67
74.0389	67
74.0399	67
74.1066	67
74.1077	68
74.1087	68
74.1749	68
74.176	68
74.177	68
74.2443	68
74.2453	68
74.2464	68
74.3131	68
74.3141	68
74.3152	68
74.3829	68
74.3839	68
74.385	69
74.4517	77
74.4527	76
74.4538	75
74.5195	83
74.5205	81
74.5216	79
74.5867	86
74.5877	84
74.5888	82
74.6555	88
74.6566	86
74.6576	84
74.7253	90
74.7264	88
74.8629	85
74.864	83
74.9323	90
74.9333	87
74.9344	85
75.0026	83
75.0037	81
75.0047	80
75.0698	78
75.0709	77
75.072	76
75.136	74
75.1371	73
75.1381	73
75.2017	72
75.2028	71
75.2038	70
75.269	69
75.27	69
75.2711	69
75.3383	69
75.3393	69
75.3404	69
75.4076	78
75.4086	77
75.4097	76
75.4774	83
75.4785	82
75.4795	80
75.5415	87
75.5426	84
75.5436	81
75.6082	87
75.6093	85
75.6103	83
75.6739	89
75.6749	86
75.676	83
75.677	81
75.7417	79
75.7427	78
75.7438	77
75.7448	75
75.8115	75
75.8125	74
75.8136	73
75.8146	73
75.8798	72
75.8808	72
75.8819	71
75.8829	71
75.9491	71
75.9502	70
75.9512	70
75.9523	70
76.0184	70
76.0195	70
76.0205	70
76.0216	69
76.0877	69
76.0888	69
76.0898	69
76.0909	69
76.1539	69
76.155	68
76.156	68
76.1571	68
76.2206	68
76.2217	68
76.2227	67
76.2238	67
76.2868	67
76.2879	67
76.2889	67
76.29	66
76.3546	67
76.3556	67
76.3567	67
76.3577	67
76.4244	67
76.4255	67
76.4265	68
76.4276	68
76.4943	68
76.4953	68
76.4964	68
76.4974	69
76.563	69
76.5641	69
76.5651	69
76.5662	69
76.6329	69
76.6339	69
76.635	69
76.636	69
76.7027	69
76.7038	69
76.7048	69
76.7059	69
76.7726	69
76.7736	69
76.7747	69
76.7757	69
76.8424	69
76.8434	69
76.8445	69
76.8455	69
76.9106	69
76.9117	69
76.9127	69
76.9138	69
76.9779	68
76.9789	68
76.98	68
76.981	68
77.0472	68
77.0483	68
77.0493	68
77.0504	68
77.1171	69
77.1181	69
77.1192	69
77.1202	69
77.1874	69
77.1885	69
77.1895	69
77.1906	69
77.2567	69
77.2578	69
77.2588	69
77.2599	69
77.3213	68
77.3224	68
77.3234	67
77.3245	67
77.3854	67
77.3865	66
77.3875	66
77.3886	66
77.45	65
77.4511	65
77.4521	65
77.4532	65
77.5157	65
77.5168	65
77.5178	65
77.5189	65
77.5829	65
77.584	65
77.585	66
77.5861	66
77.6528	66
77.6539	67
77.6549	67
77.656	67
77.7221	67
77.7232	68
77.7242	68
77.7253	68
77.7919	68
77.793	68
77.794	68
77.7951	68
77.8597	68
77.8607	68
77.8618	68
77.8628	68
77.9295	68
77.9306	68
77.9316	68
77.9327	69
77.9957	68
77.9968	68
77.9978	68
77.9989	67
78.0624	67
78.0635	67
78.0645	67
78.0656	67
78.1302	67
78.1312	67
78.1323	67
78.1333	67
78.198	67
78.199	67
78.2001	67
78.2011	67
78.2683	68
78.2694	68
78.2704	68
78.2715	68
78.3382	68
78.3392	69
78.3403	69
78.3413	69
78.4069	69
78.408	69
78.409	69
78.4101	69
78.4758	77
78.4768	76
78.4779	75
78.4789	74
78.5435	82
78.5446	80
78.5456	79
78.5467	77
78.6118	84
78.6129	82
78.6139	81
78.615	79
78.6817	86
78.6827	84
78.6838	82
78.6848	81
78.7515	88
78.7525	86
78.8917	84
78.8928	82
78.8938	80
78.9615	79
78.9626	78
78.9636	77
79.0313	76
79.0324	75
79.0334	75
79.1001	82
79.1012	81
79.1022	79
79.1674	86
79.1684	84
79.1695	82
79.2341	88
79.2351	85
79.2362	83
79.2372	81
79.304	80
79.305	78
79.3061	77
79.3071	76
79.3733	75
79.3743	75
79.3754	74
79.3764	73
79.4431	73
79.4442	72
79.4452	72
79.4463	72
79.5129	71
79.514	71
79.515	71
79.5161	71
79.5812	79
79.5823	78
79.5833	77
79.5844	76
79.6511	83
79.6521	81
79.6532	80
79.6542	79
79.7209	86
79.8611	84
79.8621	82
79.9304	89
79.9314	87
79.9325	84
79.9987	82
79.9997	80
80.0008	79
80.0665	77
80.0675	76
80.0686	75
80.1353	74
80.1363	74
80.1374	73
80.2051	72
80.2062	72
80.2072	72
80.2744	71
80.2755	71
80.2765	71
80.3443	71
80.3453	70
80.3464	70
80.4141	70
80.4151	70
80.4162	70
80.4829	70
80.4839	70
80.485	69
80.5464	77
80.5475	75
80.5485	74
80.6116	81
80.6126	79
80.6137	77
80.6788	84
80.6799	82
80.6809	80
80.7482	87
80.7492	85
80.7503	83
80.818	90
80.819	87
80.8201	85
80.8878	92
80.8889	89
80.8899	86
80.9571	93
80.9582	90
80.9592	88
81.0265	94
81.0275	91
81.0286	88
81.0963	94
81.0974	91
81.0984	89
81.1651	95
81.1662	91
81.1672	89
81.2349	95
81.3705	91
81.3715	88
81.4393	86
81.4403	83
81.5096	82
81.5107	80
81.5784	79
81.5795	78
81.6446	85
81.6456	82
81.7102	88
81.7113	86
81.7759	91
81.777	88
81.8432	93
81.8442	90
81.8453	88
81.9115	85
81.9125	83
81.9136	81
81.9813	79
81.9823	78
81.9834	77
82.0511	76
82.0522	75
82.0532	75
82.1189	74
82.1199	73
82.121	72
82.1872	72
82.1882	71
82.1893	71
82.2523	79
82.2533	77
82.2544	76
82.3174	82
82.3185	80
82.3195	78
82.3842	85
82.3852	82
82.3863	81
82.4524	87
82.4535	85
82.4545	83
82.5218	89
82.5228	87
82.5239	85
82.5916	91
82.5927	88
82.5937	86
82.6589	92
82.6599	89
82.661	86
82.7266	92
82.7277	89
82.7287	87
82.7944	93
82.7954	90
82.7965	87
82.8622	93
82.8632	90
82.8643	87
82.932	93
82.933	90
82.9341	88
83.0018	94
83.0029	91
83.0039	88
83.0685	94
83.0696	91
83.0706	88
83.1347	93
83.1358	90
83.1368	87
83.203	93
83.2041	90
83.2051	87
83.2729	93
83.2739	90
83.275	88
83.3427	94
83.3437	91
83.3448	88
83.412	94
83.4131	91
83.4141	89
83.4792	95
83.4803	91
83.4813	88
83.5428	93
83.5438	89
83.5449	86
83.6079	91
83.609	88
83.61	85
83.6741	91
83.6752	88
83.6762	85
83.7414	91
83.7424	88
83.7435	85
83.8097	91
83.8107	88
83.8118	86
83.8795	92
83.8806	89
83.8816	87
83.9488	93
83.9499	90
83.9509	88
84.0187	94
84.0197	91
84.0208	88
84.087	94
84.088	91
84.0891	88
84.1542	94
84.1552	91
84.1563	88
84.2214	93
84.2225	90
84.2235	87
84.2897	93
84.2908	90
84.2918	87
84.3586	93
84.3596	90
84.3607	88
84.4284	94
84.4294	91
84.4305	88
84.4982	94
84.4992	91
84.5003	89
84.568	95
84.7041	91
84.7051	88
84.7724	86
84.7734	84
84.8417	90
84.8427	88
84.9115	94
84.9125	91
84.9792	97
84.9803	93
85.047	98
85.048	94
85.1132	99
85.1142	95
85.1153	92
85.181	88
85.182	86
85.1831	84
85.2508	82
85.2518	80
85.2529	79
85.3201	78
85.3212	77
85.3222	76
85.3905	75
85.3915	74
85.3926	74
85.4598	73
85.4608	72
85.4619	72
85.5275	71
85.5285	71
85.5296	71
85.5932	78
85.5942	77
85.5953	76
85.6588	82
85.6599	80
85.6609	78
85.7266	85
85.7276	83
85.7287	81
85.7949	88
85.7959	85
85.797	83
85.8647	90
85.8658	87
85.8668	85
85.9346	92
85.9356	89
85.9367	87
86.0018	93
86.0028	90
86.0039	87
86.0701	93
86.0711	90
86.0722	87
86.1389	93
86.1399	90
86.141	87
86.2067	93
86.2077	90
86.2088	87
86.2765	93
86.4818	90
86.5459	87
86.547	84
86.6105	81
86.6116	79
86.6762	78
86.6773	76
86.744	75
86.745	74
86.8133	82
86.8143	80
86.8836	87
87.0869	93
87.1536	98
87.2219	103
87.2913	107
87.3616	111
87.5633	106
87.6322	109
87.702	113
87.9756	116
88.0381	117
88.1011	118
88.1673	119
88.2367	121
88.306	123
88.3753	125
88.443	127
88.5129	128
88.5811	129
88.6499	130
88.7203	131
88.9913	132
89.0606	133
89.1305	133
89.1967	134
89.2644	134
89.3332	134
89.4031	135
89.4724	135
89.5412	135
89.6095	135
89.6778	135
89.7455	135
89.8148	136
89.8847	136
89.9545	136
90.0228	137
90.0926	137
90.1624	137
90.2328	137
90.5075	137
90.7774	136
90.841	135
90.9056	134
90.9723	134
91.0422	134
91.112	135
91.3892	135
91.4591	136
91.5279	136
91.5972	136
91.667	136
91.7363	137
91.8046	137
91.8734	137
91.9438	137
92.2101	136
92.2789	136
92.3488	136
92.417	137
92.4868	137
92.5557	137
92.6239	137
92.6917	137
92.7615	137
93.2389	136
93.3082	136
93.3781	136
93.4468	137
93.5167	137
93.5849	137
93.6532	137
93.7226	137
93.7924	137
93.8617	137
93.9299	137
93.9972	137
94.0644	137
94.1343	137
94.2041	137
94.2734	137
94.338	137
94.4052	136
94.4735	136
94.5413	136
94.6111	136
94.6805	136
94.7492	136
94.817	136
94.8863	136
94.9561	137
95.0218	136
95.0885	136
95.1552	136
95.2235	135
95.2913	135
95.3601	136
95.4304	136
95.7025	136
95.7724	136
96.0481	136
96.1169	136
96.1867	136
96.2571	137
96.526	137
96.5959	137
96.6657	137
96.735	138
96.8048	138
96.8747	138
96.9403	138
97.0055	137
97.0722	136
97.141	136
97.2104	136
97.2802	136
97.35	137
97.4172	137
97.485	137
97.5543	137
97.621	136
97.6221	128
97.6893	120
97.6904	114
97.7586	108
97.7597	103
97.8285	99
97.8295	95
97.8983	92
97.8994	89
97.9687	87
97.9697	85
98.0365	82
98.0375	81
98.1042	79
98.1052	78
98.172	76
98.173	75
98.2376	74
98.2387	73
98.3054	72
98.3064	71
98.3747	71
98.3758	71
98.4446	71
98.4456	70
98.5144	70
98.5154	70
98.5821	70
98.5832	70
98.6504	69
98.6515	69
98.7182	69
98.7192	69
98.7875	69
98.7886	69
98.8573	69
98.8584	69
98.9272	69
98.9282	69
98.996	69
98.997	69
99.0595	68
99.0606	67
99.1247	67
99.1257	67
99.1898	66
99.1909	66
99.255	66
99.256	66
99.3222	66
99.3232	66
99.392	67
99.3931	67
99.4618	67
99.4629	67
99.5317	68
99.5327	68
99.601	68
99.602	68
99.6651	76
99.6661	75
99.7302	81
99.7313	79
99.7974	86
99.7985	84
99.8657	90
99.8668	87
99.8678	85
99.9366	83
100.075	81
100.142	88
100.209	93
100.275	98
100.276	95
100.345	91
100.346	89
100.416	86
100.417	84
100.485	82
100.487	81
100.555	88
100.556	86
100.623	92
100.624	89
100.69	94
100.691	91
100.758	96
100.759	93
100.825	98
100.826	94
100.895	100
100.896	96
101.101	101
101.168	105
101.235	108
101.303	112
101.304	106
101.374	102
101.579	106
101.643	109
101.706	111
101.77	113
101.837	115
101.907	118
101.977	121
102.458	123
102.526	125
102.593	126
102.66	127
102.729	128
102.799	129
102.866	130
102.933	131
103.001	131
103.071	132
103.14	133
103.209	133
103.276	133
103.345	134
103.415	134
103.69	135
103.757	135
103.824	134
103.892	134
103.959	134
104.028	135
104.098	135
104.168	136
104.238	136
104.5	135
104.567	135
104.636	135
104.705	135
104.774	136
104.844	136
104.914	136
104.982	137
105.051	137
105.121	137
105.19	137
105.259	137
105.328	137
105.396	137
105.465	137
105.534	137
105.603	137
105.673	137
105.742	137
105.809	137
105.872	136
105.937	135
106.004	135
106.073	135
106.074	126
106.143	119
106.144	113
106.212	108
106.213	103
106.28	98
106.281	95
106.342	90
106.343	87
106.403	83
106.404	80
106.464	78
106.465	76
106.527	74
106.528	73
106.592	72
106.593	71
106.66	70
106.661	70
106.729	70
106.73	70
106.799	70
106.8	70
106.867	69
106.868	69
106.936	69
106.937	69
107.006	69
107.007	69
107.075	69
107.076	69
107.144	69
107.145	69
107.213	69
107.215	69
107.283	69
107.284	69
107.353	69
107.354	69
107.42	69
107.421	68
107.489	68
107.49	68
107.558	69
107.56	69
107.627	77
107.628	76
107.695	84
107.696	82
107.762	88
107.763	86
107.832	92
107.833	89
108.04	95
108.109	101
108.179	105
108.249	109
108.317	113
108.519	115
108.587	118
108.657	121
108.727	123
108.795	125
108.863	126
108.93	127
109	128
109.07	130
109.138	131
109.208	132
109.278	132
109.347	133
109.411	133
109.476	132
109.541	132
109.608	132
109.678	133
109.748	133
109.818	134
109.882	134
109.947	134
110.012	133
110.078	133
110.148	133
110.218	134
110.287	134
110.357	135
110.626	135
110.695	136
110.765	136
110.829	136
110.896	135
110.962	135
111.031	135
111.1	135
111.17	135
111.235	135
111.298	134
111.361	133
111.427	133
111.493	132
111.563	133
111.633	134
111.904	133
111.973	134
112.043	134
112.113	135
112.181	135
112.245	135
112.312	134
112.38	134
112.449	135
112.519	135
112.588	135
112.658	136
112.726	136
112.792	136
112.858	135
112.926	135
112.996	135
113.066	136
113.136	136
113.205	137
113.483	137
113.553	137
113.824	137
113.893	137
113.963	137
114.033	137
114.296	137
114.364	136
114.433	136
114.502	136
114.57	137
114.64	137
114.71	137
115.392	137
115.46	136
115.528	136
115.596	136
115.666	136
115.733	136
115.802	136
115.871	136
115.94	137
116.554	136
116.625	128
116.694	120
116.764	114
116.83	108
116.893	102
116.956	97
117.022	93
117.09	90
117.16	88
117.229	85
117.298	83
117.366	81
117.434	79
117.503	78
117.572	77
117.641	76
117.711	75
117.776	74
117.842	73
117.91	72
117.979	80
118.048	87
118.118	93
118.186	99
118.256	104
118.323	108
118.53	112
118.6	115
118.664	117
118.73	119
118.796	120
118.863	122
118.865	115
118.934	110
118.935	105
119.004	100
119.005	96
119.073	93
119.075	90
119.138	87
119.139	84
119.205	82
119.206	80
119.272	78
119.273	77
119.34	76
119.341	75
119.41	74
119.411	73
119.479	73
119.48	72
119.549	72
119.55	71
119.618	71
119.619	71
119.681	70
119.682	69
119.743	68
119.744	67
119.808	67
119.809	66
119.872	66
119.873	66
119.939	66
119.94	66
120.005	66
120.006	66
120.071	66
120.072	66
120.139	66
120.14	66
120.209	67
120.21	67
120.279	67
120.28	68
120.347	68
120.348	68
120.414	67
120.415	67
120.477	67
120.478	66
120.538	66
120.539	65
120.597	64
120.598	63
120.655	63
120.656	62
120.71	61
120.711	60
120.765	60
120.766	59
120.822	59
120.823	58
120.88	58
120.881	58
120.94	58
120.941	58
120.999	58
121	58
121.059	59
121.06	59
121.119	59
121.12	59
121.181	59
121.182	59
121.245	60
121.246	61
121.31	61
121.311	61
121.373	61
121.374	62
121.439	62
121.44	63
121.505	63
121.506	63
121.572	64
121.574	64
121.641	73
121.642	73
121.71	81
121.711	79
121.78	86
121.963	91
122.025	95
122.089	99
122.153	102
122.219	105
122.22	101
122.289	97
122.29	93
122.357	90
122.358	87
122.427	85
122.428	83
122.491	81
122.492	79
122.555	77
122.556	75
122.613	81
122.614	78
122.674	83
122.675	80
122.736	85
122.737	82
122.792	87
122.793	83
122.848	86
122.849	83
122.905	86
122.906	83
122.963	86
122.964	83
123.023	87
123.024	84
123.084	88
123.085	85
123.147	90
123.148	87
123.212	92
123.213	88
123.278	93
123.279	90
123.348	96
123.349	93
123.416	98
123.417	94
123.486	100
123.675	102
123.733	103
123.734	98
123.792	93
123.793	89
123.852	85
123.853	82
123.912	79
123.913	77
123.976	75
123.977	74
124.044	73
124.045	72
124.114	72
124.115	72
124.183	71
124.184	71
124.245	70
124.246	69
124.305	75
124.306	73
124.365	79
124.366	77
124.424	82
124.425	79
124.483	84
124.484	81
124.544	85
124.545	83
124.605	87
124.606	84
124.662	88
124.663	84
124.721	88
124.722	85
124.779	88
124.78	84
124.839	88
124.84	85
124.9	89
124.901	86
124.963	90
124.964	87
125.027	92
125.028	89
125.088	93
125.089	89
125.143	92
125.144	88
125.195	90
125.196	85
125.248	88
125.249	83
125.3	86
125.301	81
125.352	84
125.353	80
125.405	83
125.406	79
125.456	82
125.457	79
125.502	81
125.503	77
125.546	78
125.547	74
125.583	74
125.584	70
125.618	70
125.619	65
125.653	66
125.654	62
125.688	63
125.689	60
125.724	61
125.725	58
125.759	59
125.76	56
125.794	58
125.795	55
125.829	57
125.831	54
125.865	56
125.866	53
125.9	55
125.901	53
125.936	55
125.937	53
125.972	55
125.973	53
126.007	55
126.008	52
126.042	55
126.043	52
126.078	54
126.079	52
126.113	54
126.114	52
126.148	54
126.149	52
126.184	54
126.185	52
126.219	54
126.22	52
126.254	54
126.255	51
126.288	53
126.289	51
126.323	53
126.324	51
126.358	53
126.359	51
126.394	53
126.395	51
126.43	54
126.431	52
126.466	54
126.467	51
126.501	54
126.502	52
126.537	54
126.538	52
126.572	54
126.573	51
126.607	53
126.608	51
126.641	53
126.642	51
126.677	53
126.678	51
126.712	53
126.713	51
126.747	53
126.748	51
126.783	54
126.784	51
126.818	54
126.819	51
126.853	54
126.854	51
126.888	53
126.889	51
126.923	53
126.924	51
126.957	53
126.959	51
126.96	49
126.993	47
126.994	46
126.995	44
127.028	43
127.029	42
127.03	41
127.065	40
