11.1957	0.285534
11.2661	0.681872
11.3326	0.721857
11.3941	0.780947
11.5023	1.21976
11.6095	0.895792
11.724	0.838264
11.7844	1.39043
11.8448	0.595896
11.9052	0.595896
11.9672	0.580747
12.0287	0.780947
12.0901	0.780947
12.1511	0.787679
12.2125	0.780947
12.2772	0.742852
12.3974	0.498851
12.6669	0.0445277
12.7377	0.339118
12.8083	0.509743
12.8734	0.737699
12.9853	0.750699
13.0946	0.439283
13.2143	0.701311
13.2821	0.708301
13.3519	0.687484
13.4218	0.687241
13.4858	0.936537
13.5478	0.774329
13.6098	0.774329
13.6723	0.767822
13.7348	0.767822
13.8016	0.899319
13.8693	1.06245
13.9392	1.03086
14.009	1.03123
14.0773	1.05466
14.1455	1.05428
14.2081	1.15173
14.2711	1.14213
14.3331	1.16149
14.3961	1.14213
14.4613	1.10529
14.5306	1.0383
14.6004	1.03123
14.6703	1.03123
14.738	1.06245
14.8079	1.03086
14.8761	1.05466
14.9429	1.07918
15.008	1.10529
15.0731	1.10529
15.1398	1.07918
15.2076	1.06245
15.2764	1.04623
15.3463	1.03123
15.4145	1.05428
15.4839	1.03867
15.548	1.12341
15.6142	1.08775
15.6793	1.10529
15.745	1.09645
15.8133	1.05428
15.8831	1.03086
15.9529	1.03123
16.0222	1.03867
16.091	1.04661
16.1588	1.06245
16.2266	1.06245
16.2964	1.03086
16.3662	1.03123
16.4355	1.03867
16.5033	1.23998
16.5695	1.08775
16.6378	1.05428
16.7071	1.0383
16.7769	1.03123
16.8463	1.0383
16.9151	1.04661
16.9839	0.871859
17.0522	0.702852
17.121	0.697487
17.1908	0.859355
17.2612	1.02352
17.3252	1.12384
17.3867	1.36666
17.4471	1.39043
17.5107	0.943913
17.5774	1.07918
17.6452	1.06245
17.714	1.04623
17.7838	1.2031
17.8541	1.3647
17.923	1.39497
17.9912	1.40672
18.0564	1.47372
18.1199	1.51026
18.184	1.49788
18.2507	1.43891
18.32	1.3849
18.3899	1.37497
18.4576	1.41712
18.5222	1.4857
18.5837	1.56189
18.6457	1.54866
18.7103	1.4857
18.7796	1.3849
18.8479	1.4057
18.9177	1.37448
18.9865	1.39597
19.0538	1.42767
19.12	1.45033
19.1872	1.42767
19.2544	1.42767
19.3238	1.38441
19.3931	1.38539
19.4629	1.37448
19.5312	1.4057
19.5995	1.4057
19.6689	1.38441
19.7387	1.37448
19.8085	1.37448
19.8773	1.39597
19.9451	1.4166
20.0134	1.4057
20.0827	1.38441
20.1526	1.37448
20.2224	1.37497
20.2912	1.39547
20.3605	1.38441
20.4283	1.4166
20.4981	1.54629
20.5685	1.3647
20.6373	1.2206
20.7024	0.921077
20.7691	0.899319
20.8385	0.865254
20.9078	1.03904
20.9776	1.03123
21.0464	1.04661
21.1147	1.23044
21.1819	1.07075
21.2486	1.07918
21.3185	1.03086
21.3888	1.02352
21.4571	0.878565
21.5259	0.697487
21.5937	0.885376
21.6635	0.687241
21.7329	0.692449
21.8016	0.697987
21.8689	0.713834
21.934	0.921077
22.0028	1.04623
22.0722	1.03867
22.1388	1.07958
22.2045	1.09645
22.2707	1.08775
22.3374	1.07918
22.4073	1.03086
22.4766	1.03867
22.5459	1.03904
22.6141	1.05504
22.6745	1.58906
22.7349	0.993161
22.7985	0.943913
22.8658	1.07075
22.9356	1.03086
23.0049	1.03867
23.0737	1.04698
23.142	1.05466
23.2097	1.06284
23.2775	1.06245
23.3463	1.04623
23.4161	1.03086
23.4865	1.02352
23.5542	1.06245
23.622	1.06245
23.6914	1.0383
23.7607	1.03867
23.83	1.03867
23.8983	1.05466
23.9681	1.03123
24.0379	1.03123
24.1067	1.04623
24.1734	1.07918
24.2412	1.06245
24.3111	1.03086
24.3798	1.04661
24.4476	1.06245
24.5159	1.05428
24.5852	1.03904
24.6535	1.23044
24.7202	1.07918
24.789	1.04623
24.8588	1.03123
24.9281	1.03867
24.9969	1.04661
25.0652	1.05428
25.1351	0.859051
25.2049	0.687484
25.2747	0.859355
25.3409	0.362583
25.406	0.368431
25.4722	0.362583
25.54	0.35415
25.6104	0.341055
25.6802	0.17181
25.7495	0.346348
25.8183	0.348869
25.8871	0.348743
25.9565	0.519152
26.0253	0.348743
26.0956	0.341175
26.1628	0.17859
26.2285	0.365483
26.2921	0.377565
26.3577	0.365483
26.4244	0.359728
26.4917	0.356917
26.5605	0.348743
26.6309	0.341055
26.6996	0.174497
26.769	0.346101
26.8357	0.359728
26.9029	0.356917
26.9697	0.359728
27.0369	0.356917
27.1063	0.346101
27.1761	0.343742
27.2459	0.343742
27.3131	0.357048
27.3756	0.383911
27.4392	0.377565
27.5043	0.368431
27.5721	0.35415
27.6419	0.343621
27.7118	0.343742
27.7811	0.346225
27.8499	0.348743
27.915	0.368431
27.9807	0.365483
28.049	0.351426
28.1188	0.343742
28.1886	0.343742
28.2569	0.351553
28.3242	0.356917
28.3924	0.351426
28.4618	0.346101
28.5316	0.343621
28.6015	0.343742
28.6645	0.380712
28.7291	0.371426
28.7937	0.371426
28.8589	0.368431
28.9245	0.365483
28.9907	0.362583
29.0601	0.346101
29.1299	0.343742
29.1987	0.348869
29.2685	0.343621
29.3368	0.351426
29.4061	0.346225
29.4728	0.359861
29.539	0.362583
29.6047	0.365483
29.673	0.527139
29.7428	0.687484
29.8126	0.687484
29.8825	0.687241
29.9471	0.742852
30.0117	0.928565
30.0784	0.719455
30.1451	0.719455
30.2145	0.692203
30.2843	0.687484
30.3541	0.859355
30.4208	0.359728
30.4891	0.351426
30.559	0.343499
30.6288	0.171871
30.6986	0.343742
30.7685	0.343742
30.8383	0.17181
30.9065	0.17584
30.9764	0.343621
31.0442	0.35415
31.1109	0.359728
31.1807	0.343621
31.2505	0.343742
31.3204	0.343742
31.3865	0.362583
31.4538	0.356917
31.5231	0.346101
31.593	0.343742
31.6586	0.36562
31.7253	0.359728
31.7947	0.346101
31.8645	0.343742
31.9338	0.346225
32.0015	0.354408
32.0688	0.356917
32.1376	0.348743
32.2074	0.343742
32.2757	0.351426
32.3455	0.343621
32.4149	0.346225
32.4821	0.356917
32.5519	0.343742
32.6176	0.365483
32.6822	0.371426
32.7473	0.368431
32.813	0.365483
32.8828	0.343621
32.9522	0.346225
33.0209	0.348994
33.0887	0.35415
33.1565	0.35415
33.2258	0.346101
33.2941	0.351426
33.3629	0.348743
33.4328	0.343621
33.5026	0.343742
33.5714	0.348869
33.6412	0.343742
33.7079	0.359728
33.7757	0.531226
33.8445	0.697487
33.9143	0.687484
33.9842	0.687241
34.0535	0.692449
34.1223	0.872484
34.189	0.719455
34.2573	0.702852
34.3271	0.859355
34.3954	1.05466
34.4652	1.03086
34.5319	1.25905
34.5944	1.15173
34.6606	1.08775
34.7294	1.2206
34.7993	1.37497
34.8681	1.56991
34.9332	1.47372
34.9957	1.7276
35.0598	1.87235
35.127	1.96304
35.1969	1.88991
35.2652	2.10932
35.3334	2.28592
35.4017	2.28427
35.4721	2.55791
35.5403	2.46176
35.606	2.74112
35.6716	3.10661
35.7384	3.05768
35.8077	3.28796
35.8775	3.26555
35.9473	3.43742
36.0109	2.64296
36.0745	2.83174
36.138	2.64296
36.2042	2.71937
36.2736	2.76881
36.3434	2.92181
36.4127	2.7698
36.4805	2.83423
36.5446	2.05959
36.6102	2.01016
36.6754	2.21058
36.7426	2.1415
36.813	2.21686
36.8828	2.06245
36.9511	2.10932
37.0178	2.15837
37.0855	2.30198
37.1544	2.4412
37.2242	2.40534
37.293	2.44208
37.3628	2.40619
37.4321	2.59668
37.4978	2.55838
37.5624	2.59998
37.6281	2.55838
37.6959	2.47905
37.7641	2.45998
37.8335	2.42271
37.9033	2.40534
37.9737	2.21764
38.0404	1.43891
38.1082	1.59368
38.1754	1.60613
38.2437	1.75713
38.3135	1.89058
38.3834	1.7181
38.4511	1.59426
38.5147	1.51026
38.5788	1.49788
38.6439	1.47372
38.7096	1.46193
38.7763	1.43891
38.8461	1.54629
38.916	1.37448
38.9858	1.2031
39.0561	0.852937
39.1229	0.899319
39.1875	0.928565
39.2526	1.10529
39.3209	1.05428
39.3908	1.03086
39.4611	1.02352
39.5309	1.03123
39.5961	1.10529
39.6628	1.07918
39.7284	1.27919
39.7941	1.09645
39.8629	1.04623
39.9328	1.03123
40.0015	1.04661
40.0688	1.07114
40.1371	1.05428
40.2022	1.10529
40.2679	1.09645
40.3372	1.0383
40.407	1.03123
40.4763	1.03867
40.5462	1.03123
40.6139	1.06284
40.6812	1.07075
40.7463	1.10529
40.8109	1.11428
40.8755	1.11428
40.9438	1.05428
41.0137	1.03086
41.0835	1.03123
41.1512	1.06284
41.2211	1.03086
41.2878	1.07918
41.3566	1.04623
41.427	1.02352
41.4968	0.859051
41.5656	0.872171
41.6334	0.708301
41.7006	0.892293
41.7678	0.713834
41.8367	0.697487
41.9065	0.687484
41.9768	0.68235
42.0467	0.515431
42.1134	0.539791
42.1769	0.188783
42.24	0.190356
42.3035	0.377565
42.3692	0.548225
42.4375	0.351426
42.5073	0.343621
42.5772	0.343621
42.647	0.343742
42.7147	0.354279
42.7846	0.515613
42.8528	0.351553
42.9211	0.351426
42.9904	0.346225
43.0603	0.343742
43.1301	0.343621
43.1994	0.346348
43.2666	0.356917
43.3328	0.362583
43.4027	0.343621
43.473	0.341175
43.5408	0.17714
43.6075	0.359861
43.6758	0.351426
43.7456	0.343499
43.8154	0.171871
43.8848	0.346225
43.9546	0.343621
44.0239	0.346225
44.0922	0.351426
44.1547	0.383911
44.2199	0.368431
44.2861	0.362583
44.3544	0.351426
44.4237	0.346101
44.4935	0.343742
44.5633	0.343742
44.6316	0.351553
44.6968	0.368431
44.7619	0.368431
44.8265	0.371426
44.8911	0.371426
44.9584	0.356917
45.0287	0.341055
45.0991	0.170587
45.1668	0.17714
45.2356	0.174372
45.305	0.173051
45.3748	0.171871
45.4446	0.171871
45.5124	0.354279
45.578	0.365483
45.6432	0.368431
45.7088	0.365483
45.7761	0.356917
45.8459	0.343621
45.9158	0.343621
45.9851	0.346348
46.0549	0.343621
46.1237	0.174497
46.1935	0.343621
46.2634	0.343742
46.3332	0.343742
46.4004	0.357048
46.464	0.377565
46.5291	0.368431
46.5937	0.371426
46.6594	0.365483
46.7266	0.356917
46.7949	0.351426
46.8648	0.343621
46.9351	0.341175
47.0034	0.175777
47.0711	0.35415
47.1379	0.359728
47.2062	0.351426
47.276	0.343621
47.3458	0.171871
47.4162	0.341175
47.486	0.343621
47.5501	0.374615
47.6147	0.371426
47.6804	0.365483
47.745	0.371426
47.8112	0.362583
47.8795	0.351426
47.9493	0.343621
48.0186	0.346348
48.0884	0.343742
48.1546	0.362583
48.2203	0.365483
48.2865	0.362583
48.3537	0.356917
48.4236	0.343621
48.4934	0.343621
48.5632	0.343742
48.6315	0.351553
48.7013	0.343742
48.7706	0.346225
48.8378	0.357048
48.8998	0.387164
48.9602	0.397264
49.0222	0.387164
49.0895	0.356917
49.1593	0.343621
49.2291	0.343742
49.299	0.343499
49.3678	0.174434
49.4345	0.359728
49.5033	0.348743
49.5716	0.351426
49.6415	0.343621
49.7113	0.343742
49.7806	0.346225
49.8426	0.387164
49.9056	0.380712
49.9718	0.362583
50.0391	0.356917
50.1089	0.343621
50.1782	0.346225
50.2481	0.343742
50.3148	0.359728
50.3831	0.351426
50.4503	0.356917
50.5197	0.346101
50.5895	0.343621
50.6593	0.343742
50.7292	0.343621
50.7964	0.357048
50.8626	0.362583
50.9288	0.362583
50.9965	0.35415
51.0638	0.356917
51.1331	0.346101
51.2029	0.343742
51.2728	0.343742
51.3363	0.377565
51.3978	0.390473
51.4603	0.383911
51.5254	0.368431
51.5943	0.348743
51.6636	0.346225
51.7334	0.343742
51.8017	0.351426
51.8721	0.511583
51.9393	0.535572
52.0071	0.531226
52.0732	0.362583
52.1405	0.356917
52.2103	0.343621
52.2802	0.343621
52.35	0.171871
52.4188	0.348743
52.486	0.357048
52.5559	0.343499
52.6252	0.173174
52.6935	0.351553
52.7633	0.343742
52.8326	0.346225
52.8998	0.356917
52.9687	0.348743
53.0385	0.343742
53.1083	0.343742
53.1781	0.343621
53.2485	0.341175
53.3136	0.368431
53.3798	0.362583
53.4497	0.343621
53.5143	0.371568
53.582	0.35415
53.6466	0.371426
53.7128	0.362583
53.7811	0.351426
53.8515	0.341175
53.9208	0.346225
53.9896	0.52349
54.0521	0.383911
54.1135	0.390473
54.1761	0.383911
54.2428	0.359728
54.3131	0.511583
54.383	0.515431
54.4528	0.515613
54.5211	0.351426
54.5878	0.359728
54.6566	0.348743
54.7265	0.343621
54.7963	0.343742
54.8656	0.346225
54.9333	0.354408
54.9985	0.368431
55.0652	0.539591
55.1319	0.359728
55.2018	0.343621
55.2716	0.343621
55.3409	0.346225
55.4087	0.354279
55.4764	0.35415
55.5442	0.531226
55.613	0.697487
55.6829	0.687241
55.7527	0.687484
55.8199	0.714096
55.8887	0.697487
55.956	0.713834
56.0237	0.708301
56.0915	0.708301
56.1608	0.692449
56.2296	0.697737
56.2994	0.687484
56.3693	0.687241
56.4339	0.742852
56.499	0.736861
56.5668	0.708301
56.6366	0.687241
56.7044	0.708559
56.7732	0.697487
56.8426	0.692203
56.9113	0.697737
56.9812	0.687484
57.0505	0.692449
57.1208	0.68235
57.1865	0.730966
57.2501	0.75513
57.3147	0.742852
57.3814	0.719455
57.4492	0.708301
57.518	0.697487
57.5878	0.687241
57.6571	0.692449
57.7265	0.692449
57.7953	0.697487
57.8641	0.697487
57.9339	0.687241
58.0043	0.68235
58.071	0.719721
58.1372	0.725165
58.2039	0.719455
58.2732	0.865562
58.343	0.687484
58.4103	0.713834
58.4786	0.702852
58.5484	0.687241
58.6188	0.68235
58.686	0.714096
58.7553	0.346101
58.8251	0.515613
58.8908	0.365483
58.9565	0.365483
59.0221	0.548225
59.0894	0.713834
59.1582	0.697737
59.2285	0.68235
59.2978	0.692449
59.3656	0.708559
59.4286	0.380712
59.4906	0.387164
59.5547	0.37447
59.6214	0.359728
59.6902	0.348743
59.7601	0.515613
59.8304	0.68235
59.9002	0.687241
59.9664	0.725165
60.0332	0.719455
60.102	0.697487
60.1723	0.68235
60.2416	0.692449
60.3078	0.725435
60.3756	0.708301
60.4428	0.713834
60.5116	0.697487
60.5815	0.687484
60.6508	0.692449
60.7185	0.708559
60.7842	0.730966
60.853	0.697487
60.9202	0.713834
60.9885	0.702852
61.0584	0.687484
61.1282	0.687484
61.1964	0.703106
61.2647	0.703106
61.3341	0.692203
61.4034	0.692449
61.4722	0.697737
61.5389	0.719455
61.6082	0.692203
61.6775	0.692449
61.7474	0.687484
61.8162	0.697737
61.8834	0.714096
61.9522	0.697487
62.0215	0.692203
62.0914	0.687241
62.1612	0.687484
62.231	0.687484
62.3009	0.687241
62.3686	0.708301
62.4369	0.702852
62.5052	0.702852
62.575	0.859355
62.6449	0.687241
62.7132	0.703106
62.7804	0.713834
62.8461	0.730966
62.9138	0.885376
62.9842	1.02317
63.0504	0.906794
63.1155	0.736861
63.1828	0.713834
63.2505	0.531226
63.3193	0.348743
63.3892	0.343742
63.459	0.343621
63.5278	0.348994
63.5976	0.515431
63.6612	0.377565
63.7263	0.368431
63.7904	0.37447
63.8577	0.356917
63.928	0.341055
63.9984	0.170587
64.0651	0.17993
64.1334	0.175713
64.2011	0.177075
64.2684	0.178459
64.3377	0.173051
64.4081	0.341175
64.4753	0.178524
64.5409	0.365483
64.6098	0.348743
64.6791	0.346225
64.7478	0.348994
64.8177	0.343621
64.8854	0.17714
64.9543	0.348743
65.0241	0.343621
65.0939	0.343621
65.1632	0.173174
65.2315	0.351553
65.2993	0.35415
65.367	0.35415
65.4353	0.351426
65.5036	0.351426
65.5735	0.343621
65.6428	0.346225
65.7126	0.343742
65.7799	0.356917
65.8471	0.356917
65.9149	0.35415
65.9826	0.35415
66.0504	0.35415
66.1192	0.348743
66.1891	0.343621
66.2589	0.343742
66.3287	0.343742
66.397	0.351553
66.4621	0.368431
66.5288	0.359728
66.5945	0.365483
66.6612	0.359728
66.7285	0.356917
66.7983	0.343621
66.8676	0.346225
66.938	0.341175
67.0063	0.175713
67.073	0.359728
67.1397	0.359728
67.2075	0.35415
67.2768	0.346225
67.3466	0.343742
67.4149	0.351553
67.4826	0.35415
67.5494	0.359728
67.6187	0.346101
67.6875	0.348994
67.7573	0.343742
67.8255	0.52752
67.8922	0.359728
67.96	0.35415
68.0278	0.35415
68.0971	0.346101
68.1669	0.343742
68.2368	0.343621
68.3045	0.17714
68.3718	0.356917
68.4416	0.343621
68.5109	0.346225
68.5808	0.515613
68.6501	0.346225
68.7183	0.351553
68.7877	0.346101
68.8565	0.348869
68.9263	0.515431
68.9925	0.725435
69.0592	0.719455
69.1249	0.730966
69.1932	0.702852
69.263	0.687241
69.3323	0.692449
69.4011	0.697737
69.471	0.687484
69.5387	0.708559
69.6054	0.719455
69.6732	0.708301
69.7425	0.692203
69.8123	0.687484
69.8822	0.687241
69.9515	0.692696
70.0182	0.719455
70.0839	0.730966
70.1516	0.708301
70.221	0.692203
70.2903	0.692696
70.3601	0.687484
70.4252	0.736861
70.4914	0.725165
70.5581	0.719455
70.6275	0.692203
70.6973	0.687484
70.765	0.708559
70.8312	0.725165
70.8969	0.730966
70.9631	0.725165
71.0319	0.697487
71.1017	0.687484
71.1716	0.687484
71.2388	0.713834
71.3092	0.682111
71.378	0.697737
71.4478	0.687484
71.5156	0.708301
71.5844	0.697487
71.6542	0.859051
71.724	0.687484
71.7923	0.703106
71.8616	0.692203
71.9309	0.692696
71.9982	0.89262
72.068	1.03086
72.1342	1.08815
72.2014	1.07075
72.2697	1.22999
72.3375	1.06245
72.4073	1.03086
72.4761	1.04661
72.546	1.03086
72.6142	0.878883
72.6809	0.719455
72.7487	0.708301
72.817	0.878565
72.8863	1.0383
72.9562	1.03123
73.026	1.03086
73.0927	1.25951
73.1578	1.10529
73.2225	1.11428
73.2892	1.07918
73.3559	1.07918
73.4247	1.2206
73.4945	1.37497
73.5644	1.37448
73.6347	1.3647
73.702	1.42767
73.7703	1.4057
73.8349	1.4857
73.9005	1.46193
73.9688	1.4057
74.0387	1.37448
74.108	1.3849
74.1763	1.4057
74.2456	1.3849
74.3155	1.37448
74.3853	1.37448
74.4536	1.40621
74.5213	1.4166
74.5891	1.4166
74.6589	1.37448
74.7283	1.3849
74.7971	1.39547
74.8664	1.38441
74.9362	1.37497
75.0034	1.42819
75.0702	1.43891
75.1358	1.46193
75.202	1.45033
75.2703	1.4057
75.3402	1.37448
75.41	1.37497
75.4756	1.46248
75.5397	1.49788
75.6059	1.45033
75.6731	1.42767
75.7425	1.38441
75.8123	1.37497
75.8811	1.39497
75.9505	1.38441
76.0203	1.37497
76.0875	1.42819
76.1537	1.63162
76.2199	1.45033
76.2866	1.43891
76.356	1.38441
76.4258	1.37497
76.4956	1.37497
76.5639	1.05428
76.6337	1.03086
76.7035	1.03123
76.7734	0.859355
76.8432	0.687241
76.9115	0.703106
76.9787	0.713834
77.0481	0.692203
77.1179	0.687241
77.1883	0.852937
77.2581	0.687241
77.3216	0.566568
77.3857	0.748941
77.4503	0.371426
77.516	0.365483
77.5833	0.356917
77.6531	0.343621
77.7224	0.346225
77.7922	0.343742
77.86	0.354279
77.9298	0.515431
77.996	0.362583
78.0627	0.359728
78.1305	0.35415
78.1983	0.35415
78.2681	0.343621
78.3379	0.343742
78.4073	0.346225
78.4761	0.348743
78.5438	0.35415
78.6121	0.351426
78.682	0.343742
78.7513	0.346225
78.8201	0.348869
78.8899	0.343742
78.9597	0.343621
79.0301	0.170587
79.0978	0.17714
79.1645	0.179864
79.2318	0.178459
79.3016	0.17181
79.372	0.170528
79.4397	0.17714
79.509	0.346348
79.5779	0.348743
79.6472	0.346225
79.717	0.343742
79.7863	0.346225
79.8562	0.343621
79.9265	0.341175
79.9937	0.178459
80.062	0.351426
80.1303	0.351426
80.2002	0.343621
80.27	0.343742
80.3398	0.343742
80.4097	0.343621
80.4784	0.348869
80.5415	0.380712
80.6066	0.368431
80.6744	0.35415
80.7448	0.341055
80.8146	0.17181
80.8844	0.343742
80.9543	0.343621
81.0231	0.348743
81.0929	0.343621
81.1617	0.348869
81.2316	0.343742
81.2993	0.35415
81.3666	0.356917
81.4354	0.348743
81.5052	0.343742
81.575	0.343742
81.6402	0.368431
81.7058	0.365483
81.7715	0.365483
81.8393	0.35415
81.9076	0.351426
81.9774	0.343621
82.0472	0.343742
82.1155	0.351553
82.1838	0.351426
82.2489	0.368431
82.3141	0.368431
82.3808	0.359728
82.4491	0.351426
82.5184	0.346101
82.5882	0.343742
82.6555	0.356917
82.7232	0.35415
82.7915	0.351426
82.8598	0.351426
82.9297	0.343621
83	0.341175
83.0662	0.181291
83.1324	0.362583
83.2007	0.351426
83.2705	0.343621
83.3404	0.343742
83.4102	0.343742
83.4759	0.365483
83.5394	0.377565
83.6046	0.368431
83.6708	0.362583
83.7385	0.35415
83.8063	0.35415
83.8761	0.343621
83.9455	0.346225
84.0142	0.348869
84.0825	0.351426
84.1498	0.356917
84.2175	0.35415
84.2853	0.35415
84.3552	0.343621
84.425	0.343621
84.4938	0.348994
84.5631	0.346348
84.6298	0.359728
84.6981	0.351426
84.7679	0.343621
84.8372	0.346225
84.9076	0.341175
84.9759	0.175777
85.0436	0.35415
85.1109	0.356917
85.1797	0.348743
85.2495	0.343621
85.3178	0.35168
85.3876	0.343621
85.4574	0.171871
85.5252	0.354279
85.5919	0.359728
85.6586	0.359728
85.7264	0.35415
85.7957	0.346101
85.8645	0.348994
85.9343	0.343621
86.0016	0.357048
86.0683	0.359728
86.1366	0.351426
86.2043	0.35415
86.2742	0.515431
86.344	0.687484
86.4096	0.731241
86.4743	0.742852
86.5394	0.736861
86.6045	0.736861
86.6702	0.730966
86.739	0.697487
86.8089	0.687241
86.8787	0.687484
86.9475	0.697487
87.0153	0.708559
87.0825	0.713834
87.1482	0.730966
87.2165	0.702852
87.2858	0.692203
87.3556	0.687484
87.4229	0.713834
87.4896	0.719455
87.5579	0.702852
87.6267	0.697487
87.6965	0.687241
87.7664	0.687484
87.8351	0.697737
87.905	0.687484
87.9696	0.742852
88.0321	0.767822
88.0957	0.75513
88.1619	0.725165
88.2317	0.687241
88.3015	0.687484
88.3693	0.708559
88.4376	0.702852
88.5074	0.687241
88.5756	0.70336
88.6444	0.697737
88.7138	0.692449
88.7825	0.872171
88.8482	0.730966
88.9165	0.702852
88.9858	0.692449
89.0551	0.692449
89.125	0.859051
89.1912	0.362583
89.259	0.35415
89.3278	0.348743
89.3976	0.343742
89.4674	0.343621
89.5352	0.354279
89.6029	0.531226
89.6702	0.356917
89.738	0.35415
89.8078	0.343621
89.8776	0.343742
89.948	0.341055
90.0173	0.173112
90.0861	0.348994
90.1559	0.343742
90.2257	0.343621
90.2919	0.181359
90.3613	0.346101
90.43	0.348869
90.4999	0.343621
90.5697	0.343742
90.6396	0.343621
90.7042	0.371426
90.7698	0.365483
90.8334	0.377565
90.898	0.371426
90.9647	0.359728
91.0346	0.343621
91.1044	0.343742
91.1742	0.343742
91.2441	0.343621
91.3113	0.178524
91.3811	0.343621
91.4504	0.346225
91.5187	0.351553
91.5886	0.343621
91.6584	0.343742
91.7277	0.346225
91.7965	0.348743
91.8664	0.343621
91.9357	0.346225
92.0034	0.354279
92.0696	0.362583
92.1358	0.362583
92.2041	0.351426
92.2729	0.348743
92.3422	0.346348
92.4105	0.351553
92.4803	0.343621
92.5491	0.348743
92.6174	0.351553
92.6852	0.354279
92.755	0.343621
92.8248	0.343742
92.8936	0.348869
92.9624	0.348869
93.0322	0.343742
93.0984	0.362583
93.163	0.371426
93.2303	0.356917
93.3001	0.343621
93.37	0.343621
93.4398	0.171871
93.5091	0.346348
93.5774	0.351426
93.6462	0.348743
93.716	0.343621
93.7859	0.171871
93.8552	0.346348
93.9245	0.346225
93.9917	0.356917
94.0595	0.35415
94.1293	0.343621
94.1997	0.341175
94.269	0.173112
94.3341	0.36857
94.4008	0.359728
94.4691	0.351426
94.5374	0.351426
94.6078	0.341055
94.6776	0.17181
94.7459	0.17584
94.8142	0.175713
94.8845	0.170587
94.9517	0.178524
95.0174	0.182742
95.0841	0.359728
95.1514	0.535376
95.2207	0.346101
95.2884	0.354279
95.3573	0.348743
95.4266	0.346348
95.4943	0.531226
95.5626	0.702852
95.632	0.692203
95.7023	0.68235
95.7721	0.687484
95.8404	0.703106
95.9102	0.687241
95.9791	0.697487
96.0468	0.708301
96.1167	0.687241
96.186	0.692449
96.2542	0.70336
96.322	0.708301
96.3887	0.719455
96.4575	0.697487
96.5269	0.692203
96.5967	0.687484
96.6665	0.687484
96.7359	0.692203
96.8036	0.708817
96.8734	0.687241
96.9385	0.73714
97.0058	0.713834
97.0741	0.702852
97.1429	0.697487
97.2133	0.682111
97.2821	0.697737
97.3514	0.692696
97.4202	0.697487
97.4885	0.702852
97.5588	0.68235
97.6255	0.719455
97.6922	0.719455
97.7621	0.687241
97.8309	0.697737
97.8997	0.697737
97.9685	0.697737
98.0383	0.686998
98.1056	0.714096
98.1733	0.708301
98.2406	0.892293
98.3089	0.702852
98.3787	0.687241
98.448	0.692449
98.5157	0.708817
98.5835	0.885376
98.6513	1.06284
98.7201	1.04623
98.7899	1.20267
98.8597	1.03123
98.9296	1.03086
98.9968	1.07114
99.0604	1.1327
99.1255	0.921077
99.1901	0.742852
99.2558	0.730966
99.3251	0.865254
99.3955	1.02352
99.4658	1.02352
99.5341	1.05466
99.6039	1.2031
99.668	1.12341
99.7331	1.10529
99.8004	1.07075
99.8692	1.04623
99.939	1.2031
100.007	1.40621
100.075	1.42767
100.142	1.4166
100.208	1.45033
100.276	1.4166
100.346	1.37448
100.416	1.37497
100.486	1.3647
100.552	1.45087
100.621	1.4057
100.688	1.42767
100.756	1.4057
100.825	1.4057
100.895	1.36422
100.965	1.37497
101.033	1.40621
101.1	1.42767
101.167	1.43891
101.234	1.43891
101.302	1.4057
101.372	1.37448
101.442	1.37497
101.51	1.39547
101.576	1.47372
101.639	1.52285
101.702	1.52285
101.766	1.4857
101.836	1.38441
101.905	1.374
101.975	1.37497
102.046	1.3647
102.112	1.43891
102.18	1.42767
102.247	1.42767
102.315	1.4057
102.385	1.37448
102.455	1.37497
102.523	1.4057
102.587	1.51026
102.654	1.59368
102.724	1.38441
102.794	1.3647
102.861	1.24921
102.929	0.892293
102.997	0.878565
103.066	0.86587
103.136	1.03086
103.204	1.06284
103.27	1.08775
103.338	1.22999
103.408	1.03086
103.477	1.03904
103.547	1.0383
103.617	1.02352
103.685	0.885698
103.752	0.713834
103.818	0.906456
103.886	0.708301
103.954	0.708301
104.023	0.697487
104.092	0.687241
104.162	0.687484
104.232	0.859355
104.298	0.365483
104.365	0.359728
104.429	0.371426
104.494	0.368431
104.562	0.535376
104.63	0.697487
104.7	0.692449
104.768	0.697737
104.838	0.859355
104.908	0.687241
104.976	0.703106
105.045	0.702852
105.115	0.687241
105.183	0.697487
105.253	0.859051
105.321	0.351426
105.389	0.35415
105.459	0.346101
105.528	0.343621
105.598	0.343742
105.668	0.346225
105.737	0.515613
105.804	0.362583
105.867	0.377565
105.933	0.365483
106	0.356917
106.069	0.346101
106.139	0.343742
106.21	0.341175
106.278	0.175777
106.339	0.390473
106.4	0.397264
106.461	0.390473
106.525	0.377565
106.591	0.359728
106.659	0.35415
106.729	0.346101
106.798	0.343742
106.867	0.348869
106.937	0.343621
107.007	0.343742
107.074	0.357048
107.143	0.346101
107.213	0.346348
107.283	0.343742
107.349	0.359728
107.417	0.35415
107.486	0.348743
107.556	0.343742
107.625	0.346225
107.692	0.359728
107.759	0.35415
107.829	0.343621
107.899	0.346101
107.967	0.348994
108.037	0.343621
108.106	0.351426
108.175	0.343621
108.245	0.343742
108.313	0.354279
108.382	0.348743
108.448	0.362583
108.517	0.348743
108.586	0.346101
108.656	0.343742
108.726	0.343742
108.795	0.348743
108.862	0.531419
108.93	0.356917
108.999	0.343621
109.07	0.341175
109.137	0.178459
109.207	0.343621
109.277	0.343742
109.346	0.346225
109.411	0.185713
109.476	0.368431
109.541	0.368431
109.609	0.35415
109.678	0.346225
109.748	0.343742
109.818	0.343742
109.882	0.371426
109.945	0.380712
110.011	0.365483
110.077	0.362583
110.146	0.346101
110.216	0.343621
110.286	0.346225
110.355	0.343742
110.422	0.359728
110.488	0.365483
110.555	0.356917
110.625	0.343621
110.694	0.346225
110.764	0.515613
110.83	0.362718
110.897	0.356917
110.964	0.359728
111.033	0.348743
111.103	0.511762
111.173	0.515431
111.236	0.576094
111.298	0.387164
111.362	0.37447
111.428	0.359728
111.497	0.351426
111.567	0.343742
111.636	0.343621
111.706	0.171871
111.776	0.346225
111.841	0.365483
111.908	0.356917
111.978	0.515431
112.048	0.343742
112.116	0.351553
112.182	0.365483
112.246	0.37447
112.314	0.527139
112.383	0.697487
112.453	0.687241
112.52	0.719721
112.59	0.682111
112.658	0.708559
112.724	0.725165
112.79	0.730966
112.856	0.725165
112.924	0.702852
112.994	0.687241
113.063	0.692696
113.133	0.692449
113.203	0.687484
113.272	0.687484
113.342	0.692203
113.411	0.697737
113.48	0.692203
113.55	0.687484
113.618	0.703106
113.685	0.719455
113.753	0.697487
113.823	0.687241
113.893	0.692203
113.963	0.687241
114.033	0.68235
114.097	0.742852
114.163	0.730966
114.229	0.730966
114.296	0.713834
114.364	0.708301
114.433	0.697487
114.501	0.697487
114.571	0.692203
114.641	0.686998
114.71	0.687484
114.78	0.687241
114.847	0.725165
114.912	0.730966
114.978	0.725165
115.047	0.871859
115.117	0.687241
115.187	0.515613
115.257	0.687484
115.324	0.357048
115.39	0.362583
115.457	0.356917
115.526	0.351426
115.595	0.346101
115.665	0.343742
115.733	0.354279
115.802	0.515249
115.873	0.341175
115.941	0.177075
116.01	0.346225
116.075	0.365483
116.143	0.356917
116.213	0.343621
116.282	0.343621
116.348	0.36562
116.416	0.351426
116.483	0.359728
116.55	0.356917
116.62	0.343742
116.69	0.343621
116.76	0.343621
116.824	0.185784
116.887	0.383911
116.951	0.37447
117.018	0.359728
117.087	0.348743
117.157	0.511762
117.225	0.52733
117.294	0.519337
117.363	0.351553
117.431	0.351426
117.5	0.348743
117.569	0.348869
117.639	0.341175
117.708	0.173112
117.773	0.36857
117.839	0.368431
117.907	0.174372
117.977	0.173174
118.046	0.346101
118.116	0.341175
118.185	0.174372
118.255	0.343742
118.323	0.35415
118.391	0.35415
118.46	0.17181
118.531	0.341175
118.6	0.346225
118.665	0.368431
118.731	0.362583
118.798	0.359728
118.867	0.346101
118.937	0.343742
119.008	0.341175
119.074	0.362718
119.139	0.365483
119.207	0.356917
119.274	0.35415
119.343	0.351426
119.413	0.341055
119.481	0.354279
119.551	0.343742
119.616	0.36562
119.68	0.378085
119.743	0.377458
119.809	0.548225
119.875	0.365483
119.94	0.365483
120.006	0.365483
120.072	0.362583
120.142	0.519152
120.212	0.68235
120.282	0.68235
120.351	0.697737
120.414	0.951779
120.475	0.993161
120.535	0.794529
120.595	1.78769
120.706	0.758677
120.819	1.38742
120.879	1.78913
120.939	2.1843
121	1.98632
121.06	1.78769
121.121	1.78769
121.181	0.993161
121.243	1.34369
121.308	1.85713
121.371	2.09391
121.438	2.33823
121.504	2.1929
121.571	2.30468
121.64	2.61489
121.709	2.59668
121.779	2.92181
121.84	3.97523
121.9	3.57431
121.96	3.57538
122.022	3.68206
122.087	3.86745
122.152	3.93194
122.219	4.2537
122.288	4.36128
122.357	4.32781
122.427	4.50252
122.49	3.39809
122.551	3.77401
122.611	4.3773
122.671	4.17003
122.732	3.57538
122.845	0.74659
