10.1449	0.458426
10.215	0.684928
10.2861	0.674886
10.3578	0.669938
10.4314	0.651748
10.5218	0.664032
10.6347	0.956206
10.754	0.805029
10.8228	0.871859
10.8931	1.02352
10.9551	1.16149
11.0539	1.09353
11.1758	0.787679
11.2461	0.681872
11.3158	0.689188
11.3762	1.19179
11.4876	0.75424
11.5937	0.904661
11.7061	0.853933
11.7665	1.39043
11.8269	0.595896
11.8874	0.595896
11.9483	0.590759
12.0103	0.774329
12.0723	0.774329
12.1332	0.787679
12.1947	0.780947
12.2556	0.787679
12.3202	0.742852
12.3811	0.787998
12.45	0.697487
12.5167	0.719455
12.5839	0.713834
12.6506	0.719455
12.7205	0.687484
12.7915	0.675576
12.8576	0.725977
12.9716	0.842127
13.0793	0.891422
13.1965	0.819469
13.2637	0.713834
13.3336	0.687241
13.4039	0.68235
13.4685	0.557352
13.5336	0.736861
13.5961	0.383911
13.6581	0.387164
13.7201	0.387164
13.7853	0.368431
13.852	0.359728
13.9208	0.523115
13.9906	0.687484
14.0604	0.687484
14.1293	0.697487
14.1918	0.767822
14.2553	0.943913
14.3173	0.774329
14.3798	0.767822
14.4439	0.748941
14.5128	0.697487
14.5826	0.687484
14.6524	0.687241
14.7196	0.535572
14.79	0.682111
14.8588	0.523303
14.926	0.535376
14.9912	0.368431
15.0563	0.368431
15.1225	0.362583
15.1898	0.535376
15.2586	0.697487
15.3284	0.687241
15.3967	0.703106
15.4665	0.687241
15.5311	0.928565
15.5968	0.730966
15.6614	0.742852
15.7271	0.730966
15.7954	0.702852
15.8652	0.687241
15.9351	0.687484
16.0044	0.692449
16.0732	0.697737
16.1404	0.713834
16.2087	0.702852
16.2785	0.687241
16.3484	0.687484
16.4166	0.703106
16.4854	0.697737
16.5516	0.725165
16.6199	0.702852
16.6887	0.697487
16.7586	0.687484
16.8274	0.697487
16.8967	0.692449
16.9645	0.708301
17.0328	0.702852
17.1021	0.692203
17.1719	0.687484
17.2412	0.692449
17.31	0.697987
17.3736	0.75513
17.4933	0.801498
17.5595	0.725165
17.6268	0.713834
17.6956	0.697487
17.7654	0.687241
17.8353	0.687484
17.9041	0.697737
17.9739	0.687241
18.0395	0.548431
18.1047	0.736861
18.1688	0.37447
18.2334	0.371426
18.3032	0.515431
18.3731	0.687484
18.4424	0.692449
18.508	0.730966
18.569	0.787679
18.6304	0.780947
18.694	0.75513
18.7628	0.697487
18.8321	0.865562
18.902	0.687241
18.9718	0.687241
19.0401	0.52733
19.1068	0.719455
19.1741	0.535376
19.2418	0.531226
19.3106	0.348743
19.381	0.341175
19.4508	0.17181
19.5181	0.356917
19.5874	0.346101
19.6562	0.174372
19.7251	0.174372
19.7949	0.343742
19.8647	0.343742
19.9325	0.35415
20.0002	0.35415
20.0691	0.348743
20.1389	0.343621
20.2087	0.343742
20.2775	0.348869
20.3469	0.346101
20.4146	0.35415
20.4845	0.343621
20.5543	0.343621
20.6236	0.346225
20.6898	0.362583
20.7565	0.359728
20.8259	0.346101
20.8952	0.346348
20.965	0.343742
21.0333	0.351553
21.101	0.354279
21.1683	0.356917
21.235	0.359728
21.3048	0.343621
21.3746	0.343742
21.4435	0.348743
21.5117	0.351426
21.58	0.351426
21.6494	0.346101
21.7192	0.343742
21.789	0.343742
21.8563	0.356917
21.9204	0.37447
21.9886	0.351426
22.0569	0.351553
22.1236	0.359861
22.1888	0.368431
22.2544	0.365483
22.3201	0.365483
22.3894	0.346101
22.4598	0.341175
22.5296	0.171871
22.5999	0.341175
22.6604	0.397264
22.7208	0.198632
22.7833	0.191955
22.85	0.359728
22.9188	0.348743
22.9886	0.343742
23.0585	0.343621
23.1288	0.341175
23.1955	0.17993
23.2617	0.543874
23.329	0.535376
23.3993	0.511583
23.4686	0.346225
23.5374	0.348869
23.6052	0.35415
23.6735	0.351426
23.7423	0.523303
23.8116	0.692203
23.8815	0.687484
23.9513	0.687241
24.0206	0.692696
24.0899	0.692449
24.1577	0.708301
24.2254	0.708301
24.2953	0.687241
24.3641	0.697737
24.4324	0.702852
24.5001	0.708301
24.57	0.687241
24.6377	0.708817
24.705	0.713834
24.7743	0.692203
24.8436	0.692449
24.9134	0.687484
24.9817	0.703106
25.05	0.702852
25.1198	0.687241
25.1897	0.687484
25.259	0.692449
25.3257	0.719721
25.3929	0.713834
25.4586	0.730966
25.5253	0.719455
25.5946	0.692203
25.6645	0.687484
25.7343	0.687484
25.802	0.708559
25.8708	0.871859
25.9397	0.697487
26.0085	0.697487
26.0783	0.687241
26.1481	0.515613
26.2154	0.714096
26.2789	0.377565
26.3446	0.365483
26.4113	0.359728
26.4791	0.35415
26.5468	0.35415
26.6167	0.515249
26.6865	0.515613
26.7564	0.515431
26.8236	0.356917
26.8893	0.365483
26.9571	0.35415
27.0243	0.356917
27.0931	0.348743
27.1629	0.343742
27.2323	0.346225
27.3005	0.35168
27.3646	0.37447
27.4282	0.377565
27.4922	0.37447
27.559	0.359728
27.6293	0.341055
27.6976	0.175777
27.7679	0.341175
27.8347	0.359728
27.9009	0.362583
27.966	0.368431
28.0338	0.35415
28.1036	0.343621
28.1734	0.343742
28.2422	0.348994
28.3089	0.359728
28.3767	0.35415
28.4455	0.348743
28.5153	0.343621
28.5852	0.343742
28.6493	0.37447
28.7139	0.371426
28.778	0.37447
28.8431	0.368431
28.9082	0.368431
28.975	0.359728
29.0443	0.346101
29.1142	0.343621
29.184	0.343742
29.2543	0.341055
29.3221	0.177075
29.3914	0.346225
29.4581	0.359861
29.5238	0.365483
29.59	0.362583
29.6583	0.351426
29.7286	0.341055
29.7985	0.171871
29.8683	0.343621
29.9329	0.371568
29.9991	0.362583
30.0648	0.365483
30.132	0.356917
30.2003	0.351426
30.2701	0.343621
30.3394	0.173174
30.4056	0.362718
30.4734	0.35415
30.5422	0.348743
30.612	0.343742
30.6813	0.346225
30.7517	0.341175
30.821	0.173112
30.8908	0.343742
30.9596	0.348869
31.0289	0.346225
31.0962	0.356917
31.166	0.343621
31.2359	0.343621
31.3057	0.171871
31.3734	0.354279
31.4386	0.368431
31.5079	0.346101
31.5782	0.341175
31.6439	0.18281
31.7101	0.362583
31.7789	0.348743
31.8482	0.346225
31.918	0.343742
31.9852	0.357179
32.0514	0.362583
32.1197	0.351426
32.1896	0.343621
32.2578	0.351553
32.3282	0.341055
32.397	0.174434
32.4642	0.356917
32.5341	0.343621
32.6023	0.351553
32.6664	0.37447
32.7316	0.368431
32.7972	0.365483
32.8666	0.346101
32.9364	0.343742
33.0052	0.348994
33.0729	0.35415
33.1402	0.356917
33.209	0.348743
33.2773	0.351426
33.3461	0.348743
33.416	0.343621
33.4853	0.346225
33.5546	0.346348
33.6244	0.343742
33.6906	0.362583
33.7578	0.356917
33.8266	0.348743
33.897	0.341175
33.9663	0.173112
34.0351	0.348869
34.1044	0.346348
34.1701	0.365483
34.2378	0.35415
34.3077	0.343621
34.3775	0.343742
34.4463	0.348743
34.5146	0.351553
34.5792	0.371426
34.6433	0.37447
34.7111	0.35415
34.7804	0.346225
34.8502	0.343742
34.9143	0.37447
34.9779	0.377565
35.0409	0.380712
35.1071	0.362583
35.1764	0.346101
35.2463	0.343742
35.3161	0.343621
35.3828	0.17993
35.4526	0.343621
35.5225	0.343742
35.5881	0.365483
35.6527	0.371426
35.7174	0.371426
35.7867	0.346101
35.8565	0.343621
35.9264	0.171871
35.992	0.36562
36.0571	0.368431
36.1197	0.383911
36.1864	0.359728
36.2557	0.346101
36.325	0.346225
36.3949	0.343742
36.4631	0.351553
36.5277	0.371426
36.5934	0.365483
36.6585	0.368431
36.7253	0.359728
36.7946	0.346101
36.8644	0.343742
36.9342	0.343742
37.002	0.531226
37.0693	0.356917
37.1376	0.351426
37.2079	0.341055
37.2762	0.175777
37.3455	0.346225
37.4153	0.343742
37.4815	0.362583
37.5456	0.187235
37.6113	0.365483
37.6785	0.356917
37.7473	0.348743
37.8162	0.348743
37.886	0.343621
37.9558	0.343742
38.0236	0.35415
38.0903	0.359728
38.1586	0.351426
38.2269	0.351426
38.2962	0.346225
38.366	0.343742
38.4343	0.351553
38.4979	0.377565
38.562	0.37447
38.6271	0.368431
38.6928	0.365483
38.759	0.362583
38.8283	0.346101
38.8976	0.519522
38.9674	0.343742
39.0378	0.341055
39.1055	0.17714
39.1701	0.371426
39.2342	0.37447
39.3015	0.356917
39.3713	0.343621
39.4417	0.341175
39.5115	0.17181
39.5793	0.17714
39.6454	0.181291
39.7106	0.184215
39.7763	0.182742
39.844	0.177075
39.9144	0.341175
39.9832	0.174434
40.0493	0.362718
40.1181	0.348743
40.1833	0.368431
40.2484	0.368431
40.3167	0.351426
40.3871	0.341055
40.4564	0.173174
40.5257	0.346225
40.596	0.341175
40.6628	0.359728
40.7279	0.368431
40.7925	0.371426
40.8577	0.368431
40.9254	0.35415
40.9958	0.341055
41.0656	0.17181
41.1349	0.173174
41.2038	0.174372
41.271	0.178524
41.3398	0.174372
41.4096	0.17181
41.479	0.346225
41.5488	0.343742
41.616	0.356917
41.6838	0.35415
41.751	0.356917
41.8193	0.351426
41.8892	0.343621
41.959	0.171871
42.0293	0.341175
42.0966	0.357048
42.1606	0.37447
42.2242	0.377565
42.2878	0.377565
42.3529	0.368431
42.4202	0.356917
42.4895	0.346101
42.5593	0.343742
42.6297	0.341175
42.6964	0.17993
42.7662	0.343621
42.8355	0.346348
42.9048	0.346101
42.9731	0.351553
43.0424	0.346225
43.1122	0.343742
43.1821	0.343621
43.2498	0.17714
43.315	0.368431
43.3843	0.346101
43.4541	0.343742
43.524	0.343742
43.5907	0.359861
43.6589	0.351426
43.7272	0.351426
43.7966	0.346225
43.8659	0.346348
43.9352	0.346101
44.005	0.343742
44.0744	0.346101
44.1369	0.383911
44.201	0.37447
44.2666	0.365483
44.3344	0.35415
44.4037	0.346101
44.4736	0.343621
44.5434	0.343742
44.6138	0.341175
44.6805	0.179864
44.7451	0.371426
44.8097	0.371426
44.8738	0.37447
44.94	0.362583
45.0104	0.341055
45.0802	0.17181
45.1484	0.17584
45.2173	0.174372
45.2861	0.174372
45.3559	0.17181
45.4257	0.171871
45.4956	0.343742
45.5623	0.359728
45.6274	0.368431
45.6931	0.365483
45.7598	0.359728
45.8281	0.351426
45.8979	0.343742
45.9678	0.343621
46.0371	0.173174
46.1069	0.343742
46.1767	0.343621
46.246	0.346225
46.3159	0.343742
46.3857	0.343742
46.4492	0.377565
46.5139	0.371426
46.579	0.368431
46.6441	0.368431
46.7103	0.362583
46.7792	0.348743
46.849	0.343499
46.9188	0.171871
46.9882	0.346225
47.0564	0.351553
47.1253	0.348743
47.193	0.35415
47.2618	0.348869
47.3311	0.346225
47.401	0.343742
47.4708	0.343742
47.5364	0.36562
47.6	0.377565
47.6667	0.359728
47.7313	0.371426
47.797	0.365483
47.8653	0.351426
47.9351	0.343621
48.0049	0.343742
48.0737	0.348869
48.1388	0.36857
48.2066	0.35415
48.2728	0.362583
48.3395	0.359728
48.4083	0.348743
48.4782	0.343742
48.548	0.343742
48.6157	0.354279
48.6861	0.341055
48.7559	0.171871
48.8237	0.354279
48.8867	0.380712
48.9476	0.39384
49.0091	0.390473
49.0753	0.362583
49.1452	0.343499
49.215	0.171871
49.2838	0.348869
49.3531	0.346225
49.4203	0.178459
49.4886	0.175713
49.5569	0.351426
49.6268	0.343621
49.6966	0.343742
49.7654	0.348869
49.8289	0.377565
49.8915	0.383911
49.9571	0.548225
50.0244	0.713834
50.0937	0.692203
50.1641	0.68235
50.2329	0.697737
50.3001	0.714096
50.3684	0.702852
50.4356	0.713834
50.5049	0.692203
50.5748	0.687241
50.6446	0.687484
50.7145	0.687241
50.7811	0.719721
50.8479	0.719455
50.9141	0.725165
50.9818	0.708301
51.0491	0.713834
51.1184	0.692203
51.1888	0.682111
51.2586	0.687484
51.3242	0.731241
51.3852	0.787679
51.4472	0.774329
51.5113	0.748941
51.579	0.708301
51.6489	0.687241
51.7182	0.692449
51.7859	0.708559
51.8563	0.682111
51.9251	0.697737
51.9934	0.702852
52.0596	0.725165
52.1258	0.725165
52.1956	0.686998
52.2655	0.687484
52.3358	0.68235
52.4036	0.708301
52.4713	0.708559
52.5401	0.697487
52.6095	0.692449
52.6788	0.86587
52.7486	0.687241
52.8174	0.697987
52.8862	0.697487
52.9545	0.702852
53.0253	0.846615
53.0952	0.687241
53.165	0.515613
53.2354	0.341175
53.3	0.185713
53.3662	0.362583
53.4365	0.341055
53.5022	0.36562
53.5689	0.179864
53.634	0.552646
53.6997	0.365483
53.7675	0.35415
53.8378	0.341055
53.9077	0.171871
53.9775	0.343742
54.0395	0.387164
54.1009	0.390473
54.1629	0.387164
54.2286	0.365483
54.2985	0.343499
54.3678	0.173174
54.4376	0.343621
54.5048	0.357048
54.5742	0.346101
54.643	0.348743
54.7123	0.346225
54.7821	0.343742
54.8493	0.357048
54.9192	0.343742
54.9832	0.37447
55.05	0.359728
55.1172	0.356917
55.186	0.348743
55.2553	0.346225
55.3252	0.343742
55.394	0.348869
55.4612	0.356917
55.5295	0.351426
55.5978	0.351426
55.6671	0.346101
55.7369	0.343742
55.8041	0.357179
55.873	0.348743
55.9397	0.359728
56.0069	0.356917
56.0742	0.356917
56.1435	0.346101
56.2133	0.343742
56.2837	0.341055
56.354	0.170587
56.4197	0.182742
56.4848	0.184215
56.5526	0.177075
56.6219	0.173112
56.6897	0.17714
56.758	0.351426
56.8268	0.348743
56.8951	0.351553
56.9649	0.343621
57.0347	0.343742
57.104	0.346225
57.1707	0.359861
57.2343	0.377565
57.2989	0.371426
57.3646	0.365483
57.4318	0.356917
57.5012	0.346101
57.5715	0.341055
57.6403	0.174434
57.7097	0.346225
57.7785	0.348743
57.8478	0.346101
57.9166	0.348869
57.9864	0.343742
58.0531	0.359861
58.1188	0.365483
58.186	0.356917
58.2553	0.346225
58.3252	0.343742
58.3935	0.351426
58.4618	0.351426
58.5316	0.343621
58.6014	0.343742
58.6692	0.354279
58.7385	0.346101
58.8083	0.343742
58.8735	0.368431
58.9397	0.362583
59.0064	0.359728
59.0736	0.356917
59.1424	0.348869
59.2123	0.343621
59.2816	0.346225
59.3509	0.346348
59.416	0.368431
59.478	0.387164
59.541	0.380712
59.6057	0.371426
59.6734	0.35415
59.7432	0.343742
59.8131	0.343621
59.8819	0.348869
59.9512	0.346225
60.0174	0.362583
60.0852	0.35415
60.155	0.343621
60.2248	0.343742
60.2915	0.359861
60.3582	0.359728
60.4239	0.365483
60.4922	0.351426
60.562	0.343621
60.6324	0.341175
60.7012	0.174434
60.7668	0.365483
60.8336	0.359728
60.8998	0.362583
60.9686	0.348743
61.0384	0.343621
61.1088	0.341175
61.1781	0.173112
61.2479	0.343742
61.3172	0.346101
61.3866	0.346225
61.4554	0.348869
61.521	0.365483
61.5898	0.348743
61.6597	0.343621
61.7295	0.343621
61.7978	0.35168
61.8671	0.346225
61.9364	0.346101
62.0058	0.346101
62.0756	0.343621
62.1454	0.343742
62.2148	0.346225
62.2846	0.343742
62.3513	0.359728
62.4201	0.348743
62.4884	0.351426
62.5582	0.343742
62.6281	0.343621
62.6963	0.351553
62.7631	0.359728
62.8282	0.368431
62.896	0.35415
62.9658	0.343621
63.0325	0.359861
63.0971	0.371426
63.1633	0.543874
63.2306	0.713834
63.2989	0.702852
63.3687	0.687241
63.4385	0.859355
63.5073	0.697737
63.5771	0.859355
63.6423	1.10529
63.7069	1.11428
63.771	1.31065
63.8372	1.08775
63.9055	1.22999
63.9753	1.37497
64.0451	1.54684
64.1113	1.45033
64.177	1.64467
64.2453	1.93284
64.313	1.77075
64.3828	1.89058
64.4522	2.07735
64.5194	1.24921
64.5877	1.4057
64.6575	1.37448
64.7279	1.53529
64.7977	1.37448
64.8649	1.42819
64.9338	1.39497
65.0026	0.871859
65.0724	0.859355
65.1422	1.03123
65.21	1.06284
65.2772	1.07075
65.3445	1.24921
65.4127	1.05428
65.4805	1.06245
65.5504	1.03086
65.6192	1.04661
65.689	1.2031
65.7578	1.39497
65.8245	1.43891
65.8928	1.4057
65.9606	1.4166
66.0283	1.4166
66.0966	1.4057
66.166	1.38441
66.2358	1.37497
66.3061	1.3647
66.3754	1.38539
66.4411	1.46193
66.5078	1.43891
66.5735	1.46193
66.6402	1.43891
66.7074	1.42767
66.7768	1.38441
66.8461	1.38539
66.9159	1.37497
66.9837	1.4166
67.052	1.4057
67.1187	1.43891
67.1859	1.42767
67.2558	1.37448
67.3261	1.3647
67.3944	1.40621
67.4611	1.43891
67.5273	1.45033
67.5945	1.42767
67.6644	1.37497
67.7342	1.37448
67.804	1.37497
67.8728	1.39547
67.9406	1.4166
68.0078	1.42767
68.0766	1.39497
68.146	1.3849
68.2153	1.38539
68.2835	1.40621
68.3502	1.61877
68.4191	1.39497
68.4889	1.37497
68.5587	1.37497
68.6275	1.39547
68.6958	1.40621
68.7641	1.58142
68.8334	1.73112
68.9032	1.7181
68.9704	1.96376
69.0366	1.81291
69.1023	1.82742
69.1695	1.96304
69.2389	2.07661
69.3087	2.06245
69.3785	2.23353
69.4484	2.06172
69.5166	2.11008
69.5839	1.42767
69.6516	1.59368
69.7199	1.4057
69.7898	1.54629
69.8601	1.70587
69.9299	1.71871
69.9972	1.96304
70.0629	1.82742
70.1296	1.9785
70.1989	2.07661
70.2682	2.07809
70.338	2.06245
70.4037	2.37564
70.4688	2.21058
70.5361	2.1415
70.6049	2.09246
70.6747	2.06245
70.744	2.07735
70.8102	1.45033
70.8769	1.61877
70.9426	1.46193
71.0109	1.58142
71.0807	1.71871
71.1506	1.7181
71.2183	1.94854
71.2866	1.75713
71.3559	1.90491
71.4257	2.06172
71.4935	2.12568
71.5618	2.10856
71.6316	2.23353
71.7015	2.06172
71.7697	2.11008
71.838	2.10856
71.9073	2.07735
71.9771	2.06245
72.047	1.37448
72.1153	1.58199
72.1809	1.46193
72.2487	1.59368
72.317	1.75713
72.3858	1.74372
72.4551	1.90491
72.5249	1.7181
72.5948	1.7181
72.661	1.26904
72.7272	1.26904
72.796	1.56935
72.8653	1.38441
72.9352	1.37448
73.005	1.37448
73.0733	1.23088
73.1384	0.921077
73.2035	0.921077
73.2697	0.725165
73.3359	0.725165
73.4042	0.702852
73.4741	0.859051
73.5439	1.03123
73.6143	1.02317
73.682	0.885698
73.7513	0.692203
73.8165	0.552646
73.8816	0.368431
73.9494	0.35415
74.0187	0.346101
74.088	0.346348
74.1558	0.35415
74.2256	0.515431
74.2945	0.348743
74.3648	0.341175
74.4336	0.174434
74.5014	0.35415
74.5686	0.356917
74.6374	0.348743
74.7073	0.343742
74.7755	0.351553
74.8443	0.348743
74.9142	0.343621
74.984	0.343742
75.0512	0.356917
75.1174	0.362583
75.1831	0.365483
75.2503	0.356917
75.3197	0.346101
75.3895	0.343742
75.4593	0.343742
75.5234	0.37447
75.5901	0.359728
75.6558	0.365483
75.723	0.356917
75.7929	0.343742
75.8612	0.351426
75.9305	0.346101
75.9998	0.346225
76.0691	0.346348
76.1353	0.362583
76.202	0.359728
76.2682	0.362583
76.336	0.35415
76.4058	0.343742
76.4757	0.343621
76.5444	0.348869
76.6143	0.343621
76.6846	0.341175
76.754	0.173112
76.8238	0.343742
76.892	0.351553
76.9593	0.356917
77.0286	0.346101
77.099	0.341055
77.1688	0.171871
77.2381	0.346225
77.3027	0.371568
77.3668	0.37447
77.4309	0.37447
77.4961	0.552646
77.5633	0.713834
77.6332	0.686998
77.7025	0.692696
77.7723	0.687484
77.84	0.708559
77.9099	0.687241
77.9761	0.725165
78.0428	0.719455
78.1105	0.708301
78.1783	0.708301
78.2487	0.682111
78.3185	0.687241
78.3873	0.697987
78.4566	0.692203
78.5244	0.708301
78.5927	0.702852
78.6625	0.687241
78.7324	0.687484
78.8022	0.687241
78.8715	0.692449
78.9413	0.687484
79.0112	0.687484
79.08	0.697737
79.1467	0.719455
79.2139	0.713834
79.2833	0.692203
79.3526	0.692449
79.4224	0.687484
79.4922	0.687241
79.561	0.697737
79.6309	0.687241
79.7007	0.687241
79.7705	0.687484
79.8404	0.687241
79.9102	0.687484
79.978	0.708301
80.0457	0.708301
80.1146	0.697487
80.1844	0.687241
80.2537	0.692449
80.3236	0.687484
80.3934	0.687484
80.4611	0.708559
80.5263	0.921077
80.5914	0.736861
80.6581	0.719455
80.7269	0.871859
80.7968	1.03123
80.8666	1.03123
80.9354	1.22104
81.0047	1.0383
81.0741	1.0383
81.1439	1.03123
81.2142	1.02317
81.2825	0.878883
81.3498	0.713834
81.4175	0.708301
81.4873	0.859355
81.5561	1.04661
81.6228	1.07958
81.689	1.26904
81.7547	1.09645
81.8219	1.07075
81.8897	1.06245
81.9595	1.03086
82.0289	1.03867
82.0971	1.05504
82.1654	1.05428
82.2321	0.899319
82.2973	0.736861
82.3634	0.725165
82.4312	0.885376
82.5006	1.0383
82.5704	1.03123
82.6366	1.08775
82.7043	1.23953
82.7721	1.06245
82.8399	1.06245
82.9097	1.03086
82.979	1.03867
83.0457	1.07958
83.1135	1.23953
83.1818	0.702852
83.2516	0.687241
83.3215	0.687241
83.3902	0.52349
83.459	0.872171
83.5226	0.377565
83.5872	0.371426
83.6529	0.548225
83.7201	0.713834
83.7884	0.702852
83.8583	0.687241
83.9276	0.692449
83.9974	0.687241
84.0657	0.702852
84.1324	0.719455
84.2002	0.885376
84.2685	0.702852
84.3373	0.697487
84.4071	0.687484
84.477	0.687484
84.5468	0.687241
84.6146	0.708559
84.6823	0.708301
84.7506	0.702852
84.8204	0.687484
84.8903	0.687241
84.958	0.531613
85.0268	0.697487
85.093	0.362583
85.1602	0.356917
85.2301	0.343621
85.2994	0.346225
85.3698	0.341175
85.4391	0.173174
85.5068	0.354279
85.573	0.362583
85.6381	0.368431
85.7059	0.531226
85.7737	0.35415
85.8435	0.343742
85.9134	0.343499
85.98	0.179997
86.0488	0.348743
86.1177	0.348743
86.1849	0.356917
86.2542	0.346101
86.3246	0.341175
86.3949	0.170587
86.4585	0.188783
86.5226	0.187235
86.5867	0.187235
86.6529	0.181291
86.7196	0.179864
86.7889	0.346225
86.8588	0.343621
86.927	0.175777
86.9948	0.354279
87.0615	0.359728
87.1277	0.362583
87.1949	0.356917
87.2643	0.346101
87.3346	0.341175
87.4034	0.174372
87.4696	0.362583
87.5384	0.348743
87.6073	0.348743
87.6766	0.346101
87.7459	0.346348
87.8157	0.343742
87.8856	0.343621
87.9528	0.357048
88.0148	0.387164
88.0778	0.380712
88.144	0.362583
88.2128	0.348743
88.2826	0.343742
88.3519	0.346348
88.4197	0.35415
88.4895	0.343621
88.5599	0.341175
88.6282	0.175777
88.698	0.343621
88.7668	0.348869
88.8319	0.368431
88.8992	0.356917
88.969	0.343621
89.0383	0.346225
89.1082	0.343621
89.1744	0.362583
89.2416	0.356917
89.3099	0.351426
89.3798	0.343621
89.4491	0.346225
89.5178	0.348994
89.5861	0.351426
89.6544	0.351426
89.7222	0.35415
89.7915	0.346225
89.8613	0.343742
89.9312	0.343621
89.9994	0.351553
90.0693	0.343621
90.1396	0.170587
90.21	0.170587
90.2772	0.178524
90.3455	0.175713
90.4148	0.173112
90.4842	0.173051
90.554	0.343742
90.6238	0.343742
90.6884	0.371426
90.7541	0.365483
90.8176	0.377565
90.8823	0.371426
90.949	0.359728
91.0193	0.341055
91.0887	0.173112
91.1585	0.343742
91.2288	0.341175
91.2971	0.351553
91.3659	0.348743
91.4357	0.343742
91.5045	0.348869
91.5739	0.346225
91.6437	0.343621
91.713	0.173174
91.7813	0.351426
91.8501	0.348743
91.9199	0.343742
91.9877	0.354279
92.0533	0.365483
92.1185	0.368431
92.1868	0.351426
92.2556	0.348743
92.3254	0.343621
92.3958	0.341175
92.4651	0.173051
92.5339	0.348869
92.6043	0.341055
92.672	0.354279
92.7414	0.346101
92.8112	0.343742
92.88	0.348994
92.9493	0.519152
93.0191	0.687484
93.0863	0.714096
93.152	0.730966
93.2187	0.719455
93.2881	0.692203
93.3579	0.687484
93.4267	0.697987
93.497	0.68235
93.5648	0.708301
93.6331	0.702852
93.7024	0.692449
93.7717	0.692696
93.8415	0.687484
93.9098	0.703106
93.977	0.713834
94.0442	0.713834
94.1141	0.687241
94.1839	0.687241
94.2532	0.692696
94.3178	0.743136
94.3851	0.713834
94.4534	0.702852
94.5211	0.708301
94.591	0.687241
94.6603	0.692449
94.7291	0.697987
94.7963	0.713834
94.8651	0.697737
94.9349	0.687484
95.0006	0.730966
95.0673	0.719455
95.134	0.719455
95.2023	0.702852
95.2701	0.708559
95.3389	0.697487
95.4092	0.682111
95.477	0.531419
95.5448	0.531226
95.6125	0.35415
95.6823	0.343742
95.7522	0.343621
95.822	0.343742
95.8913	0.346225
95.9586	0.356917
96.0269	0.527139
96.0957	0.697487
96.1655	0.687484
96.2358	0.68235
96.3026	0.719455
96.3677	0.736861
96.4355	0.708301
96.5048	0.692203
96.5747	0.687241
96.6445	0.687484
96.7138	0.692449
96.7836	0.687484
96.8535	0.687241
96.9191	0.731241
96.9842	0.736861
97.051	0.719455
97.1198	0.697487
97.1891	0.692203
97.2589	0.687484
97.3288	0.687484
97.396	0.713834
97.4638	0.708301
97.5326	0.697737
97.5998	0.714096
97.6676	0.708301
97.7369	0.692203
97.8067	0.687484
97.8766	0.687241
97.9464	0.687241
98.0157	0.692203
98.0835	0.708559
98.1507	0.713834
98.2159	0.736861
98.2836	0.708301
98.353	0.692203
98.4228	0.687484
98.4926	0.687484
98.5599	0.713834
98.6287	0.697737
98.6959	0.713834
98.7657	0.859051
98.8356	0.687241
98.9049	0.692449
98.9737	0.697987
99.0383	0.742852
99.1029	0.928565
99.1681	1.10529
99.2332	1.10529
99.2994	1.08775
99.3692	1.2031
99.4391	1.03086
99.5089	0.859355
99.5787	1.03086
99.6433	0.743136
99.709	0.913708
99.7762	0.713834
99.844	0.708301
99.9138	0.859051
99.9836	1.03123
100.053	1.0383
100.12	1.07918
100.187	1.23953
100.254	1.07918
100.323	1.04623
100.393	1.03123
100.463	1.03123
100.532	1.03123
100.601	1.05428
100.669	0.885376
100.736	0.708301
100.804	0.713834
100.873	0.859051
100.942	1.05466
101.011	1.03123
101.08	1.22999
101.147	1.07075
101.214	1.07918
101.281	1.07075
101.351	1.03086
101.42	1.03867
101.489	1.03904
101.558	1.05428
101.622	0.936176
101.685	0.761423
101.748	0.75513
101.815	0.899319
101.884	1.04623
101.954	1.03123
102.024	1.03123
102.092	1.2206
102.16	1.07075
102.227	1.06245
102.295	1.06245
102.365	1.0383
102.434	1.03123
102.504	1.03867
102.57	0.906456
102.637	0.892293
102.706	1.04623
102.776	1.03086
102.843	1.07114
102.909	1.08775
102.977	1.22999
103.047	1.03086
103.117	1.03123
103.185	1.05466
103.253	1.07075
103.321	1.05428
103.391	1.20267
103.459	1.40672
103.528	1.39497
103.598	1.37497
103.666	1.40621
103.733	1.43891
103.799	1.43891
103.867	1.4166
103.935	1.4166
104.004	1.39497
104.074	1.37448
104.143	1.37497
104.213	1.37448
104.279	1.46248
104.345	1.45033
104.41	1.47372
104.475	1.47372
104.543	1.42767
104.611	1.4057
104.681	1.37448
104.75	1.39547
104.819	1.37448
104.889	1.37497
104.957	1.40621
105.026	1.4057
105.095	1.38441
105.164	1.39547
105.234	1.37448
105.303	1.39497
105.37	1.42767
105.438	1.4057
105.507	1.38441
105.576	1.39597
105.646	1.37497
105.716	1.37497
105.784	1.4057
105.847	1.53564
105.912	1.47372
105.979	1.43891
106.047	1.58142
106.117	1.37497
106.186	1.37448
106.255	1.22148
106.319	1.49788
106.38	0.794529
106.441	0.780947
106.504	0.767822
106.568	0.742852
106.636	0.885376
106.705	1.04623
106.775	1.03086
106.845	1.03123
106.914	0.859051
106.983	0.697737
107.053	0.859355
107.122	0.697487
107.192	0.687241
107.262	0.687484
107.331	0.692449
107.398	0.713834
107.467	0.697487
107.537	0.687484
107.606	0.692449
107.674	0.708301
107.741	0.713834
107.811	0.687241
107.879	0.702852
107.949	0.687484
108.019	0.687241
108.088	0.697487
108.158	0.687241
108.227	0.687484
108.296	0.697737
108.364	0.708301
108.43	0.730966
108.497	0.708301
108.566	0.697487
108.636	0.687484
108.706	0.687241
108.774	0.703106
108.842	0.708559
108.909	0.713834
108.979	0.687241
109.049	0.687484
109.117	0.702852
109.187	0.687241
109.257	0.687241
109.325	0.52349
109.391	0.736861
109.456	0.368431
109.521	0.368431
109.588	0.356917
109.658	0.343621
109.728	0.341175
109.798	0.173112
109.862	0.371568
109.927	0.371426
109.99	0.377565
110.057	0.539591
110.126	0.346101
110.196	0.343499
110.266	0.173174
110.335	0.343742
110.402	0.359728
110.467	0.368431
110.535	0.35415
110.604	0.346101
110.674	0.343742
110.745	0.341175
110.809	0.185784
110.875	0.362583
110.942	0.362583
111.01	0.351426
111.079	0.346225
111.149	0.343742
111.213	0.374615
111.277	0.377565
111.34	0.377565
111.405	0.368431
111.472	0.359728
111.541	0.346225
111.611	0.343742
111.681	0.343742
111.75	0.346225
111.815	0.371426
111.882	0.359728
111.951	0.346101
112.021	0.343742
112.091	0.343742
112.159	0.351426
112.223	0.377565
112.289	0.359728
112.358	0.351426
112.427	0.346101
112.497	0.343742
112.566	0.348743
112.635	0.343742
112.704	0.351426
112.77	0.362583
112.835	0.365483
112.904	0.351426
112.974	0.343621
113.043	0.343621
113.113	0.171871
113.183	0.343621
113.253	0.343742
113.322	0.346225
113.391	0.351553
113.459	0.523115
113.529	0.687241
113.597	0.708817
113.663	0.725165
113.731	0.708301
113.8	0.692203
113.87	0.692449
113.939	0.687241
114.009	0.687241
114.074	0.73714
114.14	0.730966
114.206	0.730966
114.272	0.719455
114.341	0.702852
114.41	0.697487
114.478	0.697487
114.547	0.697487
114.616	0.697487
114.686	0.687484
114.756	0.686998
114.821	0.731241
114.887	0.725165
114.954	0.725165
115.022	0.702852
115.092	0.687241
115.161	0.692449
115.231	0.687484
115.3	0.692696
115.366	0.725165
115.434	0.713834
115.501	0.713834
115.57	0.697487
115.64	0.687241
115.709	0.687484
115.778	0.702852
115.847	0.692449
115.915	0.703106
115.985	0.687241
116.053	0.708301
116.12	0.713834
116.189	0.697487
116.259	0.687241
116.328	0.692696
116.395	0.719455
116.463	0.878565
116.531	0.708301
116.601	0.687241
116.67	0.692449
116.74	0.68235
116.808	0.535572
116.87	0.193582
116.932	0.191955
116.998	0.365483
117.067	0.348743
117.137	0.341175
117.204	0.178524
117.274	0.515431
117.342	0.531419
117.411	0.523115
117.479	0.351426
117.548	0.348869
117.618	0.343621
117.687	0.343742
117.752	0.36857
117.819	0.362583
117.886	0.356917
117.956	0.343621
118.025	0.348869
118.094	0.343621
118.163	0.175777
118.232	0.343742
118.3	0.356917
118.367	0.35415
118.437	0.343621
118.507	0.346225
118.576	0.343742
118.641	0.371426
118.706	0.368431
118.772	0.362583
118.84	0.35415
118.91	0.343742
118.98	0.343621
119.05	0.343742
119.114	0.371426
119.181	0.356917
119.248	0.359728
119.317	0.351426
119.386	0.346101
119.455	0.346348
119.525	0.343621
119.595	0.343742
119.662	0.359728
119.724	0.384448
119.789	0.368329
119.854	0.371426
119.92	0.359728
119.986	0.365483
120.052	0.362583
120.121	0.351426
120.191	0.341175
120.261	0.17181
120.329	0.17584
120.396	0.178459
120.459	0.190356
120.52	0.19692
120.637	0.308938
120.747	0.437231
120.862	0.417218
120.98	0.4044
121.041	0.397264
121.162	0.395545
121.227	0.371426
121.291	0.37447
121.353	0.575866
121.419	0.725165
121.486	0.725165
121.553	0.714677
121.622	0.692023
121.691	0.697737
121.761	0.687241
121.821	0.795371
121.883	0.780718
121.944	0.780947
122.006	0.775171
122.07	0.748731
122.134	0.75513
122.2	0.725845
122.269	0.69227
122.337	0.70336
122.407	0.687484
122.471	0.748941
122.535	0.75513
122.595	1.19179
122.656	0.795872
122.717	0.393723
122.829	0.857712
122.944	0.834306
123.004	0.993161
123.065	0.590759
123.128	0.761423
123.193	0.742852
123.259	0.719455
123.329	0.687241
123.397	0.708559
123.467	0.682111
123.536	0.697737
123.599	0.768125
123.713	0.838264
123.773	1.39043
123.834	0.993161
123.894	0.794529
123.956	0.195237
124.023	0.892293
124.093	1.02317
124.162	1.05466
124.224	1.34422
124.285	1.39043
124.345	1.58906
124.405	2.18534
124.523	1.22353
124.583	1.58906
124.644	3.19157
124.757	1.48696
124.817	2.3882
124.877	2.1843
124.939	1.95237
125.003	2.41427
125.064	2.97948
125.124	4.57738
125.222	2.32049
125.326	3.82644
125.386	6.56073
125.481	2.64996
125.565	0.985202
