11.2057	0.343378
11.2766	0.338764
12.2698	0.0120818
12.3391	0.173051
12.4043	0.36857
12.472	0.531226
12.5382	0.725165
12.6049	0.719455
12.6753	0.682111
12.7476	0.664368
12.8172	0.689188
12.8802	0.952152
12.9905	0.870198
13.1003	0.874362
13.1607	1.58906
13.2227	0.580747
13.2916	1.04623
13.3614	1.2031
13.4312	1.03086
13.4958	0.92892
13.5567	0.984599
13.6182	0.780947
13.6812	0.761423
13.7448	0.75513
13.8121	0.892293
13.8804	0.702852
13.9502	0.687241
14.0205	0.68235
14.0893	0.523303
14.1566	0.713834
14.2191	0.383911
14.2827	0.566348
14.3446	0.387164
14.4082	0.377565
14.4728	0.371426
14.5422	0.519152
14.612	0.687484
14.6818	0.687484
14.7501	0.702852
14.8199	0.687241
14.8877	0.885698
14.9544	0.719455
15.0195	0.736861
15.0852	0.730966
15.1525	0.713834
15.2208	0.702852
15.2906	0.687241
15.3599	0.692449
15.4293	0.692203
15.4975	0.703106
15.5616	0.748941
15.6278	0.725165
15.693	0.736861
15.7591	0.725165
15.828	0.697487
15.8978	0.687484
15.9676	0.687484
16.0364	0.697487
16.1047	0.703106
16.173	0.702852
16.2418	0.697487
16.3116	0.687484
16.3809	0.692449
16.4503	0.692449
16.5169	0.719721
16.5831	0.725165
16.652	0.697487
16.7218	0.687241
16.7901	0.703106
16.8584	0.702852
16.9261	0.708559
16.9944	0.702852
17.0632	0.697487
17.1325	0.692449
17.2019	0.692449
17.2717	0.687484
17.3352	0.755424
17.3956	0.993161
17.456	0.595896
17.5207	0.742852
17.5879	0.892293
17.6557	1.06245
17.725	1.0383
17.7948	1.03123
17.8647	1.03123
17.935	1.19369
18.0022	1.07114
18.0679	1.09645
18.1309	1.14213
18.195	1.31065
18.2623	1.42767
18.3321	1.37448
18.4019	1.37497
18.4702	1.23044
18.5343	0.936176
18.5952	0.787679
18.6572	0.774329
18.7224	0.921077
18.7922	1.03086
18.861	1.04623
18.9309	1.20267
18.9997	1.04698
19.0669	1.07075
19.1336	1.25905
19.2014	1.4166
19.2681	1.43891
19.3379	1.37448
19.4052	1.42819
19.475	1.54629
19.5438	1.39497
19.6126	1.39497
19.6815	1.39497
19.7513	1.37448
19.8211	1.37497
19.8889	1.41712
19.9566	1.4166
20.0249	1.4057
20.0943	1.38441
20.1641	1.37497
20.2339	1.37448
20.3027	1.39547
20.3721	1.38441
20.4404	1.4057
20.5097	1.3849
20.5795	1.37497
20.6473	1.4166
20.7119	1.4857
20.7781	1.45033
20.8479	1.37448
20.9177	1.37497
20.9871	1.3849
21.0564	1.3849
21.1236	1.42819
21.1908	1.42767
21.2581	1.42767
21.3279	1.37448
21.3977	1.2031
21.4655	0.885376
21.5349	0.865254
21.6021	0.892293
21.6719	1.03086
21.7418	1.03123
21.81	1.05466
21.8778	1.23953
21.944	1.08775
22.0133	1.0383
22.0827	1.03867
22.1494	1.07958
22.215	1.09645
22.2817	0.899319
22.3479	0.725165
22.4178	0.687241
22.4876	0.687484
22.5569	0.692449
22.6236	0.719987
22.684	1.19179
22.7444	0.595896
22.8085	0.37447
22.8768	0.351426
22.9472	0.341055
23.0165	0.173112
23.0852	0.348994
23.1546	0.346225
23.2213	0.359861
23.289	0.531226
23.3578	0.348743
23.4277	0.343742
23.4975	0.343621
23.5642	0.359728
23.6304	0.362583
23.6998	0.346101
23.7691	0.346225
23.8389	0.343621
23.9077	0.348869
23.9781	0.341175
24.0474	0.173174
24.1162	0.348743
24.1829	0.359728
24.2507	0.35415
24.3205	0.343621
24.3893	0.348869
24.4576	0.351426
24.5264	0.348743
24.5962	0.343742
24.664	0.354279
24.7312	0.356917
24.8006	0.346101
24.8704	0.343742
24.9402	0.343742
25.0085	0.351426
25.0768	0.351426
25.1461	0.346348
25.2159	0.343621
25.2842	0.35168
25.3509	0.359728
25.4166	0.365483
25.4827	0.362583
25.551	0.351426
25.6204	0.346225
25.6902	0.343621
25.76	0.171871
25.8283	0.351553
25.8971	0.348743
25.9659	0.348743
26.0353	0.346101
26.1051	0.343742
26.1739	0.348994
26.2406	0.359728
26.3041	0.377565
26.3703	0.362583
26.4371	0.359728
26.5043	0.356917
26.5731	0.348743
26.643	0.343621
26.7123	0.346348
26.7811	0.348743
26.8473	0.362583
26.9145	0.356917
26.9817	0.356917
27.0495	0.35415
27.1194	0.343621
27.1887	0.346225
27.259	0.341175
27.3257	0.17993
27.3888	0.380712
27.4518	0.380712
27.5175	0.365483
27.5863	0.348743
27.6561	0.343742
27.7265	0.341055
27.7926	0.181359
27.862	0.346101
27.9271	0.368431
27.9933	0.362583
28.0627	0.346101
28.1325	0.343742
28.2018	0.346348
28.2695	0.531419
28.3373	0.708301
28.4066	0.692203
28.476	0.692203
28.5458	0.687484
28.6146	0.697737
28.6771	0.767822
28.7417	0.742852
28.8069	0.736861
28.872	0.736861
28.9371	0.736861
29.0044	0.713834
29.0737	0.692203
29.1435	0.687484
29.2129	0.692449
29.2822	0.692449
29.3505	0.702852
29.4203	0.687484
29.4849	0.742852
29.5501	0.736861
29.6157	0.730966
29.6845	0.697487
29.7544	0.687484
29.8242	0.687484
29.893	0.697737
29.9586	0.730966
30.0227	0.748941
30.0889	0.725165
30.1556	0.719455
30.2255	0.687241
30.2953	0.687241
30.3636	0.70336
30.4303	0.719455
30.4986	0.702852
30.5684	0.687241
30.6382	0.687484
30.7076	0.692449
30.7753	0.708817
30.8451	0.687241
30.9144	0.692696
30.9843	0.687241
31.0526	0.702852
31.1209	0.878565
31.1912	0.68235
31.2605	0.519337
31.3298	0.692696
31.396	0.362583
31.4638	0.35415
31.5331	0.346225
31.6024	0.346225
31.6675	0.36857
31.7342	0.539591
31.8041	0.686998
31.8739	0.687484
31.9438	0.687484
32.0099	0.725435
32.0772	0.892293
32.146	0.697487
32.2158	0.687484
32.2841	0.702852
32.3539	0.687241
32.4233	0.692449
32.491	0.708301
32.5603	0.692696
32.626	0.730966
32.6906	0.742852
32.7557	0.736861
32.8219	0.725165
32.8918	0.687241
32.9616	0.687484
33.0304	0.697737
33.0982	0.708301
33.1665	0.702852
33.2353	0.697487
33.3036	0.702852
33.3729	0.692203
33.4428	0.687241
33.5126	0.687484
33.5824	0.687484
33.6517	0.692449
33.7179	0.725165
33.7867	0.697487
33.8566	0.687241
33.9259	0.692449
33.9963	0.682111
34.0656	0.346348
34.1328	0.535572
34.199	0.362583
34.2683	0.346101
34.3381	0.343742
34.4074	0.346225
34.4778	0.341055
34.544	0.362583
34.607	0.190356
34.6743	0.178459
34.7441	0.17181
34.814	0.343621
34.8822	0.351553
34.9463	0.37447
35.0099	0.377565
35.0756	0.365483
35.1433	0.35415
35.2132	0.343621
35.283	0.343742
35.3518	0.348869
35.4206	0.348743
35.4904	0.343742
35.5571	0.359861
35.6238	0.359728
35.689	0.368431
35.7573	0.351426
35.8271	0.343621
35.8975	0.341175
35.9621	0.185784
36.0267	0.371426
36.0892	0.383911
36.1538	0.371426
36.2216	0.35415
36.2919	0.341055
36.3618	0.17181
36.43	0.35168
36.4952	0.368431
36.5593	0.37447
36.626	0.359728
36.6911	0.368431
36.7589	0.35415
36.8287	0.343621
36.8991	0.341175
36.9663	0.178524
37.033	0.359728
37.1013	0.351426
37.1701	0.348743
37.2399	0.343742
37.3093	0.346101
37.3786	0.346348
37.4468	0.351553
37.5125	0.365483
37.5771	0.371426
37.6433	0.362583
37.7116	0.351426
37.7799	0.351426
37.8493	0.346101
37.9191	0.343742
37.9863	0.357048
38.0535	0.356917
38.1213	0.35415
38.1891	0.35415
38.2584	0.346101
38.3282	0.343742
38.3981	0.343742
38.4653	0.356917
38.5283	0.380712
38.5924	0.37447
38.6576	0.368431
38.7232	0.365483
38.7905	0.356917
38.8603	0.343621
38.9301	0.343742
38.9989	0.348869
39.0688	0.343742
39.136	0.356917
39.2001	0.37447
39.2652	0.368431
39.3335	0.351426
39.4033	0.343742
39.4732	0.343621
39.542	0.348994
39.6076	0.365483
39.6749	0.356917
39.7405	0.365483
39.8072	0.359728
39.8766	0.346101
39.9464	0.343742
40.0157	0.346225
40.0829	0.535572
40.1507	0.35415
40.2159	0.368431
40.2815	0.365483
40.3509	0.346101
40.4207	0.343742
40.4905	0.343742
40.5593	0.348869
40.627	0.354279
40.6943	0.535376
40.7589	0.371426
40.824	0.368431
40.8892	0.368431
40.958	0.348743
41.0278	0.343742
41.0971	0.346225
41.1649	0.531419
41.2347	0.687241
41.302	0.713834
41.3713	0.692203
41.4411	0.687484
41.511	0.687241
41.5792	0.703106
41.6475	0.702852
41.7143	0.719455
41.7815	0.713834
41.8519	0.682111
41.9212	0.692449
41.991	0.687484
42.0598	0.697987
42.1239	0.748941
42.1874	0.75513
42.2505	0.761423
42.3151	0.742852
42.3813	0.725165
42.4491	0.708301
42.5189	0.687241
42.5887	0.687484
42.658	0.692449
42.7279	0.687241
42.7972	0.692696
42.866	0.697737
42.9343	0.702852
43.0041	0.687484
43.0734	0.692449
43.1432	0.687484
43.2115	0.703106
43.2793	0.708301
43.347	0.708301
43.4169	0.687241
43.4867	0.687484
43.556	0.692449
43.6222	0.725435
43.6905	0.702852
43.7603	0.687241
43.8302	0.687241
43.8995	0.865562
43.9693	0.687241
44.0386	0.692449
44.1069	0.702852
44.1684	0.780947
44.2335	0.921077
44.3003	1.07918
44.3691	1.04623
44.4384	1.0383
44.5082	1.2031
44.5786	1.02352
44.6463	0.885698
44.712	1.09645
44.7766	0.928565
44.8412	0.742852
44.9064	0.736861
44.9741	0.885376
45.044	1.03123
45.1138	1.03086
45.181	1.07114
45.2504	1.21136
45.3202	1.03086
45.39	1.03086
45.4599	1.03123
45.5281	1.05466
45.5938	1.27919
45.6589	1.47372
45.7246	1.46193
45.7919	1.42767
45.8617	1.37448
45.9315	1.37497
46.0014	1.37448
46.0707	1.38539
46.1394	1.39547
46.2093	1.37497
46.2791	1.37448
46.3489	1.37497
46.414	1.47428
46.4787	1.4857
46.5438	1.47372
46.6084	1.4857
46.6741	1.46193
46.7413	1.42767
46.8101	1.39497
46.8795	1.3849
46.9493	1.37497
47.0186	1.3849
47.0869	1.4057
47.1536	1.43891
47.2224	1.39497
47.2917	1.38539
47.3616	1.37448
47.4314	1.37497
47.4991	1.41763
47.5632	1.49788
47.6283	1.47372
47.694	1.46193
47.7586	1.4857
47.8253	1.43891
47.8936	1.4057
47.9635	1.37497
48.0333	1.37448
48.101	1.41763
48.1672	1.45033
48.2339	1.43891
48.3006	1.61877
48.3689	1.4057
48.4388	1.37448
48.507	1.40672
48.5763	1.3849
48.6446	1.58199
48.7144	1.71871
48.7848	1.70587
48.852	1.78459
48.9124	2.18495
48.9734	1.9692
49.0359	1.91955
49.1037	1.94783
49.1735	2.06172
49.2438	2.21764
49.3116	2.12568
49.3799	2.28427
49.4471	2.49842
49.5159	2.61558
49.5842	2.45998
49.6541	2.57806
49.7239	2.74994
49.7901	3.08195
49.8531	3.23605
49.9172	3.55747
49.9834	3.26324
50.0512	3.36443
50.1205	3.63536
50.1898	3.63536
50.2596	3.78116
50.3269	2.67688
50.3957	2.61558
50.4629	2.85534
50.5323	2.94186
50.6021	2.92077
50.6719	2.92181
50.7418	1.88991
50.809	1.78524
50.8752	1.81291
50.9414	1.45033
51.0091	1.59368
51.0764	1.42767
51.1457	1.38441
51.2155	1.37497
51.2854	1.37497
51.3489	1.51026
51.4104	1.56189
51.4734	1.52285
51.5396	1.63162
51.6095	1.7175
51.6793	1.71871
51.7486	1.73112
51.8175	1.74372
51.8878	1.70587
51.955	1.78459
52.0207	1.82742
52.0874	1.79864
52.1552	1.77075
52.225	1.7181
52.2949	1.71871
52.3637	1.74434
52.4335	1.7175
52.5007	1.78524
52.5701	1.73112
52.6404	1.70528
52.7092	1.74434
52.7796	1.70587
52.8489	1.73112
52.9161	1.78459
52.986	1.7175
53.0553	1.73174
53.1251	1.71871
53.1949	1.71871
53.2606	1.8281
53.3262	1.82742
53.394	1.77075
53.4633	1.73112
53.5279	1.85784
53.5962	1.75713
53.6614	1.84215
53.7275	1.81291
53.7964	1.74372
53.8662	1.71871
53.9365	1.70587
54.0011	1.85784
54.0636	1.91955
54.1251	1.95237
54.1876	1.91955
54.2564	1.91809
54.3263	1.7181
54.3961	1.7181
54.4649	1.57047
54.5337	1.04623
54.601	1.07075
54.6698	1.04623
54.7396	1.2031
54.8099	1.3647
54.8782	1.40621
54.9444	1.63223
55.01	1.46193
55.0762	1.45033
55.144	1.4166
55.2138	1.54629
55.2837	1.7181
55.3535	1.7181
55.4218	1.75777
55.4896	1.77075
55.5579	1.93284
55.6267	1.74372
55.6965	1.7181
55.7663	1.71871
55.8341	1.7714
55.9013	1.78459
55.9686	1.78459
56.0363	1.77075
56.1041	1.77075
56.174	1.7181
56.2433	1.73112
56.3131	1.54684
56.3829	1.7181
56.4475	1.11428
56.5132	1.27919
56.5815	1.4057
56.6514	1.37448
56.7191	1.41712
56.7884	1.38441
56.8583	1.54629
56.9271	1.39497
56.9969	1.37497
57.0662	1.21179
57.1361	1.37497
57.1996	0.75513
57.2642	0.928565
57.3283	0.936176
57.3951	1.07918
57.4628	1.06245
57.5316	1.04623
57.6015	1.2031
57.6692	1.06245
57.738	1.04661
57.8068	1.04623
57.8757	1.04623
57.9455	1.2031
58.0153	1.37497
58.0815	1.45033
58.1472	1.46193
58.2149	1.4166
58.2847	1.37497
58.3541	1.3849
58.4224	1.4057
58.4901	1.4166
58.5599	1.37497
58.6298	1.37448
58.697	1.42819
58.7674	1.36422
58.8341	1.43944
58.9008	1.43891
58.9665	1.46193
59.0326	1.45033
59.1004	1.4166
59.1703	1.37448
59.2395	1.38539
59.3094	1.37448
59.3766	1.42819
59.4391	1.53564
59.5016	1.53564
59.5652	1.51026
59.6324	1.42767
59.7023	1.37448
59.7721	1.37448
59.842	1.37497
59.9113	1.3849
59.9769	1.46193
60.0437	1.43891
60.113	1.38441
60.1828	1.37497
60.2526	1.37497
60.3178	1.47372
60.384	1.45033
60.4517	1.4166
60.5211	1.38441
60.5909	1.37497
60.6607	1.54684
60.728	1.42767
60.7952	1.42767
60.8625	1.42767
60.9297	1.42767
60.998	1.58142
61.0678	1.71871
61.1376	1.71871
61.2059	1.75777
61.2747	1.91878
61.3445	1.7181
61.4139	1.73051
61.4816	1.94854
61.5483	1.25905
61.6177	1.38441
61.687	1.3849
61.7568	1.54684
61.8261	1.3849
61.8944	1.40621
61.9627	1.58142
62.032	1.73051
62.1019	1.71871
62.1717	1.7181
62.2415	1.89058
62.3098	1.75777
62.3776	1.77075
62.4459	1.75713
62.5152	1.73051
62.585	1.71871
62.6549	1.20267
62.7237	1.04661
62.7914	1.06245
62.8571	0.730966
62.9254	0.878565
62.9952	0.859355
63.0609	1.09645
63.125	1.12341
63.1922	1.07075
63.2605	1.05428
63.3298	1.0383
63.3997	1.03123
63.4695	1.03123
63.5388	1.03867
63.6081	1.03867
63.6717	1.1327
63.7368	1.10529
63.8014	1.11428
63.8682	1.07918
63.938	1.03086
64.0078	1.03123
64.075	1.07114
64.1412	1.08775
64.209	1.06245
64.2762	1.07075
64.3461	1.03086
64.4159	1.03123
64.4842	1.05428
64.5504	1.08775
64.6187	1.05428
64.6885	1.03123
64.7573	1.04661
64.8271	1.03123
64.8949	1.06245
64.9637	1.04623
65.0336	1.03086
65.1034	1.03123
65.1732	1.03123
65.2399	1.07918
65.3077	1.06245
65.3754	1.06245
65.4437	1.05428
65.512	1.05428
65.5819	1.03123
65.6517	1.03086
65.721	1.03867
65.7883	1.07075
65.856	1.06245
65.9233	1.07075
65.991	1.23953
66.0588	1.06245
66.1276	1.04623
66.1975	1.03086
66.2673	1.03123
66.3371	1.03123
66.4049	1.06284
66.4705	0.913708
66.5362	0.913708
66.6024	1.08775
66.6696	1.07075
66.7369	1.07075
66.8067	1.03086
66.8765	1.03123
66.9458	1.21179
67.0147	1.04623
67.0824	1.06245
67.1481	1.09645
67.2164	1.05428
67.2862	1.2031
67.3561	1.37448
67.4243	1.40621
67.4921	1.4166
67.5599	1.4166
67.6297	1.37448
67.699	1.3849
67.7694	1.3647
67.8371	1.41763
67.9038	1.43891
67.9716	1.4166
68.0393	1.4166
68.1087	1.38441
68.1785	1.37497
68.2483	1.37497
68.3161	1.4166
68.3833	1.42767
68.4532	1.37448
68.523	1.37497
68.5923	1.3849
68.6616	1.3849
68.7299	1.40621
68.7992	1.38441
68.8686	1.3849
68.9384	1.37497
69.0046	1.45033
69.0708	1.45033
69.1364	1.46193
69.2047	1.4057
69.2746	1.37448
69.3439	1.3849
69.4127	1.39547
69.4825	1.37497
69.5503	1.41712
69.6175	1.42767
69.6847	1.42767
69.7541	1.38441
69.8239	1.37497
69.8937	1.37497
69.963	1.55801
70.0298	1.43891
70.0954	1.46193
70.1627	1.42767
70.2325	1.37448
70.3023	1.37497
70.3701	1.41712
70.4347	1.11428
70.5019	1.07075
70.5697	1.06245
70.6395	1.03086
70.7094	1.20267
70.7756	1.08815
70.8423	1.25905
70.9074	1.47372
70.9736	1.45033
71.0435	1.37448
71.1128	1.55801
71.1821	1.38539
71.2504	1.4057
71.3202	1.37448
71.3885	1.40621
71.4583	1.54684
71.5261	1.77075
71.5949	1.74372
71.6647	1.7181
71.7345	1.71871
71.8028	1.75777
71.8727	1.7181
71.9425	1.7181
72.0118	1.73112
72.0817	1.7181
72.1478	1.81359
72.2156	1.77075
72.2834	1.77075
72.3511	1.77075
72.421	1.7181
72.4903	1.73112
72.5601	1.7181
72.6279	1.7714
72.6946	1.79864
72.7629	1.75713
72.8317	1.74372
72.9011	1.73051
72.9709	1.71871
73.0412	1.70528
73.1074	1.63223
73.1726	0.921077
73.2377	0.921077
73.3039	1.26904
73.3711	1.07075
73.4405	1.0383
73.5103	1.03123
73.5806	1.02352
73.6494	0.872171
73.7172	0.708301
73.785	0.885376
73.8496	0.742852
73.9163	0.719455
73.9846	0.702852
74.0544	0.687241
74.1238	0.519337
74.1926	0.697487
74.2614	0.348869
74.3312	0.343621
74.4005	0.346225
74.4683	0.354279
74.5366	0.351426
74.6049	0.527139
74.6752	0.682111
74.744	0.697737
74.8118	0.885698
74.8811	0.692203
74.9509	0.687484
75.0192	0.703106
75.0849	0.730966
75.1511	0.725165
75.2183	0.892293
75.2866	1.05428
75.3559	1.03867
75.4257	1.03123
75.4924	1.07958
75.5576	1.10529
75.6243	1.07918
75.691	1.07918
75.7608	1.03086
75.8291	1.05466
75.8974	1.05428
75.9673	1.03086
76.0371	1.03086
76.1043	1.07114
76.1689	1.11428
76.2346	1.09645
76.3018	1.07075
76.3717	1.03086
76.4415	1.03086
76.5092	1.06323
76.5775	1.05428
76.6468	1.03904
76.7167	1.03123
76.786	1.03867
76.8558	1.03123
76.923	1.07075
76.9903	1.07075
77.0596	1.0383
77.1294	1.03123
77.1998	1.02352
77.2686	1.04661
77.3321	1.1327
77.3952	1.14213
77.4598	1.11428
77.5255	1.09645
77.5938	1.05428
77.6636	1.03086
77.7334	1.03123
77.8033	1.03086
77.871	1.06284
77.9403	1.21179
78.0071	1.07918
78.0743	1.07075
78.1421	1.06245
78.2104	1.05428
78.2797	1.21179
78.3495	1.37497
78.4172	1.41712
78.4861	1.56935
78.5543	1.4057
78.6232	1.39497
78.6925	1.55857
78.7618	1.73112
78.8311	1.73112
78.9014	1.87646
78.9713	1.71871
79.0411	1.71871
79.1094	1.22999
79.1756	1.26904
79.2428	1.42767
79.3127	1.54629
79.3825	1.37448
79.4518	1.3849
79.5216	1.37497
79.5905	1.04623
79.6598	1.03867
79.7296	1.2031
79.7989	1.03867
79.8688	1.03086
79.9386	0.859355
80.0063	0.885376
80.0746	0.702852
80.1435	0.697487
80.2133	0.687241
80.2837	0.68235
80.3535	0.687484
80.4238	0.852937
80.4916	0.708301
80.5546	0.761423
80.6198	0.736861
80.6886	0.697487
80.7584	0.687241
80.8288	0.68235
80.8986	0.515431
80.9679	0.519337
81.0368	0.174372
81.1061	0.173112
81.1754	0.346225
81.2452	0.343742
81.313	0.35415
81.3807	0.35415
81.4506	0.343621
81.5204	0.343621
81.5887	0.17584
81.6538	0.368431
81.7195	0.365483
81.7852	0.365483
81.8529	0.35415
81.9217	0.348743
81.9916	0.343742
82.0614	0.343621
82.1297	0.351553
82.1974	0.35415
82.2626	0.368431
82.3277	0.368431
82.3944	0.359728
82.4627	0.351426
82.5326	0.343621
82.5998	0.357048
82.6681	0.351426
82.7359	0.35415
82.8042	0.351426
82.8724	0.351426
82.9423	0.343621
83.0126	0.341175
83.0788	0.181291
83.1455	0.359728
83.2144	0.348743
83.2842	0.343742
83.354	0.343621
83.4244	0.341175
83.4895	0.184215
83.5531	0.377565
83.6187	0.365483
83.6855	0.359728
83.7538	0.351426
83.8226	0.348743
83.8924	0.343742
83.9612	0.348743
84.0295	0.351553
84.0978	0.351426
84.1661	0.351426
84.2338	0.35415
84.3021	0.351426
84.372	0.343621
84.4418	0.343742
84.5111	0.346225
84.5788	0.354408
84.6461	0.356917
84.7138	0.35415
84.7837	0.343621
84.8535	0.343621
84.9239	0.170587
84.9916	0.17714
85.0604	0.174372
85.1266	0.181291
85.1954	0.174372
85.2653	0.17181
85.3335	0.17584
85.4039	0.341175
85.4732	0.346225
85.5415	0.351553
85.6066	0.368431
85.6733	0.359728
85.7416	0.351426
85.8115	0.343621
85.8803	0.348869
85.9501	0.343621
86.0173	0.178524
86.0846	0.356917
86.1523	0.35415
86.2206	0.351426
86.2905	0.343621
86.3603	0.343742
86.4254	0.36857
86.4905	0.368431
86.5552	0.371426
86.6208	0.365483
86.686	0.368431
86.7548	0.348743
86.8246	0.343742
86.8918	0.357048
86.9622	0.341055
87.0273	0.184215
87.0925	0.368431
87.1592	0.359728
87.2275	0.351426
87.2968	0.346225
87.3661	0.346225
87.4344	0.351426
87.5017	0.356917
87.5705	0.348743
87.6393	0.348743
87.7091	0.343621
87.779	0.343742
87.8478	0.348869
87.9176	0.343742
87.9827	0.368431
88.0452	0.383911
88.1098	0.371426
88.1766	0.539591
88.2469	0.682111
88.3173	0.68235
88.385	0.708559
88.4538	0.697487
88.5237	0.687484
88.593	0.692449
88.6618	0.697737
88.7321	0.68235
88.7973	0.736861
88.8629	0.730966
88.9317	0.697487
89.0021	0.68235
89.0699	0.708301
89.1381	0.703106
89.2048	0.719455
89.2726	0.708301
89.342	0.692203
89.4118	0.687484
89.4811	0.692449
89.5494	0.703106
89.6166	0.713834
89.6844	0.708301
89.7532	0.697487
89.8235	0.68235
89.8913	0.708559
89.9611	0.687241
90.0309	0.687484
90.1003	0.692449
90.1701	0.687484
90.2394	0.692696
90.3061	0.719455
90.376	0.858748
90.4448	0.697737
90.5146	0.687241
90.5849	0.68235
90.6532	0.703106
90.7178	0.371426
90.7835	0.548225
90.8471	0.377565
90.9127	0.365483
90.9805	0.531226
91.0503	0.687241
91.1202	0.687484
91.19	0.687484
91.2598	0.859355
91.327	0.713834
91.3969	0.687241
91.4662	0.692449
91.535	0.697737
91.6048	0.859355
91.6741	1.03867
91.7429	1.04661
91.8118	1.04623
91.8816	1.03086
91.9514	1.03086
92.0181	1.07958
92.0843	1.08775
92.151	1.07918
92.2188	1.06245
92.2876	1.04623
92.358	1.02352
92.4262	1.05466
92.4961	1.03086
92.5654	1.0383
92.6342	1.04661
92.703	1.04661
92.7729	1.03086
92.8427	1.03123
92.9115	1.04661
92.9808	1.03867
93.0501	1.03904
93.1163	1.08775
93.1814	1.10529
93.2497	1.05428
93.3196	1.03086
93.3889	1.03904
93.4587	1.03123
93.5259	1.07114
93.5942	1.05428
93.6635	1.0383
93.7334	1.03123
93.8037	1.02352
93.874	1.02352
93.9423	1.05428
94.0085	1.08775
94.0773	1.04623
94.1472	1.03123
94.2165	1.03867
94.2821	1.28015
94.3493	1.07075
94.4171	1.06245
94.4854	1.05428
94.5532	1.06245
94.623	1.2031
94.6918	1.39547
94.759	1.42819
94.8278	1.39497
94.8976	1.54684
94.9654	1.41712
95.0326	1.42767
95.0993	1.61877
95.1666	1.78459
95.2359	1.90424
95.3031	1.78459
95.3725	1.73051
95.4423	1.71871
95.5101	1.06245
95.5778	1.23953
95.6477	1.37448
95.7175	1.37497
95.7874	1.54629
95.8567	1.3849
95.9255	1.39547
95.9943	1.39497
96.0631	0.871859
96.133	0.859051
96.2028	1.03123
96.27	1.07114
96.3372	1.07075
96.405	1.23953
96.4743	1.0383
96.5442	1.03086
96.6135	1.03867
96.6812	1.06323
96.7511	1.20267
96.8188	1.41712
96.8871	1.40672
96.9506	1.51026
97.0173	1.43891
97.0856	1.4057
97.1545	1.39497
97.2243	1.37448
97.2941	1.37497
97.3624	1.40621
97.4307	1.4057
97.4995	1.39497
97.5693	1.37497
97.6366	1.42767
97.7027	1.45033
97.7726	1.37448
97.8414	1.39547
97.9102	1.39547
97.979	1.39547
98.0488	1.37448
98.1161	1.42767
98.1844	1.4057
98.2511	1.43891
98.3194	1.4057
98.3892	1.37448
98.459	1.37497
98.5257	1.43944
98.594	1.4057
98.6618	1.41712
98.7316	1.37448
98.8004	1.39497
98.8702	1.37497
98.9401	1.54629
99.0073	1.42819
99.0698	1.53564
99.1344	1.4857
99.1996	1.47372
99.2658	1.45033
99.3356	1.37448
99.4054	1.37497
99.4753	1.37448
99.5446	1.21179
99.6139	1.38539
99.6785	0.742852
99.7447	0.725165
99.8119	0.713834
99.8813	0.692203
99.9511	0.687484
100.02	0.872171
100.087	0.356917
100.155	0.35415
100.221	0.362583
100.289	0.35415
100.359	0.343621
100.429	0.343742
100.498	0.343742
100.566	0.535572
100.633	0.35415
100.701	0.356917
100.769	0.351426
100.838	0.348743
100.908	0.343742
100.978	0.341055
101.045	0.17993
101.112	0.356917
101.179	0.356917
101.246	0.356917
101.316	0.346101
101.385	0.343742
101.455	0.343621
101.524	0.351553
101.588	0.371426
101.651	0.380712
101.714	0.380712
101.779	0.368431
101.848	0.348743
101.918	0.343621
101.988	0.343742
102.057	0.348869
102.123	0.362583
102.19	0.356917
102.257	0.356917
102.326	0.348743
102.396	0.343621
102.466	0.341175
102.535	0.174372
102.6	0.368431
102.667	0.359728
102.736	0.346101
102.806	0.343742
102.872	0.362583
102.94	0.35415
103.009	0.348743
103.079	0.343742
103.149	0.343742
103.216	0.35415
103.283	0.359728
103.351	0.35415
103.421	0.343742
103.49	0.346225
103.56	0.343621
103.629	0.346225
103.696	0.357048
103.764	0.35415
103.83	0.362583
103.899	0.351426
103.966	0.35415
104.035	0.348743
104.105	0.343742
104.175	0.343621
104.244	0.348994
104.309	0.365483
104.376	0.359728
104.441	0.371426
104.506	0.365483
104.574	0.35415
104.643	0.348743
104.712	0.346225
104.782	0.346225
104.851	0.346348
104.921	0.343742
104.989	0.351426
105.058	0.348743
105.128	0.341055
105.198	0.173051
105.266	0.348869
105.334	0.35415
105.402	0.351426
105.471	0.348743
105.541	0.343621
105.611	0.343742
105.681	0.343742
105.749	0.348869
105.814	0.371426
105.878	0.37447
105.944	0.365483
106.012	0.351426
106.082	0.343621
106.152	0.343621
106.222	0.170587
106.288	0.181359
106.349	0.19692
106.41	0.19692
106.472	0.195237
106.535	0.188783
106.602	0.359728
106.67	0.35415
106.74	0.343621
106.809	0.346225
106.878	0.348869
106.948	0.343621
107.017	0.343742
107.085	0.357048
107.154	0.346101
107.223	0.346348
107.293	0.343742
107.36	0.359728
107.428	0.351426
107.498	0.343499
107.567	0.173174
107.637	0.346225
107.703	0.359728
107.772	0.351426
107.841	0.515431
107.911	0.343621
107.981	0.346225
108.049	0.351553
108.118	0.348743
108.187	0.515431
108.257	0.515613
108.325	0.531419
108.394	0.346101
108.461	0.359728
108.53	0.348743
108.6	0.341055
108.669	0.174434
108.739	0.341175
108.809	0.346101
108.877	0.351553
108.944	0.179864
109.014	0.343742
109.081	0.354279
109.15	0.351426
109.219	0.343742
109.289	0.343621
109.356	0.359861
109.421	0.368431
109.486	0.368431
109.551	0.368431
109.619	0.35415
109.689	0.343742
109.758	0.346225
109.827	0.348994
109.892	0.368431
109.955	0.383911
110.02	0.365483
110.087	0.359728
110.156	0.346101
110.226	0.346225
110.296	0.515613
110.364	0.348869
110.432	0.356917
110.498	0.359728
110.566	0.356917
110.635	0.515431
110.705	0.687484
110.775	0.687484
110.84	0.742852
110.907	0.885376
110.974	0.719455
111.044	0.687241
111.114	0.687241
111.182	0.8792
111.245	0.383911
111.308	0.380712
111.373	0.368431
111.438	0.365483
111.508	0.519152
111.578	0.687484
111.648	0.68235
111.718	0.687484
111.784	0.906456
111.85	0.725165
111.919	0.697487
111.989	0.682111
112.059	0.515613
112.127	0.703106
112.194	0.181291
112.259	0.184215
112.327	0.351426
112.396	0.348743
112.466	0.343621
112.53	0.371568
112.6	0.515431
112.668	0.703106
112.735	0.725165
112.8	0.913708
112.867	0.719455
112.936	0.697487
113.006	0.687484
113.075	0.692449
113.144	0.692449
113.215	0.68235
113.284	0.692696
113.353	0.346101
113.422	0.523303
113.491	0.346101
113.561	0.343742
113.629	0.351553
113.697	0.356917
113.766	0.519152
113.836	0.343621
113.905	0.346101
113.975	0.343742
114.043	0.354279
114.108	0.368431
114.174	0.365483
114.24	0.362583
114.308	0.35415
114.375	0.35415
114.444	0.348743
114.514	0.346101
114.582	0.348743
114.652	0.343621
114.72	0.351553
114.789	0.348869
114.855	0.365483
114.921	0.362583
114.988	0.356917
115.057	0.348743
115.128	0.341175
115.197	0.17181
115.267	0.346348
115.333	0.359861
115.4	0.359728
115.467	0.359728
115.535	0.351426
115.605	0.343621
115.674	0.346225
115.743	0.351553
115.812	0.346101
115.882	0.343742
115.95	0.348743
116.019	0.348869
116.085	0.365483
116.153	0.35415
116.223	0.343621
116.292	0.343621
116.359	0.362718
116.426	0.356917
116.493	0.359728
116.561	0.351426
116.631	0.343742
116.701	0.341055
116.769	0.17584
116.833	0.37447
116.896	0.380712
116.961	0.371426
117.028	0.356917
117.099	0.341055
117.168	0.17181
117.237	0.174434
117.308	0.170587
117.375	0.178459
117.443	0.177075
117.512	0.17181
117.582	0.346101
117.652	0.341175
117.719	0.179997
117.784	0.368431
117.849	0.371426
117.918	0.346101
117.988	0.343742
118.058	0.341055
118.127	0.174434
118.197	0.343621
118.263	0.359861
118.331	0.35415
118.399	0.351426
118.469	0.343742
118.539	0.343621
118.606	0.357048
118.672	0.368431
118.738	0.362583
118.804	0.539591
118.875	0.682111
118.944	0.692449
119.013	0.697987
119.08	0.714096
119.146	0.725165
119.213	0.719455
119.281	0.708301
119.349	0.702852
119.419	0.687241
119.488	0.692449
119.559	0.68235
119.625	0.725435
119.688	0.756169
119.753	0.742645
119.817	0.742852
119.883	0.730966
119.949	0.725165
120.016	0.725165
120.083	0.713834
120.152	0.692449
120.222	0.687484
120.292	0.687241
120.36	0.703106
120.423	0.767822
120.483	0.794529
120.544	0.780947
120.605	1.19179
120.718	0.635225
120.832	0.845892
120.892	0.993961
121.011	0.70741
121.071	1.19179
121.132	0.794529
121.194	0.383911
121.258	0.75513
121.32	0.767822
121.385	0.742852
121.452	0.899319
121.518	0.725165
121.586	0.698292
121.655	0.697305
121.725	0.859355
121.794	1.03867
121.855	1.19257
121.915	1.39001
121.977	1.17142
122.04	1.33392
122.105	1.47332
122.171	1.46193
122.239	1.58285
122.308	1.38503
122.378	1.37497
122.443	1.47428
122.507	1.1327
122.567	1.39043
122.627	1.59174
122.688	1.19144
122.795	1.44816
122.856	3.17717
122.969	0.951779
123.03	1.98632
123.091	1.18152
123.153	1.7276
123.219	1.82742
123.287	1.77075
123.356	1.7181
123.425	1.75777
123.495	1.70528
123.565	1.53529
123.678	1.1687
123.739	2.18495
123.857	0.812185
123.918	1.17142
123.984	1.28951
124.052	1.4057
124.122	1.37448
124.187	1.47484
124.247	1.58906
124.308	0.794529
124.368	0.794529
124.485	0.614563
124.547	0.967911
124.608	1.18152
124.668	2.1942
124.783	0.729903
124.844	1.59213
124.905	0.975898
124.969	1.1327
125.034	1.10529
125.094	1.78769
125.197	1.05529
125.3	1.39853
125.405	1.02466
