10.1078	2.76818
10.1794	1.00622
10.2505	1.18112
10.3216	1.51849
10.3942	1.32236
10.4553	1.76933
10.5488	1.2833
10.6276	1.67513
10.7185	1.18835
10.7846	1.45033
10.855	1.53475
10.9238	1.39539
10.9842	1.19187
11.0825	0.732921
11.2049	0.784299
11.2753	0.852339
11.3412	0.727562
11.4594	0.507632
11.5645	0.456854
11.6753	0.541296
11.792	0.82316
11.8529	0.787679
11.9138	0.787679
11.9764	0.767822
12.0373	0.984599
12.0988	0.780947
12.1597	0.787679
12.2212	0.780947
12.2831	0.774329
12.3499	0.719455
12.4134	0.755424
12.4817	0.702852
12.5484	0.719455
12.6157	0.713834
12.6855	0.687241
12.7568	0.673239
12.8275	0.679382
12.8925	0.368872
13.0034	0.433037
13.1132	0.437181
13.234	0.695213
13.3017	0.708301
13.3716	0.687484
13.4419	0.682111
13.5055	0.755424
13.5675	0.967911
13.6289	0.780947
13.6914	0.767822
13.7545	0.761423
13.8217	0.713834
13.8895	0.708301
13.9593	0.687241
14.0292	0.687484
14.0974	0.703106
14.1657	0.702852
14.2282	0.767822
14.2913	0.761423
14.3533	0.774329
14.4163	0.761423
14.4814	0.736861
14.5508	0.692203
14.6206	0.687484
14.6904	0.687484
14.7582	0.708301
14.828	0.687241
14.8963	0.703106
14.963	0.719455
15.0282	0.736861
15.0933	0.736861
15.16	0.719455
15.2278	0.708301
15.2966	0.697487
15.3664	0.687484
15.4347	0.702852
15.504	0.692449
15.5681	0.748941
15.6343	0.725165
15.6995	0.736861
15.7651	0.730966
15.8334	0.702852
15.9033	0.687241
15.9731	0.687445
16.0424	0.346244
16.1112	0.348869
16.179	0.531226
16.2473	0.702852
16.3171	0.687241
16.3869	0.687484
16.4568	0.687241
16.524	0.714096
16.5902	0.725165
16.6585	0.702852
16.7278	0.865254
16.7971	0.692696
16.8665	0.692203
16.9347	0.703106
17.003	0.702852
17.0713	0.702852
17.1407	0.692203
17.211	0.68235
17.2814	0.682311
17.3459	0.185784
17.4069	0.19692
17.5309	0.387177
17.5976	0.359728
17.6653	0.35415
17.7347	0.346101
17.805	0.511762
17.8754	0.341156
17.9442	0.174362
18.0124	0.17584
18.0776	0.184215
18.1412	0.188794
18.2052	0.187235
18.272	0.359749
18.3413	0.346225
18.4111	0.343742
18.4788	0.354279
18.5435	0.371426
18.6049	0.390473
18.6669	0.387164
18.7315	0.371426
18.8008	0.346225
18.8691	0.351426
18.939	0.343621
19.0077	0.348994
19.075	0.356917
19.1412	0.362583
19.2084	0.356917
19.2757	0.356917
19.345	0.346101
19.4143	0.346348
19.4841	0.343621
19.5524	0.351426
19.6207	0.351426
19.6901	0.346101
19.7599	0.343621
19.8298	0.343621
19.8985	0.348994
19.9663	0.35415
20.0346	0.351426
20.1039	0.346101
20.1738	0.343621
20.2436	0.343722
20.3124	0.348869
20.3817	0.346121
20.45	0.351426
20.5194	0.346225
20.5892	0.343742
20.6569	0.35415
20.7221	0.368431
20.7888	0.359728
20.8587	0.343499
20.928	0.346328
20.9978	0.343742
21.0671	0.346244
21.1348	0.354279
21.2021	0.356917
21.2688	0.359728
21.3387	0.343621
21.4085	0.343742
21.4762	0.35415
21.5456	0.346101
21.6128	0.356917
21.6827	0.343621
21.752	0.346225
21.8208	0.348994
21.8885	0.35415
21.9542	0.365483
22.023	0.348743
22.0923	0.346225
22.159	0.359861
22.2247	0.365483
22.2909	0.362583
22.3576	0.359728
22.4274	0.343621
22.4968	0.346225
22.5661	0.346348
22.6343	0.35168
22.7546	0.398999
22.8187	0.37447
22.8859	0.356917
22.9558	0.343621
23.0251	0.346225
23.0939	0.348994
23.1621	0.351553
23.2299	0.354279
23.2976	0.35415
23.3665	0.348743
23.4363	0.343621
23.5067	0.341175
23.5744	0.35413
23.6422	0.35415
23.7115	0.346121
23.7809	0.346225
23.8502	0.346225
23.9184	0.351553
23.9883	0.343742
24.0581	0.343742
24.1269	0.348743
24.1936	0.359728
24.2614	0.35415
24.3312	0.343621
24.4	0.348869
24.4678	0.35415
24.5361	0.351426
24.6059	0.343742
24.6736	0.354279
24.7404	0.359728
24.8092	0.348743
24.879	0.343742
24.9488	0.343742
25.0171	0.351426
25.0849	0.35415
25.1547	0.343742
25.2245	0.343621
25.2928	0.35168
25.359	0.362583
25.4241	0.368431
25.4903	0.362583
25.5581	0.35415
25.6279	0.515431
25.6983	0.341036
25.7676	0.346328
25.8364	0.348869
25.9057	0.346141
25.9745	0.348743
26.0434	0.348743
26.1132	0.343742
26.1809	0.354408
26.2466	0.365483
26.3101	0.566348
26.3763	0.725165
26.443	0.719455
26.5103	0.713834
26.5791	0.697487
26.649	0.687241
26.7182	0.692696
26.7876	0.692203
26.8543	0.719455
26.9216	0.713834
26.9883	0.719455
27.0555	0.713834
27.1249	0.692203
27.1947	0.687484
27.2645	0.687484
27.3317	0.714096
27.3942	0.767822
27.4578	0.75513
27.5229	0.736861
27.5907	0.708301
27.6605	0.687241
27.7304	0.687484
27.7997	0.692449
27.8685	0.697487
27.9336	0.736861
27.9993	0.730966
28.0676	0.702852
28.1374	0.687484
28.2072	0.687484
28.2755	0.703106
28.3428	0.713834
28.411	0.702852
28.4804	0.692203
28.5502	0.687241
28.6201	0.687484
28.6831	0.761423
28.7477	0.742852
28.8123	0.742852
28.8775	0.736861
28.9431	0.730966
29.0093	0.906456
29.0781	0.697487
29.148	0.687484
29.2168	0.697737
29.2866	0.687241
29.3549	0.702852
29.4242	0.865562
29.4909	0.899598
29.5571	0.362604
29.6233	0.362583
29.6921	0.348743
29.7619	0.343742
29.8317	0.515613
29.9016	0.343601
29.9667	0.552646
30.0308	0.374494
30.0975	0.359728
30.1643	0.359728
30.2341	0.343621
30.3039	0.343621
30.3722	0.35168
30.4389	0.359728
30.5072	0.351426
30.577	0.343621
30.6469	0.343621
30.7167	0.343742
30.786	0.346348
30.8559	0.343621
30.9246	0.348994
30.9945	0.343621
31.0622	0.35415
31.1289	0.359728
31.1988	0.343621
31.2686	0.343742
31.3384	0.343742
31.4046	0.362583
31.4719	0.356917
31.5412	0.346101
31.611	0.343742
31.6767	0.36562
31.7434	0.359728
31.8127	0.346101
31.8826	0.343742
31.9519	0.346225
32.0196	0.354408
32.0868	0.356917
32.1557	0.348743
32.2255	0.343742
32.2938	0.351426
32.3636	0.343621
32.4329	0.346225
32.5002	0.356917
32.57	0.343742
32.6357	0.365483
32.7003	0.371426
32.7654	0.368431
32.8311	0.548225
32.9015	0.682111
32.9708	0.692449
33.0395	0.697987
33.1073	0.708301
33.1751	0.885376
33.2439	0.697487
33.3122	0.702852
33.381	0.871859
33.4514	1.02317
33.5212	1.03123
33.59	1.22104
33.6593	1.03904
33.7265	1.07075
33.7948	1.22999
33.8642	1.38441
33.934	1.54684
34.0033	1.3849
34.0731	1.54629
34.1419	1.04692
34.2081	0.90651
34.2775	1.0383
34.3478	1.02352
34.4161	1.23044
34.4859	1.03086
34.5521	1.26904
34.6151	1.52285
34.6819	1.43891
34.7512	1.55746
34.821	1.37497
34.8893	1.40621
34.955	1.46193
35.018	1.7132
35.0831	1.84215
35.1504	1.78459
35.2208	1.70528
35.2895	1.74434
35.3578	1.93424
35.4266	1.74372
35.4965	1.7181
35.5657	1.21215
35.6325	1.25912
35.6976	1.10529
35.7654	1.06245
35.8347	1.21136
35.9061	1.00835
35.9717	0.73156
36.0363	0.928622
36.0989	0.767822
36.1629	0.748941
36.2297	0.719455
36.2995	0.686998
36.3688	0.86582
36.4386	0.343761
36.5033	0.371426
36.5674	0.561706
36.6341	0.719455
36.6992	0.736861
36.767	0.708301
36.8368	0.687241
36.9066	0.687484
36.9749	0.878883
37.0416	0.719455
37.1099	0.702852
37.1787	0.697487
37.2486	0.687241
37.3174	0.872121
37.3877	0.341194
37.4565	0.348869
37.5222	0.365483
37.5868	0.371426
37.6525	0.548225
37.7208	0.702852
37.7891	0.702852
37.8584	0.692203
37.9282	0.859355
37.9949	0.719721
38.0622	0.713834
38.1299	0.708301
38.1977	0.708301
38.2665	0.871859
38.3363	1.03123
38.4061	1.03123
38.4729	1.07918
38.5364	1.1327
38.6005	1.12341
38.6657	1.10529
38.7313	1.09645
38.7986	1.07075
38.8679	1.03867
38.9377	1.03123
39.006	1.05466
39.0763	1.02352
39.143	1.07918
39.2082	1.10529
39.2733	1.10529
39.3416	1.05428
39.4115	1.03086
39.4818	1.02352
39.5516	1.03123
39.6168	1.10529
39.684	1.07075
39.7492	1.10529
39.8148	1.09645
39.8836	1.04623
39.9535	1.03123
40.0223	1.04661
40.0895	1.07114
40.1578	1.05428
40.2229	1.10529
40.2886	1.09645
40.3579	1.0383
40.4277	1.03123
40.4971	1.03867
40.5669	1.03123
40.6346	1.06284
40.7019	1.07075
40.767	1.10529
40.8316	1.11428
40.8962	1.11428
40.9645	1.22999
41.0338	1.03867
41.1037	1.03123
41.1714	1.06284
41.2412	1.03086
41.308	1.25905
41.3773	1.38441
41.4471	1.37497
41.517	1.37448
41.5852	1.58199
41.653	1.4166
41.7197	1.43891
41.787	1.60613
41.8563	1.73051
41.9261	1.89058
41.9954	1.73174
42.0658	1.87646
42.1309	1.10522
42.195	1.31073
42.258	1.14213
42.3221	1.31065
42.3878	1.46193
42.4561	1.4057
42.5259	1.54629
42.5953	1.3849
42.6651	1.37497
42.7333	1.58199
42.8032	1.71871
42.8714	1.75777
42.9397	1.93284
43.0085	1.74434
43.0783	1.71871
43.1482	1.7181
43.2175	1.73174
43.2847	1.96304
43.3514	2.15837
43.4213	2.06172
43.4911	2.06245
43.5594	2.10932
43.6261	2.15916
43.6944	2.10856
43.7642	2.06172
43.834	2.06172
43.9034	2.07735
43.9732	2.06172
44.0425	2.07735
44.1108	2.10856
44.1733	2.30347
44.2385	2.21058
44.3047	2.1755
44.373	2.10856
44.4423	2.07661
44.5121	2.06245
44.5819	2.06245
44.6502	2.10932
44.7154	2.21058
44.7805	2.21058
44.8451	2.22856
44.9097	2.22856
44.977	2.1415
45.0468	2.06172
45.1172	2.04705
45.1849	2.12568
45.2537	2.09246
45.3231	2.07661
45.3929	2.06245
45.4632	2.04705
45.531	2.12568
45.5966	2.1929
45.6618	2.21058
45.7275	2.1929
45.7947	2.1415
45.8645	2.06172
45.9344	2.06172
46.0037	2.25126
46.073	2.07809
46.1418	2.09321
46.2116	2.06172
46.2814	2.06245
46.3513	2.23432
46.4185	1.42811
46.4826	1.87247
46.5477	1.84215
46.6123	1.85713
46.678	1.82742
46.7452	1.78459
46.8135	1.93284
46.8828	1.73112
46.9527	1.71871
47.0215	1.91878
47.0897	2.10856
47.1565	2.15837
47.2248	2.28427
47.294	2.07809
47.3639	2.06172
47.4342	2.04705
47.5041	1.2026
47.5682	1.31115
47.6328	1.30007
47.699	1.45033
47.7636	1.4857
47.8298	1.63162
47.8975	1.4166
47.9674	1.37448
48.0367	1.38531
48.1065	0.687523
48.1727	0.725165
48.2383	0.730966
48.3045	0.725165
48.3718	0.892293
48.4422	1.02317
48.512	1.03086
48.5818	1.03123
48.6501	1.05466
48.7199	1.03123
48.7892	1.21179
48.8559	1.07958
48.9179	1.16149
48.9783	1.19179
49.0403	1.16149
49.1076	1.07075
49.1774	1.03086
49.2472	1.03123
49.3171	1.03086
49.3859	1.04623
49.4526	1.07918
49.5214	1.04623
49.5897	1.05428
49.6596	1.03086
49.7294	1.03123
49.7987	1.03867
49.8607	1.16149
49.9237	1.14213
49.9899	1.08775
50.0572	1.07075
50.127	1.03086
50.1963	1.03867
50.2661	1.03123
50.3329	1.07918
50.4011	1.05428
50.4684	1.07075
50.5377	1.0383
50.6076	1.03086
50.6774	1.03123
50.7472	1.03086
50.8145	1.07114
50.8807	1.08775
50.9468	1.08775
51.0146	1.06245
51.0819	1.07075
51.1512	1.0383
51.221	1.03123
51.2908	1.03123
51.3544	1.1327
51.4159	1.17142
51.4784	1.34369
51.544	1.46193
51.6129	1.39497
51.6822	1.3849
51.752	1.37497
51.8208	1.56935
51.8907	1.37448
51.9579	1.42819
52.0251	1.42767
52.0913	1.63162
52.1591	1.77075
52.2289	1.7181
52.2988	1.89058
52.3681	1.73112
52.4369	1.91809
52.5046	2.12568
52.574	2.24966
52.6433	2.07809
52.7115	2.2851
52.7819	2.38822
52.8512	2.59668
52.9179	2.69796
52.9873	2.76881
53.0571	2.92181
53.1264	2.94396
53.1973	3.04764
53.2666	1.90424
53.3317	2.02649
53.3984	2.15837
53.4683	2.23353
53.5323	2.24769
53.6001	2.30198
53.6652	2.57901
53.7314	2.53808
53.7997	2.6357
53.8696	2.40619
53.9394	2.57715
54.0076	1.58238
54.0702	1.72782
54.1321	1.93582
54.1947	1.91955
54.2619	1.96304
54.3317	1.7181
54.4016	1.7181
54.4709	1.73174
54.5392	1.93284
54.6064	2.1415
54.6752	2.09246
54.7451	2.06172
54.8149	2.06245
54.8847	2.23432
54.9514	2.15916
55.0171	2.1929
55.0833	2.1755
55.15	2.15837
55.2198	2.06172
55.2897	2.06172
55.359	2.07735
55.4267	2.12568
55.495	2.10856
55.5633	2.10856
55.6321	2.09246
55.702	2.06172
55.7718	2.06245
55.839	2.14229
55.9078	2.09246
55.9751	2.1415
56.0429	2.1249
56.1106	2.1249
56.1799	2.07735
56.2487	2.09321
56.3186	2.06245
56.3884	2.06172
56.453	2.22856
56.5182	2.21058
56.5859	2.1249
56.6558	2.06172
56.7235	2.12568
56.7923	2.09246
56.8617	2.07661
56.9305	2.09321
57.0003	2.06245
57.0696	2.07735
57.14	2.04705
57.2056	1.27911
57.2697	1.68522
57.3338	1.49788
57.4005	1.43891
57.4683	1.4166
57.5371	1.39497
57.607	1.54629
57.6768	0.859003
57.7456	0.697777
57.8144	0.697487
57.8832	0.697487
57.9531	0.687241
58.0234	0.852889
58.0901	0.17993
58.1563	0.181291
58.2235	0.356917
58.2929	0.519367
58.3622	0.346348
58.4294	0.356917
58.4977	0.351426
58.5675	0.515431
58.6379	0.341156
58.7041	0.362696
58.7739	0.343499
58.8432	0.346387
58.9089	0.365483
58.9751	0.362583
59.0413	0.362583
59.1085	0.356917
59.1773	0.348869
59.2476	0.341175
59.317	0.346205
59.3837	0.359861
59.4467	0.380735
59.5087	0.387164
59.5728	0.37447
59.6395	0.359728
59.7088	0.346101
59.7792	0.341175
59.8495	0.341156
59.9194	0.171801
59.9856	0.181291
60.0523	0.179874
60.1211	0.174372
60.1914	0.341194
60.2608	0.346205
60.3269	0.362718
60.3947	0.354171
60.4619	0.356917
60.5308	0.348743
60.6006	0.343742
60.6699	0.519337
60.7376	0.354259
60.8033	0.548225
60.8721	0.348763
60.9394	0.356917
61.0077	0.351426
61.0775	0.343742
61.1473	0.343742
61.2156	0.351553
61.2838	0.52733
61.3537	0.686998
61.423	0.692449
61.4918	0.697737
61.5585	0.719455
61.6279	0.692203
61.6972	0.692449
61.767	0.687484
61.8358	0.697737
61.903	0.714096
61.9719	0.697487
62.0412	0.692203
62.111	0.687241
62.1809	0.687484
62.2507	0.687484
62.3205	0.687241
62.3883	0.708301
62.4566	0.702852
62.5254	0.697487
62.5947	0.692696
62.6645	0.687241
62.7328	0.703106
62.8001	0.713834
62.8662	0.725165
62.9345	0.702852
63.0049	0.68235
63.07	0.736861
63.1352	0.736861
63.2019	0.719455
63.2691	0.713834
63.3379	0.697487
63.4078	0.687484
63.4776	0.687241
63.5469	0.692696
63.6162	0.692449
63.6798	0.75513
63.7449	0.736861
63.809	0.748941
63.8763	0.713834
63.9461	0.687241
64.0165	0.852937
64.0826	0.725392
64.1509	0.351446
64.2187	0.35415
64.2859	0.356917
64.3558	0.343499
64.4256	0.343722
64.4934	0.354279
64.559	0.365505
64.6278	0.174372
64.6977	0.343621
64.7665	0.348994
64.8363	0.343742
64.904	0.35415
64.9729	0.348743
65.0427	0.343621
65.1125	0.515613
65.1813	0.348869
65.2496	0.351553
65.3174	0.35415
65.3851	0.35415
65.4534	0.351426
65.5217	0.351426
65.5916	0.343621
65.6609	0.346225
65.7307	0.343742
65.7979	0.356917
65.8652	0.356917
65.9329	0.35415
66.0007	0.35415
66.0685	0.35415
66.1373	0.348743
66.2071	0.343621
66.277	0.343742
66.3468	0.515613
66.4151	0.351533
66.4802	0.552646
66.5469	0.359749
66.6126	0.365483
66.6793	0.359728
66.7465	0.356917
66.8164	0.343621
66.8857	0.346225
66.9555	0.515613
67.0243	0.348723
67.0911	0.539591
67.1578	0.359749
67.2255	0.35415
67.2949	0.346225
67.3647	0.343742
67.4329	0.351553
67.5007	0.35415
67.5674	0.539591
67.6378	0.682111
67.7061	0.703106
67.7764	0.68235
67.8441	0.708817
67.9109	0.719455
67.9786	0.708301
68.0464	0.708301
68.1157	0.692203
68.1855	0.687484
68.2554	0.687484
68.3231	0.708301
68.3904	0.713834
68.4602	0.687241
68.5301	0.687241
68.5994	0.692696
68.6687	0.692449
68.737	0.703106
68.8063	0.692203
68.8756	0.692449
68.9465	0.677254
69.0116	0.552646
69.0783	0.359749
69.144	0.365483
69.2123	0.351426
69.2821	0.343621
69.3515	0.346225
69.4203	0.348869
69.4901	0.515613
69.5578	0.354259
69.6245	0.539591
69.6923	0.354171
69.7617	0.346101
69.8315	0.343742
69.9013	0.343621
69.9706	0.346328
70.0373	0.359728
70.103	0.365505
70.1708	0.177075
70.2406	0.343499
70.3099	0.346348
70.3797	0.343742
70.4449	0.368431
70.5111	0.362583
70.5778	0.359728
70.6471	0.346101
70.717	0.343742
70.7847	0.354279
70.8509	0.362583
70.9166	0.365483
70.9828	0.362583
71.0516	0.348743
71.1214	0.343742
71.1912	0.343742
71.2585	0.535376
71.3283	0.343621
71.3971	0.348869
71.4669	0.343742
71.5347	0.35415
71.604	0.346101
71.6733	0.346225
71.7432	0.343742
71.8114	0.351553
71.8808	0.519152
71.9506	0.343722
72.0183	0.531419
72.0882	0.34364
72.1543	0.362718
72.2221	0.35415
72.2899	0.35415
72.3577	0.35415
72.4275	0.343621
72.4963	0.523303
72.5661	0.687241
72.6339	0.708559
72.7006	0.719455
72.7689	0.702852
72.8377	0.697487
72.9071	0.692203
72.9769	0.687484
73.0472	0.682111
73.1134	0.725435
73.1785	0.736861
73.2432	0.742852
73.3099	0.719455
73.3771	0.713834
73.4465	0.692203
73.5163	0.687484
73.5861	0.687241
73.6565	0.68235
73.7237	0.713834
73.792	0.702852
73.8566	0.742852
73.9223	0.730966
73.9906	0.702852
74.0604	0.687241
74.1298	0.692449
74.198	0.702852
74.2674	0.692449
74.3372	0.687241
74.4071	0.687241
74.4753	0.703106
74.5431	0.708301
74.6109	0.708301
74.6807	0.687241
74.75	0.692449
74.8188	0.697737
74.8882	0.692203
74.958	0.687484
75.0252	0.714096
75.0919	0.719455
75.1576	0.730966
75.2238	0.906456
75.2915	0.708301
75.3614	0.687241
75.4312	0.687484
75.4968	0.731241
75.5609	0.936176
75.6277	1.07918
75.6949	1.07075
75.7642	1.0383
75.8341	1.2031
75.9024	1.05428
75.9717	1.0383
76.0415	1.2031
76.1103	1.04655
76.1755	0.921132
76.2411	0.730966
76.3078	0.719455
76.3772	0.865254
76.447	0.859306
76.5158	0.349014
76.5841	0.351426
76.6544	0.341175
76.7232	0.348849
76.7925	0.346348
76.8623	0.34364
76.9306	0.351553
76.9979	0.356917
77.0672	0.346101
77.1376	0.341055
77.2074	0.343722
77.2772	0.343742
77.3408	0.377589
77.4038	0.380712
77.4684	0.371426
77.5341	0.365483
77.6013	0.356917
77.6712	0.343621
77.741	0.343742
77.8103	0.346225
77.8786	0.351553
77.9479	0.346225
78.0141	0.362583
78.0808	0.359728
78.1486	0.35415
78.2163	0.35415
78.2862	0.343621
78.356	0.343742
78.4253	0.346225
78.4942	0.348743
78.5619	0.35415
78.6302	0.351426
78.7	0.343742
78.7694	0.346225
78.8381	0.348869
78.908	0.343742
78.9778	0.343742
79.0476	0.343621
79.1154	0.354279
79.1821	0.359728
79.2493	0.356917
79.3192	0.343621
79.3895	0.341055
79.4578	0.351533
79.5271	0.346348
79.5959	0.348763
79.6652	0.346225
79.7351	0.343742
79.8044	0.346225
79.8742	0.343621
79.9441	0.343742
80.0118	0.35415
80.0801	0.351426
80.1484	0.351426
80.2182	0.343621
80.2881	0.343742
80.3579	0.343742
80.4277	0.343621
80.4965	0.348869
80.5596	0.380712
80.6247	0.368431
80.6925	0.35415
80.7623	0.343621
80.8327	0.341055
80.9025	0.343722
80.9724	0.343621
81.0412	0.348763
81.111	0.343621
81.1798	0.348869
81.2496	0.343742
81.3174	0.35415
81.3846	0.356917
81.4535	0.348743
81.5233	0.343742
81.5931	0.343742
81.6582	0.368431
81.7239	0.365483
81.7896	0.365483
81.8573	0.35415
81.9256	0.351426
81.9955	0.343621
82.0653	0.343742
82.1336	0.351553
82.2019	0.351426
82.267	0.368431
82.3321	0.368431
82.3989	0.359728
82.4672	0.351426
82.5365	0.346101
82.6063	0.343742
82.6736	0.356917
82.7413	0.35415
82.8096	0.351426
82.8779	0.351426
82.9478	0.343621
83.0176	0.343742
83.0843	0.359728
83.1505	0.362583
83.2188	0.351426
83.2886	0.343621
83.3584	0.343742
83.4283	0.343742
83.4939	0.365483
83.5575	0.377565
83.6226	0.368431
83.6888	0.362583
83.7566	0.35415
83.8244	0.531226
83.8947	0.682111
83.9641	0.692449
84.0328	0.697737
84.1011	0.702852
84.1684	0.892293
84.2356	0.713834
84.3034	0.708301
84.3732	0.687241
84.4431	0.859051
84.5119	0.697947
84.5811	0.346348
84.6484	0.535407
84.7162	0.35415
84.786	0.343621
84.8553	0.519337
84.9257	0.68235
84.9945	0.697737
85.0622	0.885376
85.1289	0.719455
85.1978	0.697487
85.2676	0.687241
85.3359	0.70336
85.4057	0.687484
85.4755	0.859051
85.5433	0.885647
85.61	0.359749
85.6767	0.359728
85.7445	0.531226
85.8143	0.686998
85.8831	0.697987
85.9529	0.687241
86.0202	0.714096
86.0869	0.899319
86.1546	0.708301
86.2229	0.702852
86.2933	0.682111
86.3631	0.687445
86.4288	0.365642
86.4934	0.371426
86.5585	0.368431
86.6237	0.368431
86.6893	0.365483
86.7582	0.348743
86.828	0.515431
86.8978	0.343722
86.9666	0.523115
87.0344	0.3543
87.1016	0.356917
87.1673	0.365483
87.2356	0.351426
87.3049	0.346101
87.3747	0.343742
87.442	0.535376
87.5092	0.713834
87.5775	0.702852
87.6463	0.697487
87.7162	0.687241
87.786	0.687484
87.8548	0.697737
87.9246	0.687484
87.9892	0.742852
88.0518	0.767822
88.1153	0.75513
88.1815	0.725165
88.2514	0.687241
88.3212	0.687484
88.3889	0.708559
88.4572	0.702852
88.5271	0.687241
88.5953	0.70336
88.6641	0.697737
88.7339	0.687241
88.8022	0.703106
88.8679	0.730966
88.9362	0.702852
89.006	0.687484
89.0753	0.692203
89.1436	0.703106
89.2098	0.725165
89.2776	0.708301
89.3464	0.697487
89.4162	0.687484
89.486	0.687241
89.5543	0.703106
89.6215	0.713834
89.6888	0.713834
89.7566	0.708301
89.8264	0.687241
89.8962	0.687484
89.9661	0.687241
90.0359	0.687241
90.1047	0.697987
90.1745	0.859355
90.2438	0.692696
90.31	0.725165
90.3793	0.692203
90.4481	0.697737
90.518	0.859051
90.5878	0.859306
90.6576	0.34364
90.7222	0.371426
90.7879	0.365483
90.8515	0.377565
90.9161	0.557139
90.9833	0.713834
91.0532	0.687241
91.123	0.687484
91.1928	0.859355
91.2621	0.692696
91.3294	0.713834
91.3992	0.687241
91.4685	0.692449
91.5368	0.878883
91.6077	1.01588
91.6775	0.687241
91.7463	0.523333
91.8146	0.527139
91.885	0.682111
91.9543	0.692449
92.022	0.708559
92.0882	0.725165
92.1544	0.906456
92.2222	0.708301
92.291	0.697487
92.3603	0.692696
92.4286	0.703106
92.4984	0.687241
92.5672	0.871859
92.636	1.04661
92.7038	1.06284
92.7736	1.03086
92.8434	1.03123
92.9122	1.04661
92.981	1.04661
93.0508	1.03123
93.117	1.08775
93.1816	1.11428
93.2489	1.07075
93.3187	1.03086
93.3885	1.03123
93.4584	1.03086
93.5277	1.03904
93.596	1.05428
93.6648	1.04623
93.7346	1.03123
93.8045	1.03086
93.8738	1.03904
93.9431	1.03867
94.0103	1.07075
94.0781	1.06245
94.1479	1.03086
94.2177	1.03123
94.2876	1.03086
94.3527	1.10571
94.4194	1.07918
94.4877	1.05428
94.556	1.05428
94.6259	1.03086
94.6962	1.02352
94.7639	1.06284
94.8322	1.05428
94.9026	1.02352
94.9698	1.07114
95.036	1.08775
95.1032	1.07075
95.17	1.07918
95.2393	1.21136
95.3065	1.07114
95.3753	1.04623
95.4452	1.03123
95.5134	1.05428
95.5817	1.22999
95.6516	1.374
95.722	1.3647
95.7918	1.37497
95.86	1.58199
95.9294	1.3849
95.9982	1.39497
96.0659	1.59368
96.1363	1.70528
96.2056	1.90424
96.2734	1.77204
96.3411	1.94783
96.4084	2.1415
96.4772	2.26683
96.546	2.09246
96.6158	2.23432
96.6856	1.37489
96.7555	1.54583
96.8227	1.42872
96.8926	1.54629
96.9582	0.913996
97.0249	0.719498
97.0932	0.702852
97.162	0.697487
97.2324	0.682111
97.3012	0.872121
97.3705	0.346368
97.4393	0.348743
97.5076	0.527139
97.5785	0.677254
97.6447	0.543874
97.7114	0.359749
97.7812	0.343621
97.85	0.348869
97.9188	0.348869
97.9876	0.348869
98.0575	0.343499
98.1247	0.357027
98.193	0.351426
98.2597	0.359749
98.328	0.351426
98.3978	0.343621
98.4672	0.346225
98.5354	0.35168
98.6037	0.351426
98.6714	0.354279
98.7408	0.346101
98.8101	0.346225
98.8799	0.343742
98.9498	0.343621
99.017	0.357048
99.08	0.380712
99.1446	0.371426
99.2092	0.371426
99.2754	0.362583
99.3453	0.343499
99.4157	0.341156
99.486	0.170578
99.5548	0.174434
99.6241	0.173184
99.6882	0.187235
99.7533	0.368453
99.8206	0.356917
99.8899	0.346101
99.9602	0.341175
100.029	0.351533
100.096	0.356917
100.164	0.354171
100.23	0.362583
100.297	0.35415
100.367	0.343621
100.437	0.343742
100.507	0.341175
100.574	0.362696
100.642	0.351426
100.709	0.356938
100.777	0.351426
100.846	0.351426
100.916	0.341055
100.986	0.343722
101.054	0.351553
101.121	0.356938
101.188	0.359728
101.255	0.359728
101.323	0.351426
101.393	0.343621
101.463	0.343742
101.532	0.348869
101.597	0.368431
101.66	0.380712
101.723	0.380712
101.788	0.371426
101.857	0.346101
101.927	0.343499
101.997	0.343722
102.067	0.341175
102.134	0.359749
102.201	0.356917
102.268	0.356917
102.336	0.351426
102.406	0.343621
102.476	0.343742
102.544	0.351426
102.608	0.37447
102.676	0.356917
102.745	0.346101
102.815	0.343742
102.881	0.362583
102.948	0.356917
103.017	0.351426
103.086	0.343742
103.156	0.343621
103.224	0.354259
103.291	0.359728
103.358	0.354171
103.428	0.343621
103.498	0.346328
103.567	0.343621
103.637	0.346244
103.704	0.357048
103.772	0.35415
103.837	0.365483
103.905	0.35415
103.973	0.35415
104.042	0.348743
104.112	0.343621
104.182	0.341175
104.25	0.35166
104.316	0.365483
104.383	0.359749
104.447	0.371426
104.513	0.365483
104.581	0.35415
104.649	0.348743
104.719	0.346225
104.788	0.346225
104.857	0.346348
104.927	0.343621
104.995	0.351553
105.064	0.527139
105.134	0.682111
105.204	0.692203
105.272	0.703106
105.34	0.702852
105.408	0.708301
105.477	0.692203
105.547	0.687241
105.617	0.687484
105.687	0.687241
105.756	0.692696
105.822	0.725165
105.886	0.75513
105.951	0.730966
106.019	0.713834
106.088	0.692203
106.158	0.687484
106.228	0.687484
106.296	0.697737
106.358	0.780947
106.418	0.794529
106.48	0.780947
106.543	0.75513
106.61	0.719455
106.678	0.708301
106.747	0.692203
106.817	0.687484
106.886	0.697737
106.956	0.687241
107.025	0.687484
107.093	0.714096
107.162	0.692203
107.231	0.692696
107.301	0.687484
107.368	0.719455
107.436	0.708301
107.504	0.871859
107.574	0.692696
107.643	0.692449
107.71	0.719455
107.778	0.885376
107.848	1.02317
107.917	1.0383
107.986	1.22148
108.055	1.03867
108.124	1.22999
108.194	1.36422
108.264	1.54684
108.331	1.42819
108.4	1.56935
108.467	1.79864
108.535	1.91809
108.604	1.91809
108.675	2.04705
108.744	2.23432
108.813	2.26683
108.881	2.65709
108.948	2.51809
109.017	2.57715
109.087	1.71852
109.155	1.77085
109.225	1.7182
109.295	1.71861
109.364	1.04661
109.429	1.10536
109.494	1.10529
109.559	1.10529
109.627	1.06245
109.696	1.21179
109.766	1.03117
109.836	0.687484
109.901	0.921132
109.963	0.767822
110.029	0.730966
110.095	0.725165
110.165	0.692203
110.234	0.859051
110.304	0.865512
110.374	0.343761
110.44	0.359728
110.506	0.365483
110.573	0.356917
110.643	0.515431
110.713	0.343601
110.782	0.346328
110.848	0.362718
110.916	0.356959
110.982	0.359728
111.052	0.346101
111.122	0.341175
111.192	0.343601
111.254	0.193647
111.316	0.193582
111.38	0.187247
111.447	0.179864
111.515	0.351446
111.585	0.343742
111.654	0.343742
111.724	0.343621
111.794	0.346225
111.859	0.548225
111.928	0.702852
111.997	0.692449
112.067	0.687484
112.135	0.703106
112.201	0.730966
112.265	0.742852
112.334	0.697487
112.403	0.697487
112.473	0.687241
112.539	0.719721
112.61	0.682111
112.678	0.708559
112.744	0.725165
112.809	0.730966
112.876	0.725165
112.944	0.702852
113.014	0.687241
113.083	0.692696
113.152	0.692449
113.222	0.687484
113.292	0.687484
113.361	0.692203
113.43	0.697737
113.5	0.692203
113.569	0.687484
113.638	0.703106
113.704	0.719455
113.773	0.697487
113.843	0.687241
113.912	0.692203
113.982	0.687241
114.053	0.68235
114.117	0.742852
114.183	0.730966
114.248	0.730966
114.316	0.713834
114.383	0.708301
114.452	0.697487
114.521	0.697487
114.59	0.692203
114.66	0.858748
114.73	0.692656
114.799	0.34364
114.866	0.362583
114.931	0.365483
114.998	0.359728
115.066	0.351426
115.136	0.515613
115.206	0.343601
115.275	0.52349
115.342	0.357069
115.408	0.362583
115.475	0.356917
115.544	0.351426
115.614	0.343621
115.683	0.346225
115.751	0.351553
115.82	0.346101
115.89	0.343742
115.959	0.351426
116.028	0.346225
116.094	0.365483
116.161	0.356917
116.231	0.343621
116.301	0.343621
116.366	0.36562
116.434	0.351426
116.501	0.359728
116.568	0.356917
116.638	0.343742
116.708	0.343621
116.778	0.343742
116.843	0.371426
116.905	0.383911
116.969	0.37447
117.036	0.359728
117.105	0.346101
117.176	0.341175
117.244	0.351533
117.313	0.348869
117.381	0.351573
117.449	0.351426
117.518	0.348743
117.587	0.348869
117.657	0.343742
117.727	0.341175
117.792	0.371403
117.856	0.371426
117.925	0.348763
117.995	0.343742
118.064	0.346101
118.134	0.343742
118.203	0.346101
118.273	0.343742
118.341	0.35415
118.408	0.356917
118.478	0.341055
118.549	0.341156
118.618	0.173102
118.683	0.184215
118.749	0.181302
118.816	0.179864
118.886	0.346121
118.955	0.343742
119.026	0.341175
119.092	0.362696
119.158	0.365483
119.225	0.356938
119.293	0.35415
119.361	0.351426
119.431	0.341055
119.499	0.354259
119.569	0.343742
119.634	0.365642
119.698	0.378085
119.762	0.374365
119.827	0.368431
119.893	0.365483
119.958	0.365483
120.024	0.365483
120.091	0.359728
120.161	0.343499
120.231	0.341156
120.301	0.170578
120.371	0.173112
120.433	0.191968
120.554	0.297958
120.672	0.510295
120.782	0.870298
120.9	0.816148
121.018	0.808468
121.079	1.18152
121.14	0.794529
121.202	0.383911
121.266	0.748941
121.331	0.736861
121.396	0.748941
121.462	0.725165
121.528	0.725165
121.597	0.698292
121.665	0.697305
121.736	0.682111
121.805	0.346328
121.866	0.788188
121.987	0.296624
122.05	0.381119
122.116	0.368329
122.181	0.365483
122.249	0.351745
122.318	0.523353
122.389	0.677254
122.453	0.561922
122.517	0.374494
122.578	0.397264
122.697	0.40103
122.806	0.441283
122.92	0.526246
122.981	1.19179
123.101	0.598499
123.163	0.767822
123.229	0.730966
123.297	0.708301
123.367	0.682111
123.435	0.708559
123.505	0.682111
123.576	0.68235
123.689	0.849961
123.806	0.815811
123.867	0.787679
123.929	0.780947
123.994	0.736861
124.062	0.702852
124.131	0.692449
124.201	0.687484
124.321	0.801498
124.381	0.794529
124.5	0.812134
124.562	0.774329
124.623	0.787679
124.74	0.821001
124.857	0.81662
124.92	0.767601
124.983	0.75513
125.048	0.736861
125.16	0.862893
125.262	0.936972
125.367	0.914178
125.472	0.918364
125.561	1.06897
125.634	1.48729
125.704	1.38036
125.773	1.38036
125.843	1.38036
125.912	1.38036
125.982	1.88377
126.053	2.03972
126.123	2.03972
126.194	2.2097
126.264	2.07054
126.333	2.07054
126.403	2.24308
126.473	2.71963
126.544	2.71963
126.614	2.91127
126.685	2.72033
126.756	3.20571
126.826	3.56952
126.896	3.42503
127.134	0.295891
