11.2047	0.343378
11.275	0.341055
12.2682	0.0120824
12.3365	0.175713
12.4011	0.371568
12.4689	0.531226
12.5356	0.719455
12.6028	0.713834
12.6737	0.677056
12.746	0.498106
12.8167	0.339591
12.8797	0.19043
12.9895	0.21859
13.0993	0.437181
13.2217	0.392149
13.2905	0.348743
13.3603	0.343742
13.4307	0.341055
13.4948	0.187307
13.5557	0.39384
13.6172	0.390473
13.6797	0.383911
13.7438	0.561706
13.811	0.356917
13.8793	0.351426
13.9497	0.341055
14.0195	0.171871
14.0883	0.348869
14.1561	0.35415
14.2186	0.191955
14.2816	0.190356
14.3436	0.387164
14.4072	0.377565
14.4718	0.371426
14.5411	0.346101
14.6109	0.343742
14.6808	0.343742
14.7491	0.351426
14.8184	0.346225
14.8866	0.52733
14.9534	0.359728
15.0185	0.368431
15.0842	0.365483
15.1514	0.356917
15.2197	0.351426
15.289	0.346101
15.3589	0.343742
15.4277	0.348743
15.4965	0.523303
15.5606	0.37447
15.6268	0.362583
15.6919	0.368431
15.7581	0.362583
15.8269	0.348743
15.8967	0.343742
15.9666	0.343621
16.0354	0.174434
16.1036	0.351553
16.1719	0.351426
16.2407	0.348743
16.3111	0.341175
16.3799	0.174434
16.4492	0.346225
16.5159	0.359861
16.5826	0.359728
16.6509	0.175713
16.7208	0.343621
16.789	0.351553
16.8573	0.351426
16.9251	0.354279
16.9934	0.351426
17.0622	0.348743
17.1315	0.346225
17.2008	0.346225
17.2706	0.343742
17.3342	0.377712
17.3946	0.595896
17.455	0.198632
17.5196	0.371426
17.5869	0.356917
17.6546	0.35415
17.724	0.346101
17.7938	0.343742
17.8636	0.343742
17.9335	0.343499
18.0012	0.354408
18.0669	0.365483
18.1299	0.380712
18.194	0.37447
18.2612	0.356917
18.3311	0.343621
18.4009	0.343742
18.4692	0.351553
18.5333	0.37447
18.5942	0.39384
18.6562	0.387164
18.7213	0.368431
18.7912	0.343621
18.86	0.348743
18.9304	0.341055
18.9986	0.17584
19.0658	0.356917
19.1326	0.359728
19.2003	0.35415
19.267	0.359728
19.3369	0.343621
19.4041	0.357048
19.474	0.343621
19.5428	0.348743
19.6116	0.348743
19.6804	0.348743
19.7503	0.343621
19.8201	0.343742
19.8878	0.354279
19.9556	0.35415
20.0239	0.351426
20.0932	0.346101
20.163	0.343742
20.2329	0.343621
20.3017	0.348869
20.371	0.346101
20.4393	0.351426
20.5086	0.346225
20.5785	0.343742
20.6462	0.35415
20.7108	0.371426
20.777	0.362583
20.8469	0.343621
20.9167	0.343742
20.986	0.346225
21.0553	0.346225
21.1225	0.357048
21.1898	0.356917
21.257	0.356917
21.3269	0.343621
21.3967	0.343742
21.4645	0.35415
21.5338	0.346101
21.6011	0.356917
21.6709	0.343621
21.7407	0.343742
21.809	0.351553
21.8768	0.35415
21.9424	0.365483
22.0112	0.523115
22.0806	0.692449
22.1473	0.719721
22.2129	0.730966
22.2791	0.725165
22.3458	0.899319
22.4157	0.687241
22.485	0.692449
22.5543	0.692696
22.6225	0.8792
22.7428	0.398999
22.8074	0.371426
22.8752	0.35415
22.9451	0.515431
23.0144	0.692449
23.0831	0.697987
23.1519	0.697737
23.2192	0.89262
23.2869	0.708301
23.3557	0.697487
23.4256	0.687241
23.4954	0.515613
23.5627	0.713834
23.6294	0.539591
23.6987	0.346101
23.768	0.346225
23.8379	0.343621
23.9067	0.348869
23.9765	0.343742
24.0463	0.515613
24.1151	0.348743
24.1818	0.359728
24.2496	0.35415
24.3195	0.343621
24.3883	0.348869
24.4565	0.351426
24.5254	0.348743
24.5952	0.343742
24.6629	0.354279
24.7302	0.356917
24.7995	0.346101
24.8693	0.343742
24.9392	0.343742
25.0074	0.351426
25.0757	0.351426
25.145	0.346348
25.2149	0.343621
25.2831	0.35168
25.3498	0.359728
25.4155	0.365483
25.4817	0.362583
25.55	0.351426
25.6193	0.346225
25.6892	0.343621
25.759	0.343742
25.8272	0.351553
25.8961	0.348743
25.9649	0.348743
26.0342	0.346101
26.1046	0.341175
26.1728	0.17584
26.2395	0.359728
26.3031	0.377565
26.3693	0.362583
26.436	0.359728
26.5032	0.356917
26.5721	0.348743
26.6419	0.343621
26.7112	0.346348
26.78	0.348743
26.8462	0.362583
26.9135	0.356917
26.9807	0.356917
27.0485	0.35415
27.1183	0.343499
27.1876	0.173174
27.258	0.341175
27.3247	0.359861
27.3877	0.380712
27.4507	0.380712
27.5164	0.365483
27.5852	0.348743
27.6556	0.341175
27.7254	0.17181
27.7916	0.362718
27.8609	0.346101
27.9261	0.368431
27.9923	0.362583
28.0616	0.346101
28.132	0.341175
28.2007	0.174497
28.2685	0.354279
28.3362	0.35415
28.4056	0.346101
28.4749	0.346101
28.5447	0.343742
28.6135	0.348869
28.676	0.383911
28.7407	0.371426
28.8058	0.368431
28.8709	0.368431
28.9361	0.368431
29.0033	0.356917
29.0727	0.346101
29.1425	0.343742
29.2118	0.346225
29.2811	0.346225
29.3494	0.351426
29.4192	0.343742
29.4839	0.371426
29.549	0.368431
29.6147	0.365483
29.6835	0.348743
29.7533	0.343742
29.8231	0.343742
29.8919	0.348869
29.9576	0.365483
30.0217	0.37447
30.0879	0.362583
30.1546	0.359728
30.2244	0.343621
30.2943	0.343621
30.3625	0.35168
30.4292	0.359728
30.4975	0.351426
30.5674	0.343621
30.6372	0.343742
30.7065	0.346225
30.7742	0.354408
30.8441	0.343621
30.9134	0.346348
30.9832	0.343621
31.0515	0.351426
31.1193	0.35415
31.1891	0.515431
31.2589	0.515613
31.3288	0.515613
31.395	0.362583
31.4627	0.35415
31.532	0.346225
31.6014	0.346225
31.6665	0.36857
31.7327	0.362583
31.802	0.519152
31.8718	0.687484
31.9417	0.687484
32.0078	0.725435
32.0751	0.713834
32.1439	0.697487
32.2137	0.687484
32.282	0.702852
32.3518	0.687241
32.4212	0.692449
32.4889	0.708301
32.5582	0.692696
32.6239	0.730966
32.6885	0.742852
32.7536	0.736861
32.8198	0.725165
32.8897	0.687241
32.9595	0.687484
33.0283	0.697737
33.0961	0.708301
33.1644	0.702852
33.2332	0.697487
33.3015	0.702852
33.3708	0.692203
33.4407	0.687241
33.5105	0.687484
33.5803	0.687484
33.6496	0.692449
33.7158	0.725165
33.7846	0.697487
33.8545	0.687241
33.9238	0.692449
33.9942	0.682111
34.0634	0.692696
34.1307	0.714096
34.1969	0.725165
34.2662	0.692203
34.336	0.687484
34.4053	0.692449
34.4752	0.687241
34.5419	0.899319
34.6049	0.761423
34.6722	0.713834
34.742	0.687241
34.8119	0.687241
34.8796	0.708559
34.9453	0.913708
35.0089	0.377565
35.074	0.368431
35.1412	0.535376
35.2111	0.687241
35.2809	0.687484
35.3497	0.697737
35.4185	0.697487
35.4878	0.692696
35.555	0.89262
35.6217	0.719455
35.6869	0.736861
35.7552	0.702852
35.825	0.687241
35.8948	0.687484
35.961	0.906794
36.0256	0.371426
36.0881	0.383911
36.1528	0.371426
36.22	0.356917
36.2898	0.515431
36.3597	0.687241
36.4279	0.70336
36.4925	0.742852
36.5572	0.928565
36.6239	0.719455
36.689	0.736861
36.7568	0.708301
36.8266	0.687241
36.8964	0.687484
36.9652	0.872171
37.032	0.359728
37.1003	0.351426
37.1691	0.348743
37.2389	0.343742
37.3082	0.346101
37.377	0.348994
37.4458	0.523303
37.5115	0.365483
37.5761	0.371426
37.6423	0.362583
37.7106	0.351426
37.7789	0.351426
37.8482	0.346101
37.918	0.343742
37.9852	0.357048
38.0525	0.356917
38.1203	0.35415
38.188	0.35415
38.2574	0.346101
38.3272	0.343742
38.397	0.343742
38.4642	0.356917
38.5273	0.380712
38.5914	0.37447
38.6565	0.368431
38.7222	0.365483
38.7894	0.356917
38.8593	0.343621
38.9291	0.343742
38.9979	0.348869
39.0682	0.341175
39.1349	0.179864
39.199	0.37447
39.2642	0.368431
39.3325	0.351426
39.4023	0.343742
39.4721	0.343621
39.5409	0.348994
39.6066	0.365483
39.6738	0.356917
39.7395	0.365483
39.8062	0.359728
39.8755	0.346101
39.9454	0.343742
40.0147	0.346225
40.0819	0.357048
40.1497	0.35415
40.2148	0.368431
40.2805	0.365483
40.3498	0.346101
40.4196	0.343742
40.4895	0.343742
40.5583	0.348869
40.626	0.354279
40.6932	0.356917
40.7579	0.371426
40.823	0.368431
40.8881	0.368431
40.957	0.348743
41.0268	0.343742
41.0961	0.346225
41.1638	0.354279
41.2337	0.343621
41.3009	0.356917
41.3703	0.346101
41.4401	0.343742
41.5099	0.343621
41.5777	0.354279
41.6454	0.531226
41.7122	0.719455
41.7794	0.713834
41.8498	0.682111
41.9191	0.692449
41.9889	0.687484
42.0577	0.697987
42.1218	0.748941
42.1853	0.75513
42.2484	0.761423
42.313	0.742852
42.3787	0.730966
42.4469	0.878565
42.5168	0.687241
42.5866	0.687484
42.6554	0.697737
42.7247	0.865562
42.794	1.03904
42.8623	1.05466
42.9311	1.2206
43.0004	1.03867
43.0702	1.03123
43.1406	1.02352
43.2094	0.872171
43.2772	0.708301
43.3444	0.713834
43.4137	0.865562
43.4835	1.03123
43.5523	1.04661
43.619	1.25951
43.6873	1.05428
43.7572	1.03086
43.827	1.03086
43.8963	1.03867
43.9662	1.03086
44.0355	1.03867
44.1043	1.04623
44.1663	0.967911
44.2314	0.736861
44.2976	0.725165
44.3659	0.878565
44.4353	1.0383
44.5051	1.03123
44.5749	1.03123
44.6432	1.23044
44.7088	1.09645
44.7735	1.11428
44.8381	1.11428
44.9027	1.11428
44.9699	1.24921
45.0397	1.37497
45.1096	1.37448
45.1768	1.42819
45.2462	1.38441
45.316	1.37448
45.3858	1.37448
45.4557	1.37497
45.5239	1.40621
45.5896	1.46193
45.6547	1.47372
45.7204	1.46193
45.7876	1.42767
45.8575	1.37448
45.9273	1.37497
45.9972	1.37448
46.0665	1.38539
46.1352	1.39547
46.2051	1.37497
46.2749	1.37448
46.3447	1.37497
46.4098	1.47428
46.4745	1.4857
46.5396	1.47372
46.6042	1.4857
46.6699	1.46193
46.7371	1.42767
46.8059	1.39497
46.8753	1.3849
46.9451	1.37497
47.0144	1.3849
47.0827	1.4057
47.1494	1.43891
47.2182	1.39497
47.2875	1.38539
47.3574	1.37448
47.4272	1.37497
47.4949	1.41763
47.559	1.49788
47.6236	1.4857
47.6898	1.63162
47.7544	1.4857
47.8211	1.43891
47.8894	1.4057
47.9587	1.38539
48.028	1.55801
48.0958	1.77204
48.162	1.81291
48.2282	1.81291
48.2954	1.96304
48.3637	1.75713
48.4335	1.7181
48.5039	1.70587
48.5727	1.04661
48.6409	1.23044
48.7102	1.21222
48.7801	1.37497
48.8478	1.59368
48.9082	1.58906
48.9686	1.58906
49.0306	1.74224
49.0984	1.77075
49.1682	1.7181
49.2386	1.70587
49.3084	1.7181
49.3767	1.05428
49.444	1.07075
49.5128	1.04623
49.5811	1.05428
49.6509	1.03123
49.7208	1.03086
49.7885	0.885698
49.851	0.575866
49.914	0.761423
49.9802	1.08775
50.048	1.06245
50.1173	1.03867
50.1866	1.03867
50.2565	1.03123
50.3237	1.07075
50.3925	1.04623
50.4598	1.07075
50.5291	1.0383
50.599	1.03086
50.6688	1.03123
50.7386	1.03086
50.8058	1.07114
50.872	1.08775
50.9382	1.08775
51.006	1.06245
51.0732	1.07075
51.1426	1.0383
51.2124	1.03123
51.2822	1.03123
51.3458	1.1327
51.4072	1.17142
51.4703	1.14213
51.5365	1.08775
51.6063	1.0305
51.6762	1.03123
51.7455	1.03867
51.8143	1.04623
51.8846	1.02352
51.9519	1.07075
52.0176	1.09645
52.0843	1.07918
52.152	1.06245
52.2219	1.03086
52.2917	1.03123
52.3605	1.04661
52.4304	1.0305
52.4976	1.07114
52.5669	1.03867
52.6373	1.02317
52.7061	1.04661
52.7764	1.02352
52.8457	1.03867
52.913	1.07075
52.9823	1.0383
53.0521	1.2031
53.1225	1.02352
53.1928	0.852937
53.2595	0.719721
53.3247	0.368431
53.3914	0.539591
53.4612	0.859051
53.5258	0.743136
53.5941	0.702852
53.6593	0.736861
53.7254	0.725165
53.7943	0.697487
53.8641	0.687484
53.9344	0.68235
54.0001	0.731241
54.0621	0.387164
54.124	0.580747
54.1866	0.383911
54.2554	0.348743
54.3258	0.341055
54.3951	0.173112
54.4638	0.348994
54.5327	0.348743
54.5994	0.359728
54.6687	0.519152
54.7391	0.341175
54.8094	0.170587
54.8777	0.175777
54.9438	0.181359
55.0095	0.182742
55.0757	0.181291
55.1429	0.178459
55.2128	0.343621
55.2832	0.341055
55.3525	0.173112
55.4207	0.351553
55.4885	0.35415
55.5568	0.351426
55.6256	0.348743
55.6955	0.343621
55.7653	0.343742
55.833	0.354279
55.9003	0.356917
55.9675	0.356917
56.0353	0.35415
56.1031	0.35415
56.1729	0.343621
56.2422	0.346225
56.312	0.343742
56.3819	0.343621
56.4465	0.371426
56.5122	0.365483
56.5805	0.351426
56.6503	0.343621
56.718	0.354279
56.7874	0.346101
56.8572	0.343621
56.9261	0.348743
56.9959	0.343742
57.0652	0.346225
57.135	0.343742
57.1986	0.377565
57.2632	0.371426
57.3273	0.37447
57.394	0.359728
57.4618	0.35415
57.5306	0.348743
57.6004	0.343742
57.6682	0.35415
57.737	0.348869
57.8058	0.348743
57.8746	0.348743
57.9444	0.343742
58.0142	0.343742
58.0804	0.362583
58.1461	0.365483
58.2139	0.35415
58.2832	0.346225
58.353	0.343742
58.4208	0.35415
58.4891	0.527139
58.5589	0.343621
58.6287	0.171871
58.696	0.357048
58.7663	0.341055
58.8335	0.357048
58.8997	0.181291
58.9654	0.365483
59.0316	0.362583
59.0994	0.35415
59.1687	0.346225
59.2385	0.515613
59.3083	0.343621
59.3756	0.357048
59.4381	0.383911
59.5006	0.383911
59.5642	0.377565
59.6314	0.356917
59.7018	0.341055
59.7711	0.173112
59.8409	0.343742
59.9102	0.346225
59.9759	0.365483
60.0426	0.359728
60.112	0.346101
60.1818	0.343742
60.2521	0.341175
60.3167	0.185713
60.3829	0.362583
60.4507	0.35415
60.52	0.346101
60.5899	0.343742
60.6597	0.343742
60.7269	0.356917
60.7942	0.356917
60.8614	0.356917
60.9286	0.356917
60.9969	0.351426
61.0668	0.343742
61.1366	0.343742
61.2048	0.351553
61.2736	0.348869
61.3435	0.343621
61.4128	0.346101
61.4806	0.354279
61.5473	0.359728
61.6166	0.346101
61.686	0.346225
61.7558	0.343742
61.8251	0.346225
61.8934	0.351553
61.9617	0.351426
62.031	0.346101
62.1008	0.343742
62.1707	0.343621
62.2405	0.343742
62.3088	0.351553
62.3765	0.35415
62.4448	0.351426
62.5142	0.346101
62.584	0.343742
62.6543	0.341055
62.7226	0.175777
62.7904	0.35415
62.856	0.365483
62.9243	0.351426
62.9942	0.343742
63.0598	0.365483
63.1239	0.37447
63.1912	0.356917
63.2595	0.351426
63.3288	0.346101
63.3986	0.343742
63.4684	0.343742
63.5378	0.346225
63.6071	0.346225
63.6706	0.377565
63.7358	0.368431
63.8004	0.371426
63.8671	0.359728
63.937	0.343621
64.0068	0.343742
64.074	0.357048
64.1402	0.362583
64.208	0.35415
64.2752	0.356917
64.345	0.343621
64.4149	0.343621
64.4832	0.175777
64.5493	0.362583
64.6176	0.351426
64.6875	0.343742
64.7563	0.348869
64.8266	0.341175
64.8938	0.178459
64.9627	0.348743
65.0325	0.343621
65.1023	0.343742
65.1722	0.343621
65.2389	0.17993
65.3066	0.35415
65.3744	0.35415
65.4427	0.351426
65.511	0.351426
65.5808	0.343621
65.6506	0.171871
65.72	0.346225
65.7872	0.356917
65.855	0.35415
65.9222	0.356917
65.99	0.35415
66.0578	0.35415
66.1266	0.348743
66.1964	0.343621
66.2662	0.343742
66.3361	0.343742
66.4038	0.354279
66.4695	0.365483
66.5351	0.365483
66.6013	0.362583
66.6686	0.356917
66.7358	0.356917
66.8057	0.343621
66.8755	0.343621
66.9448	0.173174
67.0136	0.348743
67.0814	0.35415
67.147	0.365483
67.2153	0.351426
67.2852	0.343621
67.355	0.171871
67.4233	0.351553
67.491	0.35415
67.5588	0.35415
67.6292	0.341055
67.698	0.174434
67.7683	0.341175
67.836	0.354408
67.9028	0.359728
67.9705	0.35415
68.0383	0.35415
68.1076	0.346101
68.1775	0.343742
68.2473	0.343742
68.315	0.35415
68.3823	0.356917
68.4521	0.343621
68.5219	0.343742
68.5913	0.346225
68.6606	0.346225
68.7289	0.351553
68.7982	0.346101
68.8675	0.346225
68.9373	0.343742
69.0035	0.362583
69.0697	0.362583
69.1354	0.365483
69.2037	0.351426
69.2735	0.343621
69.3428	0.346225
69.4116	0.348869
69.4815	0.343742
69.5492	0.354279
69.6164	0.356917
69.6837	0.356917
69.753	0.346101
69.8228	0.343742
69.8932	0.341175
69.962	0.174434
70.0287	0.359728
70.0944	0.365483
70.1616	0.356917
70.2315	0.343621
70.3013	0.343742
70.369	0.354279
70.4336	0.371426
70.5004	0.359728
70.5676	0.535376
70.6374	0.687241
70.7073	0.687241
70.7735	0.725435
70.8402	0.719455
70.9053	0.736861
70.9715	0.725165
71.0413	0.687241
71.1107	0.692449
71.18	0.692696
71.2483	0.702852
71.3181	0.687241
71.3864	0.703106
71.4562	0.687484
71.524	0.708301
71.5928	0.697487
71.6626	0.687241
71.7324	0.687484
71.8007	0.703106
71.8706	0.687241
71.9404	0.687241
72.0097	0.692449
72.0796	0.687241
72.1457	0.725435
72.2135	0.708301
72.2813	0.708301
72.349	0.708301
72.4189	0.687241
72.4882	0.692449
72.558	0.687241
72.6258	0.708559
72.6925	0.719455
72.7608	0.702852
72.8296	0.697487
72.899	0.692203
72.9688	0.687484
73.0391	0.682111
73.1053	0.725435
73.1705	0.736861
73.2351	0.742852
73.3018	0.899319
73.369	0.713834
73.4384	0.692203
73.5082	0.687484
73.578	0.687241
73.6484	0.68235
73.7156	0.356917
73.7839	0.527139
73.8485	0.371426
73.9147	0.362583
73.9825	0.531226
74.0523	0.687241
74.1217	0.692449
74.1899	0.702852
74.2593	0.865562
74.3291	0.687241
74.3984	0.692449
74.4662	0.708559
74.5339	0.708301
74.6017	0.885376
74.6721	1.02317
74.7409	1.04661
74.8086	1.06284
74.878	1.0383
74.9478	1.03123
75.0161	1.05466
75.0817	1.09645
75.1479	1.08775
75.2152	1.07075
75.2834	1.05428
75.3528	1.03867
75.4226	1.03123
75.4893	1.07958
75.5544	1.10529
75.6211	1.07918
75.6879	1.07918
75.7577	1.03086
75.826	1.05466
75.8943	1.05428
75.9641	1.03086
76.0339	1.03086
76.1012	1.07114
76.1658	1.11428
76.2314	1.09645
76.2987	1.07075
76.3685	1.03086
76.4384	1.03086
76.5061	1.06323
76.5744	1.05428
76.6437	1.03904
76.7135	1.03123
76.7828	1.03867
76.8526	1.03123
76.9199	1.07075
76.9871	1.07075
77.0565	1.0383
77.1263	1.03123
77.1961	1.03123
77.2654	1.21179
77.329	1.1327
77.392	1.14213
77.4567	1.11428
77.5223	1.09645
77.5901	1.06245
77.6594	1.21179
77.7292	1.37497
77.7985	1.3849
77.8668	1.58199
77.9361	1.3849
78.0023	1.45033
78.069	1.61877
78.1368	1.77075
78.2046	1.77075
78.2744	1.88991
78.3442	1.71871
78.4136	1.73112
78.4824	1.2206
78.5501	1.23953
78.6184	1.4057
78.6883	1.54684
78.7576	1.3849
78.8264	1.39547
78.8962	1.54684
78.966	1.71871
79.0358	1.71871
79.1036	1.77075
79.1703	1.9785
79.2376	1.78459
79.3074	1.7181
79.3772	1.7181
79.446	1.74434
79.5153	1.90491
79.5842	2.09246
79.6535	2.07735
79.7233	2.06245
79.7926	2.07735
79.8625	2.06172
79.9323	2.06245
80	2.1249
80.0683	2.10856
80.1372	2.09246
80.207	2.06172
80.2773	2.04705
80.3472	2.06245
80.4175	2.04705
80.4853	2.1249
80.5483	2.28427
80.6135	2.21058
80.6823	2.09246
80.7521	2.06172
80.8225	2.04705
80.8923	2.06172
80.9616	2.07735
81.0305	2.09246
81.0998	2.07735
81.1691	2.07735
81.2389	2.06245
81.3067	2.1249
81.3744	2.1249
81.4443	2.06172
81.5141	2.06172
81.5824	2.11008
81.6475	2.21058
81.7132	2.1929
81.7789	2.1929
81.8466	2.1249
81.9154	2.09246
81.9853	2.06245
82.0551	2.06172
82.1228	2.12568
82.1911	2.28427
82.2563	2.21058
82.3214	2.21058
82.3881	2.15837
82.4564	2.10856
82.5258	2.07661
82.5956	2.06245
82.6628	1.42767
82.7306	1.77075
82.7989	1.75713
82.8672	1.75713
82.937	1.7181
83.0069	1.71871
83.0736	1.9785
83.1398	1.81291
83.2081	1.93284
83.2779	2.06245
83.3477	2.06172
83.4175	2.06245
83.4832	2.37564
83.5468	2.26539
83.6124	2.1929
83.6792	2.15837
83.7469	2.1249
83.8152	2.28427
83.885	2.40619
83.9539	2.4412
84.0221	2.46087
84.0904	2.45998
84.1587	2.45998
84.2265	2.47905
84.2948	2.45998
84.3646	2.40534
84.4344	2.40619
84.5038	2.42357
84.5715	2.48086
84.6387	2.49842
84.7065	2.47905
84.7763	2.40534
84.8462	2.40534
84.9165	2.38822
84.9843	2.47996
85.0531	2.4412
85.1193	2.53808
85.1881	2.4412
85.2579	2.40534
85.3262	2.46176
85.3965	2.38822
85.4658	2.42357
85.5341	2.46087
85.5993	2.57901
85.666	2.51809
85.7343	2.45998
85.8041	2.40534
85.8729	2.44208
85.9427	2.40534
86.01	2.49934
86.0772	2.49842
86.145	2.47905
86.2133	2.45998
86.2831	2.40534
86.3529	2.40619
86.418	2.57999
86.4827	2.59998
86.5478	2.76323
86.6135	2.55838
86.6786	2.57901
86.7474	2.4412
86.8173	2.40534
86.8871	2.23432
86.957	1.54575
87.0226	1.64529
87.0898	1.60613
87.1555	0.913708
87.2243	1.2206
87.2937	1.03867
87.363	1.03867
87.4313	1.05428
87.4985	1.07075
87.5673	1.04623
87.6361	1.04623
87.7065	1.02317
87.7758	0.86587
87.8451	1.03867
87.9155	0.852937
87.9806	0.736861
88.0426	0.774329
88.1067	0.936176
88.1734	1.07918
88.2438	1.02317
88.3136	1.03123
88.3819	1.23044
88.4507	1.04623
88.5205	1.03123
88.5898	1.03867
88.6581	1.05466
88.7279	1.20267
88.7941	1.26951
88.8603	1.08775
88.9291	0.871859
88.9989	0.859355
89.0667	1.06245
89.135	1.05466
89.2017	1.07918
89.2695	1.06245
89.3383	1.04623
89.4086	1.19411
89.4779	1.03867
89.5462	1.05466
89.6135	1.07075
89.6807	1.07075
89.749	1.22999
89.8193	1.3647
89.8871	1.41712
89.9569	1.37448
90.0267	1.37497
90.0961	1.3849
90.1659	1.37497
90.2352	1.38539
90.3019	1.43891
90.3718	1.374
90.4406	1.39547
90.5104	1.37448
90.5807	1.3647
90.649	1.40621
90.7136	1.4857
90.7793	1.46193
90.8429	1.51026
90.9085	1.46193
90.9763	1.4166
91.0461	1.37448
91.116	1.37497
91.1858	1.37497
91.2556	1.37497
91.3228	1.42767
91.3927	1.37448
91.462	1.3849
91.5308	1.39547
91.6006	1.37497
91.6699	1.3849
91.7387	1.39547
91.8075	1.39497
91.8774	1.37448
91.9472	1.37448
92.0139	1.43944
92.0801	1.45033
92.1468	1.43891
92.2146	1.4166
92.2834	1.39497
92.3532	1.37497
92.422	1.56991
92.4919	1.37448
92.5612	1.38441
92.63	1.39547
92.6983	1.40621
92.7676	1.55801
92.8374	1.71871
92.9062	1.74434
92.975	1.74434
93.0448	1.89058
93.111	1.81291
93.1756	1.85713
93.2434	1.94783
93.3127	2.07735
93.3826	2.23432
93.4524	2.06245
93.5217	2.07735
93.5895	1.4166
93.6593	1.54575
93.7286	1.38539
93.7984	1.54684
93.8683	1.7181
93.9371	1.74434
94.0054	1.75713
94.0742	1.04623
94.144	1.03086
94.2144	0.852937
94.281	0.719987
94.3478	0.359728
94.4145	0.539591
94.4833	0.871859
94.5511	0.708301
94.6209	0.687484
94.6897	0.697737
94.7569	0.714096
94.8257	0.697487
94.8955	0.687484
94.9633	0.708559
95.0305	0.713834
95.0972	0.719455
95.1645	0.713834
95.2338	0.692449
95.301	0.713834
95.3704	0.692203
95.4407	0.68235
95.508	0.535376
95.5768	0.697487
95.6466	0.343621
95.7165	0.343621
95.7863	0.171871
95.8556	0.346225
95.9244	0.348869
95.9932	0.348743
96.0621	0.348743
96.1319	0.343621
96.2017	0.343742
96.2689	0.357048
96.3362	0.356917
96.4039	0.35415
96.4733	0.346101
96.5432	0.343499
96.6125	0.173174
96.6802	0.354408
96.75	0.343621
96.8178	0.354279
96.886	0.35168
96.9496	0.377565
97.0163	0.359728
97.0846	0.351426
97.1534	0.348743
97.2232	0.343621
97.2931	0.343742
97.3613	0.351553
97.4296	0.351426
97.4984	0.348743
97.5683	0.343742
97.6355	0.356917
97.7017	0.362583
97.7715	0.343621
97.8403	0.348869
97.9091	0.348869
97.9779	0.348869
98.0483	0.341055
98.115	0.179864
98.1833	0.351426
98.25	0.359728
98.3183	0.351426
98.3882	0.343621
98.458	0.343742
98.5247	0.359861
98.593	0.351426
98.6607	0.354279
98.7306	0.343499
98.7994	0.174434
98.8692	0.343742
98.939	0.343621
99.0063	0.357048
99.0688	0.383911
99.1334	0.371426
99.1985	0.368431
99.2647	0.362583
99.3346	0.343621
99.4044	0.343621
99.4742	0.171871
99.5435	0.346225
99.6128	0.346348
99.6775	0.371426
99.7436	0.362583
99.8109	0.356917
99.8802	0.346101
99.9501	0.343742
100.019	0.348869
100.086	0.356917
100.154	0.35415
100.22	0.362583
100.288	0.35415
100.358	0.343621
100.427	0.343742
100.497	0.343742
100.565	0.357048
100.632	0.35415
100.7	0.356917
100.768	0.351426
100.837	0.348743
100.907	0.341175
100.977	0.17181
101.044	0.359861
101.111	0.356917
101.178	0.356917
101.245	0.356917
101.315	0.346101
101.384	0.343621
101.454	0.171871
101.523	0.351553
101.587	0.371426
101.65	0.380712
101.713	0.380712
101.778	0.368431
101.847	0.348743
101.917	0.343621
101.987	0.341175
102.056	0.175777
102.122	0.362583
102.189	0.356917
102.256	0.356917
102.325	0.348743
102.396	0.341055
102.465	0.171871
102.534	0.348743
102.599	0.368431
102.666	0.359728
102.735	0.346101
102.805	0.343742
102.871	0.362583
102.939	0.35415
103.008	0.348743
103.078	0.343742
103.148	0.343742
103.215	0.35415
103.282	0.359728
103.35	0.35415
103.42	0.343742
103.489	0.346225
103.559	0.343621
103.628	0.346225
103.695	0.357048
103.763	0.35415
103.829	0.362583
103.898	0.351426
103.965	0.35415
104.034	0.348743
104.104	0.343621
104.174	0.171871
104.243	0.348994
104.308	0.365483
104.375	0.359728
104.44	0.371426
104.505	0.365483
104.573	0.35415
104.642	0.348743
104.711	0.346225
104.781	0.346225
104.85	0.346348
104.92	0.343621
104.988	0.175777
105.057	0.348743
105.127	0.341055
105.196	0.346101
105.265	0.348869
105.333	0.35415
105.401	0.351426
105.47	0.348743
105.54	0.343621
105.61	0.341175
105.68	0.173174
105.748	0.348869
105.813	0.371426
105.877	0.37447
105.943	0.365483
106.011	0.351426
106.081	0.341055
106.151	0.173112
106.221	0.341175
106.287	0.362718
106.348	0.39384
106.409	0.39384
106.471	0.390473
106.534	0.377565
106.601	0.359728
106.669	0.35415
106.739	0.343499
106.808	0.173174
106.877	0.348869
106.946	0.343621
107.016	0.343742
107.083	0.359861
107.152	0.523115
107.221	0.692696
107.291	0.687484
107.358	0.719455
107.426	0.702852
107.496	0.686998
107.565	0.692696
107.634	0.692449
107.701	0.719455
107.769	0.702852
107.839	0.687241
107.909	0.687241
107.978	0.692449
108.047	0.703106
108.116	0.697487
108.185	0.687241
108.255	0.687484
108.323	0.708559
108.392	0.692203
108.459	0.719455
108.528	0.697487
108.598	0.682111
108.667	0.697737
108.737	0.68235
108.807	0.692203
108.875	0.703106
108.942	0.719455
109.011	0.687484
109.079	0.708559
109.147	0.702852
109.217	0.687484
109.287	0.687241
109.354	0.719721
109.419	0.736861
109.484	0.736861
109.549	0.736861
109.617	0.708301
109.687	0.687484
109.756	0.692449
109.825	0.697987
109.89	0.736861
109.953	0.767822
110.018	0.730966
110.084	0.725165
110.154	0.858748
110.224	0.692449
110.293	0.687484
110.362	0.703106
110.428	0.899319
110.495	1.08775
110.562	1.23953
110.632	1.03086
110.702	1.03123
110.772	1.03086
110.838	0.914051
110.905	0.713834
110.972	0.892293
111.042	0.686998
111.112	0.511762
111.182	0.519522
111.244	0.191955
111.307	0.191955
111.371	0.371426
111.437	0.543874
111.507	0.346101
111.577	0.341175
111.647	0.170587
111.717	0.171871
111.783	0.181291
111.85	0.181291
111.918	0.174372
111.988	0.17181
112.058	0.346348
112.126	0.523303
112.193	0.362583
112.258	0.368431
112.326	0.351426
112.395	0.348743
112.465	0.343621
112.529	0.371568
112.6	0.341055
112.667	0.17714
112.734	0.362583
112.799	0.365483
112.866	0.359728
112.935	0.348743
113.005	0.343621
113.074	0.173174
113.143	0.346225
113.214	0.341175
113.283	0.346348
113.352	0.346101
113.421	0.348869
113.49	0.346101
113.56	0.343742
113.628	0.351553
113.696	0.356917
113.765	0.346101
113.835	0.343621
113.904	0.346101
113.974	0.343742
114.042	0.354279
114.107	0.368431
114.173	0.365483
114.239	0.362583
114.307	0.35415
114.374	0.35415
114.443	0.348743
114.512	0.346101
114.581	0.348743
114.651	0.343621
114.719	0.351553
114.788	0.348869
114.854	0.365483
114.92	0.365483
114.986	0.539591
115.055	0.697487
115.125	0.68235
115.195	0.687241
115.265	0.692696
115.331	0.719721
115.398	0.719455
115.465	0.719455
115.533	0.702852
115.603	0.687241
115.672	0.692449
115.74	0.703106
115.81	0.692203
115.88	0.687484
115.948	0.697487
116.017	0.697737
116.083	0.730966
116.151	0.708301
116.22	0.687241
116.29	0.687241
116.356	0.731241
116.424	0.885376
116.49	0.719455
116.559	0.702852
116.629	0.687484
116.698	0.687241
116.768	0.859355
116.832	0.37447
116.895	0.380712
116.96	0.371426
117.027	0.359728
117.097	0.515431
117.166	0.687241
117.235	0.697737
117.305	0.687241
117.373	0.708559
117.442	0.697487
117.512	0.341055
117.581	0.174372
117.651	0.341175
117.718	0.359994
117.783	0.365483
117.848	0.187235
117.917	0.346101
117.987	0.343742
118.057	0.341055
118.126	0.348869
118.196	0.343621
118.262	0.359861
118.33	0.35415
118.398	0.351426
118.468	0.343742
118.538	0.343621
118.605	0.357048
118.67	0.368431
118.737	0.362583
118.803	0.359728
118.874	0.341055
118.943	0.346225
119.012	0.348994
119.079	0.357048
119.145	0.365483
119.212	0.535376
119.28	0.35415
119.348	0.351426
119.418	0.343621
119.487	0.348869
119.556	0.515613
119.623	0.725435
119.686	0.756169
119.75	0.748731
119.815	0.921077
119.881	0.730966
119.947	0.730966
120.012	0.913708
120.079	1.07918
120.149	1.20267
120.219	1.03086
120.289	0.859355
120.358	1.03086
120.421	0.575866
120.481	0.794529
120.542	0.590759
120.603	1.39043
120.716	0.635225
120.829	0.96052
120.889	1.39155
120.949	1.78716
121.01	1.39043
121.127	0.815811
121.191	1.1327
121.255	1.1327
121.317	1.15173
121.381	1.12341
121.447	1.26904
121.514	1.45033
121.582	1.39658
121.651	1.39461
121.721	1.37497
121.79	1.3849
121.851	1.59009
121.911	1.58858
121.972	1.56189
122.035	1.52447
122.101	1.47332
122.166	1.46193
122.235	1.40698
122.304	1.38503
122.374	1.37497
122.439	1.47428
122.502	1.51026
122.563	1.58906
122.623	1.98968
122.683	1.58858
122.791	1.55955
122.906	1.67626
122.966	1.98632
123.027	1.98632
123.087	0.993161
123.149	1.35508
123.215	1.46193
123.282	1.4166
123.352	1.37448
123.421	1.40621
123.491	1.36422
123.561	1.3647
123.674	1.69992
123.735	2.58222
123.795	1.78769
123.855	1.39043
123.916	1.19179
123.979	0.943913
124.048	1.4057
124.117	1.3849
124.379	0.411923
