10.0341	34
10.0694	34
10.0817	35
10.2474	35
10.2668	35
10.2826	35
10.3021	35
10.3179	35
10.3384	35
10.3547	37
10.3732	40
10.3895	41
10.408	42
10.4243	43
10.4469	45
10.4479	44
10.4637	44
10.4889	43
10.4899	43
10.5109	44
10.5372	44
10.5383	45
10.5624	46
10.5929	47
10.594	48
10.6234	52
10.6496	57
10.6507	57
10.6759	60
10.7053	63
10.7064	62
10.7342	64
10.7353	64
10.7694	64
10.7705	64
10.8025	64
10.8036	65
10.8382	65
10.8393	66
10.8724	66
10.8734	67
10.9081	71
10.9091	71
10.9401	75
10.9411	74
10.97	77
10.9711	75
10.9942	76
10.9953	74
11.0184	74
11.0194	71
11.0205	68
11.0441	66
11.0452	64
11.0683	62
11.0693	60
11.0704	59
11.1008	59
11.1019	58
11.1261	58
11.1271	58
11.1282	58
11.1649	59
11.166	59
11.1902	60
11.1912	60
11.1923	61
11.2343	62
11.2354	63
11.26	67
11.2611	67
11.2621	68
11.3055	73
11.3066	73
11.3297	76
11.3307	75
11.3318	74
11.3622	77
11.3633	75
11.389	76
11.3901	74
11.3911	72
11.4248	75
11.4258	73
11.4484	75
11.4494	73
11.4505	71
11.4778	73
11.4789	70
11.4799	68
11.502	66
11.503	65
11.5041	63
11.5303	62
11.5314	61
11.5324	60
11.5545	59
11.5556	58
11.5566	57
11.5834	57
11.5845	56
11.5855	56
11.6081	55
11.6091	55
11.6102	55
11.6375	55
11.6386	55
11.6396	54
11.6633	54
11.6643	54
11.6654	54
11.6943	55
11.6953	55
11.6964	55
11.7205	55
11.7216	55
11.7226	56
11.7531	56
11.7541	56
11.7552	57
11.7794	57
11.7804	57
11.7815	57
11.8135	57
11.8146	58
11.8156	58
11.8398	58
11.8408	58
11.8419	59
11.8744	63
11.8755	63
11.8765	63
11.9007	65
11.9018	65
11.9028	64
11.9354	68
11.9364	67
11.9375	67
11.9622	69
11.9632	68
11.9643	67
11.9979	71
11.9989	70
12	69
12.0242	71
12.0252	70
12.0263	69
12.0599	72
12.0609	71
12.062	70
12.0861	72
12.0872	71
12.0882	70
12.1208	73
12.1219	71
12.1229	70
12.1471	72
12.1481	71
12.1492	70
12.1823	73
12.1833	71
12.1844	70
12.2086	72
12.2096	71
12.2107	70
12.2432	73
12.2443	71
12.2453	70
12.2695	72
12.2705	71
12.2716	69
12.3078	73
12.3089	72
12.3099	71
12.3341	73
12.3352	72
12.3362	71
12.3688	74
12.3698	73
12.3709	71
12.395	73
12.3961	72
12.3971	70
12.4376	74
12.4386	74
12.4397	73
12.4638	76
12.4649	75
12.4659	74
12.5043	78
12.5053	77
12.5064	76
12.5306	77
12.5316	76
12.5327	75
12.5715	79
12.5726	77
12.5736	76
12.5978	78
12.5988	77
12.5999	76
12.6382	79
12.6393	78
12.6403	77
12.6645	78
12.6656	77
12.6666	76
12.7081	80
12.7091	79
12.7102	78
12.7343	80
12.7354	78
12.7364	77
12.7798	82
12.7809	81
12.7819	79
12.912	77
12.913	75
12.9314	73
12.9324	71
12.9676	69
12.9687	67
12.9871	66
12.9881	64
13.0217	63
13.0228	62
13.0407	61
13.0417	60
13.0753	63
13.0764	62
13.0942	63
13.0953	62
13.1305	65
13.1315	64
13.1499	65
13.151	64
13.1904	68
13.1914	67
13.2114	68
13.2124	68
13.255	72
13.256	71
13.2571	71
13.2792	70
13.2802	70
13.3254	70
13.3264	70
13.3275	70
13.349	70
13.3501	70
13.3947	70
13.3957	69
13.3968	69
13.4188	69
13.4199	69
13.4629	75
13.464	74
13.465	73
13.4834	75
13.4845	74
13.527	78
13.5281	76
13.5291	75
13.5486	76
13.5496	75
13.588	78
13.589	76
13.5901	74
13.6111	75
13.6121	74
13.6494	77
13.6505	75
13.6515	73
13.6725	74
13.6736	73
13.6746	71
13.7125	70
13.7135	69
13.7146	68
13.7345	68
13.7356	67
13.7366	66
13.7766	66
13.7776	66
13.7787	65
13.7997	65
13.8007	65
13.8018	65
13.8433	65
13.8443	65
13.8454	66
13.8664	66
13.8674	66
13.8685	66
13.9116	66
13.9126	66
13.9137	66
13.9352	67
13.9363	67
13.9373	67
13.9814	67
13.9824	68
13.9835	68
14.005	68
14.0061	68
14.0071	68
14.0512	69
14.0523	69
14.0533	69
14.0743	72
14.0754	71
14.0764	71
14.1195	76
14.1205	75
14.1216	74
14.1431	76
14.1442	75
14.1452	75
14.1857	79
14.1867	77
14.1878	76
14.2056	77
14.2067	75
14.2077	74
14.2482	77
14.2493	75
14.2503	74
14.2692	75
14.2703	74
14.2713	72
14.3112	76
14.3123	75
14.3133	73
14.3312	74
14.3323	73
14.3333	71
14.3732	75
14.3743	74
14.3753	72
14.3937	73
14.3948	72
14.3958	71
14.4373	75
14.4384	73
14.4394	72
14.4578	74
14.4589	72
14.4599	71
14.504	76
14.5051	75
14.5061	74
14.5266	76
14.5277	75
14.5287	74
14.5728	79
14.5739	78
14.5749	77
14.597	78
14.734	79
14.7351	78
14.7361	77
14.7808	76
14.8049	75
14.941	74
14.942	73
15.0056	80
15.0066	78
15.0077	77
15.0707	75
15.0718	74
15.0728	73
15.1369	72
15.138	71
15.139	70
15.2042	70
15.2052	70
15.2063	69
15.273	69
15.274	69
15.2751	69
15.3428	69
15.3439	69
15.3449	69
15.4111	69
15.4121	69
15.4132	69
15.4809	69
15.482	69
15.483	69
15.5455	68
15.5466	68
15.5476	67
15.6112	67
15.6123	67
15.6133	67
15.6758	66
15.6769	66
15.6779	66
15.7415	66
15.7425	66
15.7436	66
15.8098	66
15.8108	66
15.8119	66
15.8796	67
15.8807	67
15.8817	67
15.9495	68
15.9505	68
15.9516	68
16.0188	68
16.0198	68
16.0209	68
16.0876	68
16.0886	68
16.0897	68
16.1548	68
16.1559	68
16.1569	68
16.2231	68
16.2242	68
16.2252	68
16.2929	68
16.294	68
16.295	68
16.3628	68
16.3638	69
16.3649	69
16.431	69
16.4321	69
16.4331	69
16.4998	68
16.5009	68
16.5019	68
16.566	68
16.5671	68
16.5681	68
16.6343	68
16.6354	68
16.6364	68
16.7031	68
16.7042	68
16.7052	68
16.773	68
16.774	68
16.7751	68
16.8418	68
16.8428	68
16.8439	68
16.9111	68
16.9121	68
16.9132	69
16.9789	68
16.9799	68
16.981	68
17.0472	68
17.0482	68
17.0493	68
17.1165	68
17.1175	68
17.1186	68
17.1863	68
17.1874	69
17.1884	69
17.2556	69
17.2567	69
17.2577	69
17.3244	69
17.3255	69
17.3265	69
17.388	68
17.389	67
17.3901	67
17.4458	66
17.4468	64
17.4479	63
17.5077	63
17.5088	63
17.5098	63
17.5739	63
17.575	63
17.576	64
17.6412	64
17.6422	65
17.6433	65
17.71	65
17.711	66
17.7121	66
17.7798	66
17.7809	67
17.7819	67
17.8497	67
17.8507	68
17.8518	68
17.9185	68
17.9195	68
17.9206	68
17.9878	68
17.9888	68
17.9899	68
18.0534	76
18.0545	75
18.0555	74
18.1186	81
18.1196	79
18.1207	77
18.1826	83
18.1837	81
18.1847	79
18.2473	85
18.2483	83
18.2494	80
18.3171	87
18.3182	85
18.3192	83
18.3864	90
18.388	87
18.523	84
18.524	82
18.5839	87
18.585	84
18.6454	89
18.6464	85
18.7084	90
18.7095	87
18.7105	84
18.7772	82
18.7783	80
18.7793	79
18.8465	78
18.8476	76
18.8486	75
18.9164	75
18.9174	74
18.9185	73
18.9857	73
18.9868	72
18.9878	72
19.054	80
19.055	79
19.0561	77
19.1207	84
19.1217	82
19.1228	80
19.1879	87
19.189	84
19.19	82
19.2557	88
19.2568	86
19.2578	84
19.324	90
19.325	87
19.3261	85
19.3271	83
19.3943	82
19.3954	80
19.3964	79
19.3975	78
19.4642	77
19.4652	76
19.4663	75
19.4673	74
19.5314	73
19.5325	72
19.5335	72
19.5346	71
19.6008	71
19.6018	70
19.6029	70
19.6039	70
19.6696	70
19.6706	70
19.6717	69
19.6727	69
19.7384	69
19.7395	69
19.7405	69
19.7416	69
19.8082	69
19.8093	69
19.8103	69
19.8114	69
19.878	69
19.8791	69
19.8802	69
19.8812	69
19.9458	69
19.9469	69
19.9479	68
19.949	68
20.0136	68
20.0146	68
20.0157	68
20.0167	68
20.0824	68
20.0835	68
20.0845	68
20.0856	68
20.1522	68
20.1533	68
20.1543	69
20.1554	69
20.2221	69
20.2231	69
20.2242	69
20.2252	69
20.2909	69
20.2919	69
20.293	69
20.294	69
20.3602	69
20.3613	69
20.3623	69
20.3634	69
20.428	69
20.429	68
20.4301	68
20.4311	68
20.4978	68
20.4989	68
20.4999	68
20.501	68
20.5677	69
20.5687	69
20.5698	69
20.5708	69
20.637	69
20.638	69
20.6391	69
20.6401	69
20.7032	69
20.7042	68
20.7053	68
20.7063	68
20.7699	67
20.7709	67
20.772	67
20.773	67
20.8392	67
20.8403	68
20.8413	68
20.8424	68
20.9085	68
20.9096	68
20.9106	68
20.9117	68
20.9783	68
20.9794	68
20.9805	69
20.9815	69
21.0466	69
21.0477	68
21.0487	68
21.0498	68
21.1144	68
21.1154	68
21.1165	68
21.1175	68
21.1816	68
21.1827	68
21.1837	67
21.1848	67
21.2483	67
21.2494	67
21.2504	67
21.2515	67
21.3182	67
21.3192	68
21.3203	68
21.3213	68
21.388	68
21.389	68
21.3901	68
21.3911	69
21.4568	69
21.4579	68
21.4589	68
21.46	68
21.5251	68
21.5261	68
21.5272	68
21.5282	68
21.5934	68
21.5944	68
21.5955	68
21.5965	68
21.6627	68
21.6638	68
21.6648	68
21.6659	68
21.7326	68
21.7336	69
21.7347	69
21.7357	69
21.8024	69
21.8034	69
21.8045	69
21.8055	69
21.8696	69
21.8707	68
21.8717	68
21.8728	68
21.9337	67
21.9348	67
21.9358	67
21.9369	66
22.0015	66
22.0025	66
22.0036	67
22.0046	67
22.0697	75
22.0708	74
22.0718	73
22.0729	73
22.1364	80
22.1375	79
22.1385	77
22.1396	76
22.2016	83
22.2026	80
22.2037	79
22.2047	77
22.2672	83
22.2683	81
22.2693	79
22.2704	78
22.3329	84
22.334	82
22.335	80
22.3361	78
22.4017	85
22.4028	83
22.4038	81
22.4049	80
22.4059	78
22.4721	77
22.4731	76
22.4742	76
22.4752	75
22.4763	74
22.5419	74
22.5429	73
22.544	72
22.545	72
22.5461	72
22.6117	71
22.7346	77
22.7357	75
22.7367	73
22.7966	79
22.7977	77
22.7987	75
22.7998	74
22.8633	73
22.8644	72
22.8654	71
22.8665	71
22.9322	70
22.9332	70
22.9343	70
22.9353	70
23.002	70
23.003	70
23.0041	70
23.0051	70
23.0718	70
23.0729	69
23.0739	69
23.075	69
23.1416	69
23.1427	69
23.1438	70
23.1448	70
23.2083	78
23.2094	76
23.2104	75
23.2115	74
23.2745	81
23.2756	79
23.2766	78
23.2777	76
23.3413	83
23.3423	81
23.3434	79
23.3444	78
23.3455	77
23.4116	76
23.4127	75
23.4137	74
23.4148	74
23.4158	73
23.4809	73
23.482	72
23.483	72
23.4841	71
23.4851	71
23.5497	71
23.5508	71
23.5518	70
23.5529	70
23.5539	70
23.6175	69
23.6186	69
23.6196	69
23.6207	69
23.6217	69
23.6853	68
23.6863	68
23.6874	68
23.6884	68
23.6895	68
23.7541	76
23.7551	76
23.7562	75
23.7572	74
23.7583	74
23.8234	81
23.8245	80
23.8255	78
23.8266	77
23.8276	76
23.8932	84
23.8943	82
23.8953	80
23.8964	79
23.8974	78
23.9631	85
23.9641	83
23.9652	82
23.9662	80
23.9673	79
24.0324	86
24.0334	84
24.0345	82
24.0355	81
24.0366	79
24.1017	86
24.1027	84
24.1038	82
24.1048	81
24.1059	79
24.1695	86
24.1705	84
24.1716	82
24.1726	80
24.1737	79
24.2372	85
24.2383	83
24.2393	81
24.2404	80
24.2414	78
24.3071	85
24.3081	83
24.3092	82
24.3102	80
24.3113	79
24.3759	86
24.3769	84
24.378	82
24.379	80
24.3801	79
24.4442	86
24.4452	84
24.4463	82
24.4473	80
24.4484	79
24.5119	85
24.513	83
24.514	81
24.5151	80
24.5161	78
24.5818	85
24.5828	83
24.5839	82
24.5849	80
24.586	79
24.6495	86
24.6505	83
24.6516	82
24.6526	80
24.6537	78
24.7167	85
24.7178	83
24.7188	81
24.7199	79
24.7209	78
24.7861	85
24.7871	83
24.7882	81
24.7892	80
24.7903	79
24.8554	86
24.8564	84
24.8575	82
24.8585	80
24.8596	79
24.9252	86
24.9263	84
24.9273	82
24.9284	81
24.9294	80
24.9935	86
24.9945	84
24.9956	82
24.9966	80
24.9977	79
25.0618	86
25.0628	83
25.0639	82
25.0649	80
25.066	78
25.1316	85
25.1327	83
25.1337	82
25.1348	80
25.1358	79
25.2014	86
25.2025	84
25.2035	83
25.2046	81
25.2056	80
25.2708	87
25.2718	84
25.2729	83
25.2739	81
25.275	80
25.3374	86
25.3385	84
25.3395	82
25.3406	80
25.3416	78
25.4047	85
25.4057	83
25.4068	81
25.4078	79
25.4089	78
25.4704	84
25.4714	82
25.4725	80
25.4735	78
25.4746	77
25.5371	83
25.5381	81
25.5392	80
25.5402	78
25.5413	77
25.6064	84
25.6075	82
25.6085	80
25.6096	79
25.6106	78
25.6762	85
25.6773	83
25.6783	81
25.6794	80
25.6804	79
25.7461	86
25.9535	92
25.9546	89
25.9556	87
26.0224	93
26.0234	90
26.0245	87
26.0922	93
26.0933	91
26.2303	88
26.2313	85
26.2933	90
26.2944	87
26.2954	84
26.359	82
26.36	80
26.3611	78
26.4257	76
26.4268	75
26.4278	74
26.4935	73
26.4945	72
26.4956	72
26.5612	71
26.5623	71
26.5633	70
26.6311	70
26.6322	70
26.6332	70
26.7009	70
26.702	70
26.703	70
26.7708	70
26.7718	70
26.7729	69
26.838	69
26.8391	69
26.8401	69
26.9037	68
26.9047	68
26.9058	67
26.9715	67
26.9725	67
26.9736	67
27.0387	67
27.0398	67
27.0408	67
27.1075	67
27.1086	67
27.1096	68
27.1773	68
27.1784	68
27.1794	68
27.2467	68
27.2477	68
27.2488	68
27.3149	68
27.316	68
27.317	68
27.379	68
27.38	67
27.3811	67
27.4426	66
27.4436	66
27.4447	65
27.5066	65
27.5077	65
27.5087	65
27.5734	65
27.5744	65
27.5755	65
27.6437	66
27.6448	66
27.6458	67
27.712	67
27.7131	67
27.7141	67
27.7823	68
27.7834	68
27.7844	68
27.8491	68
27.8501	68
27.8512	68
27.9153	67
27.9163	67
27.9174	67
27.9804	67
27.9814	66
27.9825	66
28.0482	66
28.0492	66
28.0503	67
28.118	67
28.1191	67
28.1201	68
28.1878	68
28.1889	68
28.1899	68
28.2566	68
28.2576	68
28.2587	68
28.3233	68
28.3244	68
28.3254	68
28.3911	68
28.3921	68
28.3932	68
28.4599	68
28.461	68
28.462	68
28.5297	68
28.5308	68
28.5318	68
28.5996	68
28.6006	68
28.6017	69
28.6637	68
28.6647	67
28.6658	67
28.7283	67
28.7293	66
28.7304	66
28.7924	66
28.7934	65
28.7945	65
28.8575	65
28.8586	65
28.8596	65
28.9226	65
28.9237	65
28.9247	65
28.9894	65
28.9904	65
28.9915	65
29.0587	66
29.0598	66
29.0608	66
29.1286	67
29.1296	67
29.1307	67
29.1984	68
29.1994	68
29.2005	68
29.2682	68
29.2693	69
29.2703	69
29.336	77
29.337	76
29.3381	75
29.4053	82
29.4064	81
29.4074	80
29.472	86
29.473	84
29.4741	82
29.5377	88
29.5387	85
29.5398	83
29.6039	88
29.6049	86
29.606	83
29.6716	89
29.6727	87
29.6737	84
29.6748	82
29.742	81
29.743	80
29.7441	78
29.7451	77
29.8118	76
29.8129	75
29.8139	75
29.815	74
29.8811	73
29.8822	73
29.8832	73
29.8843	72
29.9457	80
29.9468	78
29.9478	76
29.9489	75
30.0119	81
30.013	79
30.014	78
30.0151	77
30.0771	83
30.0781	81
30.0792	79
30.0802	77
30.0813	76
30.1443	75
30.1453	74
30.1464	73
30.1474	72
30.1485	71
30.2126	71
30.2136	70
30.2147	70
30.2157	70
30.2168	69
30.2819	69
30.283	69
30.284	70
30.2851	70
30.2861	70
30.3512	78
30.3523	77
30.3533	76
30.3544	75
30.3554	75
30.4168	81
30.4179	79
30.4189	78
30.42	76
30.421	75
30.4221	74
30.4846	73
30.4857	72
30.4867	72
30.4878	71
30.4888	71
30.4899	70
30.5529	70
30.554	70
30.555	70
30.5561	70
30.5571	70
30.5582	70
30.6222	77
30.6233	77
30.6243	76
30.6254	75
30.6264	74
30.6275	74
30.6285	73
30.6915	73
30.6926	72
30.6936	72
30.6947	71
30.6957	71
30.6968	71
30.6978	70
30.7613	70
30.7624	70
30.7634	70
30.7645	70
30.7655	70
30.7666	70
30.7676	70
30.8301	78
30.8312	77
30.8322	76
30.8333	75
30.8343	75
30.8354	74
30.8364	73
30.8375	73
30.9	72
30.901	72
30.9021	72
30.9031	71
30.9042	71
30.9052	71
30.9063	71
30.9073	71
30.9682	70
30.9693	70
30.9703	70
30.9714	70
30.9724	70
30.9735	70
30.9745	69
30.9756	69
31.037	77
31.0381	76
31.0391	75
31.0402	74
31.0412	74
31.0423	73
31.0433	73
31.0444	72
31.0454	72
31.1037	71
31.1048	71
31.1058	70
31.1069	70
31.1079	69
31.109	69
31.11	69
31.1111	69
31.1121	68
31.1731	76
31.1741	75
31.1752	75
31.1762	74
31.1773	74
31.1783	73
31.1794	73
31.1804	72
31.1815	72
31.1825	72
31.2429	71
31.2439	71
31.245	71
31.246	71
31.2471	70
31.2482	70
31.2492	70
31.2503	70
31.2513	70
31.2524	70
31.3122	70
31.3132	70
31.3143	70
31.3153	70
31.3164	70
31.3174	70
31.3185	70
31.3195	70
31.3206	70
31.3216	70
31.3794	77
31.3805	76
31.3815	75
31.3826	74
31.3836	73
31.3847	72
31.3857	72
31.3868	71
31.3878	71
31.3889	70
31.3899	70
31.444	69
31.4451	69
31.4461	68
31.4472	68
31.4482	68
31.4493	67
31.4503	67
31.4514	67
31.4524	67
31.4535	67
31.4545	66
31.5128	73
31.5139	73
31.5149	72
31.516	72
31.517	72
31.5181	71
31.5191	71
31.5202	71
31.5212	71
31.5223	71
31.5234	70
31.5244	70
31.5837	70
31.6562	70
31.6572	69
31.6583	69
31.6593	68
31.6604	68
31.7192	68
31.7203	67
31.7213	67
31.7224	67
31.7234	67
31.7245	67
31.7255	66
31.7266	66
31.7875	66
31.7886	67
31.7896	67
31.7907	67
31.7917	67
31.7928	67
31.7938	67
31.7949	68
31.8568	75
31.8579	75
31.8589	74
31.86	73
31.861	73
31.8621	73
31.8631	72
31.8642	72
31.9272	80
32.0007	78
32.0017	77
32.0632	75
32.0642	74
32.0653	73
32.0663	72
32.0674	71
32.1315	79
32.1325	77
32.1336	76
32.1346	75
32.1357	75
32.2013	82
32.2024	80
32.2034	79
32.3415	78
32.3426	77
32.3436	76
32.3447	75
32.4103	74
32.4114	74
32.4124	73
32.4135	72
32.4776	72
32.4786	71
32.4797	70
32.4807	70
32.5474	70
32.5485	70
32.5495	70
32.5506	70
32.6152	69
32.6162	69
32.6173	69
32.6183	69
32.6793	77
32.6803	75
32.6814	74
32.6824	73
32.7444	79
32.7455	77
32.7465	76
32.7476	75
32.8101	81
32.8111	79
32.8122	78
32.8132	76
32.8794	83
32.8805	82
32.8815	80
32.8826	79
32.9492	86
32.9503	84
33.0873	82
33.0884	80
33.0894	78
33.1546	77
33.1556	76
33.1567	75
33.2229	74
33.2239	73
33.225	72
33.2912	80
33.2922	79
33.2933	78
33.36	85
33.361	83
33.3621	81
33.4293	88
33.4309	86
33.5695	84
33.5706	82
33.6388	89
33.6398	86
33.6409	84
33.705	82
33.706	80
33.7071	78
33.7722	77
33.7733	76
33.7743	74
33.841	74
33.8421	73
33.8431	72
33.9114	72
33.9124	72
33.9135	71
33.9807	71
33.9818	71
33.9828	71
34.0495	70
34.0506	70
34.0516	70
34.1188	70
34.1199	70
34.1209	69
34.1845	69
34.1855	68
34.1866	68
34.2522	68
34.2533	68
34.2543	68
34.3221	68
34.3231	68
34.3242	68
34.3919	68
34.393	68
34.394	69
34.4607	69
34.4618	69
34.4628	68
34.529	68
34.53	68
34.5311	68
34.5936	68
34.5947	67
34.5957	67
34.6577	66
34.6587	66
34.6598	66
34.7255	66
34.7265	66
34.7276	66
34.7948	67
34.7958	67
34.7969	67
34.8646	67
34.8657	68
34.8667	68
34.9287	67
34.9297	67
34.9308	66
34.9923	66
34.9933	66
34.9944	65
35.0553	65
35.0563	65
35.0574	64
35.1215	65
35.1225	65
35.1236	65
35.1908	65
35.1919	66
35.1929	66
35.2607	66
35.2617	67
35.2628	67
35.3305	67
35.3315	68
35.3326	68
35.3972	68
35.3982	68
35.3993	67
35.467	68
35.4681	68
35.4691	68
35.5369	68
35.5379	68
35.539	68
35.6025	68
35.6036	68
35.6046	67
35.6671	67
35.6682	67
35.6692	66
35.7318	66
35.7328	66
35.7339	65
35.8011	66
35.8021	66
35.8032	67
35.8709	67
35.872	67
35.873	67
35.9408	68
35.9418	68
35.9429	68
36.0064	68
36.0075	67
36.0085	67
36.0715	67
36.0726	67
36.0736	66
36.1341	66
36.1351	65
36.1362	65
36.2008	65
36.2018	65
36.2029	65
36.2701	66
36.2712	66
36.2722	67
36.3394	67
36.3405	67
36.3415	67
36.4093	68
36.4103	68
36.4114	68
36.4775	68
36.4786	68
36.4796	68
36.5421	67
36.5432	67
36.5442	67
36.6073	66
36.6083	66
36.6094	66
36.6724	74
36.6735	73
36.6745	72
36.7391	79
36.7402	78
36.7412	76
36.8085	84
36.8095	82
36.8106	80
36.8783	87
36.8794	85
36.8804	83
36.9481	90
36.9492	88
36.9502	86
37.0154	92
37.0164	89
37.0175	86
37.0185	84
37.0826	82
37.0837	80
37.0847	78
37.0858	77
37.1509	75
37.152	74
37.153	74
37.1541	73
37.2207	73
37.2218	72
37.2228	72
37.2239	72
37.289	80
37.2901	78
37.2911	77
37.2922	76
37.3583	84
37.3594	82
37.3604	80
37.3615	79
37.4282	86
37.4292	84
37.56	82
37.5611	79
37.5621	77
37.6257	76
37.6267	74
37.6278	73
37.6929	72
37.694	72
37.695	71
37.7612	71
37.7623	71
37.7633	70
37.83	78
37.8311	77
37.8321	76
37.8999	84
37.9009	82
38.0385	80
38.0396	79
38.1052	85
38.1063	83
38.1735	89
38.1746	87
38.2418	93
38.2429	90
38.3111	96
38.3122	92
38.381	98
38.382	95
38.5779	99
38.6425	102
38.6436	98
38.7082	94
38.7093	90
38.7744	87
38.7755	84
38.8438	82
38.8448	81
38.913	79
38.9141	78
38.9829	77
38.9839	76
39.0527	75
39.0538	74
39.1205	82
39.1215	80
39.1851	87
39.1861	84
39.2492	90
39.2502	86
39.3164	92
39.3175	89
39.3857	95
39.3868	91
39.3878	89
39.4561	86
39.4571	84
39.4582	83
39.5259	81
39.527	79
39.528	78
39.5937	77
39.5947	76
39.5958	74
39.6598	73
39.6609	72
39.6619	72
39.725	71
39.726	70
39.7271	69
39.7907	69
39.7917	68
39.7928	68
39.8584	68
39.8595	68
39.8605	68
39.9288	68
39.9298	68
39.9981	77
40.1341	76
40.1993	83
40.2644	89
40.3322	94
40.3332	91
40.4025	88
40.4036	86
40.4718	84
40.4729	82
40.5412	80
40.5422	79
40.611	78
40.612	77
40.6777	84
40.6787	82
40.7428	88
40.7439	85
40.8074	91
40.8085	87
40.8726	93
40.8736	89
40.9398	94
40.9409	91
40.9419	88
41.0102	86
41.0113	84
41.0123	82
41.08	81
41.0811	79
41.0821	78
41.1493	77
41.1504	76
41.1514	75
41.2182	74
41.2192	73
41.2203	73
41.2854	72
41.2864	71
41.2875	71
41.3542	70
41.3552	70
41.3563	70
41.424	70
41.4251	70
41.4261	70
41.4934	70
41.4944	70
41.4955	69
41.5632	69
41.5642	69
41.5653	69
41.6304	69
41.6315	69
41.6325	68
41.6982	68
41.6992	68
41.7003	68
41.7654	68
41.7665	68
41.7675	68
41.8337	68
41.8348	68
41.8358	68
41.9036	68
41.9046	68
41.9057	68
41.9734	68
41.9744	69
41.9755	69
42.0437	69
42.0448	69
42.0458	69
42.111	69
42.112	68
42.1131	68
42.175	68
42.1761	67
42.1771	67
42.2386	66
42.2397	66
42.2407	65
42.3022	65
42.3032	65
42.3043	65
42.3673	65
42.3684	65
42.3694	65
42.4346	65
42.4356	65
42.4367	65
42.5039	66
42.505	66
42.506	66
42.5737	67
42.5748	67
42.5758	67
42.6441	68
42.6451	68
42.6462	68
42.7108	68
42.7118	68
42.7129	67
42.7806	68
42.7817	68
42.7827	68
42.8499	68
42.8509	68
42.852	68
42.9192	68
42.9203	69
42.9213	69
42.9875	69
42.9886	68
42.9896	68
43.0568	68
43.0579	68
43.0589	68
43.1266	68
43.1277	69
43.1288	69
43.1965	69
43.1975	69
43.1986	69
43.2642	69
43.2653	69
43.2663	68
43.3294	68
43.3304	68
43.3315	67
43.3987	67
43.3998	67
43.4008	68
43.4685	68
43.4696	68
43.4706	68
43.5384	68
43.5394	69
43.5405	69
43.6051	68
43.6061	68
43.6072	68
43.6728	68
43.6739	68
43.6749	68
43.7411	76
43.7422	75
43.7432	74
43.8104	82
43.8115	80
43.8125	79
43.8797	86
43.8808	84
43.8818	82
43.9491	89
43.9501	87
43.9512	85
44.0189	91
44.0199	88
44.1518	85
44.1529	82
44.2154	87
44.2164	85
44.2175	82
44.281	80
44.2821	78
44.2831	77
44.3488	75
44.3499	74
44.3509	73
44.4181	73
44.4192	72
44.4202	72
44.488	72
44.489	71
44.4901	71
44.5578	71
44.5589	71
44.5599	70
44.6276	70
44.6287	70
44.6297	70
44.6943	78
44.6954	77
44.6964	76
44.759	82
44.76	80
44.7611	78
44.8236	84
44.8246	82
44.8257	80
44.8877	86
44.8887	83
44.8898	81
44.9533	86
44.9544	84
44.9554	82
44.9565	80
45.0237	79
45.0248	77
45.0258	76
45.0269	76
45.0935	75
45.0946	74
45.0956	74
45.0967	73
45.1618	72
45.1628	72
45.1639	71
45.1649	71
45.2306	70
45.2317	70
45.2327	70
45.2338	70
45.2994	70
45.3005	70
45.3015	69
45.3026	69
45.3693	69
45.3703	69
45.3714	69
45.3724	69
45.4391	69
45.4401	69
45.4412	69
45.4422	69
45.5089	69
45.51	69
45.511	69
45.5121	69
45.5756	69
45.5767	69
45.5777	68
45.5788	68
45.6408	67
45.6418	67
45.6429	67
45.6439	66
45.7064	66
45.7075	66
45.7085	66
45.7096	66
45.7732	66
45.7742	66
45.7753	66
45.7763	66
45.8414	66
45.8425	67
45.8435	67
45.8446	67
45.9113	67
45.9123	67
45.9134	68
45.9144	68
45.9811	68
45.9822	68
45.9832	68
45.9843	69
46.0504	69
46.0515	69
46.0525	69
46.0536	69
46.1202	69
46.1213	69
46.1223	69
46.1234	69
46.1901	69
46.1911	69
46.1922	69
46.1932	69
46.2594	69
46.2604	69
46.2615	69
46.2625	69
46.3292	69
46.3303	69
46.3313	69
46.3324	69
46.399	69
46.4001	69
46.4011	69
46.4022	69
46.4626	68
46.4636	68
46.4647	67
46.4657	66
46.5272	66
46.5283	66
46.5293	66
46.5304	66
46.5924	66
46.5934	65
46.5945	65
46.5955	65
46.6575	65
46.6585	65
46.6596	65
46.6606	65
46.7237	65
46.7247	65
46.7258	65
46.7268	65
46.7925	66
46.7936	66
46.7946	66
46.7957	67
46.8624	67
46.8634	67
46.8645	68
46.8655	68
46.9322	68
46.9332	68
46.9343	68
46.9353	68
47.0015	68
47.0026	68
47.0036	68
47.0047	68
47.0698	68
47.0708	68
47.0719	68
47.0729	68
47.1386	68
47.1397	68
47.1407	68
47.1418	68
47.2064	68
47.2074	68
47.2085	68
47.2095	68
47.2752	68
47.2762	68
47.2773	68
47.2783	68
47.3445	68
47.3455	68
47.3466	68
47.3476	68
47.4143	68
47.4154	69
47.4164	69
47.4175	69
47.4841	69
47.4852	69
47.4862	69
47.4873	69
47.5498	69
47.5508	68
47.5519	68
47.5529	67
47.6133	67
47.6144	66
47.6154	66
47.6165	66
47.6795	66
47.6806	66
47.6816	66
47.6827	66
47.7441	74
47.7452	73
47.7462	72
47.7473	71
47.8098	78
47.8109	76
47.8119	75
47.813	74
47.8781	81
47.8791	79
47.8802	78
47.8812	77
47.9479	84
47.949	82
47.95	81
47.9511	80
48.0178	87
48.0188	85
48.1532	82
48.1543	80
48.1553	78
48.221	77
48.2221	76
48.2231	75
48.2867	73
48.2877	72
48.2888	71
48.3534	78
48.3544	77
48.3555	76
48.4222	83
48.4233	81
48.4243	80
48.492	87
48.4931	85
48.6322	83
48.701	81
48.7021	80
48.7708	87
48.9027	84
48.9636	89
49.0251	93
49.0907	97
49.0918	93
49.1606	90
49.1617	88
49.2304	85
49.2315	83
49.2992	82
49.3003	80
49.368	79
49.3691	77
49.4353	85
49.4363	82
49.5036	89
49.5046	86
49.5718	92
49.5729	89
49.6417	95
49.6427	92
49.7115	98
49.7126	94
49.9074	98
49.9731	102
50.0403	106
50.1092	110
50.1102	105
50.1795	100
50.1806	96
50.2483	93
50.2494	90
50.3155	87
50.3166	84
50.3833	82
50.3843	81
50.4505	87
50.4516	85
50.5199	91
50.5209	88
50.5897	94
50.5908	91
50.6595	97
50.6606	94
50.7294	100
50.7304	96
50.93	100
50.9978	105
51.065	108
51.1339	112
51.1349	106
51.2042	102
51.2053	98
51.2741	94
51.2751	91
51.3392	88
51.3402	85
51.4001	90
51.4012	86
51.4621	91
51.4631	87
51.5262	92
51.5272	88
51.594	94
51.595	90
51.6638	96
51.6648	93
51.7326	98
51.7336	95
51.7347	92
51.8003	89
51.8014	86
51.8024	84
51.8707	82
51.8718	80
51.8728	79
51.9395	78
51.9406	77
51.9416	76
52.0078	75
52.0088	74
52.0099	73
52.074	72
52.075	71
52.0761	71
52.1402	70
52.1412	70
52.1423	69
52.21	69
52.2111	69
52.2121	69
52.2799	69
52.2809	69
52.282	69
52.3502	69
52.3513	69
52.3523	69
52.418	69
52.419	69
52.4201	69
52.4857	69
52.4868	68
52.4878	68
52.5545	68
52.5556	68
52.5566	68
52.6239	68
52.6249	68
52.626	68
52.6932	68
52.6942	69
52.6953	69
52.763	69
52.764	69
52.7651	69
52.8318	69
52.8328	69
52.8339	69
52.9006	69
52.9016	69
52.9027	69
52.9689	68
52.9699	68
52.971	68
53.0392	68
53.0403	69
53.0414	69
53.1096	69
53.1106	69
53.1117	69
53.1794	69
53.1805	69
53.1815	69
53.2498	69
53.2508	69
53.2519	69
53.3144	69
53.3154	68
53.3165	68
53.3806	67
53.3816	67
53.3827	67
53.4509	67
53.452	68
53.453	68
53.5166	68
53.5176	67
53.5187	67
53.5833	67
53.5843	67
53.5854	67
53.6484	67
53.6495	66
53.6505	66
53.7141	66
53.7152	66
53.7162	66
53.7819	66
53.7829	66
53.784	66
53.8522	67
53.8533	67
53.8543	68
53.9221	68
53.9231	68
53.9242	68
53.9919	68
53.9929	68
53.994	68
54.0539	67
54.0549	67
54.056	66
54.1153	65
54.1164	65
54.1174	65
54.1773	64
54.1784	64
54.1794	64
54.243	64
54.244	64
54.2451	64
54.3129	65
54.3139	65
54.315	66
54.3822	66
54.3832	67
54.3843	67
54.4515	67
54.4525	67
54.4536	68
54.5187	76
54.5197	75
54.5208	74
54.588	82
54.5891	80
54.5901	79
54.6569	86
54.6579	84
54.659	82
54.7262	89
54.7272	86
54.7283	84
54.796	91
54.797	88
54.9341	86
54.9351	84
54.9982	90
54.9992	87
55.0649	92
55.0659	89
55.1316	94
55.1327	91
55.1337	88
55.2004	85
55.2015	83
55.2025	82
55.2697	80
55.2708	78
55.2718	77
55.3396	76
55.3406	75
55.3417	75
55.4078	74
55.4089	73
55.4099	73
55.4751	80
55.4761	79
55.4772	77
55.5434	84
55.5444	82
55.5455	81
55.6117	87
55.6127	85
55.6138	83
55.681	89
55.6821	87
55.6831	85
55.7508	91
55.7519	89
55.8879	86
55.8889	84
55.9546	90
55.9557	87
56.0218	93
56.0229	90
56.0886	95
56.0896	92
56.0907	89
56.1579	86
56.159	84
56.16	82
56.2277	80
56.2288	79
56.2298	78
56.2981	77
56.2991	76
56.3002	75
56.3679	75
56.5003	73
56.5013	72
56.5675	71
56.5686	71
56.6369	79
56.6379	78
56.7046	85
56.7057	83
56.7729	89
56.7739	87
56.8417	93
56.8428	90
56.91	96
56.911	92
56.9798	98
56.9809	94
57.0497	100
57.2503	104
57.3149	107
57.3806	109
57.4478	112
57.5166	115
57.5177	109
57.5875	105
57.7944	109
57.8638	112
57.9326	115
58.0024	118
58.0691	121
58.1348	122
58.202	123
58.2713	125
58.3412	127
58.6174	128
58.8894	129
58.9556	129
59.0224	129
59.0896	130
59.1584	131
59.2282	132
59.2976	132
59.3668	133
59.432	133
59.494	132
59.557	131
59.6216	131
59.6894	131
59.7592	132
59.8291	133
59.8979	133
59.9672	134
60.0334	134
60.1011	134
60.171	134
60.2408	135
60.3075	135
60.3742	135
60.4399	134
60.5082	134
60.5785	135
60.8495	134
60.9157	134
60.9845	134
61.0549	135
61.3332	135
61.4025	136
61.4713	136
61.537	136
61.6058	135
61.6757	136
61.7455	136
61.8138	136
61.8831	136
61.9524	137
62.0218	137
62.0916	137
62.1614	137
62.2307	137
62.3006	138
62.5742	138
62.6441	138
62.7123	138
62.779	137
62.8442	137
62.9119	136
62.9823	136
63.2465	136
63.3148	136
63.3847	136
63.4545	136
63.5233	137
63.5931	137
63.6582	137
63.7229	136
63.787	135
63.8526	134
63.8537	125
63.9209	118
63.922	112
63.9907	107
63.9918	102
64.0606	98
64.0616	94
64.1267	91
64.1278	88
64.1924	85
64.1935	82
64.2607	81
64.2618	79
64.3285	77
64.3295	76
64.3983	75
64.3993	75
64.4676	74
64.4687	73
64.5349	72
64.5359	72
64.6031	71
64.6042	71
64.673	71
64.674	70
64.7433	70
64.7444	70
64.8132	70
64.8142	70
64.8804	70
64.8815	69
64.9492	69
64.9503	69
65.018	69
65.0191	69
65.0879	69
65.0889	69
65.1577	69
65.1587	69
65.2254	69
65.2265	69
65.2927	68
65.2937	68
65.3599	68
65.361	68
65.4282	68
65.4292	68
65.496	68
65.497	68
65.5658	68
65.5669	68
65.6346	68
65.6357	68
65.7044	68
65.7055	68
65.7732	68
65.7743	68
65.84	68
65.841	68
65.9083	68
65.9093	68
65.976	68
65.9771	68
66.0438	68
66.0448	68
66.1121	68
66.1131	68
66.1814	68
66.1825	68
66.2512	68
66.2523	68
66.3211	68
66.3221	69
66.3904	77
66.3914	76
66.456	83
66.4571	81
66.5227	87
66.5238	85
66.5879	90
66.5889	87
66.59	85
66.6546	82
66.6557	80
66.6567	79
66.7218	77
66.7229	76
66.7239	75
66.7907	74
66.7917	73
66.7928	73
66.86	81
66.861	79
66.8621	78
66.9298	86
66.9308	84
67.0669	82
67.0679	80
67.1336	86
67.1347	84
67.2008	90
67.2019	87
67.2707	93
67.2717	90
67.4771	96
67.5433	101
67.6105	105
67.6803	109
67.7496	112
67.7507	107
67.8195	102
67.8205	98
67.8883	94
67.8893	91
67.956	88
67.9571	86
68.0233	83
68.0243	81
68.0916	79
68.0926	78
68.1609	85
68.1619	83
68.2302	90
68.2312	88
68.2984	94
68.2995	91
68.3652	96
68.3662	92
68.434	98
68.435	94
68.5038	99
68.5049	96
68.5736	101
68.5747	97
68.6424	102
68.6435	98
68.7107	103
68.7117	98
68.779	103
68.78	99
68.8483	104
68.8493	99
68.9181	104
68.9192	100
68.9854	104
68.9864	100
69.0516	104
69.0526	99
69.1172	103
69.1183	98
69.1845	103
69.1855	98
69.2538	103
69.2549	99
69.3236	103
69.3247	99
69.394	104
69.5998	108
69.6676	111
69.7359	114
69.8052	117
69.8063	111
69.8756	106
69.8766	102
69.9454	98
69.9464	94
70.0126	91
70.0137	88
70.0783	85
70.0794	82
70.145	80
70.1461	79
70.2138	77
70.2149	76
70.2831	84
70.2842	82
70.353	89
70.354	87
70.4186	93
70.4197	89
70.4838	94
70.4848	91
70.551	96
70.5521	92
70.6198	98
70.6209	94
70.6896	99
70.6907	96
70.759	101
70.76	97
70.8252	102
70.8262	97
70.8919	102
70.8929	97
70.9575	101
70.9586	97
71.0258	101
71.0269	97
71.0956	102
71.0967	98
71.1655	103
71.1665	99
71.2332	104
71.2343	99
71.3015	104
71.3026	99
71.3708	104
71.3719	100
71.4407	104
71.4417	100
71.5084	105
71.5095	100
71.5767	104
71.5778	100
71.6465	105
71.6476	100
71.7164	105
71.7174	101
71.7846	105
71.7857	101
71.8529	105
71.854	100
71.9223	105
71.9233	101
71.9921	105
71.9931	101
72.0619	106
72.063	101
72.1302	105
72.1312	101
72.1958	105
72.1969	100
72.2636	104
72.2647	99
72.3319	104
72.333	99
72.4007	104
72.4018	100
72.47	104
72.4711	100
72.5399	105
72.5409	100
72.6097	105
72.6108	101
72.6759	105
72.677	100
72.7421	104
72.7431	99
72.8109	104
72.812	99
72.8803	104
72.8813	100
72.9501	105
72.9512	100
73.1544	104
73.2195	108
73.2857	110
73.3514	113
73.3524	107
73.4197	102
73.4207	98
73.4895	94
73.4906	91
73.5593	89
73.5604	86
73.6292	84
73.6302	82
73.6969	89
73.698	86
73.7663	92
73.7673	90
73.8314	95
73.8325	91
73.8966	96
73.8976	92
73.9638	97
73.9648	93
73.9659	90
74.0331	88
74.0342	85
74.0352	83
74.1024	81
74.1035	80
74.1045	78
74.1702	77
74.1713	76
74.1723	75
74.24	74
74.2411	74
74.2421	73
74.3089	72
74.3099	72
74.311	71
74.3792	71
74.3803	71
74.3813	71
74.448	71
74.4491	70
74.4501	70
74.5158	70
74.5168	69
74.5179	69
74.583	69
74.5841	69
74.5851	68
74.6518	68
74.6529	68
74.6539	68
74.7217	68
74.7227	68
74.7238	69
74.7899	68
74.791	68
74.792	68
74.8587	68
74.8598	68
74.8608	68
74.9286	68
74.9296	69
74.9307	69
74.9984	69
74.9995	69
75.0005	69
75.0656	69
75.0667	68
75.0677	68
75.1318	68
75.1329	68
75.1339	67
75.1975	67
75.1986	67
75.1996	67
75.2647	67
75.2658	67
75.2668	67
75.3341	67
75.3351	67
75.3362	68
75.4039	68
75.405	68
75.406	68
75.4737	68
75.4748	68
75.4758	68
75.5378	68
75.5389	67
75.5399	67
75.6045	67
75.6056	67
75.6066	67
75.6702	67
75.6713	66
75.6723	66
75.7374	66
75.7385	66
75.7395	66
75.8073	67
75.8083	67
75.8094	67
75.8756	67
75.8766	67
75.8777	67
75.9449	68
75.946	68
75.947	68
76.0142	68
76.0153	68
76.0163	68
76.0835	68
76.0846	68
76.0856	68
76.1497	68
76.1508	68
76.1518	67
76.2164	67
76.2175	67
76.2185	67
76.2826	67
76.2837	67
76.2847	67
76.3504	67
76.3514	67
76.3525	67
76.4202	67
76.4213	67
76.4223	68
76.4901	68
76.4911	68
76.4922	68
76.5588	68
76.5599	68
76.5609	68
76.6287	68
76.6297	68
76.6308	69
76.6985	69
76.6996	69
76.7006	69
76.7678	78
76.7689	77
76.7699	76
76.8376	83
76.8387	82
76.8398	80
76.9059	87
76.907	85
76.908	83
76.9732	89
76.9742	87
76.9753	84
77.042	90
77.043	88
77.0441	85
77.0451	83
77.1123	82
77.1134	80
77.1144	79
77.1155	78
77.1822	77
77.1832	76
77.1843	75
77.1853	74
77.251	74
77.252	73
77.2531	73
77.2541	72
77.3156	79
77.3166	78
77.3177	76
77.3187	75
77.3796	81
77.3807	79
77.3817	77
77.3828	75
77.4432	82
77.4443	79
77.4453	78
77.4464	76
77.4474	74
77.5083	73
77.5094	72
77.5105	71
77.5115	70
77.5126	70
77.5756	69
77.5766	69
77.5777	69
77.5787	68
77.5798	68
77.6449	68
77.646	68
77.647	69
77.6481	69
77.6491	69
77.7142	77
77.7153	76
77.7163	76
77.7174	75
77.7184	74
77.7835	82
77.7851	80
77.9232	87
77.9243	85
77.9253	83
77.9899	89
78.1255	87
78.1265	84
78.1927	90
78.1938	87
78.1948	85
78.2631	83
78.2641	82
78.2652	80
78.3329	79
78.334	77
78.335	76
78.4017	75
78.4027	75
78.4038	74
78.471	73
78.4721	73
78.4731	72
78.5388	72
78.5399	71
78.5409	70
78.6071	70
78.6081	70
78.6092	70
78.6769	70
78.678	69
78.679	69
78.7468	69
78.7478	69
78.7489	69
78.8166	69
78.8177	69
78.8187	69
78.8859	69
78.887	69
78.888	69
78.9557	69
78.9568	69
78.9578	69
79.0256	69
79.0266	69
79.0277	69
79.0944	69
79.0954	69
79.0965	69
79.1611	69
79.1621	68
79.1632	68
79.2283	68
79.2294	68
79.2304	68
79.2977	68
79.2987	68
79.2998	68
79.367	68
79.368	68
79.3691	68
79.4368	68
79.4379	68
79.4389	68
79.5066	69
79.5077	69
79.5087	69
79.5754	69
79.5765	69
79.5775	69
79.6453	69
79.6463	69
79.6474	69
79.7151	69
79.7162	69
79.7172	69
79.7849	69
79.786	69
79.7871	69
79.8548	69
79.8558	69
79.8569	69
79.9246	69
79.9257	69
79.9267	69
79.9924	69
79.9934	69
79.9945	69
80.0601	69
80.0612	68
80.0623	68
80.129	68
80.13	68
80.1311	68
80.1988	68
80.1999	68
80.2009	68
80.2681	69
80.2692	69
80.2702	69
80.338	69
80.339	69
80.3401	69
80.4078	69
80.4088	69
80.4099	69
80.4755	69
80.4766	69
80.4776	68
80.5407	68
80.5417	68
80.5428	67
80.6058	67
80.6068	67
80.6079	66
80.6725	66
80.6736	66
80.6746	66
80.7413	67
80.7424	67
80.7434	67
80.8112	67
80.8122	68
80.8133	68
80.881	68
80.882	68
80.8831	68
80.9498	68
80.9508	68
80.9519	68
81.0191	68
81.0202	68
81.0212	69
81.0885	69
81.0895	69
81.0906	69
81.1583	69
81.1593	69
81.1604	69
81.2286	69
81.3652	69
81.3663	68
81.433	68
81.434	68
81.5028	68
81.5038	68
81.5711	68
81.5721	68
81.6378	77
81.6388	75
81.7039	82
81.705	80
81.7696	87
81.7707	84
81.8363	90
81.8374	87
81.8384	85
81.9041	83
81.9051	81
81.9062	79
81.9739	78
81.975	77
81.976	76
82.0433	75
82.0443	74
82.0454	74
82.1115	73
82.1126	72
82.1136	72
82.1793	71
82.1803	71
82.1814	70
82.246	78
82.247	77
82.2481	76
82.3111	82
82.3122	80
82.3132	78
82.3773	85
82.3784	82
82.3794	80
82.4451	87
82.4461	85
82.4472	83
82.5144	89
82.5155	87
82.5165	84
82.5848	91
82.7198	88
82.7208	85
82.787	83
82.7881	81
82.8548	88
82.8558	85
82.9247	91
83.1295	97
83.1978	102
83.2681	106
83.5391	109
83.6037	104
83.6694	99
83.7366	95
83.8049	91
83.8748	89
83.9441	86
84.0139	84
84.0822	82
84.1489	80
84.2167	78
84.285	77
84.3538	76
84.4236	75
84.4935	74
84.5633	74
84.6311	73
84.6988	72
84.7671	72
84.8369	71
84.9063	71
84.974	79
85.0428	86
85.109	92
85.1762	97
85.2456	102
85.3154	107
85.5228	110
85.589	113
85.6541	116
85.7219	118
85.7896	120
85.8589	122
85.86	115
85.9288	110
85.9299	105
85.9955	100
85.9965	96
86.0643	92
86.0653	89
86.1331	87
86.1342	84
86.2003	82
86.2014	80
86.2697	79
86.2707	77
86.34	77
86.3411	76
86.4104	75
86.4114	74
86.4739	73
86.475	72
86.538	71
86.5391	70
86.6021	69
86.6032	68
86.6683	68
86.6694	68
86.735	68
86.7361	67
86.8044	68
86.8054	68
86.8742	68
86.8753	68
86.9425	68
86.9435	68
87.0102	68
87.0113	68
87.0769	68
87.078	67
87.1431	67
87.1442	67
87.2104	67
87.2114	67
87.2797	67
87.2808	67
87.3501	68
87.3511	68
87.4189	68
87.4199	68
87.4851	68
87.4861	68
87.5539	68
87.5549	68
87.6227	68
87.6238	68
87.692	68
87.6931	68
87.7613	68
87.7624	68
87.8312	68
87.8322	69
87.901	69
87.9021	69
87.9682	68
87.9693	68
88.0302	67
88.0313	67
88.0933	66
88.0943	66
88.1594	66
88.1605	66
88.2283	66
88.2293	66
88.2981	67
88.2991	67
88.3674	67
88.3684	67
88.4351	67
88.4362	67
88.505	68
88.506	68
88.5748	68
88.5759	68
88.6431	77
88.6441	76
88.7129	83
88.714	82
88.7817	89
88.7828	86
88.8469	92
88.8479	89
88.9136	94
88.9146	91
88.9157	88
88.9834	85
88.9845	83
88.9855	82
89.0527	80
89.0538	79
89.0548	77
89.1226	76
89.1236	76
89.1247	75
89.1882	74
89.1893	73
89.1903	72
89.2555	79
89.2565	78
89.2576	77
89.3238	84
89.3248	82
89.3259	80
89.3942	87
89.5343	85
89.6016	83
89.6026	81
89.6699	79
89.6709	78
89.7371	76
89.7382	75
89.8064	83
89.8075	81
89.8763	88
89.8773	86
89.9456	92
89.9466	90
89.9477	87
90.0138	85
90.0149	82
90.0159	81
90.0837	79
90.0847	78
90.0858	77
90.154	76
90.1551	75
90.1561	75
90.2239	74
90.2249	73
90.226	73
90.2911	81
90.2921	79
90.2932	78
90.3594	85
90.3604	83
90.3615	81
90.4287	88
90.4297	85
90.4308	83
90.498	90
90.4991	88
90.5001	85
90.5679	92
90.5689	89
90.7049	86
90.769	83
90.7701	81
90.8326	87
90.8336	84
90.8972	89
90.8982	86
90.9634	92
90.9644	89
90.9655	86
91.0337	84
91.0348	82
91.0358	80
91.1031	79
91.1041	78
91.1052	77
91.1729	76
91.1739	75
91.175	74
91.2427	74
91.2438	73
91.2448	73
91.311	81
91.312	79
91.3131	78
91.3798	85
91.3808	83
91.3819	81
91.4496	88
91.4507	86
91.4517	84
91.5184	91
91.5195	88
91.5205	86
91.5872	92
91.5883	89
91.5893	87
91.5904	84
91.657	83
91.6581	81
91.6591	80
91.6602	78
91.7263	77
91.7274	76
91.7284	75
91.7295	74
91.7946	73
91.7957	73
91.7967	72
91.7978	71
91.8635	71
91.8645	71
91.8656	70
91.8666	70
91.9333	70
91.9343	70
91.9354	70
91.9364	70
92.001	70
92.0021	69
92.0031	69
92.0042	69
92.0667	68
92.0677	68
92.0688	67
92.0698	67
92.1318	67
92.1329	66
92.1339	66
92.135	66
92.2001	66
92.2012	67
92.2022	67
92.2033	67
92.2689	67
92.27	67
92.271	67
92.2721	67
92.3388	68
92.3398	68
92.3409	68
92.3419	68
92.4091	68
92.4102	69
92.4112	69
92.4123	69
92.4785	69
92.4795	69
92.4806	69
92.4816	69
92.5473	69
92.5483	69
92.5494	69
92.5504	69
92.6176	69
92.6187	69
92.6197	69
92.6208	69
92.6854	69
92.6864	69
92.6875	69
92.6885	68
92.7547	68
92.7558	68
92.7568	68
92.7579	68
92.8245	69
92.8256	69
92.8266	69
92.8277	69
92.8933	69
92.8944	69
92.8954	69
92.8965	69
92.9627	69
92.9637	69
92.9648	69
92.9658	69
93.0325	69
93.0335	69
93.0346	69
93.0356	69
93.0997	69
93.1007	68
93.1018	68
93.1028	68
93.1654	68
93.1664	67
93.1675	67
93.1685	67
93.2321	67
93.2331	67
93.2342	67
93.2352	67
93.3014	67
93.3025	67
93.3035	67
93.3046	67
93.3712	68
93.3723	68
93.3733	68
93.3744	68
93.44	68
93.4411	68
93.4421	68
93.4432	68
93.5103	69
93.5114	69
93.5125	69
93.5135	69
93.5781	69
93.5792	69
93.5802	68
93.5813	68
93.6464	68
93.6475	68
93.6485	68
93.6496	68
93.7157	68
93.7168	68
93.7178	68
93.7189	68
93.785	68
93.7861	68
93.7871	69
93.7882	69
93.8548	69
93.8559	69
93.8569	69
93.858	69
93.9231	69
93.9242	69
93.9252	69
93.9263	69
93.9904	68
93.9914	68
93.9925	68
93.9935	68
94.0576	68
94.0586	67
94.0597	67
94.0607	67
94.1274	68
94.1285	68
94.1295	68
94.1306	68
94.1973	68
94.1983	68
94.1994	69
94.2004	69
94.2661	69
94.2671	69
94.2682	69
94.2692	69
94.3306	77
94.3317	75
94.3327	74
94.3338	73
94.3979	79
94.3989	78
94.4	77
94.401	76
94.4662	83
94.4672	81
94.4683	80
94.4693	78
94.534	85
94.535	83
94.5361	81
94.5371	80
94.6038	86
94.6048	84
94.6059	82
94.7435	81
94.7445	79
94.7456	78
94.8102	76
94.8112	75
94.8123	74
94.879	82
94.88	80
94.8811	79
94.9493	86
95.0827	83
95.0838	81
95.1495	79
95.1505	78
95.2178	76
95.2188	75
95.2855	74
95.2866	74
95.3543	73
95.3554	72
95.4247	72
95.6285	80
95.6983	87
95.7682	94
95.838	99
95.9068	104
95.9078	100
95.974	96
95.9751	92
96.0423	89
96.0434	86
96.1111	84
96.1122	82
96.1809	80
96.182	79
96.2508	78
96.2518	77
96.3175	84
96.3185	82
96.3826	88
96.3837	85
96.4504	91
96.4514	88
96.5197	94
96.5208	91
96.5896	97
96.5906	94
96.6594	99
96.6605	96
96.7287	101
96.7298	97
96.7985	102
96.7996	98
96.8684	103
96.8694	99
96.934	103
96.9351	99
96.9992	103
97.0002	98
97.0659	102
97.0669	98
97.1347	102
97.1358	98
97.204	103
97.2051	99
97.2739	104
97.2749	99
97.3437	104
97.3447	100
97.4109	104
97.412	100
97.4787	104
97.4797	100
97.5475	104
97.5485	100
97.6147	104
97.6158	100
97.6825	104
97.6835	99
97.7518	104
97.7529	100
97.8216	104
97.8227	100
97.8915	105
97.8925	101
97.9613	105
97.9624	101
98.0307	106
98.0317	101
98.0984	105
98.0995	101
98.1657	105
98.1667	100
98.2308	104
98.2319	99
98.2986	103
98.2996	99
98.3679	103
98.369	99
98.4377	104
98.4388	100
98.5076	105
98.7119	108
98.7817	112
98.8516	115
99.0543	117
99.1189	119
99.184	120
99.2492	121
99.3154	123
99.3852	124
99.455	126
99.5248	128
99.5947	129
99.6593	130
99.725	130
99.7922	130
99.86	131
99.9298	131
100	132
100.27	133
100.339	133
100.409	133
100.479	134
100.752	134
100.82	134
100.889	135
100.958	135
101.027	135
101.096	136
101.163	135
101.23	135
101.297	135
101.367	135
101.436	136
101.505	136
101.574	136
101.638	136
101.701	134
101.764	133
101.831	133
101.9	133
101.97	134
102.04	134
102.311	134
102.381	135
102.45	135
102.52	136
102.586	135
102.653	135
102.722	135
102.792	136
102.859	136
102.925	135
102.993	135
103.063	136
103.133	136
103.201	136
103.269	136
103.337	136
103.407	136
103.475	136
103.544	136
103.614	137
103.682	137
103.749	136
103.815	136
103.883	136
103.951	136
104.02	136
104.09	136
104.159	136
104.627	136
104.697	136
104.766	137
104.835	137
104.905	137
104.973	137
105.042	137
105.111	137
105.18	137
105.25	137
105.319	137
105.386	137
105.454	137
105.523	137
105.592	137
105.662	137
105.732	137
105.8	137
105.863	137
105.928	135
105.994	135
106.063	135
106.133	135
106.202	136
106.271	136
106.335	136
106.396	134
106.457	133
106.52	131
106.584	131
106.652	131
106.721	132
106.791	132
106.861	133
106.93	134
106.999	135
107.069	135
107.138	135
107.208	136
107.278	136
107.483	128
107.552	129
107.623	130
107.895	131
107.965	132
108.446	132
108.514	124
108.583	117
108.652	111
108.722	106
108.791	101
108.858	97
108.926	93
108.995	90
109.065	88
109.134	85
109.203	83
109.273	81
109.342	80
109.407	78
109.472	76
109.537	75
109.605	74
109.674	73
109.745	73
109.814	72
109.878	80
109.943	86
110.006	91
110.073	96
110.142	101
110.143	97
110.212	93
110.213	90
110.281	88
110.282	86
110.351	83
110.352	82
110.417	80
110.418	78
110.482	85
110.483	82
110.55	88
110.551	86
110.619	92
110.62	89
110.621	87
110.689	84
110.69	83
110.691	81
110.758	79
110.76	78
110.761	77
110.823	84
110.824	82
110.825	80
110.889	86
110.89	83
110.891	81
110.892	79
110.955	77
110.956	76
110.957	75
110.958	74
111.023	73
111.024	72
111.025	72
111.026	71
111.092	79
111.093	78
111.094	77
111.095	76
111.162	84
111.163	82
111.291	80
111.292	78
111.293	76
111.355	74
111.356	73
111.357	71
111.42	71
111.421	70
111.422	69
111.486	69
111.487	68
111.488	68
111.555	76
111.556	76
111.557	75
111.625	83
111.626	81
111.627	80
111.695	87
111.831	84
111.897	82
111.898	80
111.966	79
111.968	77
112.036	76
112.037	76
112.106	75
112.107	74
112.174	73
112.175	72
112.237	80
112.239	78
112.304	84
112.305	82
112.372	89
112.374	86
112.442	92
112.443	89
112.511	95
112.512	92
112.513	90
112.58	87
112.581	84
112.582	82
112.65	81
112.651	79
112.652	78
112.718	77
112.719	76
112.72	75
112.784	74
112.785	73
112.786	72
112.85	71
112.851	70
112.852	69
112.918	69
112.919	69
112.92	69
112.988	69
112.989	69
112.99	69
113.058	69
113.059	69
113.06	69
113.128	69
113.129	69
113.13	69
113.198	69
113.199	69
113.2	69
113.267	69
113.268	69
113.269	69
113.337	69
113.338	69
113.339	69
113.405	69
113.406	69
113.407	69
113.474	69
113.475	69
113.476	68
113.544	69
113.545	69
113.546	69
113.611	69
113.612	69
113.613	68
113.678	68
113.679	68
113.68	67
113.745	67
113.746	67
113.747	67
113.815	68
113.816	68
113.817	68
113.884	68
113.885	68
113.886	68
113.954	68
113.955	68
113.956	68
114.024	69
114.025	69
114.026	69
114.089	68
114.09	68
114.091	67
114.154	67
114.155	67
114.157	67
114.22	67
114.221	66
114.222	66
114.287	66
114.288	66
114.289	66
114.355	66
114.356	67
114.357	67
114.424	67
114.425	67
114.426	67
114.493	67
114.494	68
114.495	68
114.562	68
114.563	68
114.564	68
114.63	68
114.631	68
114.632	68
114.7	68
114.701	68
114.702	69
114.77	69
114.771	69
114.772	69
114.836	68
114.837	68
114.838	67
114.902	67
114.903	67
114.904	67
114.968	67
114.969	67
114.97	67
115.036	67
115.037	67
115.038	67
115.106	67
115.107	68
115.108	68
115.176	68
115.177	68
115.178	68
115.245	68
115.246	68
115.247	68
115.314	77
115.315	76
115.316	75
115.38	83
115.381	81
115.382	79
115.448	85
115.449	83
115.45	81
115.515	87
115.516	85
115.517	83
115.583	89
115.584	87
115.585	85
115.586	83
115.653	81
115.654	79
115.655	78
115.656	77
115.723	76
115.724	75
115.725	74
115.726	74
115.791	73
115.792	72
115.793	72
115.794	71
115.86	79
115.861	78
115.862	77
115.863	76
115.928	83
115.929	82
115.93	80
115.931	79
115.998	86
115.999	84
116.135	82
116.136	80
116.137	78
116.203	77
116.204	76
116.205	75
116.273	74
116.274	74
116.275	73
116.342	81
116.343	80
116.344	78
116.409	85
116.41	83
116.411	81
116.476	87
116.478	85
116.479	83
116.48	81
116.544	79
116.545	78
116.546	77
116.547	75
116.614	75
116.615	74
116.616	74
116.617	73
116.683	72
116.684	72
116.686	72
116.687	71
116.753	71
116.754	71
116.755	71
116.756	71
116.82	79
116.821	77
116.823	76
116.824	75
116.882	81
116.883	79
116.885	77
116.886	75
116.945	81
116.946	78
116.947	77
116.948	75
117.011	81
117.012	79
117.013	78
117.014	76
117.079	83
117.08	81
117.081	80
117.082	78
117.083	77
117.15	76
117.288	84
117.289	82
117.291	80
117.356	79
117.357	77
117.358	76
117.424	75
117.425	74
117.427	73
117.493	81
117.494	79
117.495	78
117.562	85
117.563	83
117.564	81
117.631	88
117.632	86
117.767	83
117.768	81
117.833	87
117.834	85
117.835	82
117.9	80
117.901	79
117.902	77
117.97	76
117.971	75
117.972	75
118.039	74
118.04	73
118.041	72
118.109	72
118.11	72
118.111	71
118.177	71
118.178	71
118.179	70
118.247	70
118.248	70
118.249	70
118.314	69
118.315	69
118.316	69
118.382	69
118.383	68
118.384	68
118.452	68
118.453	68
118.454	69
118.521	69
118.522	69
118.523	69
118.591	69
118.592	69
118.593	69
118.655	68
118.657	68
118.658	67
118.721	67
118.722	67
118.723	66
118.787	66
118.788	66
118.789	66
118.855	66
118.856	66
118.857	67
118.924	67
118.925	67
118.926	68
118.994	68
118.995	68
118.996	68
119.064	68
119.065	68
119.066	69
119.129	68
119.13	67
119.131	67
119.196	67
119.197	67
119.198	67
119.263	67
119.264	67
119.265	67
119.331	67
119.332	67
119.333	67
119.4	67
119.401	68
119.402	68
119.47	68
119.471	68
119.472	68
119.539	68
119.54	68
119.541	68
119.609	69
119.61	69
119.611	69
119.676	68
119.677	68
119.678	68
119.738	67
119.739	67
119.74	66
119.804	66
119.805	66
119.806	65
119.868	65
119.869	65
119.87	65
119.935	65
119.936	65
119.937	65
120.001	65
120.002	65
120.003	65
120.067	65
120.068	65
120.069	65
120.135	66
120.136	66
120.137	66
120.205	67
120.206	67
120.207	67
120.275	68
120.276	68
120.277	68
120.343	68
120.344	68
120.346	68
120.411	68
120.412	68
120.413	67
120.474	67
120.475	66
120.476	66
120.535	65
120.536	65
120.537	64
120.592	63
120.593	63
120.595	62
120.651	61
120.652	61
120.653	61
120.706	60
120.707	59
120.708	58
120.761	58
120.762	58
120.763	57
120.817	57
120.818	57
120.819	57
120.875	64
120.877	63
120.878	63
120.935	69
120.936	68
120.937	67
120.994	73
120.995	72
120.996	70
121.055	76
121.056	74
121.057	72
121.114	78
121.115	76
121.116	74
121.175	79
121.176	77
121.178	75
121.179	74
121.24	72
121.241	71
121.242	71
121.243	70
121.304	69
121.305	68
121.306	68
121.307	67
121.367	66
121.368	66
121.369	65
121.37	65
121.432	65
121.433	65
121.434	65
121.435	65
121.498	73
121.5	72
121.501	72
121.502	71
121.566	78
121.567	77
121.568	76
121.569	75
121.635	82
121.636	81
121.775	79
121.776	78
121.777	77
121.836	75
121.837	73
121.838	71
121.897	70
121.898	69
121.899	68
121.958	67
121.959	66
121.96	66
122.019	72
122.021	71
122.022	70
122.084	77
122.085	75
122.086	74
122.15	81
122.216	79
