10.1402	0.466251
10.2097	0.690102
10.2793	0.690102
10.3515	0.665134
10.4256	0.647132
10.5134	0.683913
10.6263	0.956206
10.7445	0.812185
10.8123	0.885376
10.8826	1.02352
10.9472	1.11428
11.0449	1.10529
11.1663	0.791089
11.2362	0.686756
11.3079	0.669234
11.3683	1.39043
11.4287	0.993161
11.5328	0.576836
11.6405	0.891422
11.7565	0.826885
11.817	0.794529
11.8784	0.780947
11.9394	0.787679
12.0019	0.767822
12.0639	0.774329
12.1248	0.787679
12.1863	0.780947
12.2472	0.787679
12.3118	0.742852
12.3727	0.787998
12.4416	0.697487
12.5083	0.719455
12.5755	0.713834
12.6422	0.719455
12.7121	0.687484
12.7832	0.675107
12.8513	0.352062
12.9653	0.526329
13.073	0.445711
13.1902	0.409734
13.2569	0.359728
13.3267	0.515431
13.3971	0.68235
13.4632	0.725435
13.5279	0.742852
13.5898	0.774329
13.6508	0.787679
13.7128	0.967911
13.7774	0.742852
13.8446	0.713834
13.9134	0.697487
13.9838	0.68235
14.0536	0.515613
14.123	0.692203
14.1865	0.377565
14.2496	0.380712
14.3121	0.383911
14.3746	0.383911
14.4382	0.377565
14.5059	0.531226
14.5758	0.687241
14.6456	0.687484
14.7128	0.714096
14.7821	0.692203
14.852	0.859355
14.9192	0.713834
14.9844	0.736861
15.049	0.742852
15.1152	0.725165
15.1824	0.713834
15.2512	0.697487
15.3211	0.687241
15.3893	0.703106
15.4592	0.687241
15.5238	0.742852
15.5895	0.730966
15.6541	0.742852
15.7197	0.730966
15.788	0.702852
15.8579	0.687241
15.9277	0.687484
15.997	0.692449
16.0658	0.697737
16.1331	0.713834
16.2013	0.702852
16.2712	0.687241
16.341	0.687484
16.4093	0.703106
16.4781	0.697737
16.5443	0.725165
16.6126	0.702852
16.6814	0.697487
16.7512	0.687241
16.82	0.523303
16.8904	0.682111
16.9582	0.35415
17.0259	0.35415
17.0947	0.523115
17.1646	0.687241
17.2339	0.692696
17.3037	0.687484
17.3673	0.75513
17.486	0.808591
17.5517	0.730966
17.6194	0.885376
17.6882	0.697487
17.7581	0.687241
17.8284	0.68235
17.8967	0.52733
17.9665	0.687241
18.0332	0.359861
18.0984	0.368431
18.1625	0.37447
18.2271	0.371426
18.2964	0.346101
18.3668	0.341175
18.4361	0.173112
18.5023	0.362718
18.5648	0.383911
18.6262	0.390473
18.6893	0.380712
18.7576	0.351426
18.8269	0.346225
18.8962	0.346101
18.9666	0.341175
19.0343	0.17714
19.1016	0.356917
19.1688	0.356917
19.2366	0.35415
19.3049	0.351426
19.3752	0.341175
19.4446	0.173051
19.5118	0.357048
19.5811	0.346101
19.6499	0.348743
19.7188	0.348743
19.7886	0.343742
19.8584	0.343742
19.9262	0.35415
19.9939	0.35415
20.0628	0.348743
20.1326	0.343621
20.2024	0.343621
20.2712	0.174497
20.3406	0.346101
20.4083	0.35415
20.4787	0.341055
20.548	0.173112
20.6173	0.346225
20.6835	0.362583
20.7502	0.359728
20.8196	0.346101
20.8889	0.346348
20.9587	0.343742
21.027	0.351553
21.0947	0.354279
21.1619	0.356917
21.2287	0.359728
21.2985	0.343621
21.3689	0.341175
21.4371	0.175713
21.5054	0.351426
21.5737	0.351426
21.6431	0.346101
21.7129	0.343742
21.7827	0.343742
21.85	0.356917
21.9141	0.37447
21.9818	0.35415
22.0506	0.348869
22.1173	0.359861
22.1824	0.368431
22.2481	0.365483
22.3138	0.365483
22.3826	0.348743
22.4524	0.343742
22.5228	0.341175
22.5916	0.174434
22.6551	0.377712
22.7155	0.397264
22.777	0.390473
22.8426	0.365483
22.9115	0.348743
22.9813	0.343742
23.0511	0.343621
23.1209	0.343742
23.1882	0.357048
23.2544	0.362583
23.3211	0.359728
23.3909	0.343621
23.4602	0.346225
23.529	0.348869
23.5968	0.35415
23.6646	0.35415
23.7339	0.346225
23.8032	0.346101
23.873	0.343742
23.9429	0.343621
24.0122	0.346348
24.0815	0.346225
24.1493	0.35415
24.217	0.35415
24.2869	0.343621
24.3557	0.348869
24.424	0.351426
24.4917	0.35415
24.5616	0.343621
24.6293	0.354408
24.6965	0.356917
24.7659	0.346101
24.8352	0.346225
24.905	0.343742
24.9733	0.351553
25.0416	0.351426
25.1114	0.343621
25.1813	0.343742
25.2506	0.346225
25.3173	0.359861
25.3845	0.356917
25.4502	0.365483
25.5164	0.362583
25.5852	0.523115
25.655	0.687484
25.7249	0.687241
25.7947	0.687484
25.863	0.702852
25.9323	0.865254
26.0011	0.697487
26.071	0.687241
26.1408	0.687484
26.2096	0.872171
26.2742	0.371426
26.3383	0.37447
26.405	0.539591
26.4728	0.708301
26.54	0.713834
26.6094	0.692203
26.6792	0.687484
26.7485	0.692449
26.8157	0.892293
26.8819	0.725165
26.9497	0.708301
27.0169	0.713834
27.0852	0.702852
27.1551	0.859051
27.2249	0.859355
27.2947	0.687484
27.3588	0.561706
27.4229	0.37447
27.4865	0.377565
27.5521	0.548225
27.622	0.687241
27.6902	0.703106
27.7601	0.687484
27.8268	0.899319
27.8935	0.719455
27.9586	0.736861
28.0264	0.708301
28.0957	0.692449
28.1656	0.859355
28.2338	1.05504
28.3016	1.06245
28.3688	1.07075
28.4381	1.0383
28.508	1.03086
28.5778	1.03123
28.6419	1.12341
28.706	1.12341
28.7706	1.11428
28.8358	1.10529
28.9009	1.10529
28.9676	1.07918
29.037	1.0383
29.1068	1.03086
29.1766	1.03123
29.2465	1.03086
29.3148	1.05428
29.3841	1.03867
29.4508	1.07958
29.5164	1.09645
29.5821	1.09645
29.6493	1.07075
29.7192	1.03086
29.789	1.03123
29.8583	1.03867
29.9234	1.10571
29.9896	1.08775
30.0548	1.10529
30.1215	1.07918
30.1898	1.05428
30.2591	1.03867
30.3289	1.03123
30.3946	1.09686
30.4618	1.07075
30.5301	1.05428
30.5999	1.03123
30.6687	1.04661
30.7385	1.03123
30.8073	1.04661
30.8771	1.2031
30.9454	1.05466
31.0147	1.03867
31.0809	1.08775
31.1503	1.0383
31.2201	1.03123
31.2899	1.03123
31.3582	0.878883
31.4223	0.748941
31.4911	0.697487
31.5615	0.852638
31.6318	0.68235
31.6985	0.719455
31.7668	0.351426
31.8367	0.343621
31.9065	0.343742
31.9763	0.343621
32.043	0.359861
32.1118	0.174372
32.1812	0.173112
32.2494	0.175777
32.3193	0.343499
32.3886	0.173174
32.4558	0.356917
32.5257	0.343621
32.5934	0.354279
32.6586	0.368431
32.7242	0.365483
32.7899	0.365483
32.8587	0.348743
32.928	0.346348
32.9978	0.343742
33.0656	0.35415
33.1323	0.359728
33.2011	0.348743
33.2699	0.348743
33.3388	0.348743
33.4081	0.346101
33.4779	0.343742
33.5483	0.341175
33.6181	0.17181
33.6848	0.17993
33.7521	0.178459
33.8203	0.175713
33.8902	0.17181
33.96	0.17181
34.0293	0.173174
34.0991	0.343742
34.1648	0.365483
34.2326	0.35415
34.3024	0.343621
34.3728	0.341175
34.4405	0.177075
34.5093	0.348869
34.5739	0.371426
34.638	0.37447
34.7058	0.35415
34.7751	0.346225
34.8449	0.343742
34.909	0.37447
34.9726	0.377565
35.0356	0.380712
35.1018	0.362583
35.1712	0.346101
35.241	0.343742
35.3108	0.343621
35.3775	0.359861
35.4479	0.341055
35.5172	0.173112
35.5829	0.36562
35.6475	0.371426
35.7121	0.371426
35.7814	0.346101
35.8513	0.343621
35.9211	0.343742
35.9867	0.36562
36.0519	0.368431
36.1144	0.383911
36.1806	0.362583
36.2494	0.348743
36.3187	0.346225
36.3886	0.343742
36.4568	0.351553
36.5214	0.371426
36.5866	0.368431
36.6522	0.365483
36.719	0.359728
36.7883	0.346101
36.8581	0.343742
36.9285	0.341175
36.9952	0.179864
37.0619	0.359728
37.1302	0.351426
37.2	0.343621
37.2688	0.348869
37.3382	0.346225
37.408	0.343742
37.4752	0.356917
37.5393	0.37447
37.605	0.365483
37.6722	0.356917
37.7405	0.351426
37.8099	0.346101
37.8797	0.343621
37.9495	0.343742
38.0178	0.351426
38.0851	0.356917
38.1533	0.351426
38.2216	0.351426
38.291	0.346225
38.3608	0.343742
38.4285	0.354279
38.4937	0.368431
38.5578	0.37447
38.6224	0.371426
38.6875	0.368431
38.7537	0.362583
38.8225	0.348743
38.8923	0.343742
38.9622	0.343742
39.032	0.343621
39.0997	0.354279
39.1638	0.37447
39.2279	0.37447
39.2946	0.359728
39.3645	0.343499
39.4343	0.171871
39.5047	0.341175
39.5729	0.351553
39.6386	0.365483
39.7043	0.365483
39.7699	0.365483
39.8372	0.356917
39.907	0.343621
39.9774	0.341175
40.043	0.18281
40.1118	0.348743
40.178	0.362583
40.2432	0.368431
40.3109	0.35415
40.3808	0.343621
40.4496	0.348994
40.5183	0.348869
40.5887	0.341175
40.6549	0.181291
40.72	0.552646
40.7846	0.557139
40.8503	0.548225
40.9176	0.356917
40.9874	0.343621
41.0572	0.343621
41.126	0.348994
41.1943	0.527139
41.2615	0.714096
41.3303	0.697487
41.4002	0.687241
41.4695	0.692449
41.5393	0.687484
41.6066	0.713834
41.6743	0.708301
41.7416	0.713834
41.8099	0.702852
41.8797	0.687241
41.9495	0.687484
42.0199	0.68235
42.0871	0.714096
42.1512	0.748941
42.2148	0.75513
42.2783	0.75513
42.3435	0.736861
42.4107	0.713834
42.48	0.692203
42.5499	0.687484
42.6202	0.682111
42.688	0.531613
42.7573	0.346225
42.8271	0.515613
42.8964	0.346101
42.9647	0.351553
43.034	0.346225
43.1038	0.343742
43.1732	0.346225
43.2409	0.354279
43.3055	0.557139
43.3749	0.692203
43.4447	0.687484
43.5145	0.687484
43.5822	0.708559
43.65	0.708301
43.7188	0.697487
43.7876	0.697737
43.8574	0.687484
43.9268	0.692203
43.9966	0.687484
44.066	0.692203
44.1295	0.75513
44.1936	0.748941
44.2582	0.742852
44.326	0.708301
44.3953	0.692203
44.4652	0.687241
44.535	0.687484
44.6048	0.687484
44.6721	0.713834
44.7367	0.742852
44.8013	0.742852
44.8654	0.748941
44.9311	0.730966
45.0009	0.687241
45.0707	0.687241
45.139	0.70336
45.2078	0.697487
45.2766	0.697487
45.3465	0.687241
45.4163	0.687484
45.4861	0.687484
45.5528	0.719455
45.618	0.736861
45.6836	0.730966
45.7504	0.719455
45.8186	0.702852
45.8885	0.687484
45.9578	0.692449
46.0276	0.859355
46.0974	0.687484
46.1673	0.687241
46.2366	0.692449
46.3069	0.68235
46.3762	0.519522
46.4408	0.742852
46.5049	0.37447
46.5706	0.548225
46.6357	0.368431
46.7014	0.365483
46.7697	0.527139
46.8396	0.686998
46.9094	0.687484
46.9782	0.697737
47.047	0.872171
47.1158	0.697487
47.183	0.713834
47.2524	0.692449
47.3211	0.697737
47.391	0.859355
47.4608	1.03123
47.527	1.08815
47.59	1.14213
47.6567	1.07918
47.7219	1.10529
47.7875	1.09645
47.8558	1.05428
47.9257	1.03086
47.995	1.03867
48.0648	1.03123
48.1315	1.07958
48.1993	1.06245
48.2649	1.09645
48.3322	1.07075
48.401	1.04623
48.4703	1.03904
48.5396	1.03867
48.6084	1.04698
48.6782	1.03086
48.7486	1.02352
48.8158	1.07114
48.8799	1.12341
48.9413	1.17142
49.0028	1.17142
49.0685	1.09645
49.1378	1.0383
49.2076	1.03123
49.2764	1.04661
49.3452	1.04661
49.413	1.06245
49.4813	1.05428
49.5496	1.05428
49.6194	1.03086
49.6892	1.03123
49.7575	1.05466
49.8226	1.10529
49.8852	1.15173
49.9508	1.09645
50.0175	1.07918
50.0869	1.21136
50.1572	1.02352
50.226	0.872171
50.2938	0.885698
50.361	0.713834
50.4293	0.878565
50.4986	0.692203
50.5685	0.687241
50.6383	0.687241
50.7077	0.519337
50.7759	0.70336
50.8442	0.175713
50.9099	0.182742
50.9776	0.35415
51.0449	0.356917
51.1137	0.348743
51.1835	0.343621
51.2533	0.343742
51.3185	0.36857
51.3794	0.39384
51.4419	0.575866
51.5055	0.377565
51.5727	0.356917
51.6426	0.343621
51.7114	0.348869
51.7786	0.357048
51.8484	0.343621
51.9177	0.346225
51.986	0.351426
52.0522	0.362583
52.1179	0.365483
52.1872	0.346101
52.2571	0.343742
52.3269	0.343742
52.3952	0.351426
52.4624	0.357048
52.5307	0.351426
52.5995	0.348869
52.6693	0.343742
52.7386	0.346225
52.8069	0.35168
52.8752	0.351426
52.9434	0.351426
53.0133	0.343621
53.0831	0.343742
53.1529	0.343742
53.2228	0.343742
53.2868	0.37447
53.353	0.362583
53.4224	0.346101
53.4917	0.346348
53.5579	0.362583
53.6235	0.365483
53.6887	0.368431
53.7559	0.356917
53.8263	0.341055
53.8961	0.171871
53.9659	0.343742
54.0305	0.371426
54.092	0.390473
54.1535	0.390473
54.2191	0.365483
54.2885	0.346101
54.3583	0.343621
54.4276	0.173174
54.4954	0.354279
54.5642	0.348743
54.6325	0.351426
54.7018	0.346225
54.7716	0.343742
54.8388	0.357048
54.9087	0.343621
54.9733	0.185784
55.04	0.539591
55.1067	0.539591
55.1755	0.523115
55.2448	0.346225
55.3147	0.343742
55.3829	0.351553
55.4502	0.356917
55.5179	0.531226
55.5862	0.702852
55.6556	0.692203
55.7259	0.68235
55.7952	0.692696
55.864	0.697487
55.9313	0.713834
55.998	0.719455
56.0652	0.713834
56.134	0.697487
56.2033	0.692696
56.2732	0.687241
56.3425	0.692449
56.4097	0.714096
56.4754	0.730966
56.5426	0.713834
56.612	0.692203
56.6818	0.687484
56.7501	0.702852
56.8184	0.702852
56.8867	0.703106
56.9565	0.687241
57.0258	0.692449
57.0956	0.687484
57.1634	0.708559
57.2269	0.75513
57.2916	0.742852
57.3567	0.736861
57.4234	0.719455
57.4922	0.697487
57.5626	0.682111
57.6314	0.697737
57.7012	0.687241
57.7701	0.697487
57.8394	0.692203
57.9082	0.697737
57.978	0.687484
58.0447	0.719721
58.1104	0.730966
58.1771	0.719455
58.2469	0.859051
58.3173	0.682111
58.3851	0.531419
58.4544	0.692203
58.5242	0.343621
58.5941	0.343621
58.6618	0.354408
58.7312	0.346101
58.8015	0.341175
58.8661	0.185713
58.9323	0.362583
58.999	0.359728
59.0652	0.362583
59.1351	0.515431
59.2049	0.343621
59.2742	0.346225
59.3435	0.346348
59.4087	0.368431
59.4706	0.387164
59.5337	0.380712
59.5983	0.371426
59.6661	0.35415
59.7359	0.343742
59.8057	0.343621
59.8745	0.348869
59.9438	0.346225
60.01	0.362583
60.0778	0.35415
60.1482	0.341055
60.218	0.171871
60.2863	0.351553
60.353	0.359728
60.4186	0.365483
60.4864	0.35415
60.5563	0.343621
60.6261	0.343742
60.6943	0.351553
60.7605	0.362583
60.8273	0.359728
60.8934	0.362583
60.9617	0.351426
61.0316	0.343621
61.1014	0.343742
61.1707	0.346225
61.2411	0.341175
61.3094	0.175713
61.3792	0.343621
61.448	0.348869
61.5137	0.365483
61.5825	0.348743
61.6529	0.341055
61.7227	0.17181
61.7925	0.343621
61.8618	0.346348
61.9312	0.346101
62.0005	0.346101
62.0709	0.341055
62.1402	0.173112
62.2106	0.341175
62.2799	0.346225
62.3471	0.357048
62.4159	0.348743
62.4842	0.351426
62.5541	0.343621
62.6239	0.17181
62.6921	0.17584
62.7604	0.175713
62.8256	0.184215
62.8928	0.178459
62.9627	0.17181
63.0288	0.362718
63.094	0.368431
63.1602	0.362583
63.2274	0.356917
63.2957	0.351426
63.3655	0.343621
63.4359	0.341175
63.5036	0.17714
63.5735	0.515613
63.6386	0.552646
63.7037	0.552646
63.7678	0.37447
63.8335	0.365483
63.9013	0.35415
63.9711	0.343742
64.0409	0.343742
64.1066	0.365483
64.1728	0.543874
64.2411	0.351426
64.3088	0.35415
64.3786	0.343742
64.448	0.346225
64.5152	0.356917
64.583	0.35415
64.6528	0.515431
64.7226	0.687484
64.7925	0.687241
64.8597	0.714096
64.9285	0.697487
64.9973	0.697487
65.0672	0.687484
65.137	0.687484
65.2047	0.708559
65.272	0.713834
65.3392	0.713834
65.4075	0.702852
65.4753	0.708301
65.5451	0.687241
65.6139	0.697737
65.6842	0.68235
65.7525	0.702852
65.8193	0.719455
65.8875	0.702852
65.9553	0.708301
66.0231	0.708301
66.0914	0.702852
66.1607	0.692203
66.2305	0.687484
66.3004	0.687484
66.3702	0.687484
66.4358	0.730966
66.5026	0.719455
66.5677	0.736861
66.6339	0.725165
66.7011	0.713834
66.77	0.697487
66.8398	0.687484
66.9096	0.687241
66.9774	0.708559
67.0462	0.697487
67.1134	0.713834
67.1807	0.713834
67.2505	0.687241
67.3204	0.687241
67.3902	0.687484
67.4574	0.713834
67.5236	0.543874
67.5914	0.531226
67.6612	0.343742
67.7305	0.346225
67.7993	0.348994
67.8676	0.52733
67.9353	0.708301
68.0026	0.713834
68.0709	0.702852
68.1407	0.687241
68.21	0.86587
68.2783	0.703106
68.345	0.719455
68.4138	0.697487
68.4841	0.68235
68.554	0.515431
68.6238	0.515613
68.6921	0.175777
68.7598	0.177075
68.8292	0.346225
68.899	0.343621
68.9662	0.357048
69.0324	0.362583
69.0976	0.368431
69.1643	0.539591
69.2336	0.692203
69.304	0.68235
69.3743	0.682111
69.4431	0.697737
69.513	0.859355
69.5802	0.713834
69.648	0.708301
69.7157	0.708301
69.7851	0.692449
69.8549	0.687484
69.9247	0.687484
69.9919	0.713834
70.0576	0.730966
70.1243	0.719455
70.1931	0.697487
70.263	0.687484
70.3328	0.687241
70.3984	0.548431
70.4641	0.730966
70.5314	0.535376
70.6002	0.523115
70.6705	0.511762
70.7393	0.523303
70.806	0.539591
70.8727	0.359728
70.9384	0.365483
71.0067	0.351426
71.0765	0.343742
71.1464	0.343621
71.2141	0.354279
71.2824	0.351426
71.3517	0.346348
71.4215	0.343621
71.4893	0.354279
71.5576	0.351426
71.6274	0.343621
71.6973	0.343621
71.7655	0.35168
71.8338	0.351426
71.9026	0.348869
71.9719	0.346348
72.0417	0.343621
72.11	0.351553
72.1757	0.365483
72.2434	0.35415
72.3117	0.351426
72.3806	0.348743
72.4498	0.346348
72.5197	0.343621
72.5895	0.343621
72.6557	0.362583
72.7219	0.362583
72.7907	0.348743
72.8601	0.346101
72.9299	0.343621
72.9992	0.346225
73.0691	0.343742
73.1342	0.368431
73.1993	0.368431
73.2655	0.362583
73.3312	0.365483
73.399	0.35415
73.4688	0.343621
73.5386	0.343742
73.6085	0.343621
73.6767	0.351553
73.7456	0.348743
73.8112	0.548225
73.8764	0.368431
73.9436	0.356917
74.0119	0.351426
74.0817	0.343742
74.1495	0.35415
74.2193	0.343621
74.2876	0.351426
74.3575	0.343742
74.4273	0.515431
74.4956	0.351426
74.5634	0.35415
74.6322	0.348743
74.702	0.343742
74.7703	0.351553
74.838	0.35415
74.9084	0.511583
74.9782	0.515613
75.046	0.531226
75.1122	0.362583
75.1779	0.365483
75.2451	0.356917
75.3144	0.346101
75.3843	0.343742
75.4541	0.343742
75.5182	0.37447
75.5844	0.362583
75.6506	0.543874
75.7178	0.356917
75.7876	0.343621
75.8559	0.175777
75.9253	0.346101
75.9946	0.346225
76.0644	0.343742
76.1301	0.182742
76.1968	0.359728
76.263	0.362583
76.3307	0.35415
76.4006	0.343621
76.4704	0.343742
76.5392	0.348869
76.609	0.343621
76.6794	0.341175
76.7487	0.346225
76.8185	0.343742
76.8868	0.351553
76.954	0.356917
77.0229	0.348743
77.0927	0.343621
77.1625	0.343742
77.2313	0.348869
77.2964	0.36857
77.3605	0.37447
77.4236	0.380712
77.4887	0.552646
77.5559	0.356917
77.6253	0.346101
77.6951	0.343742
77.7639	0.348869
77.8337	0.515613
77.9031	0.692203
77.9698	0.719721
78.037	0.713834
78.1048	0.885376
78.1725	0.708301
78.2424	0.687241
78.3122	0.687241
78.382	0.859355
78.4514	0.346101
78.5192	0.35415
78.5874	0.351426
78.6573	0.343621
78.7271	0.343742
78.7965	0.346101
78.8663	0.515613
78.9361	0.343742
79.0059	0.343742
79.0747	0.348869
79.1414	0.359728
79.2087	0.356917
79.278	0.346101
79.3473	0.346225
79.4171	0.343742
79.487	0.343621
79.5558	0.348869
79.6256	0.343621
79.6955	0.343621
79.7653	0.343742
79.8351	0.343621
79.905	0.343621
79.9727	0.17714
80.0405	0.35415
80.1093	0.348743
80.1792	0.343621
80.2485	0.346225
80.3183	0.343742
80.3881	0.343742
80.4559	0.354279
80.521	0.368431
80.5856	0.371426
80.6518	0.362583
80.7206	0.348743
80.7904	0.343742
80.8603	0.343742
80.9291	0.348869
80.9984	0.346101
81.0677	0.346101
81.137	0.346348
81.2069	0.515431
81.2757	0.697737
81.3434	0.708301
81.4112	0.708301
81.481	0.687484
81.5493	0.703106
81.6165	0.714096
81.6827	0.725165
81.7484	0.730966
81.8151	0.719455
81.8823	0.713834
81.9522	0.687241
82.0215	0.692449
82.0897	0.70336
82.157	0.713834
82.2248	0.708301
82.2899	0.736861
82.3556	0.730966
82.4228	0.713834
82.4922	0.692203
82.562	0.687241
82.6292	0.714096
82.698	0.697487
82.7653	0.713834
82.8336	0.702852
82.9029	0.692203
82.9727	0.687484
83.0405	0.708559
83.1077	0.713834
83.1755	0.708301
83.2459	0.682111
83.3152	0.692449
83.385	0.687484
83.4538	0.348869
83.5174	0.377565
83.582	0.371426
83.6476	0.365483
83.7144	0.359728
83.7821	0.531226
83.852	0.687241
83.9213	0.692449
83.9911	0.687241
84.0589	0.708301
84.1261	0.892293
84.1939	0.708301
84.2622	0.702852
84.331	0.697487
84.4008	0.687484
84.4707	0.687484
84.5405	0.687241
84.6082	0.708559
84.676	0.708301
84.7443	0.702852
84.8141	0.687484
84.8834	0.692449
84.9517	0.70336
85.0205	0.697487
85.0867	0.725165
85.1539	0.713834
85.2233	0.692203
85.2931	0.687484
85.3635	0.68235
85.4333	0.515431
85.5026	0.519522
85.5693	0.179864
85.6339	0.185713
85.7017	0.35415
85.7689	0.356917
85.8388	0.343742
85.9081	0.346101
85.9742	0.362853
86.042	0.531226
86.1103	0.702852
86.1775	0.713834
86.2469	0.692203
86.3172	0.68235
86.3876	0.68235
86.4527	0.736861
86.5173	0.371426
86.5814	0.37447
86.6476	0.362583
86.7138	0.362583
86.7837	0.343499
86.854	0.170587
86.9223	0.175777
86.9895	0.178524
87.0557	0.181291
87.1219	0.181291
87.1891	0.178459
87.258	0.174372
87.3283	0.341175
87.3971	0.174372
87.4633	0.362583
87.5321	0.348743
87.6009	0.348743
87.6703	0.346101
87.7396	0.346348
87.8094	0.343742
87.8793	0.343621
87.9465	0.357048
88.0085	0.387164
88.0715	0.380712
88.1377	0.362583
88.2065	0.348743
88.2763	0.343742
88.3456	0.346348
88.4134	0.35415
88.4832	0.343621
88.5531	0.343742
88.6213	0.351553
88.6907	0.519152
88.76	0.692696
88.8256	0.730966
88.8918	0.725165
88.9617	0.687241
89.031	0.692449
89.1008	0.687241
89.1665	0.730966
89.2343	0.708301
89.302	0.708301
89.3719	0.687241
89.4412	0.692449
89.511	0.687484
89.5788	0.708301
89.6465	0.708301
89.7143	0.708301
89.7842	0.687241
89.854	0.687241
89.9238	0.687241
89.9931	0.692696
90.0625	0.692449
90.1323	0.687484
90.2021	0.687484
90.2698	0.708559
90.3376	0.708301
90.4075	0.687241
90.4768	0.692203
90.5466	0.687484
90.6165	0.687241
90.6826	0.725435
90.7478	0.921077
90.8124	0.742852
90.8765	0.748941
90.9421	0.913708
91.0115	1.0383
91.0813	1.03123
91.1511	1.2031
91.221	1.03123
91.2892	1.05466
91.3575	1.22999
91.4268	1.38539
91.4961	1.55801
91.5644	1.40621
91.6327	1.58199
91.7025	1.89058
91.7703	1.77075
91.8385	1.93284
91.9089	2.04705
91.9782	2.07735
92.0433	1.47372
92.109	1.64467
92.1768	1.4166
92.2451	1.58142
92.3154	1.70528
92.3853	1.71871
92.4551	1.88925
92.5234	1.75777
92.5932	1.88991
92.661	2.12568
92.7298	2.09246
92.7996	2.06245
92.8684	2.26846
92.9377	2.07661
93.0081	2.04705
93.0774	1.90424
93.1425	1.28951
93.2093	1.43891
93.2786	1.38441
93.349	1.3647
93.4188	1.37497
93.4891	0.852937
93.5574	0.878565
93.6252	0.708301
93.695	0.687241
93.7638	0.697987
93.8331	0.865562
93.9014	1.05504
93.9686	1.07075
94.0358	1.07075
94.1057	1.03086
94.1755	1.20267
94.2443	1.04698
94.3094	1.10571
94.3767	1.07075
94.445	1.05428
94.5127	1.06245
94.5826	1.03086
94.6519	1.03867
94.7217	1.03086
94.7889	0.89262
94.8588	0.859051
94.9286	0.687484
94.9948	0.906456
95.062	0.713834
95.1288	0.719455
95.1971	0.702852
95.2648	0.708559
95.3331	0.702852
95.4029	0.859051
95.4702	1.07114
95.5395	1.0383
95.6073	1.06245
95.6771	1.03123
95.7469	1.20267
95.8168	1.03123
95.8855	1.04661
95.9523	1.07918
96.0206	1.05428
96.0894	1.04623
96.1592	1.03123
96.229	1.03086
96.2963	0.89262
96.363	1.07918
96.4302	0.535376
96.4996	0.692203
96.5694	0.687241
96.6392	0.687484
96.7085	0.865562
96.7784	0.687241
96.8477	0.519522
96.9144	0.899651
96.9795	0.552646
97.0468	0.535376
97.1156	0.348743
97.1849	0.346101
97.2547	0.343742
97.3251	0.341175
97.3918	0.179864
97.4596	0.35415
97.5284	0.348869
97.5956	0.357048
97.6633	0.35415
97.7327	0.346101
97.8025	0.343742
97.8729	0.341055
97.9422	0.173112
98.0115	0.346101
98.0793	0.354279
98.1465	0.356917
98.2117	0.368431
98.2794	0.35415
98.3488	0.346101
98.4186	0.343742
98.4884	0.343621
98.5557	0.357048
98.6255	0.343621
98.6928	0.356917
98.7626	0.343621
98.8324	0.343621
98.9012	0.348869
98.9705	0.346348
99.0351	0.371426
99.0998	0.371426
99.1649	0.368431
99.23	0.368431
99.2962	0.362583
99.3661	0.343742
99.4359	0.343621
99.5057	0.343742
99.5756	0.343621
99.6396	0.374615
99.7048	0.368431
99.772	0.356917
99.8398	0.35415
99.9096	0.343621
99.9794	0.343742
100.049	0.346101
100.116	0.359728
100.183	0.35415
100.249	0.362583
100.318	0.351426
100.388	0.343742
100.457	0.343742
100.528	0.341175
100.595	0.178459
100.662	0.356917
100.729	0.356917
100.797	0.35415
100.867	0.346101
100.936	0.343742
101.007	0.341175
101.075	0.177075
101.141	0.359728
101.208	0.356917
101.276	0.356917
101.345	0.346101
101.415	0.343742
101.485	0.343742
101.554	0.348743
101.618	0.37447
101.681	0.380712
101.744	0.377565
101.81	0.362583
101.879	0.351426
101.949	0.343742
102.018	0.343621
102.087	0.348869
102.154	0.356917
102.222	0.35415
102.29	0.35415
102.359	0.346101
102.429	0.343742
102.498	0.346225
102.565	0.362583
102.631	0.359728
102.7	0.527139
102.769	0.687241
102.837	0.714096
102.903	0.725165
102.971	0.702852
103.041	0.687241
103.111	0.687484
103.179	0.703106
103.246	0.713834
103.315	0.702852
103.384	0.687241
103.453	0.70336
103.522	0.697487
103.591	0.687484
103.66	0.703106
103.726	0.719455
103.793	0.719455
103.861	0.708301
103.929	0.708301
103.997	0.697487
104.067	0.687241
104.137	0.687241
104.207	0.68235
104.273	0.731241
104.339	0.730966
104.404	0.913708
104.47	0.736861
104.536	0.725165
104.604	0.702852
104.674	0.859051
104.743	1.04661
104.813	1.03086
104.882	1.2031
104.951	1.05466
105.018	1.23953
105.087	1.39497
105.157	1.55801
105.226	1.37448
105.296	1.38441
105.365	1.04623
105.433	1.05428
105.502	1.04623
105.571	1.21222
105.641	1.03123
105.711	1.03086
105.779	0.872171
105.842	0.951779
105.908	0.552646
105.974	0.719455
106.043	0.702852
106.112	0.687484
106.182	0.687241
106.251	0.872484
106.315	0.748941
106.376	0.794529
106.437	0.780947
106.499	0.774329
106.563	0.936176
106.631	1.06245
106.7	1.04623
106.77	1.03086
106.839	1.03123
106.909	1.0305
106.978	1.04698
107.048	1.03123
107.117	1.04623
107.187	1.02317
107.257	1.02352
107.326	1.05466
107.393	1.07075
107.462	1.04623
107.531	1.03086
107.601	1.03123
107.669	1.07075
107.736	1.07075
107.806	1.0305
107.874	1.05466
107.944	1.03086
108.014	1.02352
108.083	1.04623
108.153	1.03086
108.223	1.03086
108.291	1.04698
108.359	1.07075
108.425	1.08775
108.492	1.07075
108.561	1.04623
108.631	1.03086
108.701	1.03123
108.769	1.05466
108.837	1.06284
108.904	1.07075
108.974	1.03086
109.044	1.03086
109.112	1.05466
109.182	1.03086
109.251	1.03867
109.32	1.21222
109.385	1.10529
109.451	1.10529
109.516	1.10529
109.582	1.07918
109.652	1.20267
109.722	1.37497
109.79	1.40621
109.856	1.64529
109.921	1.4857
109.984	1.52285
110.05	1.63162
110.119	1.74372
110.187	1.74372
110.257	1.89058
110.327	1.71871
110.395	1.77075
110.461	1.27919
110.528	1.24921
110.596	1.4057
110.666	1.54684
110.736	1.3647
110.802	1.27967
110.868	1.09645
110.933	1.09645
111.001	1.06245
111.071	1.03086
111.141	1.02352
111.206	1.10571
111.27	0.936176
111.333	0.761423
111.399	0.913708
111.465	0.725165
111.535	0.687241
111.604	0.692696
111.674	0.687484
111.744	0.692449
111.809	0.730966
111.875	0.725165
111.945	0.692203
112.015	0.687484
112.084	0.687484
112.152	0.708301
112.216	0.748941
112.283	0.719455
112.351	0.702852
112.421	0.692203
112.49	0.692696
112.558	0.702852
112.628	0.687484
112.696	0.702852
112.762	0.725165
112.828	0.730966
112.896	0.702852
112.966	0.687241
113.036	0.687241
113.106	0.687484
113.176	0.687241
113.246	0.687484
113.315	0.692449
113.383	0.703106
113.452	0.697487
113.522	0.687241
113.59	0.708817
113.656	0.725165
113.724	0.708301
113.793	0.692203
113.862	0.692449
113.932	0.687241
114.002	0.687241
114.067	0.73714
114.133	0.730966
114.198	0.730966
114.265	0.719455
114.333	0.708301
114.401	0.878565
114.469	1.05428
114.539	1.0383
114.608	1.04623
114.677	1.03086
114.747	1.03867
114.816	1.04661
114.881	0.548225
114.947	0.725165
115.016	0.702852
115.086	0.687241
115.155	0.865562
115.224	0.692696
115.294	0.687484
115.359	0.736861
115.426	0.892293
115.494	1.07075
115.562	1.05428
115.631	1.03867
115.701	1.03867
115.769	1.23044
115.839	1.03086
115.907	1.05466
115.977	1.03086
116.046	1.04623
116.113	1.07075
116.182	1.04623
116.251	1.03867
116.321	1.03123
116.387	1.07918
116.455	1.06245
116.522	1.07075
116.592	1.03086
116.662	1.03867
116.731	1.03123
116.799	1.06284
116.861	1.16149
116.924	1.15173
116.989	1.09645
117.058	1.05428
117.128	1.03086
117.197	1.03123
117.268	1.02317
117.335	0.89262
117.404	0.871859
117.472	0.702852
117.541	0.865562
117.611	0.687241
117.681	0.687484
117.747	0.731241
117.812	0.730966
117.879	0.906456
117.948	1.03086
118.017	1.04661
118.087	1.03086
118.155	1.05466
118.225	1.03867
118.292	1.23998
118.36	1.06245
118.43	1.03086
118.499	1.03867
118.569	1.03123
118.634	1.11428
118.699	1.10529
118.765	1.08775
118.833	1.06245
118.903	1.03086
118.972	1.03123
119.042	1.03123
119.107	1.11428
119.174	1.07075
119.241	1.07918
119.309	1.05428
119.378	1.0383
119.448	1.03904
119.518	1.03086
119.587	1.03086
119.654	0.899651
119.718	0.945212
119.783	0.736658
119.847	0.742852
119.914	0.725165
119.98	0.906456
120.046	0.725165
120.114	0.708301
120.183	0.692449
120.253	0.687484
120.323	0.859355
120.39	0.356917
120.452	0.383911
120.513	0.595896
120.629	0.823834
120.739	0.874463
120.854	0.834436
120.915	1.19275
121.033	0.70741
121.094	1.19179
121.154	0.397264
121.218	0.748941
121.282	0.748941
121.345	0.767822
121.411	0.730966
121.477	0.719455
121.544	0.714677
121.614	0.692023
121.684	0.687241
121.753	0.687241
121.814	0.795371
121.875	0.780718
121.936	0.787679
121.998	0.774329
122.063	0.743627
122.129	0.724968
122.195	0.725165
122.265	0.687852
122.333	0.703175
122.404	0.68235
122.467	0.566348
122.532	0.742852
122.651	0.401091
122.713	0.387052
122.824	0.43292
122.939	0.730018
123	0.993161
123.061	0.590759
123.124	0.761423
123.187	0.75513
123.254	0.899319
123.324	0.687241
123.392	0.708559
123.461	0.687241
123.531	0.692449
123.593	0.768125
123.707	0.846026
123.767	1.19179
123.886	0.603772
123.949	0.767822
124.016	0.719455
124.086	0.687241
124.154	0.697737
124.216	0.774637
124.277	1.39043
124.337	0.794529
124.452	0.523882
124.513	0.780947
124.574	0.794529
124.687	0.843746
124.805	0.485909
124.866	0
