10.1465	0.459542
10.2171	0.679832
10.2882	0.674886
10.3604	0.665062
10.4335	0.65643
10.5249	0.656399
10.6389	0.947393
10.7587	0.801498
10.828	0.865254
10.8979	1.03123
10.9583	1.39043
11.056	1.59653
11.1164	2.58222
11.1779	0.58571
11.2482	1.36374
11.3179	1.37838
11.3783	1.19179
11.4897	0.861989
11.5958	0.904661
11.7082	1.17416
11.7686	1.78769
11.829	0.993161
11.8895	0.993161
11.9504	0.984599
12.0124	1.35508
12.0744	1.16149
12.1353	1.18152
12.1968	1.17142
12.2577	1.18152
12.3223	1.11428
12.3832	1.182
12.4521	1.04623
12.5188	1.07918
12.586	1.07075
12.6527	1.07918
12.7226	1.03123
12.7936	1.01336
12.8597	1.08896
12.9201	1.98632
13.0278	0.891422
13.1371	1.31785
13.1986	1.17142
13.2658	1.07075
13.3357	1.03086
13.4055	0.859355
13.4706	0.921425
13.5347	0.748941
13.5972	0.767822
13.6592	0.774329
13.7212	0.967911
13.7863	0.736861
13.8536	0.713834
13.9229	0.692203
13.9927	0.687484
14.0625	0.859355
14.1314	0.348743
14.1944	0.380712
14.2574	0.380712
14.3194	0.387164
14.3819	0.383911
14.446	0.561706
14.5149	0.697487
14.5847	0.687484
14.6545	0.687484
14.7217	0.713834
14.7916	0.859051
14.8604	0.697737
14.9271	0.719455
14.9922	0.736861
15.0574	0.736861
15.1241	0.719455
15.1919	0.708301
15.2607	0.697487
15.3305	0.687241
15.3988	0.52733
15.4692	0.682111
15.5332	0.37447
15.5989	0.365483
15.6635	0.557139
15.7292	0.730966
15.7975	0.702852
15.8673	0.687241
15.9372	0.687484
16.0065	0.692449
16.0753	0.697737
16.1425	0.713834
16.2108	0.878565
16.2806	0.687241
16.3505	0.687484
16.4187	0.703106
16.4875	0.697737
16.5537	0.725165
16.622	0.702852
16.6908	0.697487
16.7607	0.687484
16.8295	0.697487
16.8988	0.692449
16.9666	0.708301
17.0349	0.702852
17.1042	0.692203
17.174	0.687484
17.2433	0.692449
17.3121	0.697987
17.3757	0.75513
17.4954	0.801498
17.5616	0.725165
17.6289	0.713834
17.6977	0.697487
17.7675	0.687241
17.8374	0.515613
17.9062	0.697737
17.976	0.515613
18.0416	0.548225
18.1057	0.37447
18.1698	0.37447
18.235	0.368431
18.3053	0.511583
18.3752	0.515613
18.4445	0.519337
18.5101	0.365483
18.5711	0.39384
18.6325	0.390473
18.6961	0.377565
18.7655	0.346101
18.8342	0.348869
18.9041	0.343621
18.9739	0.343742
19.0422	0.351426
19.1084	0.362583
19.1756	0.356917
19.2429	0.356917
19.3117	0.348743
19.3815	0.343742
19.4519	0.341055
19.5191	0.178459
19.5879	0.348743
19.6568	0.348743
19.7261	0.346101
19.7959	0.343742
19.8658	0.343742
19.9335	0.35415
20.0013	0.35415
20.0701	0.348743
20.1399	0.343621
20.2098	0.343742
20.2786	0.348869
20.3479	0.346101
20.4157	0.35415
20.4855	0.343621
20.5554	0.343621
20.6247	0.346225
20.6909	0.362583
20.7576	0.359728
20.8269	0.346101
20.8962	0.346348
20.9661	0.343742
21.0343	0.351553
21.1021	0.354279
21.1693	0.356917
21.236	0.359728
21.3059	0.343621
21.3757	0.343742
21.4445	0.348743
21.5128	0.351426
21.5811	0.351426
21.6504	0.346101
21.7203	0.343742
21.7901	0.343742
21.8573	0.356917
21.9214	0.37447
21.9897	0.351426
22.058	0.351553
22.1247	0.359861
22.1898	0.368431
22.2555	0.365483
22.3211	0.365483
22.3905	0.346101
22.4603	0.343742
22.5306	0.341175
22.601	0.170587
22.7213	0.1995
22.7843	0.190356
22.851	0.179864
22.9199	0.174372
22.9897	0.171871
23.0595	0.343621
23.1294	0.343742
23.1971	0.354279
23.2633	0.362583
23.3305	0.535376
23.4004	0.687241
23.4697	0.692449
23.5385	0.697737
23.6063	0.708301
23.6751	0.697487
23.7444	0.692449
23.8137	0.692203
23.8836	0.687484
23.9534	0.687241
24.0227	0.692696
24.092	0.692449
24.1598	0.708301
24.2275	0.708301
24.2974	0.687241
24.3662	0.697737
24.4345	0.702852
24.5022	0.708301
24.5721	0.687241
24.6398	0.708817
24.7071	0.713834
24.7764	0.692203
24.8457	0.692449
24.9155	0.687484
24.9838	0.703106
25.0521	0.702852
25.1219	0.687241
25.1918	0.687484
25.2611	0.692449
25.3278	0.719721
25.395	0.713834
25.4607	0.730966
25.5274	0.719455
25.5967	0.692203
25.6666	0.687484
25.7364	0.687484
25.8047	0.703106
25.8729	0.702852
25.9418	0.697487
26.0106	0.697487
26.0804	0.687484
26.1502	0.687241
26.2164	0.725435
26.28	0.75513
26.3456	0.548225
26.4124	0.539591
26.4801	0.35415
26.5484	0.351426
26.6188	0.341055
26.6881	0.173112
26.7574	0.346225
26.8247	0.356917
26.8903	0.365483
26.9581	0.531226
27.0254	0.356917
27.0942	0.348743
27.164	0.343742
27.2333	0.346225
27.3016	0.35168
27.3656	0.37447
27.4292	0.377565
27.4933	0.37447
27.56	0.359728
27.6299	0.343621
27.6987	0.348869
27.769	0.341175
27.8357	0.179864
27.9019	0.362583
27.967	0.368431
28.0348	0.35415
28.1047	0.343621
28.1745	0.343742
28.2432	0.348994
28.31	0.359728
28.3777	0.35415
28.4466	0.348743
28.5164	0.343621
28.5862	0.343742
28.6503	0.37447
28.7149	0.371426
28.779	0.37447
28.8442	0.368431
28.9093	0.368431
28.976	0.359728
29.0454	0.346101
29.1152	0.343621
29.185	0.343742
29.2549	0.343621
29.3232	0.351426
29.3925	0.346225
29.4592	0.359861
29.5248	0.365483
29.591	0.362583
29.6593	0.351426
29.7292	0.343621
29.7995	0.341175
29.8694	0.17181
29.9339	0.185784
30.0001	0.181291
30.0658	0.182742
30.133	0.178459
30.2013	0.175713
30.2712	0.343742
30.3405	0.346225
30.4066	0.362718
30.4744	0.35415
30.5432	0.348743
30.6131	0.343742
30.6824	0.346225
30.7522	0.343742
30.822	0.343621
30.8919	0.171871
30.9607	0.348869
31.03	0.346225
31.0972	0.356917
31.1671	0.343621
31.2369	0.343742
31.3067	0.343621
31.3745	0.354279
31.4396	0.552646
31.509	0.692203
31.5788	0.687484
31.6449	0.725435
31.7111	0.725165
31.7799	0.697487
31.8493	0.692449
31.9191	0.687484
31.9863	0.714358
32.0525	0.725165
32.1208	0.702852
32.1906	0.687241
32.2589	0.703106
32.3287	0.687241
32.398	0.692449
32.4653	0.713834
32.5351	0.687241
32.6034	0.703106
32.6675	0.748941
32.7326	0.736861
32.7983	0.730966
32.8676	0.692203
32.9375	0.687484
33.0062	0.697987
33.074	0.708301
33.1412	0.713834
33.2101	0.697487
33.2783	0.702852
33.3472	0.697487
33.417	0.687241
33.4863	0.692449
33.5556	0.692696
33.6254	0.687484
33.6916	0.725165
33.7589	0.713834
33.8277	0.697487
33.8975	0.687484
33.9674	0.687241
34.0362	0.697737
34.1055	0.692696
34.1711	0.730966
34.2389	0.885376
34.3087	0.687241
34.3786	0.687484
34.4474	0.697487
34.5156	0.878883
34.5803	0.371426
34.6443	0.37447
34.7121	0.35415
34.7814	0.346225
34.8513	0.343742
34.9153	0.37447
34.9789	0.566348
35.0419	0.380712
35.1081	0.362583
35.1775	0.346101
35.2473	0.343742
35.3171	0.343742
35.3838	0.359728
35.4537	0.343621
35.5235	0.343742
35.5892	0.365483
35.6538	0.371426
35.7184	0.371426
35.7877	0.346101
35.8576	0.343742
35.9274	0.343621
35.9931	0.36562
36.0582	0.368431
36.1207	0.383911
36.1874	0.359728
36.2568	0.346101
36.3261	0.346225
36.3959	0.343742
36.4642	0.351553
36.5288	0.371426
36.5945	0.365483
36.6596	0.368431
36.7263	0.359728
36.7962	0.343621
36.8655	0.346225
36.9358	0.341175
37.0031	0.178459
37.0703	0.356917
37.1386	0.351426
37.2084	0.343621
37.2772	0.348869
37.3466	0.346225
37.4164	0.343742
37.482	0.365483
37.5467	0.371426
37.6123	0.365483
37.6796	0.356917
37.7484	0.348743
37.8172	0.348743
37.8871	0.343621
37.9569	0.343742
38.0246	0.35415
38.0914	0.359728
38.1597	0.351426
38.2279	0.351426
38.2973	0.346225
38.3671	0.343742
38.4354	0.351553
38.4989	0.377565
38.563	0.37447
38.6281	0.368431
38.6938	0.365483
38.76	0.362583
38.8299	0.343499
38.8986	0.174497
38.9685	0.343742
39.0383	0.343621
39.1066	0.351553
39.1712	0.371426
39.2353	0.561706
39.3025	0.713834
39.3724	0.687241
39.4422	0.687484
39.5125	0.68235
39.5798	0.713834
39.646	0.725165
39.7111	0.736861
39.7768	0.730966
39.8451	0.702852
39.9149	0.687484
39.9842	0.692449
40.0504	0.725435
40.1192	0.697487
40.1843	0.736861
40.2495	0.736861
40.3178	0.702852
40.3876	0.687241
40.4574	0.687484
40.5268	0.692449
40.5971	0.68235
40.6638	0.719455
40.729	0.736861
40.7936	0.742852
40.8587	0.736861
40.9265	0.708301
40.9963	0.687241
41.0667	0.68235
41.1355	0.697737
41.2043	0.697487
41.2715	0.714096
41.3403	0.697487
41.4107	0.682111
41.48	0.692449
41.5498	0.687484
41.6171	0.713834
41.6848	0.708301
41.7521	0.713834
41.8204	0.702852
41.8902	0.687484
41.96	0.687241
42.0304	0.68235
42.0976	0.714096
42.1617	0.748941
42.2253	0.943913
42.2888	0.75513
42.354	0.736861
42.4212	0.713834
42.4906	0.865254
42.5604	1.03123
42.6302	1.03123
42.6974	1.24967
42.7673	1.03086
42.8365	0.86587
42.9059	0.865254
42.9742	0.52733
43.0435	0.692449
43.1133	0.687484
43.1831	0.859355
43.2509	0.708301
43.316	0.736861
43.3854	0.865254
43.4552	1.03123
43.525	1.03123
43.5917	1.07958
43.66	1.22999
43.7283	1.05428
43.7976	1.03867
43.8669	1.03904
43.9362	1.0383
44.0061	1.03123
44.0754	1.0383
44.1379	0.959777
44.202	0.748941
44.2677	0.730966
44.3355	0.885376
44.4048	1.0383
44.4746	1.03086
44.5445	1.03123
44.6143	1.2031
44.6815	1.07075
44.7461	1.11428
44.8108	1.11428
44.8748	1.12341
44.941	1.26904
45.0109	1.37448
45.0812	1.3647
45.149	1.41712
45.2178	1.39497
45.2866	1.39497
45.3564	1.37448
45.4268	1.3647
45.4966	1.37497
45.5633	1.43891
45.6285	1.47372
45.6941	1.46193
45.7609	1.43891
45.8291	1.4057
45.899	1.37497
45.9688	1.37497
46.0381	1.3849
46.1079	1.37497
46.1778	1.37448
46.2471	1.3849
46.3169	1.37497
46.3867	1.37497
46.4503	1.51026
46.5149	1.4857
46.5801	1.47372
46.6452	1.47372
46.7114	1.45033
46.7802	1.39497
46.8501	1.37448
46.9199	1.37448
46.9892	1.3849
47.0575	1.40621
47.1263	1.39497
47.1941	1.4166
47.2629	1.39547
47.3322	1.3849
47.402	1.37497
47.4718	1.37497
47.5375	1.46248
47.601	1.51026
47.6677	1.61877
47.7324	1.4857
47.798	1.46193
47.8663	1.4057
47.9362	1.37448
48.006	1.37497
48.0748	1.04661
48.1399	1.10571
48.2077	1.23953
48.2739	1.08775
48.3406	1.07918
48.4094	1.04623
48.4792	1.2031
48.549	1.37497
48.6168	1.41712
48.6866	1.37448
48.757	1.53529
48.8247	1.41712
48.8877	1.52285
48.9487	1.57536
49.0101	1.56189
49.0763	1.63162
49.1462	1.7181
49.216	1.7181
49.2848	1.74434
49.3536	1.74434
49.4209	1.78459
49.4897	1.74372
49.558	1.75713
49.6278	1.7181
49.6976	1.71871
49.7664	1.74434
49.83	1.88783
49.893	1.90356
49.9592	1.81291
50.0265	1.78459
50.0958	1.73051
50.1662	1.70587
50.235	1.74434
50.3022	1.78524
50.3705	1.75713
50.4377	1.78459
50.507	1.73051
50.5769	1.7181
50.6467	1.71871
50.7166	1.7181
50.7833	1.7993
50.85	1.79864
50.9162	1.81291
50.9839	1.77075
51.0512	1.78459
51.1205	1.73051
51.1909	1.70528
51.2607	1.54684
51.3263	1.64529
51.3873	0.984599
51.4493	1.16149
51.5134	1.12341
51.5811	1.06245
51.651	1.20267
51.7203	1.03867
51.788	1.06284
51.8584	1.19369
51.9272	1.22104
51.9955	0.702852
52.0617	0.906456
52.1279	0.906456
52.1977	1.0305
52.2676	1.03123
52.3379	1.02352
52.4057	1.06245
52.4734	1.06284
52.5422	1.04623
52.6121	1.03086
52.6809	1.04698
52.7507	1.03086
52.8195	1.04698
52.8883	1.04623
52.9571	1.04623
53.0275	1.02352
53.0968	1.03867
53.1661	1.03904
53.2359	1.03123
53.301	1.10529
53.3672	1.08775
53.4376	1.02317
53.5027	1.10571
53.5705	1.06245
53.6351	1.11428
53.7008	1.09645
53.7685	1.06245
53.8384	1.03086
53.9087	1.02352
53.9785	1.03123
54.0405	1.16149
54.102	1.17142
54.164	1.16149
54.2296	1.09645
54.2995	1.03086
54.3688	1.03867
54.4386	1.03086
54.5059	1.07114
54.5752	1.0383
54.644	1.04623
54.7133	1.03867
54.7832	1.03123
54.8504	1.07114
54.9202	1.03123
54.9843	1.12341
55.051	1.07918
55.1183	1.24921
55.1871	1.04623
55.2564	1.03867
55.3262	1.03123
55.395	1.04661
55.4622	1.24921
55.5305	1.4057
55.5988	1.4057
55.6682	1.38441
55.738	1.54684
55.8052	1.42872
55.874	1.39497
55.9407	1.61877
56.008	1.78459
56.0752	1.96304
56.1446	1.73051
56.2144	1.71871
56.2842	1.20267
56.3546	1.02352
56.4202	0.913708
56.4854	0.736861
56.5531	0.708301
56.6225	0.692449
56.6907	0.703106
56.759	0.702852
56.8278	0.697487
56.8961	0.703106
56.966	0.859051
57.0358	1.03123
57.1051	1.03867
57.1718	1.07958
57.2354	1.1327
57.3	1.11428
57.3656	1.09645
57.4329	1.07075
57.5022	1.0383
57.5721	1.03086
57.6414	1.03867
57.7107	1.03867
57.7795	1.04623
57.8489	1.0383
57.9177	1.04661
57.9875	1.03123
58.0542	1.07958
58.1198	1.09645
58.1871	1.07075
58.2564	1.03867
58.3262	1.03123
58.3945	1.05428
58.4628	1.05428
58.5326	1.03086
58.6025	1.03123
58.6702	1.06284
58.7396	1.0383
58.8094	1.03123
58.8745	1.10529
58.9407	1.08775
59.0074	1.07918
59.0747	1.07075
59.1435	1.04661
59.2133	1.03086
59.2826	1.21179
59.3519	1.03904
59.4171	1.10529
59.4791	1.16149
59.5421	1.14213
59.6067	1.11428
59.6745	1.06245
59.7443	1.03123
59.8141	1.03086
59.8829	0.872171
59.9523	1.03867
60.0184	0.543874
60.0862	0.708301
60.1561	0.687241
60.2259	0.687484
60.2926	0.899651
60.3593	0.719455
60.425	0.730966
60.4932	0.878565
60.5631	1.03086
60.6329	1.03123
60.7022	1.03867
60.7679	1.09645
60.8346	1.07918
60.9008	1.26904
60.9696	1.04623
61.0395	1.03086
61.1093	1.03123
61.1791	1.03086
61.249	0.859355
61.3204	0.839805
61.3897	0.692449
61.4585	0.697737
61.5242	0.730966
61.593	0.871859
61.6628	0.687241
61.7327	0.687241
61.8009	0.70336
61.8702	0.865562
61.9396	0.346101
62.0089	0.346101
62.0788	0.343621
62.1486	0.343742
62.2179	0.346225
62.2877	0.343742
62.3545	0.359728
62.4233	0.523115
62.4916	0.351426
62.5619	0.341175
62.6312	0.173112
62.6995	0.351553
62.7667	0.356917
62.8324	0.365483
62.9002	0.35415
62.9705	0.341055
63.0367	0.181359
63.1019	0.368431
63.1691	0.356917
63.2369	0.35415
63.3057	0.348743
63.3755	0.343621
63.4453	0.343742
63.5152	0.343621
63.5855	0.170587
63.6491	0.188783
63.7142	0.184215
63.7783	0.187235
63.8451	0.179864
63.9144	0.173051
63.9842	0.343742
64.054	0.343742
64.1213	0.356917
64.188	0.359728
64.2558	0.35415
64.3246	0.348743
64.3944	0.343742
64.4611	0.359861
64.5289	0.35415
64.5972	0.351426
64.667	0.343621
64.7352	0.35168
64.8056	0.341055
64.8723	0.17993
64.9401	0.35415
65.0094	0.346101
65.0798	0.341175
65.1501	0.170587
65.2173	0.178524
65.2856	0.175713
65.3529	0.178459
65.4212	0.175713
65.4889	0.177075
65.5593	0.341055
65.6281	0.174434
65.6979	0.343742
65.7651	0.356917
65.8319	0.359728
65.9002	0.351426
65.9679	0.35415
66.0357	0.35415
66.1045	0.348743
66.1744	0.343499
66.2442	0.171871
66.3145	0.341175
66.3838	0.346348
66.45	0.362583
66.5162	0.362583
66.5819	0.365483
66.6486	0.359728
66.7158	0.356917
66.7852	0.346101
66.8545	0.346348
66.9243	0.343742
66.9921	0.35415
67.0604	0.351426
67.1271	0.359728
67.1943	0.356917
67.2642	0.343621
67.334	0.343742
67.4012	0.357048
67.4679	0.359728
67.5341	0.362583
67.6019	0.531226
67.6717	0.687484
67.7416	0.687241
67.8119	0.68235
67.8802	0.703106
67.9479	0.708301
68.0152	0.713834
68.0845	0.692203
68.1544	0.687241
68.2237	0.692696
68.2925	0.697737
68.3586	0.725165
68.428	0.692203
68.4973	0.692696
68.5671	0.687484
68.6359	0.697737
68.7047	0.697737
68.7735	0.697487
68.8428	0.692449
68.9127	0.687241
68.9783	0.731241
69.0445	0.725165
69.1102	0.730966
69.1785	0.702852
69.2483	0.686998
69.3187	0.68235
69.3885	0.687241
69.4578	0.692449
69.524	0.725706
69.5918	0.885376
69.6595	0.708301
69.7289	0.692203
69.7992	0.682111
69.8696	0.511762
69.9399	0.511762
70.0072	0.178459
70.0728	0.182742
70.1401	0.178459
70.2094	0.346101
70.2787	0.346348
70.3485	0.343742
70.4126	0.37447
70.4778	0.552646
70.5445	0.719455
70.6138	0.692203
70.6842	0.68235
70.7514	0.714096
70.8186	0.713834
70.8843	0.365483
70.9505	0.362583
71.0193	0.348743
71.0891	0.343742
71.159	0.343621
71.2257	0.359861
71.295	0.519152
71.3643	0.692696
71.4341	0.687241
71.5019	0.708559
71.5707	0.697487
71.6406	0.687241
71.7109	0.682111
71.7792	0.70336
71.8475	0.702852
71.9173	0.687484
71.9845	0.714096
72.0549	0.682111
72.1226	0.708559
72.1888	0.725165
72.2571	0.702852
72.3254	0.702852
72.3947	0.692203
72.4635	0.697987
72.5333	0.687241
72.6016	0.703106
72.6678	0.725165
72.7351	0.713834
72.8033	0.702852
72.8727	0.692203
72.9425	0.687241
73.0124	0.687484
73.079	0.719721
73.1442	0.736861
73.2088	0.742852
73.275	0.725165
73.3412	0.725165
73.41	0.697487
73.4804	0.682111
73.5502	0.687484
73.6205	0.68235
73.6873	0.719455
73.7561	0.697487
73.8207	0.742852
73.8858	0.736861
73.9536	0.708301
74.0234	0.859051
74.0922	0.697737
74.1605	0.702852
74.2299	0.692449
74.2987	0.697487
74.369	0.852937
74.4378	0.872171
74.5056	0.708301
74.5728	0.535376
74.6416	0.523115
74.7115	0.687484
74.7797	0.703106
74.848	0.702852
74.9179	0.687241
74.9882	0.852937
75.0554	0.713834
75.1216	0.725165
75.1873	0.730966
75.2546	0.713834
75.3244	0.686998
75.3937	0.519522
75.4635	0.687484
75.5276	0.37447
75.5943	0.539591
75.6605	0.362583
75.7283	0.35415
75.7981	0.515613
75.8664	0.702852
75.9358	0.692203
76.0051	0.692449
76.0744	0.86587
76.1406	0.725165
76.2073	0.719455
76.2735	0.725165
76.3412	0.708301
76.4111	0.859355
76.4809	1.03086
76.5497	1.04661
76.6195	1.03086
76.6894	1.03123
76.7592	1.03086
76.829	1.03123
76.8973	1.05466
76.9645	1.07075
77.0339	1.0383
77.1037	1.03086
77.1741	1.02352
77.2434	1.03867
77.308	1.1147
77.3721	1.12341
77.4367	1.11428
77.5024	1.09645
77.5696	1.07075
77.6395	1.0305
77.7088	1.03904
77.7786	1.03123
77.8463	1.06284
77.9162	1.03086
77.9824	1.08775
78.0491	1.07918
78.1168	1.06245
78.1846	1.06245
78.255	1.02317
78.3248	1.03086
78.3941	1.03904
78.4629	1.04623
78.5307	1.06245
78.599	1.05428
78.6688	1.03086
78.7387	1.03123
78.8075	1.04661
78.8773	1.03086
78.9471	1.03123
79.0175	1.02352
79.0863	1.04661
79.1535	0.892293
79.2207	0.713834
79.2906	0.686998
79.3599	0.692449
79.4298	0.859355
79.5001	0.68235
79.5684	0.527139
79.6382	0.859051
79.7081	0.343742
79.7763	0.351553
79.8462	0.515431
79.916	0.687484
79.9843	0.702852
80.0521	0.708301
80.1209	0.697487
80.1907	0.687241
80.26	0.692449
80.3299	0.687484
80.3997	0.859355
80.469	0.692449
80.5326	0.75513
80.5977	0.736861
80.6649	0.713834
80.7343	0.692203
80.8041	0.687484
80.8739	0.687484
80.9432	0.692449
81.0126	0.692203
81.0824	0.687241
81.1512	0.697737
81.221	0.687484
81.2883	0.713834
81.355	0.719455
81.4238	0.697487
81.4942	0.68235
81.5635	0.519337
81.6297	0.725435
81.6953	0.365483
81.761	0.365483
81.8288	0.35415
81.8971	0.351426
81.9669	0.343621
82.0367	0.343742
82.1045	0.354279
82.1733	0.523115
82.2384	0.368431
82.3036	0.368431
82.3703	0.359728
82.4386	0.351426
82.5079	0.346101
82.5777	0.343742
82.645	0.356917
82.7127	0.35415
82.7805	0.35415
82.8483	0.35415
82.9181	0.343621
82.9879	0.343742
83.0547	0.359728
83.1209	0.362583
83.1891	0.351426
83.259	0.343621
83.3288	0.343742
83.3981	0.346225
83.4653	0.357048
83.5289	0.377565
83.5941	0.368431
83.6602	0.362583
83.7275	0.356917
83.7958	0.351426
83.8656	0.343621
83.9349	0.346225
84.0048	0.343621
84.0731	0.351426
84.1403	0.356917
84.2076	0.356917
84.2759	0.351426
84.3447	0.348743
84.4145	0.343742
84.4843	0.343742
84.5541	0.343742
84.6214	0.356917
84.6886	0.356917
84.7574	0.348743
84.8267	0.346348
84.8966	0.343742
84.9643	0.354279
85.0321	0.531226
85.0988	0.719455
85.1666	0.708301
85.2364	0.687241
85.3057	0.692449
85.3761	0.852937
85.4454	0.692696
85.5136	0.703106
85.5793	0.730966
85.645	0.913708
85.7127	1.06245
85.781	1.05428
85.8508	1.2031
85.9207	1.03086
85.9879	1.07114
86.0562	1.05428
86.125	0.871859
86.1928	0.708301
86.2626	0.687241
86.3319	0.692449
86.4007	0.872484
86.4653	0.371426
86.5305	0.368431
86.5951	0.557139
86.6608	0.730966
86.729	0.702852
86.7984	0.692449
86.8682	0.687484
86.937	0.697487
87.0047	0.708559
87.0709	0.725165
87.1377	0.899319
87.2059	0.702852
87.2753	0.692203
87.3451	0.687484
87.4124	0.713834
87.4791	0.719455
87.5474	0.702852
87.6162	0.697487
87.686	0.687241
87.7559	0.687241
87.8252	0.692696
87.895	0.687484
87.9596	0.742852
88.0221	0.767822
88.0852	0.761423
88.1513	0.725165
88.2207	0.692203
88.29	0.692696
88.3593	0.692696
88.427	0.708301
88.4969	0.687241
88.5651	0.70336
88.6339	0.697737
88.7038	0.687241
88.7731	0.692449
88.8382	0.736861
88.906	0.708301
88.9753	0.692449
89.0446	0.692449
89.1145	0.687241
89.1807	0.725165
89.2484	0.708301
89.3173	0.697487
89.3871	0.687241
89.4564	0.519337
89.5252	0.697987
89.5935	0.527139
89.6618	0.527139
89.7296	0.35415
89.7989	0.346225
89.8687	0.343742
89.9385	0.343621
90.0068	0.351553
90.0766	0.515613
90.1465	0.343621
90.2163	0.343742
90.284	0.354279
90.3523	0.351426
90.4216	0.346225
90.4915	0.343621
90.5613	0.343621
90.6312	0.343742
90.6958	0.371426
90.7614	0.365483
90.825	0.377565
90.8896	0.371426
90.9563	0.359728
91.0262	0.343621
91.096	0.343742
91.1658	0.343621
91.2362	0.341175
91.3045	0.175777
91.3733	0.348743
91.4431	0.343742
91.5119	0.348869
91.5812	0.346225
91.651	0.343742
91.7203	0.346225
91.7886	0.351426
91.8575	0.348743
91.9273	0.343742
91.995	0.354279
92.0607	0.365483
92.1258	0.368431
92.1941	0.351426
92.2629	0.348743
92.3328	0.343621
92.401	0.17584
92.4709	0.343621
92.5397	0.348743
92.608	0.351553
92.6757	0.354279
92.7455	0.343621
92.8154	0.343621
92.8842	0.348994
92.954	0.343621
93.0238	0.343621
93.09	0.362718
93.1562	0.362583
93.2229	0.359728
93.2923	0.346101
93.3621	0.343742
93.4309	0.348994
93.5007	0.515613
93.569	0.351426
93.6373	0.351426
93.7066	0.346225
93.7764	0.343742
93.8457	0.346348
93.914	0.351553
93.9812	0.535376
94.0485	0.713834
94.1183	0.687241
94.1881	0.687484
94.2574	0.692449
94.322	0.743136
94.3893	0.713834
94.4576	0.702852
94.5253	0.708301
94.5952	0.687241
94.6645	0.692449
94.7333	0.697987
94.801	0.708301
94.8703	0.692449
94.9402	0.687484
95.0058	0.730966
95.0726	0.719455
95.1393	0.719455
95.2076	0.702852
95.2753	0.708559
95.3441	0.697487
95.4139	0.687484
95.4817	0.708301
95.549	0.713834
95.6167	0.708301
95.6865	0.687484
95.7564	0.687484
95.8262	0.687241
95.8955	0.692449
95.9633	0.708301
96.0321	0.697487
96.1009	0.697487
96.1707	0.687484
96.2406	0.687484
96.3078	0.713834
96.373	0.736861
96.4407	0.708301
96.5101	0.692203
96.5799	0.687241
96.6497	0.687484
96.719	0.865562
96.7889	0.687484
96.8587	0.687241
96.9244	0.731241
96.9895	0.736861
97.0562	0.899319
97.125	1.04623
97.1944	1.0383
97.2642	1.03123
97.334	1.2031
97.4013	1.07075
97.469	1.23953
97.5383	1.3849
97.6056	1.42819
97.6739	1.58142
97.7432	1.38441
97.813	1.37497
97.8829	1.03086
97.9532	1.02317
98.021	1.06245
98.0887	1.23998
98.1565	1.06245
98.2222	1.09645
98.2899	1.23953
98.3593	1.38441
98.4291	1.37497
98.4989	1.37497
98.5667	1.59368
98.635	1.40621
98.7027	1.4166
98.7721	1.3849
98.8419	1.37448
98.9117	1.37497
98.9805	1.04661
99.0441	1.1327
99.1092	1.10529
99.1744	1.28951
99.2395	1.10529
99.3067	1.07075
99.3766	1.2031
99.4464	1.37497
99.5162	1.37448
99.5861	1.37448
99.6501	1.68577
99.7153	1.47372
99.7825	1.42767
99.8513	1.39497
99.9217	1.3647
99.991	1.21179
100.059	0.885376
100.126	0.713834
100.193	0.719455
100.26	0.713834
100.33	0.858748
100.4	0.852937
100.471	0.68235
100.54	0.515613
100.608	0.535376
100.675	0.713834
100.743	0.708301
100.81	0.708301
100.88	0.687241
100.95	0.687241
101.017	0.714358
101.085	0.708301
101.152	0.892293
101.219	0.719455
101.287	0.702852
101.358	0.682111
101.427	0.515613
101.496	0.697737
101.564	0.356917
101.627	0.377565
101.69	0.380712
101.754	0.37447
101.821	0.356917
101.891	0.519152
101.961	0.687484
102.031	0.68235
102.099	0.702852
102.166	0.713834
102.234	0.885376
102.302	0.708301
102.372	0.682111
102.442	0.519337
102.511	0.697737
102.577	0.362583
102.644	0.35415
102.713	0.348743
102.783	0.343621
102.85	0.357048
102.917	0.539591
102.985	0.708301
103.055	0.687241
103.124	0.687484
103.193	0.703106
103.26	0.892293
103.329	0.697487
103.399	0.687241
103.467	0.697987
103.536	0.697487
103.606	0.687484
103.674	0.703106
103.741	0.719455
103.808	0.719455
103.876	0.708301
103.943	0.708301
104.012	0.697487
104.082	0.687241
104.152	0.687484
104.222	0.687484
104.287	0.730966
104.353	0.725165
104.419	0.736861
104.484	0.736861
104.551	0.713834
104.62	0.697487
104.689	0.692449
104.758	0.697737
104.828	0.687241
104.898	0.687484
104.966	0.697737
105.035	0.697487
105.105	0.692203
105.174	0.692449
105.243	0.692449
105.312	0.697487
105.38	0.708301
105.449	0.697487
105.518	0.692203
105.587	0.692696
105.657	0.692696
105.726	0.687484
105.793	0.719455
105.856	0.767822
105.921	0.913708
105.988	1.07075
106.057	1.04623
106.127	1.03123
106.197	1.03123
106.265	1.06284
106.327	1.35508
106.387	1.19179
106.449	1.17142
106.511	1.15173
106.577	1.27919
106.645	1.4166
106.713	1.39497
106.783	1.54684
106.852	1.39547
106.921	1.56991
106.991	1.7181
107.059	1.74497
107.128	1.04623
107.198	1.03086
107.268	0.859355
107.337	1.03867
107.404	0.713834
107.473	0.871859
107.544	0.68235
107.612	0.523303
107.68	0.708301
107.747	0.356917
107.817	0.343621
107.886	0.348743
107.954	0.35168
108.024	0.515431
108.093	0.348743
108.163	0.343621
108.233	0.343742
108.301	0.348869
108.37	0.351426
108.435	0.368431
108.503	0.531226
108.571	0.697487
108.641	0.687484
108.711	0.687241
108.779	0.703106
108.847	0.708559
108.914	0.713834
108.984	0.687241
109.054	0.687484
109.122	0.702852
109.192	0.687241
109.262	0.687484
109.331	0.697737
109.395	0.748941
109.46	0.736861
109.525	0.736861
109.592	0.713834
109.662	0.687241
109.732	0.687484
109.802	0.687241
109.866	0.743136
109.931	0.742852
109.996	0.742852
110.062	0.719455
110.132	0.692203
110.202	0.687241
110.271	0.692449
110.341	0.687484
110.407	0.719455
110.473	0.736861
110.54	0.708301
110.61	0.687241
110.68	0.692449
110.749	0.692696
110.813	0.743136
110.88	0.725165
110.946	0.719455
111.015	0.697487
111.084	0.692449
111.154	0.687484
111.219	0.92892
111.282	0.761423
111.345	0.75513
111.411	0.736861
111.477	0.719455
111.547	0.859051
111.617	1.03123
111.687	1.02352
111.757	1.03867
111.821	1.29999
111.888	1.07918
111.957	1.0383
112.027	1.03123
112.097	1.03123
112.165	0.878565
112.229	0.75513
112.296	0.719455
112.364	0.878565
112.433	1.0383
112.503	1.03123
112.572	1.04623
112.642	1.2031
112.71	1.05428
112.776	1.08775
112.842	1.09645
112.91	1.05428
112.98	1.20267
113.05	1.37497
113.12	1.37448
113.189	1.37497
113.259	1.37448
113.329	1.3849
113.397	1.39547
113.467	1.38441
113.537	1.37497
113.604	1.41712
113.67	1.45033
113.738	1.4166
113.808	1.38441
113.877	1.3849
113.947	1.37448
114.017	1.37497
114.082	1.47372
114.147	1.46193
114.213	1.46193
114.28	1.42767
114.348	1.4166
114.417	1.39497
114.486	1.39497
114.555	1.39497
114.624	1.38441
114.694	1.37497
114.764	1.36422
114.83	1.46193
114.895	1.46193
114.962	1.45033
115.03	1.39497
115.101	1.36422
115.171	1.37448
115.241	1.3647
115.31	1.39597
115.376	1.43891
115.444	1.4166
115.512	1.4166
115.58	1.4057
115.65	1.54684
115.717	1.43944
115.786	1.39497
115.855	1.37448
115.924	1.40621
115.994	1.53475
116.061	1.61877
116.129	0.885376
116.198	0.865254
116.268	1.02352
116.335	0.899651
116.403	0.702852
116.47	0.713834
116.538	0.713834
116.608	0.682111
116.677	0.692449
116.747	0.859355
116.814	0.719721
116.876	0.767822
116.939	0.761423
117.005	0.730966
117.074	0.697487
117.144	0.687484
117.213	0.697737
117.282	0.692449
117.35	0.708559
117.418	0.702852
117.486	0.702852
117.555	0.697737
117.625	0.687241
117.695	0.515613
117.76	0.73714
117.826	0.362583
117.894	0.35415
117.963	0.519337
118.032	0.697737
118.102	0.687484
118.17	0.702852
118.24	0.687484
118.307	0.713834
118.375	0.702852
118.445	0.692449
118.514	0.865562
118.584	0.687484
118.648	0.742852
118.714	0.736861
118.78	0.725165
118.848	0.702852
118.918	0.68235
118.988	0.515431
119.058	0.687484
119.123	0.371426
119.19	0.356917
119.257	0.359728
119.325	0.351426
119.394	0.346101
119.464	0.346348
119.533	0.343621
119.603	0.346348
119.665	0.192224
119.727	0.193526
119.792	0.184215
119.857	0.371426
119.924	0.359728
119.989	0.365483
120.055	0.362583
120.124	0.351426
120.194	0.343742
120.264	0.341175
120.332	0.17714
120.399	0.356917
120.462	0.380712
120.523	0.39384
120.64	0.410068
120.75	0.437231
120.865	0.417218
120.983	0.4044
121.044	0.397264
121.165	0.395545
121.23	0.371426
121.294	0.371426
121.357	0.380712
121.424	0.362583
121.49	0.362583
121.558	0.354565
121.626	0.348652
121.695	0.348869
121.765	0.343742
121.825	0.397523
121.886	0.397146
121.947	0.390473
122.009	0.387585
122.073	0.374365
122.137	0.377565
122.204	0.360062
122.273	0.343532
122.342	0.17584
122.411	0.343742
122.476	0.37447
122.54	0.37447
122.659	0.402859
122.721	0.387052
122.833	0.428856
122.948	0.417153
123.008	0.595896
123.069	0.19692
123.132	0.380712
123.197	0.371426
123.264	0.359728
123.333	0.343621
123.401	0.354279
123.471	0.343621
123.54	0.346225
123.602	0.39063
123.717	0.415322
123.837	0.402514
123.897	0.397264
123.961	0.377565
124.028	0.35415
124.099	0.341055
124.167	0.174434
124.23	0.384062
124.29	0.595896
124.351	0.397264
124.468	0.307282
124.529	0.390473
124.59	0.39384
124.706	0.414223
124.824	0.40831
124.885	0.393723
124.948	0.380712
125.012	0.371426
125.073	0.397264
125.18	0.44612
125.285	0.45915
125.39	0.457089
125.487	0.493842
125.568	0.593508
125.638	0.685182
125.709	0.679908
125.779	0.679908
125.85	0.679908
125.921	0.674886
125.992	0.674886
126.063	0.679908
126.133	0.679908
126.204	0.679908
126.273	0.69018
126.344	1.19876
126.415	1.33988
126.486	1.34977
126.557	1.34977
126.628	1.35982
126.699	1.35982
126.769	1.35982
126.84	1.35982
126.91	1.35982
126.981	1.35982
127.052	1.35982
127.122	1.35982
127.193	1.35982
127.263	1.35982
127.334	1.35982
127.405	1.52979
127.474	1.38036
127.544	1.38036
127.613	1.38036
127.683	0.513688
