10.1001	10
10.2016	11
10.2037	13
10.2061	15
10.2081	17
10.2101	19
10.3032	21
10.3058	23
10.3074	25
10.3098	27
10.3116	29
10.314	31
10.3158	33
10.3182	35
10.32	37
10.4053	39
10.4063	41
10.411	43
10.4126	45
10.4137	47
10.4147	49
10.4179	51
10.42	53
10.4221	55
10.4231	57
10.4263	59
10.4284	61
10.4305	63
10.4315	65
10.4347	67
10.4368	69
10.4389	71
10.4399	73
10.5084	75
10.5095	77
10.5105	79
10.5116	81
10.5205	83
10.5221	85
10.5231	87
10.5242	89
10.5252	91
10.5263	93
10.5273	95
10.5284	97
10.5336	99
10.5347	101
10.5378	103
10.5389	105
10.542	107
10.5431	109
10.5441	111
10.5452	113
10.5504	115
10.5515	117
10.5546	119
10.5557	121
10.5583	83
11.6851	1
11.7865	2
11.8883	4
11.8889	8
11.9899	9
11.9904	10
11.992	12
11.9931	14
12.0909	16
12.092	18
12.093	20
12.0941	22
12.0951	24
12.0962	26
12.0972	28
12.193	30
12.1941	32
12.1951	34
12.1962	36
12.1972	38
12.1983	40
12.1993	42
12.2004	44
12.2014	46
12.2025	48
12.2035	50
12.2046	52
12.2056	54
12.2067	56
12.2951	58
12.3056	59
12.3161	60
12.3997	61
12.4133	62
12.4238	63
12.5023	64
12.5175	65
12.5312	66
12.6022	67
12.618	68
12.6338	69
12.6453	70
12.7155	71
12.7312	72
12.747	73
12.8097	74
12.8254	75
12.8422	76
12.8559	77
12.9172	78
12.933	79
12.9492	80
12.9634	81
13.0214	82
13.0382	83
13.054	84
13.0687	85
13.1235	86
13.1392	87
13.156	88
13.1707	89
13.2221	90
13.2379	91
13.2547	92
13.2705	93
13.3156	94
13.3326	95
13.3494	96
13.3652	97
13.3799	98
13.4239	99
13.4407	100
13.457	101
13.4722	102
13.4869	103
13.5281	104
13.5449	105
13.5607	106
13.5764	107
13.5911	108
13.6275	109
13.6443	110
13.6612	111
13.6769	112
13.6916	113
13.7228	114
13.7396	115
13.7554	116
13.7722	117
13.7879	118
13.8026	119
13.8306	120
13.8475	121
13.8632	122
13.88	123
13.8958	124
13.9094	125
13.9332	126
13.9495	127
13.9663	128
13.9821	129
13.9989	130
14.0136	131
14.0316	132
14.0485	133
14.0642	134
14.0805	135
14.0968	136
14.1136	137
14.1273	138
14.1441	139
14.1609	140
14.1766	141
14.1924	142
14.2092	143
14.225	144
14.2386	145
14.2554	146
14.2722	147
14.288	148
14.3038	149
14.3195	150
14.3363	151
14.35	152
14.3658	153
14.3815	154
14.3973	155
14.413	156
14.4288	157
14.4446	158
14.4593	159
14.474	160
14.4897	161
14.5055	162
14.5213	163
14.536	164
14.5517	165
14.5675	166
14.5811	167
14.5959	168
14.6116	169
14.6274	170
14.6421	171
14.6578	172
14.6726	173
14.6883	174
14.703	175
14.7156	176
14.7314	177
14.7471	178
14.7576	123
14.948	124
14.949	125
14.9506	126
15.007	127
15.0391	128
15.0759	129
15.1101	130
15.1448	131
15.1805	132
15.2169	133
15.2546	134
15.2913	135
15.3284	136
15.3652	137
15.4058	138
15.4452	139
15.4852	140
15.5216	141
15.5693	142
15.6087	143
15.656	144
15.6975	145
15.7442	146
15.7873	147
15.8382	148
15.8792	149
15.9344	150
15.9869	151
16.0279	152
16.0841	153
16.1414	154
16.1992	155
16.2564	156
16.3142	157
16.373	158
16.4324	159
16.4918	160
16.5506	161
16.6105	162
16.672	163
16.7381	164
16.8175	165
16.9005	166
16.9793	167
17.0838	168
17.1668	169
17.2924	170
17.4121	171
17.4815	172
17.5976	118
17.7563	119
17.7584	120
17.7595	121
17.8078	122
17.9156	123
17.9748	124
18.0315	125
18.0931	126
18.1558	127
18.2199	128
18.285	129
18.3565	130
18.429	131
18.4983	132
18.5845	133
18.6591	134
18.7589	135
18.8219	136
18.9312	137
19.0426	138
19.1529	139
19.2632	140
19.3746	141
19.488	142
19.6215	143
19.8201	144
20.067	145
20.4195	146
23.1344	147
23.4874	148
23.7333	149
23.9308	150
24.0973	151
24.2439	152
24.3721	153
24.4908	154
24.5071	106
24.6908	107
24.6918	108
24.6929	109
24.695	110
24.7312	111
24.7669	112
24.8039	113
24.8417	114
24.8806	115
24.9195	116
24.9605	117
24.9988	118
25.0414	119
25.0824	120
25.1265	121
25.1696	122
25.2132	123
25.2589	124
25.3062	125
25.3524	126
25.4012	127
25.4512	128
25.5021	129
25.5331	88
25.7555	89
25.7565	90
25.7791	91
25.8427	92
25.9083	93
25.9825	94
26.0523	95
26.1272	96
26.2082	97
26.2914	98
26.3872	99
26.4749	100
26.5754	101
26.6839	102
26.8022	103
26.9327	104
27.0782	105
27.2458	106
27.4428	107
27.6902	108
28.0427	109
30.756	110
31.1085	111
31.356	112
31.553	113
31.7195	114
31.8661	115
31.9948	116
32.114	117
32.2228	118
32.3242	119
32.4171	120
32.507	121
32.5915	122
32.6698	123
32.747	124
32.8201	125
32.8889	126
32.9561	127
33.0218	128
33.0833	129
33.0948	88
33.2637	89
33.2653	90
33.2674	91
33.2793	92
33.3203	93
33.361	94
33.403	95
33.4474	96
33.4888	97
33.5414	98
33.5795	99
33.6252	100
33.6749	101
33.7222	102
33.7722	103
33.8221	104
33.8752	105
33.9293	106
33.9845	107
34.0407	108
34.099	109
34.1594	110
34.2209	111
34.2865	112
34.3532	113
34.4242	114
34.4969	115
34.5728	116
34.6511	117
34.7367	118
34.8255	119
34.9195	120
35.0199	121
35.1297	122
35.2468	123
35.3771	124
35.5216	125
35.6886	126
35.8856	127
36.1341	128
36.4856	129
39.1999	130
39.5524	131
39.7999	132
39.9979	133
40.1645	134
40.31	135
40.4392	136
40.5569	137
40.6661	138
40.6971	95
40.8137	96
40.8354	97
40.837	98
40.8386	99
40.8664	100
40.9058	101
40.9455	102
40.987	103
41.0387	104
41.0702	105
41.1138	106
41.1595	107
41.2052	108
41.2509	109
41.2987	110
41.3465	111
41.3964	112
41.4463	113
41.4994	114
41.5524	115
41.6081	116
41.6659	117
41.7232	118
41.7846	119
41.8461	120
41.9118	121
41.9774	122
42.0484	123
42.1203	124
42.1965	125
42.2769	126
42.3467	86
42.4873	87
42.4889	88
42.5094	89
42.5887	90
42.6417	91
42.7118	92
42.7907	93
42.8596	94
42.9391	95
43.0243	96
43.1122	97
43.2072	98
43.3082	99
43.4161	100
43.5344	101
43.6642	102
43.8108	103
43.9773	104
44.1743	105
44.4217	106
44.7742	107
47.4876	108
47.8422	109
48.0896	110
48.2855	111
48.4526	112
48.5965	113
48.7284	114
48.8455	115
48.9553	116
49.0546	117
49.1487	118
49.239	119
49.322	120
49.4024	121
49.4775	122
49.5521	123
49.622	124
49.6882	125
49.7523	126
49.8158	127
49.8373	87
49.9877	88
49.9893	89
49.9914	90
49.993	91
50.0839	92
50.1312	93
50.1868	94
50.2262	95
50.2898	96
50.3323	97
50.3928	98
50.4385	99
50.4964	100
50.5453	101
50.6	102
50.6499	103
50.7051	104
50.7581	105
50.8133	106
50.8674	107
50.9236	108
50.9803	109
51.0397	110
51.1085	111
51.1815	112
51.2577	113
51.3255	114
51.4216	115
51.5041	116
51.6044	117
51.6859	118
51.8083	119
51.9307	120
52.0552	121
52.1818	122
52.3057	123
52.4302	124
52.5716	125
52.8179	126
53.1725	127
55.8869	128
56.2394	129
56.4858	130
56.6839	131
56.8493	132
56.9959	133
57.1246	134
57.2439	135
57.3526	136
57.4529	137
57.547	138
57.6284	95
57.791	96
57.7921	97
57.7936	98
57.8031	99
57.8436	100
57.883	101
57.9223	102
57.9719	103
58.0056	104
58.0481	105
58.0912	106
58.1358	107
58.1826	108
58.2273	109
58.2761	110
58.325	111
58.3728	112
58.4248	113
58.4768	114
58.5309	115
58.5861	116
58.6423	117
58.7016	118
58.761	119
58.8235	120
58.8881	121
58.9548	122
59.0258	123
59.0977	124
59.1287	85
59.276	86
59.2775	87
59.3033	88
59.3707	89
59.4387	90
59.5136	91
59.5899	92
59.6749	93
59.7518	94
59.8416	95
59.9358	96
60.0381	97
60.1465	98
60.2631	99
60.3934	100
60.5384	101
60.7044	102
60.9025	103
61.1505	104
61.5014	105
64.2158	106
64.5693	107
64.8178	108
65.0137	109
65.1803	110
65.3263	111
65.4555	112
65.5737	113
65.6835	114
65.7839	115
65.8774	116
65.9667	117
66.0502	118
66.1306	119
66.2057	120
66.2798	121
66.3491	122
66.4169	123
66.482	124
66.5425	125
66.6039	126
66.6149	86
66.7821	87
66.7837	88
66.7852	89
66.8005	90
66.8586	91
66.8837	92
66.9262	93
66.9696	94
67.0136	95
67.0619	96
67.1066	97
67.1635	98
67.2011	99
67.2507	100
67.3018	101
67.3538	102
67.409	103
67.4631	104
67.5193	105
67.5787	106
67.6391	107
67.7016	108
67.7657	109
67.8324	110
67.9039	111
67.9758	112
68.052	113
68.1324	114
68.2159	115
68.3052	116
68.3982	117
68.4996	118
68.6083	119
68.7268	120
68.8573	121
69.0018	122
69.1694	123
69.3648	124
69.6128	125
69.9653	126
72.6797	127
73.0332	128
73.2806	129
73.4776	130
73.6442	131
73.7886	132
73.9184	133
74.0376	134
74.1464	135
74.2467	136
74.3097	93
74.4841	94
74.4857	95
74.4867	96
74.4969	97
74.5362	98
74.576	99
74.6169	100
74.6584	101
74.6989	102
74.7425	103
74.7842	104
74.8309	105
74.8745	106
74.9213	107
74.968	108
75.0179	109
75.0668	110
75.1167	111
75.1703	112
75.2239	113
75.278	114
75.3352	115
75.3935	116
75.455	117
75.5165	118
75.5811	119
75.6489	120
75.7177	121
75.7917	122
75.8663	123
75.9346	84
76.1084	85
76.1095	86
76.1354	87
76.2016	88
76.2837	89
76.3457	90
76.4216	91
76.5015	92
76.5879	93
76.6904	94
76.7676	95
76.8692	96
76.9786	97
77.0971	98
77.2258	99
77.372	100
77.5375	101
77.734	102
77.983	103
78.3339	104
81.0499	105
81.4024	106
81.6488	107
81.8458	108
82.0134	109
82.1578	110
82.2876	111
82.4068	112
82.5145	113
82.617	114
82.7099	115
82.7998	116
82.8828	117
82.9632	118
83.0404	119
83.1123	120
83.1812	121
83.2489	122
83.3135	123
83.3755	124
83.4128	85
83.6089	86
83.611	87
83.6121	88
83.6299	89
83.6724	90
83.7136	91
83.7603	92
83.8031	93
83.8614	94
83.8945	95
83.9423	96
83.9897	97
84.0386	98
84.0911	99
84.1416	100
84.1962	101
84.2514	102
84.3083	103
84.3656	104
84.4276	105
84.4885	106
84.5542	107
84.6219	108
84.6902	109
84.7638	110
84.8389	111
84.9203	112
85.0028	113
85.0926	114
85.1867	115
85.2875	116
85.3968	117
85.5139	118
85.6442	119
85.7908	120
85.9563	121
86.1533	122
86.4007	123
86.7543	124
89.4676	125
89.8211	126
90.0686	127
90.2656	128
90.4311	129
90.5776	130
90.7074	131
90.8251	132
90.9338	133
91.0341	134
91.1292	135
91.2191	136
91.29	93
91.4822	94
91.4832	95
91.4853	96
91.4869	97
91.5355	98
91.5744	99
91.6138	100
91.656	101
91.697	102
91.7416	103
91.7842	104
91.8283	105
91.873	106
91.9187	107
91.9675	108
92.0516	109
92.1157	110
92.1672	111
92.2223	112
92.2806	113
92.34	114
92.3993	115
92.4598	116
92.5212	117
92.5822	118
92.6457	119
92.7156	120
92.7902	121
92.8653	122
92.9141	84
93.1013	85
93.1028	86
93.1776	87
93.2756	88
93.3226	89
93.4273	90
93.5141	91
93.592	92
93.6946	93
93.7968	94
93.899	95
94.0045	96
94.1073	97
94.2113	98
94.3143	99
94.4679	100
94.6659	101
94.9123	102
95.2659	103
97.9792	104
98.3317	105
98.5802	106
98.7772	107
98.9432	108
99.0876	109
99.2185	110
99.3361	111
99.4464	112
99.5463	113
99.6408	114
99.7286	115
99.8137	116
99.8935	117
99.9692	118
100.042	119
100.112	120
100.179	121
100.244	122
100.306	123
100.366	124
100.426	125
100.439	86
100.604	87
100.605	88
100.607	89
100.624	90
100.682	91
100.709	92
100.754	93
100.798	94
100.843	95
100.889	96
100.936	97
100.986	98
101.034	99
101.087	100
101.137	101
101.192	102
101.247	103
101.304	104
101.362	105
101.421	106
101.486	107
101.551	108
101.616	109
101.687	110
101.758	111
101.835	112
101.915	113
101.999	114
102.088	115
102.183	116
102.283	117
102.391	118
102.509	119
102.639	120
102.785	121
102.952	122
103.148	123
103.397	124
103.749	125
106.464	126
106.817	127
107.063	128
107.261	129
107.427	130
107.573	131
107.702	132
107.822	133
107.929	134
108.03	135
108.125	136
108.19	93
108.316	94
108.333	95
108.334	96
108.336	97
108.368	98
108.407	99
108.447	100
108.489	101
108.537	102
108.573	103
108.618	104
108.662	105
108.707	106
108.752	107
108.8	108
108.849	109
108.899	110
108.949	111
109.003	112
109.056	113
109.111	114
109.167	115
109.226	116
109.287	117
109.348	118
109.414	119
109.481	120
109.551	121
109.623	122
109.681	84
109.834	85
109.835	86
109.865	87
109.935	88
110.008	89
110.085	90
110.165	91
110.249	92
110.336	93
110.434	94
110.536	95
110.64	96
110.758	97
110.889	98
111.034	99
111.2	100
111.398	101
111.644	102
111.997	103
114.711	104
115.066	105
115.312	106
115.509	107
115.675	108
115.821	109
115.95	110
116.07	111
116.178	112
116.279	113
116.372	114
116.461	115
116.547	116
116.625	117
116.701	118
116.775	119
116.844	120
116.911	121
116.976	122
117.038	123
117.099	124
117.158	125
117.204	85
117.345	86
117.347	87
117.348	88
117.363	89
117.405	90
117.446	91
117.489	92
117.548	93
117.576	94
117.623	95
117.668	96
117.716	97
117.764	98
117.814	99
117.865	100
117.917	101
117.971	102
118.027	103
118.082	104
118.14	105
118.202	106
118.263	107
118.329	108
118.397	109
118.466	110
118.539	111
118.616	112
118.694	113
118.779	114
118.869	115
118.961	116
119.062	117
119.172	118
119.29	119
119.42	120
119.564	121
119.732	122
119.928	123
120.176	124
120.528	125
123.243	126
123.596	127
123.842	128
124.04	129
124.206	130
124.353	131
124.482	132
124.601	133
124.709	134
124.809	135
124.905	136
124.993	137
125.076	138
125.11	95
125.243	96
125.246	97
125.248	98
125.257	99
125.294	100
125.346	101
125.376	102
125.415	103
125.457	104
125.502	105
125.545	106
125.59	107
125.633	108
125.68	109
125.728	110
125.777	111
125.826	112
125.877	113
125.929	114
125.984	115
126.039	116
126.094	117
126.152	118
126.214	119
126.275	120
126.34	121
126.409	122
126.479	123
126.5	84
126.673	85
126.675	86
126.7	87
126.768	88
126.843	89
126.909	90
126.985	91
127.065	92
127.15	93
127.238	94
127.333	95
127.434	96
127.543	97
127.661	98
127.791	99
127.936	100
128.102	101
128.298	102
128.547	103
128.9	104
131.613	105
131.966	106
132.214	107
132.411	108
132.577	109
132.723	110
132.852	111
132.971	112
133.08	113
133.181	114
133.275	115
133.363	116
133.448	117
133.529	118
133.603	119
133.676	120
133.747	121
133.814	122
133.878	123
133.941	124
133.985	85
134.157	86
134.159	87
134.161	88
134.163	89
134.228	90
134.264	91
134.305	92
134.351	93
134.397	94
134.442	95
134.49	96
134.538	97
134.587	98
134.639	99
134.691	100
134.744	101
134.801	102
134.857	103
134.916	104
134.975	105
135.05	106
135.161	107
135.239	108
135.312	109
135.387	110
135.469	111
135.553	112
135.621	113
135.736	114
135.801	115
135.922	116
136.043	117
136.166	118
136.291	119
136.417	120
136.542	121
136.702	122
136.949	123
137.303	124
140.017	125
140.369	126
140.617	127
140.814	128
140.981	129
141.127	130
141.255	131
141.373	132
141.482	133
141.584	134
141.678	135
141.767	136
141.84	93
142.018	94
142.019	95
142.021	96
142.03	97
142.085	98
142.109	99
142.15	100
142.191	101
142.233	102
142.276	103
142.318	104
142.363	105
142.408	106
142.456	107
142.503	108
142.55	109
142.601	110
142.651	111
142.704	112
142.757	113
142.812	114
142.861	78
143.067	79
143.068	80
143.104	81
143.176	82
143.252	83
143.332	84
143.417	85
143.504	86
143.6	87
143.701	88
143.81	89
143.927	90
144.058	91
144.203	92
144.37	93
144.567	94
144.815	95
145.166	96
147.88	97
148.235	98
148.481	99
148.68	100
148.845	101
148.99	102
149.119	103
149.238	104
149.346	105
149.449	106
149.542	107
149.631	108
149.716	109
149.795	110
149.87	111
149.896	76
150.088	77
150.089	78
150.091	79
150.118	80
150.165	81
150.21	82
150.258	83
150.306	84
150.356	85
150.408	86
150.459	87
150.513	88
150.568	89
150.623	90
150.682	91
150.744	92
150.805	93
150.87	94
150.937	95
151.008	96
151.083	97
151.158	98
151.235	99
151.32	100
151.41	101
151.502	102
151.604	103
151.615	70
151.741	71
151.764	72
151.784	73
151.866	74
151.939	75
152.022	76
152.112	77
152.207	78
152.308	79
152.416	80
152.535	81
152.666	82
152.81	83
152.976	84
153.173	85
153.42	86
153.775	87
156.487	88
156.841	89
157.089	90
157.286	91
157.452	92
157.597	93
157.726	94
157.846	95
157.955	96
158.055	97
158.151	98
158.238	99
158.322	100
158.401	101
158.477	102
158.55	103
158.62	104
158.689	105
158.753	106
158.815	107
158.875	108
158.934	109
158.989	110
158.996	75
159.168	76
159.17	77
159.172	78
159.198	79
159.246	80
159.291	81
159.341	82
159.387	83
159.442	84
159.487	85
159.543	86
159.594	87
159.648	88
159.704	89
159.762	90
159.822	91
159.885	92
159.952	93
160.017	94
160.087	95
160.16	96
160.237	97
160.315	98
160.401	99
160.489	100
160.583	101
160.684	102
160.794	103
160.911	104
161.043	105
161.186	106
161.352	107
161.549	108
161.797	109
162.151	110
164.865	111
165.218	112
165.464	113
165.661	114
165.827	115
165.974	116
166.104	117
166.221	118
166.33	119
166.432	120
166.525	121
166.614	122
166.685	84
166.826	85
166.827	86
166.829	87
166.849	88
166.892	89
166.934	90
166.98	91
167.028	92
167.071	93
167.129	94
167.166	95
167.217	96
167.268	97
167.318	98
167.374	99
167.429	100
167.485	101
167.543	102
167.604	103
167.666	104
167.731	105
167.799	106
167.869	107
167.94	108
168.017	109
168.096	110
168.181	111
168.269	112
168.366	113
168.411	77
168.554	78
168.556	79
168.586	80
168.656	81
168.727	82
168.803	83
168.884	84
168.967	85
169.062	86
169.163	87
169.265	88
169.366	89
169.479	90
169.608	91
169.754	92
169.921	93
170.118	94
170.364	95
170.719	96
173.417	97
173.786	98
174.032	99
174.23	100
174.396	101
174.541	102
174.672	103
174.789	104
174.898	105
175	106
175.093	107
175.183	108
175.266	109
175.347	110
175.422	111
175.495	112
175.566	113
175.633	114
175.698	115
175.758	116
175.779	79
175.957	80
175.959	81
175.961	82
176.029	83
176.071	84
176.13	85
176.163	86
176.208	87
176.263	88
176.308	89
176.366	90
176.412	91
176.47	92
176.52	93
176.577	94
176.639	95
176.694	96
176.758	97
176.823	98
176.89	99
176.947	100
177.033	101
177.109	102
177.172	103
177.272	104
177.345	105
177.456	106
177.522	107
177.643	108
177.763	109
177.885	110
178.008	111
178.133	112
178.259	113
178.422	114
178.67	115
179.023	116
181.737	117
182.088	118
182.336	119
182.534	120
182.7	121
182.846	122
182.975	123
183.093	124
183.203	125
183.303	126
183.369	86
183.581	87
183.582	88
183.583	89
183.616	90
183.641	91
183.682	92
183.725	93
183.77	94
183.82	95
183.86	96
183.905	97
183.953	98
184	99
184.051	100
184.103	101
184.155	102
184.208	103
184.262	104
184.319	105
184.377	106
184.438	107
184.501	108
184.567	109
184.632	110
184.703	111
184.776	112
184.852	113
184.932	114
185.017	115
185.103	116
185.199	117
185.236	80
185.379	81
185.381	82
185.411	83
185.481	84
185.553	85
185.629	86
185.709	87
185.793	88
185.887	89
185.988	90
186.09	91
186.192	92
186.305	93
186.434	94
186.58	95
186.746	96
186.944	97
187.191	98
187.543	99
190.257	100
190.61	101
190.858	102
191.055	103
191.221	104
191.366	105
191.496	106
191.614	107
191.723	108
191.826	109
191.918	110
192.007	111
192.091	112
192.171	113
192.247	114
192.32	115
192.39	116
192.457	117
192.522	118
192.584	119
192.646	120
192.655	82
192.877	83
192.878	84
192.881	85
192.904	86
192.943	87
193.005	88
193.03	89
193.076	90
193.122	91
193.169	92
193.218	93
193.268	94
193.318	95
193.371	96
193.426	97
193.481	98
193.536	99
193.595	100
193.656	101
193.718	102
193.783	103
193.85	104
193.92	105
193.992	106
194.069	107
194.15	108
194.232	109
194.321	110
194.415	111
194.516	112
194.625	113
194.744	114
194.873	115
195.019	116
195.187	117
195.383	118
195.631	119
195.982	120
198.697	121
199.049	122
199.297	123
199.493	124
199.66	125
199.806	126
199.935	127
200.054	128
200.163	129
200.263	130
200.359	131
200.419	90
200.535	91
200.561	92
200.563	93
200.565	94
200.591	95
200.633	96
200.674	97
200.718	98
200.764	99
200.805	100
200.851	101
200.897	102
200.945	103
200.994	104
201.044	105
201.095	106
201.147	107
201.2	108
201.255	109
201.313	110
201.37	111
201.43	112
201.494	113
201.557	114
201.625	115
201.695	116
201.768	117
201.844	118
201.923	119
202.008	120
202.095	121
202.191	122
202.291	123
202.4	124
202.519	125
202.648	126
202.793	127
202.961	128
203.157	129
203.404	130
203.756	131
206.471	132
206.824	133
207.072	134
207.27	135
207.434	136
207.58	137
207.71	138
207.83	139
207.938	140
208.039	141
208.133	142
208.189	98
208.329	99
208.331	100
208.333	101
208.341	102
208.378	103
208.43	104
208.456	105
208.497	106
208.538	107
208.58	108
208.622	109
208.666	110
208.711	111
208.756	112
208.802	113
208.85	114
208.898	115
208.947	116
208.999	117
209.05	118
209.104	119
209.16	120
209.216	121
209.276	122
209.336	123
209.398	124
209.462	125
209.53	126
209.6	127
209.673	128
209.747	129
209.828	130
209.911	131
210.001	132
210.096	133
210.195	134
210.305	135
210.424	136
210.553	137
210.685	94
210.81	95
210.829	96
210.83	97
210.89	98
210.954	99
211.022	100
211.092	101
211.165	102
211.242	103
211.321	104
211.405	105
211.494	106
211.588	107
211.688	108
211.798	109
211.916	110
212.045	111
212.192	112
212.357	113
212.556	114
212.801	115
213.156	116
215.87	117
216.222	118
216.47	119
216.666	120
216.833	121
216.977	122
217.108	123
217.227	124
217.335	125
217.437	126
217.529	127
217.62	128
217.661	88
217.858	89
217.86	90
217.862	91
217.863	92
217.918	93
217.96	94
218.007	95
218.046	96
218.091	97
218.136	98
218.183	99
218.231	100
218.278	101
218.329	102
218.378	103
218.431	104
218.484	105
218.54	106
218.598	107
218.656	108
218.715	109
218.794	74
219.021	75
219.023	76
219.058	77
219.153	78
219.255	79
219.357	80
219.458	81
219.508	82
219.611	83
219.715	84
219.818	85
219.923	86
220.028	87
220.157	88
220.322	89
220.521	90
220.768	91
221.119	92
223.833	93
224.188	94
224.435	95
224.632	96
224.797	97
224.943	98
225.073	99
225.192	100
225.301	101
225.401	102
225.496	103
225.584	104
225.668	105
225.749	106
225.823	107
225.898	108
225.966	109
226.033	110
226.098	111
226.162	112
226.222	113
226.233	77
226.4	78
226.401	79
226.402	80
226.428	81
226.483	82
226.516	83
226.564	84
226.611	85
226.661	86
226.708	87
226.76	88
226.812	89
226.866	90
226.922	91
226.979	92
227.038	93
227.098	94
227.16	95
227.224	96
227.291	97
227.361	98
227.433	99
227.51	100
227.59	101
227.675	102
227.762	103
227.858	104
227.958	105
228.066	106
228.185	107
228.315	108
228.46	109
228.627	110
228.824	111
229.07	112
229.424	113
232.139	114
232.491	115
232.739	116
232.936	117
233.103	118
233.247	119
233.377	120
233.495	121
233.604	122
233.706	123
233.8	124
233.888	125
233.971	126
234.047	86
234.211	87
234.212	88
234.214	89
234.23	90
234.289	91
234.312	92
234.355	93
234.399	94
234.443	95
234.491	96
234.535	97
234.583	98
234.631	99
234.68	100
234.73	101
234.782	102
234.837	103
234.891	104
234.948	105
235.007	106
235.068	107
235.129	108
235.194	109
235.263	110
235.333	111
235.403	112
235.48	113
235.561	114
235.644	115
235.7	79
235.878	80
235.879	81
235.914	82
235.988	83
236.064	84
236.147	85
236.227	86
236.316	87
236.41	88
236.512	89
236.621	90
236.738	91
236.868	92
237.014	93
237.18	94
237.377	95
237.625	96
237.976	97
240.691	98
241.045	99
241.293	100
241.489	101
241.655	102
241.801	103
241.93	104
242.048	105
242.158	106
242.258	107
242.353	108
242.442	109
242.525	110
242.606	111
242.682	112
242.755	113
242.824	114
242.892	115
242.957	116
243.018	117
243.08	118
243.087	81
244.082	1
244.485	2
244.586	3
244.688	4
244.789	5
244.79	6
244.89	7
244.891	8
244.892	9
244.992	10
244.993	11
244.994	12
244.995	13
245.093	14
245.094	15
245.095	16
245.096	17
245.097	18
245.098	19
245.194	20
245.196	21
245.198	22
245.199	23
245.2	24
245.201	25
245.202	26
245.203	27
245.204	28
245.295	29
245.297	30
245.299	31
245.3	32
245.301	33
245.302	34
245.303	35
245.304	36
245.306	37
245.307	38
245.308	39
245.309	40
245.31	41
245.311	42
245.397	43
245.399	44
245.4	45
245.403	46
245.404	47
245.405	48
245.408	49
245.409	50
245.41	51
245.411	52
245.412	53
245.413	54
245.414	55
245.415	56
245.416	57
245.417	58
245.418	59
245.419	60
245.42	61
245.421	62
245.422	63
245.499	64
245.501	65
245.503	66
245.504	67
245.507	68
245.508	69
245.51	70
245.511	71
245.513	72
245.515	73
245.516	74
245.519	75
245.52	76
245.521	77
245.522	78
245.523	79
245.524	80
245.525	81
245.526	82
245.527	83
245.528	84
245.529	85
245.53	86
245.531	87
245.532	88
245.533	89
245.534	90
245.535	91
245.536	92
245.537	93
245.539	94
245.6	95
245.602	96
245.604	97
245.606	98
245.607	99
245.609	100
245.612	101
245.613	102
245.615	103
245.618	104
245.619	105
245.62	106
245.623	107
245.624	108
245.626	109
245.628	110
245.629	111
245.631	112
245.633	113
245.634	114
245.636	115
245.637	116
245.639	117
245.64	118
245.641	119
245.642	120
245.643	121
245.644	122
245.645	123
245.646	124
245.647	125
245.648	126
245.649	127
245.65	128
245.651	129
245.652	130
245.653	131
245.654	132
245.655	133
245.656	134
245.657	135
245.658	136
245.66	137
245.661	138
245.662	139
245.663	140
245.664	141
245.705	142
245.707	143
245.708	144
245.711	145
245.713	146
245.714	147
245.716	148
245.718	149
245.719	150
245.723	151
245.724	152
245.726	153
245.727	154
245.73	155
245.731	156
245.733	157
245.735	158
245.736	159
245.739	160
245.74	161
245.741	162
245.744	163
245.746	164
245.748	165
245.749	166
245.751	167
245.753	168
245.755	169
245.757	170
245.758	171
245.76	172
245.762	173
245.764	174
245.765	175
245.767	176
245.768	121
246.04	122
246.042	123
246.044	124
246.045	125
246.064	126
246.096	127
246.13	128
246.164	129
246.198	130
246.234	131
246.269	132
246.306	133
246.342	134
246.38	135
246.416	136
246.456	137
246.494	138
246.534	139
246.573	140
246.614	141
246.657	142
246.7	143
246.744	144
246.788	145
246.833	146
246.88	147
246.919	101
247.128	102
247.129	103
247.138	104
247.2	105
247.264	106
247.329	107
247.396	108
247.467	109
247.54	110
247.616	111
247.695	112
247.779	113
247.873	114
247.963	115
248.064	116
248.173	117
248.29	118
248.421	119
248.566	120
248.733	121
248.93	122
249.176	123
249.53	124
252.245	125
252.597	126
252.844	127
253.041	128
253.207	129
253.353	130
253.483	131
253.601	132
253.71	133
253.81	134
253.906	135
253.993	136
254.078	137
254.158	138
254.234	139
254.307	140
254.378	141
254.437	97
254.563	98
254.581	99
254.582	100
254.584	101
254.613	102
254.653	103
254.691	104
254.732	105
254.784	106
254.814	107
254.858	108
254.9	109
254.945	110
254.99	111
255.038	112
255.089	113
255.133	114
255.184	115
255.234	116
255.287	117
255.339	118
255.395	119
255.452	120
255.509	121
255.57	122
255.632	123
255.697	124
255.764	125
255.834	126
255.907	127
255.983	128
256.063	129
256.146	130
256.236	131
256.331	132
256.43	133
256.539	134
256.658	135
256.788	136
256.933	137
257.1	138
257.297	139
257.545	140
257.897	141
260.612	142
260.963	143
261.212	144
261.409	145
261.574	146
261.72	147
261.851	148
261.969	149
262.077	150
262.179	151
262.238	104
262.439	105
262.441	106
262.442	107
262.446	108
262.481	109
262.519	110
262.556	111
262.595	112
262.635	113
262.674	114
262.715	115
262.756	116
262.797	117
262.839	118
262.884	119
262.927	120
262.974	121
263.019	122
263.066	123
263.116	124
263.165	125
263.216	126
263.268	127
263.321	128
263.377	129
263.433	130
263.492	131
263.554	132
263.615	133
263.68	134
263.732	92
263.915	93
263.917	94
263.938	95
264.003	96
264.078	97
264.139	98
264.212	99
264.287	100
264.369	101
264.451	102
264.54	103
264.636	104
264.736	105
264.844	106
264.962	107
265.092	108
265.239	109
265.404	110
265.601	111
265.85	112
266.202	113
268.916	114
269.269	115
269.516	116
269.713	117
269.879	118
270.025	119
270.155	120
270.274	121
270.381	122
270.482	123
270.576	124
270.666	125
270.75	126
270.829	127
270.906	128
270.978	129
271.048	130
271.115	131
271.18	90
271.396	91
271.397	92
271.4	93
271.428	94
271.453	95
271.494	96
271.535	97
271.579	98
271.631	99
271.667	100
271.712	101
271.759	102
271.807	103
271.856	104
271.904	105
271.955	106
272.007	107
272.062	108
272.116	109
272.172	110
272.232	111
272.292	112
272.354	113
272.418	114
272.486	115
272.557	116
272.628	117
272.705	118
272.785	119
272.869	120
272.958	121
273.053	122
273.152	123
273.261	124
273.38	125
273.51	126
273.654	127
273.822	128
274.019	129
274.266	130
274.618	131
277.334	132
277.685	133
277.934	134
278.131	135
278.297	136
278.443	137
278.571	138
278.691	139
278.799	140
278.9	141
278.995	142
279.083	143
279.089	98
279.288	99
279.29	100
279.291	101
279.296	102
279.336	103
279.374	104
279.413	105
279.453	106
279.493	107
279.533	108
279.575	109
279.618	110
279.662	111
279.706	112
279.751	113
279.798	114
279.846	115
279.893	116
279.943	117
279.994	118
280.046	119
280.099	120
280.155	121
280.213	122
280.272	123
280.331	124
280.395	125
280.457	126
280.525	127
280.59	87
280.734	88
280.736	89
280.761	90
280.835	91
280.897	92
280.971	93
281.046	94
281.14	95
281.211	96
281.298	97
281.393	98
281.495	99
281.603	100
281.72	101
281.851	102
281.996	103
282.163	104
282.36	105
282.607	106
282.96	107
285.273	108
286.027	109
286.275	110
286.472	111
286.639	112
286.784	113
286.913	114
287.031	115
287.14	116
287.241	117
287.336	118
287.424	119
287.508	120
287.588	121
287.664	122
287.737	123
287.806	124
287.875	125
287.939	126
288.001	127
288.062	128
288.079	88
288.302	89
288.303	90
288.305	91
288.327	92
288.362	93
288.403	94
288.447	95
288.49	96
288.563	97
288.632	98
288.673	99
288.721	100
288.772	101
288.823	102
288.877	103
288.928	104
288.983	105
289.039	106
289.098	107
289.159	108
289.222	109
289.287	110
289.354	111
289.423	112
289.481	113
289.573	114
289.651	115
289.716	116
289.824	117
289.896	118
290.018	119
290.128	120
290.201	121
290.327	122
290.453	123
290.577	124
290.703	125
290.884	126
291.132	127
291.486	128
294.199	129
294.553	130
294.8	131
294.998	132
295.163	133
295.308	134
295.439	135
295.557	136
295.665	137
295.767	138
295.861	139
295.899	95
296.106	96
296.108	97
296.109	98
296.116	99
296.155	100
296.194	101
296.245	102
296.275	103
296.315	104
296.357	105
296.401	106
296.442	107
296.487	108
296.532	109
296.579	110
296.627	111
296.676	112
296.725	113
296.776	114
296.829	115
296.881	116
296.93	79
297.085	80
297.086	81
297.117	82
297.185	83
297.259	84
297.336	85
297.414	86
297.499	87
297.59	88
297.681	89
297.783	90
297.892	91
298.009	92
298.141	93
298.285	94
298.453	95
298.65	96
298.896	97
299.248	98
301.962	99
302.315	100
302.564	101
302.761	102
302.927	103
303.073	104
303.202	105
303.32	106
303.429	107
303.529	108
303.624	109
303.712	110
303.76	75
303.947	76
303.948	77
303.95	78
303.977	79
304.022	80
304.068	81
304.116	82
304.165	83
304.214	84
304.266	85
304.316	86
304.372	87
304.426	88
304.483	89
304.541	90
304.601	91
304.664	92
304.73	93
304.797	94
304.866	95
304.938	96
305.015	97
305.094	98
305.178	99
305.268	100
305.362	101
305.463	102
305.571	103
305.689	104
305.819	105
305.965	106
306.13	107
306.328	108
306.576	109
306.928	110
309.642	111
309.995	112
310.244	113
310.439	114
310.607	115
310.753	116
310.882	117
310.999	118
311.108	119
311.21	120
311.304	121
311.393	122
311.466	84
311.63	85
311.633	86
311.635	87
311.654	88
311.697	89
311.739	90
311.784	91
311.829	92
311.875	93
311.923	94
311.972	95
312.021	96
312.072	97
312.124	98
312.178	99
312.233	100
312.289	101
312.349	102
312.408	103
312.472	104
312.537	105
312.604	106
312.672	107
312.745	108
312.823	109
312.854	74
312.959	75
312.982	76
312.998	77
313.084	78
313.146	79
313.225	80
313.308	81
313.397	82
313.491	83
313.593	84
313.702	85
313.82	86
313.95	87
314.095	88
314.262	89
314.459	90
314.706	91
315.06	92
317.774	93
318.125	94
318.372	95
318.569	96
318.738	97
318.881	98
319.014	99
319.131	100
319.239	101
319.34	102
319.434	103
319.524	104
319.608	105
319.687	106
319.762	107
319.836	108
319.906	109
319.972	110
320.038	111
320.099	112
320.129	77
320.326	78
320.327	79
320.329	80
320.331	81
320.403	82
320.449	83
320.496	84
320.545	85
320.593	86
320.645	87
320.698	88
320.75	89
320.841	90
320.921	91
320.981	92
321.045	93
321.111	63
321.265	64
321.268	65
321.313	66
321.412	67
321.516	68
321.618	69
321.723	70
321.827	71
321.932	72
322.037	73
322.145	74
322.264	75
322.43	76
322.627	77
322.876	78
323.227	79
325.941	80
326.296	81
326.542	82
326.738	83
326.905	84
327.053	85
327.183	86
327.301	87
327.409	88
327.511	89
327.603	90
327.693	91
327.775	92
327.855	93
327.934	94
328.005	95
328.033	65
328.2	66
328.201	67
328.204	68
328.244	69
328.296	70
328.347	71
328.401	72
328.457	73
328.516	74
328.571	75
328.632	76
328.694	77
328.76	78
328.827	79
328.897	80
328.971	81
329.046	82
329.125	83
329.21	84
329.297	85
329.392	86
329.493	87
329.602	88
329.72	89
329.851	90
329.996	91
330.164	92
330.359	93
330.608	94
330.959	95
333.674	96
334.026	97
334.274	98
334.471	99
334.637	100
334.784	101
334.913	102
335.032	103
335.141	104
335.241	105
335.334	106
335.426	107
335.508	108
335.588	109
335.663	110
335.736	111
335.766	76
335.907	77
335.909	78
335.911	79
335.937	80
335.982	81
336.029	82
336.076	83
336.124	84
336.175	85
336.224	86
336.276	87
336.331	88
336.385	89
336.442	90
336.501	91
336.562	92
336.624	93
336.69	94
336.756	95
336.825	96
336.9	97
336.974	98
337.054	99
337.14	100
337.228	101
337.255	69
337.416	70
337.417	71
337.498	72
337.543	73
337.628	74
337.716	75
337.811	76
337.913	77
338.021	78
338.14	79
338.268	80
338.416	81
338.582	82
338.778	83
339.024	84
339.379	85
342.092	86
342.446	87
342.693	88
342.891	89
343.057	90
343.203	91
343.332	92
343.451	93
343.559	94
343.659	95
343.753	96
343.842	97
343.926	98
344.007	99
344.084	100
344.154	101
344.226	102
344.291	103
344.357	104
344.42	105
344.481	106
344.539	107
344.595	108
344.651	109
344.666	74
344.771	75
344.81	76
344.812	77
344.815	78
344.846	79
344.911	80
344.94	81
345.012	82
345.039	83
345.113	84
345.143	85
345.215	86
345.25	87
345.316	88
345.365	89
345.427	90
345.489	91
345.554	92
345.623	93
345.69	94
345.762	95
345.841	96
345.92	97
346.003	98
346.093	99
346.186	100
346.289	101
346.397	102
346.514	103
346.645	104
346.789	105
346.955	106
347.152	107
347.401	108
347.753	109
350.469	110
350.82	111
351.069	112
351.264	113
351.431	114
351.576	115
351.706	116
351.824	117
351.933	118
352.034	119
352.128	120
352.218	82
352.392	83
352.393	84
352.395	85
352.414	86
352.465	87
352.501	88
352.546	89
352.592	90
352.636	91
352.684	92
352.733	93
352.782	94
352.834	95
352.885	96
352.942	97
352.996	98
353.054	99
353.11	100
353.159	68
353.303	69
353.305	70
353.346	71
353.42	72
353.502	73
353.604	74
353.674	75
353.768	76
353.87	77
353.977	78
354.096	79
354.227	80
354.372	81
354.539	82
354.735	83
354.982	84
355.336	85
357.465	86
358.403	87
358.649	88
358.848	89
359.014	90
359.159	91
359.288	92
359.408	93
359.516	94
359.617	95
359.71	96
359.799	97
359.883	98
359.963	99
360.039	100
360.111	101
360.183	102
360.25	103
360.296	70
360.44	71
360.442	72
360.445	73
360.477	74
360.541	75
360.571	76
360.62	77
360.671	78
360.724	79
360.778	80
360.832	81
360.889	82
360.95	83
361.041	84
361.137	85
361.203	86
361.265	87
361.346	88
361.421	89
361.5	90
361.585	91
361.675	92
361.741	93
361.863	94
361.979	95
362.052	96
362.178	97
362.307	98
362.433	99
362.558	100
362.736	101
362.982	102
363.335	103
366.049	104
366.405	105
366.65	106
366.848	107
367.013	108
367.158	109
367.288	110
367.408	111
367.515	112
367.617	113
367.712	114
367.799	115
367.883	116
367.963	117
368.04	118
368.112	119
368.183	120
368.25	121
368.314	122
368.377	123
368.438	124
368.496	125
368.552	126
368.608	127
368.661	128
368.714	129
368.765	130
368.815	131
368.863	132
368.909	133
368.956	134
369.001	135
369.047	136
369.058	93
369.28	94
369.281	95
369.283	96
369.3	97
369.331	98
369.37	99
369.412	100
369.452	101
369.503	102
369.538	103
369.582	104
369.624	105
369.67	106
369.716	107
369.763	108
369.812	109
369.862	110
369.913	111
369.966	112
370.02	113
370.074	114
370.132	115
370.19	116
370.249	117
370.312	118
370.377	119
370.444	120
370.514	121
370.586	122
370.677	123
370.789	124
370.903	125
371.01	126
371.077	127
371.194	128
371.309	129
371.426	130
371.544	131
371.664	132
371.783	133
371.976	134
372.224	135
372.577	136
375.29	137
375.644	138
375.891	139
376.089	140
376.256	141
376.4	142
376.53	143
376.649	144
376.758	145
376.859	146
376.905	100
377.05	101
377.051	102
377.053	103
377.058	104
377.095	105
377.133	106
377.17	107
377.211	108
377.25	109
377.29	110
377.33	111
377.373	112
377.416	113
377.46	114
377.504	115
377.548	116
377.596	117
377.643	118
377.694	119
377.742	120
377.792	121
377.844	122
377.897	123
377.952	124
378.011	125
378.069	126
378.129	127
378.191	128
378.255	129
378.323	130
378.392	131
378.465	132
378.542	133
378.607	91
378.774	92
378.776	93
378.792	94
378.855	95
378.92	96
378.987	97
379.057	98
379.129	99
379.206	100
379.285	101
379.369	102
379.46	103
379.552	104
379.653	105
379.765	106
379.88	107
380.011	108
380.156	109
380.322	110
380.519	111
380.766	112
381.119	113
383.834	114
384.186	115
384.434	116
384.631	117
384.797	118
384.942	119
385.072	120
385.191	121
385.3	122
385.4	123
385.494	124
385.584	125
385.667	126
385.748	127
385.825	128
385.896	129
385.967	130
386.023	89
386.184	90
386.185	91
386.187	92
386.2	93
386.266	94
386.282	95
386.325	96
386.367	97
386.411	98
386.469	99
386.5	100
386.546	101
386.593	102
386.642	103
386.692	104
386.742	105
386.795	106
386.848	107
386.905	108
386.961	109
387.019	110
387.081	111
387.143	112
387.206	113
387.273	114
387.343	115
387.417	116
387.493	117
387.572	118
387.656	119
387.745	120
387.839	121
387.94	122
388.05	123
388.167	124
388.297	125
388.443	126
388.609	127
388.805	128
389.053	129
389.406	130
392.122	131
392.473	132
392.722	133
392.918	134
393.085	135
393.23	136
393.36	137
393.478	138
393.586	139
393.688	140
393.782	141
393.87	142
393.955	143
394.003	98
394.221	99
394.224	100
394.225	101
394.23	102
394.268	103
394.307	104
394.35	105
394.387	106
394.427	107
394.468	108
394.51	109
394.551	110
394.596	111
394.64	112
394.685	113
394.732	114
394.778	115
394.827	116
394.878	117
394.929	118
394.981	119
395.034	120
395.089	121
395.146	122
395.204	123
395.265	124
395.326	125
395.391	126
395.459	127
395.487	87
395.634	88
395.635	89
395.661	90
395.733	91
395.797	92
395.869	93
395.947	94
396.038	95
396.11	96
396.199	97
396.294	98
396.395	99
396.503	100
396.62	101
396.752	102
396.895	103
397.062	104
397.259	105
397.506	106
397.861	107
400.574	108
400.927	109
401.174	110
401.372	111
401.539	112
401.684	113
401.812	114
401.931	115
402.039	116
402.142	117
402.235	118
402.325	119
402.408	120
402.489	121
402.564	122
402.638	123
402.706	124
402.774	125
402.838	126
402.901	127
402.961	128
402.998	88
403.217	89
403.218	90
403.22	91
403.245	92
403.277	93
403.319	94
403.362	95
403.406	96
403.449	97
403.496	98
403.551	99
403.589	100
403.638	101
403.687	102
403.738	103
403.79	104
403.844	105
403.899	106
403.957	107
404.014	108
404.073	109
404.136	110
404.201	111
404.268	112
404.339	113
404.412	114
404.488	115
404.567	116
404.65	117
404.739	118
404.834	119
404.934	120
405.044	121
405.161	122
405.293	123
405.436	124
405.604	125
405.8	126
406.049	127
406.402	128
409.116	129
409.468	130
409.715	131
409.912	132
410.079	133
410.225	134
410.354	135
410.473	136
410.581	137
410.682	138
410.73	95
410.873	96
410.875	97
410.876	98
410.878	99
410.926	100
410.975	101
411.004	102
411.046	103
411.088	104
411.131	105
411.178	106
411.218	107
411.263	108
411.312	109
411.357	110
411.456	111
411.506	112
411.558	113
411.613	114
411.667	115
411.725	116
411.784	117
411.843	118
411.906	119
411.972	120
412.038	121
412.107	122
412.18	123
412.255	124
412.337	125
412.369	85
412.515	86
412.517	87
412.581	88
412.67	89
412.739	90
412.8	91
412.888	92
412.968	93
413.03	94
413.14	95
413.209	96
413.327	97
413.445	98
413.505	99
413.627	100
413.749	101
413.87	102
414.004	103
414.202	104
414.448	105
414.801	106
417.516	107
417.868	108
418.117	109
418.314	110
418.481	111
418.625	112
418.757	113
418.873	114
418.981	115
419.082	116
419.177	117
419.215	80
419.382	81
419.383	82
419.385	83
419.407	84
419.458	85
419.496	86
419.542	87
419.586	88
419.636	89
419.682	90
419.734	91
419.783	92
419.837	93
419.889	94
419.945	95
420	96
420.061	97
420.121	98
420.184	99
420.247	100
420.315	101
420.383	102
420.458	103
420.534	104
420.612	105
420.698	106
420.787	107
420.88	108
420.955	74
421.063	75
421.098	76
421.106	77
421.199	78
421.262	79
421.346	80
421.434	81
421.528	82
421.63	83
421.739	84
421.856	85
421.987	86
422.133	87
422.298	88
422.496	89
422.742	90
423.096	91
425.811	92
426.164	93
426.41	94
426.608	95
426.774	96
426.919	97
427.049	98
427.168	99
427.276	100
427.377	101
427.47	102
427.561	103
427.644	104
427.725	105
427.8	106
427.873	107
427.942	108
428.01	109
428.073	110
428.137	111
428.197	112
428.256	113
428.302	77
428.441	78
428.443	79
428.444	80
428.468	81
428.544	82
428.558	83
428.606	84
428.652	85
428.7	86
428.751	87
428.8	88
428.853	89
428.907	90
428.963	91
429.019	92
429.079	93
429.138	94
429.2	95
429.266	96
429.332	97
429.402	98
429.475	99
429.552	100
429.632	101
429.714	102
429.804	103
429.899	104
430	105
430.107	106
430.225	107
430.356	108
430.501	109
430.668	110
430.865	111
431.112	112
431.464	113
434.18	114
434.532	115
434.778	116
434.976	117
435.143	118
435.288	119
435.419	120
435.537	121
435.645	122
435.746	123
435.84	124
435.929	125
436.011	86
436.23	87
436.231	88
436.233	89
436.258	90
436.293	91
436.336	92
436.378	93
436.423	94
436.471	95
436.514	96
436.566	97
436.612	98
436.66	99
436.712	100
436.764	101
436.817	102
436.874	103
436.929	104
436.987	105
437.05	106
437.111	107
437.175	108
437.243	109
437.312	110
437.385	111
437.46	112
437.542	113
437.624	114
437.714	115
437.757	79
437.953	80
437.954	81
437.989	82
438.063	83
438.139	84
438.219	85
438.303	86
438.39	87
438.486	88
438.586	89
438.697	90
438.813	91
438.944	92
439.09	93
439.255	94
439.452	95
439.7	96
440.051	97
442.767	98
443.119	99
443.367	100
443.563	101
443.73	102
443.877	103
444.007	104
444.124	105
444.232	106
444.333	107
444.427	108
444.516	109
444.6	110
444.681	111
444.756	112
444.829	113
444.898	114
444.966	115
445.03	116
445.092	117
445.154	118
445.158	81
445.284	82
445.3	83
445.303	84
445.309	85
445.354	86
445.402	87
445.444	88
445.489	89
445.537	90
445.584	91
445.636	92
445.687	93
445.738	94
445.791	95
445.847	96
445.909	97
445.962	98
446.022	99
446.084	100
446.15	101
446.217	102
446.287	103
446.359	104
446.435	105
446.515	106
446.599	107
446.687	108
446.782	109
446.883	110
446.991	111
447.109	112
447.24	113
447.385	114
447.551	115
447.748	116
447.996	117
448.35	118
451.063	119
451.416	120
451.664	121
451.861	122
452.028	123
452.173	124
452.302	125
452.422	126
452.53	127
452.631	128
452.725	129
452.798	88
452.975	89
452.976	90
452.978	91
452.98	92
453.045	93
453.073	94
453.116	95
453.158	96
453.202	97
453.245	98
453.291	99
453.337	100
453.386	101
453.442	102
453.534	103
453.585	104
453.64	105
453.695	106
453.752	107
453.815	108
453.84	74
453.994	75
454.017	76
454.113	77
454.165	78
454.27	79
454.364	80
454.434	81
454.54	82
454.644	83
454.75	84
454.86	85
454.972	86
455.086	87
455.23	88
455.427	89
455.675	90
456.027	91
458.742	92
459.094	93
459.34	94
459.539	95
459.706	96
459.85	97
459.981	98
460.097	99
460.208	100
460.31	101
460.401	102
460.492	103
460.576	104
460.655	105
460.712	72
460.861	73
460.863	74
460.865	75
460.897	76
460.962	77
460.994	78
461.041	79
461.093	80
461.145	81
461.2	82
461.256	83
461.313	84
461.37	85
461.43	86
461.492	87
461.557	88
461.623	89
461.693	90
461.768	91
461.843	92
461.922	93
462.007	94
462.094	95
462.192	96
462.291	97
462.402	98
462.517	99
462.647	100
462.793	101
462.959	102
463.156	103
463.403	104
463.757	105
466.473	106
466.825	107
467.07	108
467.27	109
467.436	110
467.581	111
467.711	112
467.827	113
467.936	114
468.038	115
468.133	116
468.221	117
468.306	118
468.365	81
468.511	82
468.513	83
468.515	84
468.537	85
468.581	86
468.624	87
468.67	88
468.717	89
468.763	90
468.811	91
468.861	92
468.912	93
468.966	94
469.019	95
469.076	96
469.13	97
469.189	98
469.251	99
469.312	100
469.376	101
469.444	102
469.514	103
469.586	104
469.661	105
469.741	106
469.814	72
469.95	73
469.952	74
469.987	75
470.06	76
470.153	77
470.215	78
470.299	79
470.388	80
470.482	81
470.583	82
470.693	83
470.81	84
470.941	85
471.087	86
471.253	87
471.449	88
471.696	89
472.049	90
474.764	91
475.116	92
475.365	93
475.562	94
475.727	95
475.872	96
476.003	97
476.121	98
476.23	99
476.331	100
476.425	101
476.513	102
476.598	103
476.678	104
476.753	105
476.827	106
476.896	107
476.964	108
477.029	109
477.09	110
477.098	75
477.324	76
477.326	77
477.346	78
477.354	79
477.399	80
477.447	81
477.494	82
477.55	83
477.592	84
477.651	85
477.694	86
477.753	87
477.804	88
477.859	89
477.919	90
477.979	91
478.041	92
478.107	93
478.173	94
478.244	95
478.317	96
478.393	97
478.473	98
478.558	99
478.646	100
478.74	101
478.84	102
478.949	103
479.068	104
479.196	105
479.344	106
479.508	107
479.705	108
479.953	109
480.307	110
483.02	111
483.372	112
483.621	113
483.817	114
483.985	115
484.129	116
484.259	117
484.378	118
484.486	119
484.587	120
484.683	121
484.77	122
484.815	84
485.025	85
485.027	86
485.029	87
485.056	88
485.091	89
485.135	90
485.178	91
485.224	92
485.271	93
485.318	94
485.366	95
485.417	96
485.47	97
485.519	98
485.572	99
485.627	100
485.686	101
485.745	102
485.804	103
485.865	104
485.931	105
485.999	106
486.067	107
486.142	108
486.217	109
486.296	110
486.38	111
486.47	112
486.564	113
486.662	77
486.767	78
486.803	79
486.806	80
486.87	81
486.941	82
487.017	83
487.108	84
487.182	85
487.27	86
487.364	87
487.465	88
487.575	89
487.691	90
487.826	91
487.967	92
488.133	93
488.331	94
488.578	95
488.931	96
491.483	97
491.998	98
492.246	99
492.444	100
492.609	101
492.756	102
492.885	103
493.002	104
493.111	105
493.213	106
493.307	107
493.396	108
493.479	109
493.559	110
493.635	111
493.709	112
493.779	113
493.845	114
493.909	115
493.972	116
493.995	79
494.221	80
494.223	81
494.238	82
494.245	83
494.289	84
494.37	85
494.426	86
494.474	87
494.522	88
494.576	89
494.624	90
494.68	91
494.728	92
494.784	93
494.841	94
494.9	95
494.959	96
495.023	97
495.085	98
495.151	99
495.224	100
495.296	101
495.371	102
495.432	103
495.537	104
495.601	105
495.719	106
495.777	107
495.896	108
496.016	109
496.136	110
496.257	111
496.381	112
496.504	113
496.685	114
496.932	115
497.285	116
500.001	117
500.353	118
500.602	119
500.798	120
500.964	121
501.109	122
501.24	123
501.357	124
501.465	125
501.567	126
501.662	127
501.751	128
501.834	129
501.914	130
501.974	89
502.098	90
502.115	91
502.118	92
502.12	93
502.156	94
502.197	95
502.238	96
502.281	97
502.326	98
502.37	99
502.419	100
502.461	101
502.509	102
502.556	103
502.606	104
502.657	105
502.71	106
502.762	107
502.819	108
502.875	109
502.933	110
502.995	111
503.056	112
503.122	113
503.188	114
503.258	115
503.33	116
503.408	117
503.488	118
503.561	81
503.727	82
503.729	83
503.759	84
503.829	85
503.906	86
503.976	87
504.058	88
504.141	89
504.231	90
504.324	91
504.426	92
504.534	93
504.652	94
504.783	95
504.928	96
505.094	97
505.291	98
505.539	99
505.891	100
508.605	101
508.958	102
509.206	103
509.403	104
509.57	105
509.714	106
509.844	107
509.963	108
510.072	109
510.174	110
510.267	111
510.355	112
510.44	113
510.52	114
510.596	115
510.668	116
510.738	117
510.806	118
510.871	119
510.933	120
510.938	82
511.086	83
511.088	84
511.09	85
511.109	86
511.15	87
511.194	88
511.239	89
511.289	90
511.331	91
511.39	92
511.426	93
511.491	94
511.527	95
511.592	96
511.633	97
511.694	98
511.746	99
511.805	100
511.863	101
511.927	102
511.992	103
512.059	104
512.127	105
512.202	106
512.278	107
512.357	108
512.441	109
512.531	110
512.624	111
512.724	112
512.833	113
512.952	114
513.081	115
513.228	116
513.394	117
513.59	118
513.838	119
514.191	120
516.904	121
517.259	122
517.505	123
517.702	124
517.87	125
518.014	126
518.144	127
518.264	128
518.37	129
518.472	130
518.523	89
518.669	90
518.671	91
518.673	92
518.685	93
518.726	94
518.771	95
518.809	96
518.851	97
518.895	98
518.941	99
518.985	100
519.03	101
519.08	102
519.128	103
519.177	104
519.228	105
519.281	106
519.336	107
519.39	108
519.446	109
519.504	110
519.537	75
519.68	76
519.683	77
519.717	78
519.79	79
519.881	80
519.946	81
520.03	82
520.119	83
520.212	84
520.315	85
520.423	86
520.54	87
520.671	88
520.818	89
520.984	90
521.18	91
521.427	92
521.779	93
524.494	94
524.848	95
525.096	96
525.291	97
525.457	98
525.604	99
525.733	100
525.852	101
525.959	102
526.063	103
526.155	104
526.246	105
526.328	106
526.407	107
526.418	73
526.591	74
526.592	75
526.594	76
526.596	77
526.67	78
526.719	79
526.771	80
526.816	81
526.872	82
526.921	83
526.973	84
527.028	85
527.086	86
527.142	87
527.203	88
527.265	89
527.369	90
527.468	91
527.54	92
527.598	93
527.697	94
527.774	95
527.871	96
527.956	97
528.064	98
528.141	99
528.265	100
528.39	101
528.517	102
528.642	103
528.767	104
528.93	105
529.177	106
529.531	107
532.244	108
532.599	109
532.844	110
533.042	111
533.208	112
533.355	113
533.484	114
533.602	115
533.712	116
533.812	117
533.907	118
533.994	119
534.07	81
534.196	82
534.216	83
534.218	84
534.22	85
534.26	86
534.318	87
534.35	88
534.395	89
534.44	90
534.488	91
534.536	92
534.587	93
534.637	94
534.689	95
534.742	96
534.798	97
534.855	98
534.914	99
534.974	100
535.037	101
535.102	102
535.169	103
535.238	104
535.311	105
535.388	106
535.469	107
535.485	73
535.707	74
535.708	75
535.749	76
535.829	77
535.905	78
535.988	79
536.078	80
536.174	81
536.273	82
536.381	83
536.499	84
536.63	85
536.774	86
536.941	87
537.139	88
537.387	89
537.74	90
540.454	91
540.806	92
541.054	93
541.25	94
541.416	95
541.563	96
541.694	97
541.811	98
541.919	99
542.02	100
542.115	101
542.205	102
542.287	103
542.367	104
542.443	105
542.517	106
542.585	107
542.652	108
542.719	109
542.78	110
542.841	111
542.9	112
542.956	113
543.011	114
543.032	78
543.155	79
543.156	80
543.159	81
543.182	82
543.228	83
543.273	84
543.319	85
543.366	86
543.415	87
543.465	88
543.516	89
543.568	90
543.621	91
543.675	92
543.734	93
543.792	94
543.853	95
543.914	96
543.979	97
544.046	98
544.115	99
544.189	100
544.266	101
544.345	102
544.429	103
544.518	104
544.613	105
544.712	106
544.822	107
544.94	108
545.07	109
545.216	110
545.381	111
545.578	112
545.826	113
546.179	114
548.893	115
549.246	116
549.494	117
549.69	118
549.858	119
550.003	120
550.131	121
550.251	122
550.358	123
550.46	124
550.542	85
550.72	86
550.721	87
550.723	88
550.741	89
550.787	90
550.824	91
550.87	92
550.914	93
550.958	94
551.004	95
551.051	96
551.101	97
551.151	98
551.202	99
551.253	100
551.307	101
551.361	102
551.419	103
551.478	104
551.539	105
551.558	72
551.761	73
551.762	74
551.803	75
551.879	76
551.959	77
552.043	78
552.132	79
552.227	80
552.328	81
552.435	82
552.555	83
552.685	84
552.831	85
552.995	86
553.192	87
553.441	88
553.792	89
556.508	90
556.86	91
557.108	92
557.304	93
557.47	94
557.618	95
557.747	96
557.866	97
557.972	98
558.074	99
558.17	100
558.259	101
558.342	102
558.42	103
558.432	70
558.662	71
558.664	72
558.666	73
558.684	74
558.746	75
558.795	76
558.842	77
558.895	78
558.946	79
558.999	80
559.056	81
559.112	82
559.17	83
559.233	84
559.321	57
559.483	58
559.485	59
559.565	60
559.635	61
559.731	62
559.83	63
559.938	64
560.057	65
560.187	66
560.334	67
560.501	68
560.698	69
560.945	70
561.295	71
564.012	72
564.363	73
564.613	74
564.809	75
564.974	76
565.12	77
565.252	78
565.367	79
565.479	80
565.577	81
565.672	82
565.761	83
565.845	84
565.925	85
566.002	86
566.056	58
566.239	59
566.24	60
566.243	61
566.311	62
566.345	63
566.412	64
566.456	65
566.514	66
566.578	67
566.64	68
566.715	69
566.77	70
566.841	71
566.919	72
566.988	73
567.069	74
567.153	75
567.242	76
567.338	77
567.437	78
567.545	79
567.664	80
567.794	81
567.941	82
568.106	83
568.302	84
568.55	85
568.903	86
571.618	87
571.97	88
572.219	89
572.415	90
572.582	91
572.726	92
572.857	93
572.973	94
573.083	95
573.184	96
573.278	97
573.369	98
573.453	99
573.53	100
573.607	101
573.681	102
573.749	103
573.818	104
573.881	105
573.944	106
574.005	107
574.063	108
574.077	74
574.303	75
574.305	76
574.323	77
574.337	78
574.383	79
574.429	80
574.477	81
574.528	82
574.579	83
574.63	84
574.685	85
574.739	86
574.795	87
574.854	88
574.915	89
574.977	90
575.042	91
575.111	92
575.179	93
575.251	94
575.329	95
575.408	96
575.493	97
575.582	98
575.676	99
575.777	100
575.884	101
576.002	102
576.134	103
576.279	104
576.444	105
576.641	106
576.89	107
577.243	108
579.956	109
580.31	110
580.556	111
580.754	112
580.919	113
581.066	114
581.196	115
581.313	116
581.422	117
581.525	118
581.618	119
581.706	120
581.791	121
581.87	122
581.947	123
582.001	84
582.147	85
582.149	86
582.151	87
582.168	88
582.211	89
582.252	90
582.297	91
582.35	92
582.387	93
582.433	94
582.48	95
582.528	96
582.578	97
582.63	98
582.681	99
582.735	100
582.791	101
582.845	102
582.906	103
582.966	104
582.99	71
583.165	72
583.166	73
583.207	74
583.283	75
583.363	76
583.448	77
583.54	78
583.63	79
583.731	80
583.839	81
583.957	82
584.089	83
584.234	84
584.4	85
584.596	86
584.844	87
585.199	88
587.912	89
588.263	90
588.511	91
588.709	92
588.876	93
589.02	94
589.152	95
589.269	96
589.378	97
589.478	98
589.573	99
589.662	100
589.746	101
589.826	102
589.901	103
589.974	104
590.041	71
590.217	72
590.218	73
590.221	74
590.254	75
590.3	76
590.348	77
590.399	78
590.45	79
590.501	80
590.556	81
590.61	82
590.667	83
590.724	84
590.785	85
590.848	86
590.912	87
590.98	88
591.049	89
591.122	90
591.198	91
591.281	92
591.363	93
591.451	94
591.545	95
591.647	96
591.679	65
591.889	66
591.89	67
591.939	68
592.032	69
592.103	70
592.19	71
592.286	72
592.385	73
592.495	74
592.615	75
592.744	76
592.889	77
593.057	78
593.252	79
593.498	80
593.852	81
596.37	82
596.73	56
596.888	57
596.889	58
596.896	59
596.95	60
597.008	61
597.064	62
597.124	63
597.191	64
597.279	65
597.391	66
597.462	67
597.529	68
597.617	69
597.702	70
597.789	47
597.914	48
597.945	49
597.997	50
598.098	51
598.208	52
598.327	53
598.456	54
598.602	55
598.766	56
598.964	57
599.216	58
599.567	59
602.279	60
602.632	61
602.786	41
602.943	42
602.948	43
602.973	44
603.045	45
603.107	46
603.179	47
603.255	48
603.339	49
603.423	50
603.512	51
603.545	34
603.705	35
603.722	36
603.834	37
603.965	38
604.112	39
604.276	40
604.474	41
604.719	42
605.074	43
607.785	44
608.141	45
608.385	46
608.585	47
608.752	48
608.898	49
609.026	50
609.144	51
609.251	52
609.353	53
609.451	54
609.536	55
609.62	56
609.702	57
609.775	58
609.85	59
609.916	60
609.987	40
610.088	41
610.13	42
610.135	43
610.182	44
610.253	45
610.333	46
610.434	47
610.483	48
610.566	49
610.657	50
610.749	51
610.848	52
610.958	53
611.077	54
611.205	55
611.353	56
611.517	57
611.714	58
611.962	59
612.313	60
615.029	61
615.383	62
615.629	63
615.828	64
615.991	65
616.138	66
616.268	67
616.387	68
616.495	69
616.597	70
616.689	71
616.779	72
616.863	73
616.942	74
617.021	75
617.094	76
617.162	77
617.228	78
617.296	79
617.313	53
617.414	54
617.452	55
617.454	56
617.476	57
617.554	58
617.592	59
617.656	60
617.714	61
617.777	62
617.858	63
617.914	64
617.987	65
618.064	66
618.143	67
618.228	68
618.315	69
618.409	70
618.513	71
618.621	72
618.739	73
618.869	74
619.013	75
619.181	76
619.379	77
619.624	78
619.976	79
622.692	80
623.045	81
623.293	82
623.489	83
623.656	84
623.802	85
623.93	86
624.049	87
624.157	88
624.258	89
624.352	90
624.441	91
624.526	92
624.606	93
624.682	94
624.754	95
624.772	65
624.918	66
624.92	67
624.923	68
624.964	69
625.015	70
625.068	71
625.12	72
625.176	73
625.233	74
625.292	75
625.353	76
625.413	77
625.479	78
625.547	79
625.616	80
625.69	81
625.764	82
625.843	83
625.929	84
626.016	85
626.111	86
626.211	87
626.321	88
626.44	89
626.568	90
626.715	91
626.88	92
627.077	93
627.325	94
627.677	95
630.392	96
630.746	97
630.992	98
631.191	99
631.356	100
631.501	101
631.631	102
631.75	103
631.858	104
631.959	105
632.054	106
632.143	107
632.226	108
632.307	109
632.383	110
632.455	111
632.525	112
632.592	113
632.604	77
632.724	78
632.744	79
632.746	80
632.751	81
632.797	82
632.846	83
632.887	84
632.948	85
632.984	86
633.033	87
633.084	88
633.135	89
633.191	90
633.245	91
633.301	92
633.362	93
633.42	94
633.483	95
633.548	96
633.609	65
633.754	66
633.756	67
633.76	68
633.884	69
633.966	70
634.058	71
634.16	72
634.261	73
634.362	74
634.477	75
634.606	76
634.753	77
634.92	78
635.117	79
635.363	80
635.718	81
638.432	82
638.784	83
639.031	84
639.229	85
639.395	86
639.541	87
639.669	88
639.787	89
639.898	90
639.997	91
640.092	92
640.182	93
640.264	94
640.345	95
640.42	96
640.494	97
640.563	98
640.631	99
640.695	100
640.758	101
640.819	102
640.877	103
640.933	104
640.952	71
641.111	72
641.112	73
641.115	74
641.146	75
641.194	76
641.242	77
641.296	78
641.342	79
641.397	80
641.448	81
641.505	82
641.561	83
641.62	84
641.679	85
641.741	86
641.807	87
641.873	88
641.945	89
642.016	90
642.093	91
642.172	92
642.255	93
642.346	94
642.44	95
642.54	96
642.648	97
642.769	98
642.897	99
643.042	100
643.21	101
643.407	102
643.653	103
644.006	104
646.721	105
647.073	106
647.321	107
647.519	108
647.684	109
647.83	110
647.96	111
648.079	112
648.186	113
648.288	114
648.382	115
648.472	116
648.547	79
648.672	80
648.694	81
648.696	82
648.698	83
648.743	84
648.795	85
648.83	86
648.876	87
648.925	88
648.972	89
649.023	90
649.074	91
649.126	92
649.18	93
649.235	94
649.292	95
649.349	96
649.41	97
649.464	66
649.637	67
649.638	68
649.685	69
649.766	70
649.85	71
649.938	72
650.031	73
650.133	74
650.241	75
650.359	76
650.49	77
650.634	78
650.801	79
650.999	80
651.248	81
651.6	82
654.314	83
654.666	84
654.915	85
655.111	86
655.278	87
655.424	88
655.551	89
655.672	90
655.778	91
655.88	92
655.976	93
656.065	94
656.148	95
656.226	96
656.303	97
656.377	98
656.44	67
656.612	68
656.614	69
656.616	70
656.654	71
656.704	72
656.753	73
656.806	74
656.859	75
656.916	76
656.973	77
657.03	78
657.09	79
657.153	80
657.219	81
657.285	82
657.355	83
657.429	84
657.504	85
657.583	86
657.669	87
657.756	88
657.85	89
657.952	90
658.061	91
658.178	92
658.309	93
658.455	94
658.62	95
658.817	96
659.064	97
659.417	98
662.132	99
662.484	100
662.733	101
662.929	102
663.095	103
663.242	104
663.371	105
663.488	106
663.598	107
663.699	108
663.794	109
663.882	110
663.966	111
664.047	112
664.122	113
664.194	114
664.252	78
664.426	79
664.427	80
664.43	81
664.432	82
664.498	83
664.544	84
664.597	85
664.666	86
664.735	87
664.787	88
664.84	89
664.893	90
664.948	91
665.004	92
665.063	93
665.123	94
665.185	95
665.247	96
665.317	97
665.389	98
665.46	99
665.519	100
665.618	101
665.687	102
665.788	103
665.859	104
665.976	105
666.092	106
666.153	107
666.273	108
666.394	109
666.515	110
666.655	111
666.85	112
667.098	113
667.451	114
670.165	115
670.517	116
670.764	117
670.963	118
671.127	119
671.274	120
671.403	121
671.521	122
671.63	123
671.731	124
671.825	125
671.871	86
672.02	87
672.021	88
672.022	89
672.041	90
672.082	91
672.125	92
672.169	93
672.219	94
672.258	95
672.305	96
672.353	97
672.4	98
672.451	99
672.502	100
672.554	101
672.607	102
672.662	103
672.719	104
672.778	105
672.838	106
672.901	107
672.965	108
673.031	109
673.102	110
673.176	111
673.251	112
673.332	113
673.415	114
673.505	115
673.597	116
673.699	117
673.808	118
673.926	119
674.055	120
674.202	121
674.335	83
674.494	84
674.495	85
674.525	86
674.596	87
674.668	88
674.746	89
674.825	90
674.908	91
674.998	92
675.092	93
675.192	94
675.303	95
675.419	96
675.549	97
675.696	98
675.862	99
676.06	100
676.306	101
676.659	102
679.373	103
679.725	104
679.974	105
680.169	106
680.338	107
680.482	108
680.611	109
680.731	110
680.838	111
680.939	112
681.034	113
681.072	77
681.232	78
681.233	79
681.235	80
681.258	81
681.314	82
681.35	83
681.395	84
681.444	85
681.492	86
681.541	87
681.594	88
681.643	89
681.698	90
681.752	91
681.809	92
681.867	93
681.93	94
681.992	95
682.056	96
682.123	97
682.193	98
682.265	99
682.327	67
682.541	68
682.543	69
682.585	70
682.674	71
682.738	72
682.822	73
682.912	74
683.006	75
683.106	76
683.216	77
683.334	78
683.465	79
683.61	80
683.776	81
683.972	82
684.22	83
684.573	84
687.288	85
687.639	86
687.889	87
688.084	88
688.25	89
688.397	90
688.526	91
688.644	92
688.752	93
688.855	94
688.948	95
689.037	96
689.121	97
689.202	98
689.277	99
689.351	100
689.42	101
689.486	102
689.553	103
689.615	104
689.675	105
689.734	106
689.789	107
689.846	108
689.868	73
689.991	74
689.992	75
689.994	76
690.021	77
690.067	78
690.113	79
690.16	80
690.208	81
690.258	82
690.308	83
690.361	84
690.416	85
690.47	86
690.528	87
690.585	88
690.646	89
690.71	90
690.772	91
690.84	92
690.909	93
690.982	94
691.059	95
691.138	96
691.224	97
691.312	98
691.405	99
691.507	100
691.614	101
691.734	102
691.864	103
692.009	104
692.176	105
692.372	106
692.619	107
692.973	108
695.689	109
696.04	110
696.288	111
696.485	112
696.65	113
696.798	114
696.926	115
697.045	116
697.153	117
697.254	118
697.347	119
697.437	120
697.522	121
697.601	122
697.677	123
697.731	84
697.873	85
697.875	86
697.877	87
697.894	88
697.936	89
697.978	90
698.023	91
698.075	92
698.113	93
698.158	94
698.207	95
698.254	96
698.303	97
698.354	98
698.406	99
698.461	100
698.515	101
698.572	102
698.631	103
698.692	104
698.753	105
698.818	106
698.886	107
698.956	108
699.028	109
699.105	110
699.183	111
699.267	76
699.466	77
699.468	78
699.511	79
699.575	80
699.653	81
699.733	82
699.816	83
699.918	84
699.999	85
700.099	86
700.208	87
700.327	88
700.458	89
700.602	90
700.769	91
700.966	92
701.212	93
701.565	94
704.28	95
704.587	96
704.881	97
705.078	98
705.245	99
705.39	100
705.519	101
705.637	102
705.745	103
705.848	104
705.942	105
706.03	106
706.115	107
706.195	108
706.27	109
706.342	110
706.413	111
706.486	112
706.608	113
706.618	77
706.849	78
706.851	79
706.875	80
706.921	81
706.978	82
707.026	83
707.085	84
707.139	85
707.199	86
707.256	87
707.314	88
707.36	89
707.423	90
707.481	91
707.546	92
707.586	93
707.65	94
707.715	95
707.72	65
707.883	66
707.921	67
708.022	68
708.086	69
708.191	70
708.295	71
708.397	72
708.5	73
708.605	74
708.709	75
708.813	76
708.976	77
709.172	78
709.421	79
709.772	80
712.488	81
712.84	82
713.086	83
713.284	84
713.452	85
713.596	86
713.726	87
713.844	88
713.954	89
714.055	90
714.147	91
714.238	92
714.321	93
714.4	94
714.477	95
714.549	96
714.619	97
714.688	98
714.752	99
714.814	100
714.823	68
715.058	69
715.06	70
715.077	71
715.097	72
715.144	73
715.195	74
715.246	75
715.297	76
715.352	77
715.407	78
715.464	79
715.522	80
715.585	81
715.646	82
715.711	83
715.776	84
715.847	85
715.919	86
715.996	87
716.075	88
716.161	89
716.247	90
716.342	91
716.442	92
716.554	93
716.67	94
716.8	95
716.945	96
717.112	97
717.309	98
717.556	99
717.909	100
720.623	101
720.975	102
721.224	103
721.42	104
721.587	105
721.732	106
721.864	107
721.98	108
722.09	109
722.191	110
722.285	111
722.374	112
722.458	113
722.539	77
722.664	78
722.681	79
722.683	80
722.692	81
722.736	82
722.782	83
722.828	84
722.884	85
722.923	86
722.975	87
723.024	88
723.077	89
723.131	90
723.185	91
723.242	92
723.302	93
723.362	94
723.423	95
723.489	96
723.556	97
723.626	98
723.699	99
723.774	100
723.855	101
723.939	102
724.027	103
724.121	104
724.222	105
724.33	106
724.449	107
724.579	108
724.725	109
724.891	110
725.087	111
725.335	112
725.69	113
728.404	114
728.755	115
729.003	116
729.199	117
729.367	118
729.511	119
729.642	120
729.76	121
729.868	122
729.969	123
730.063	124
730.153	125
730.237	126
730.316	127
730.341	87
730.451	88
730.474	89
730.475	90
730.476	91
730.511	92
730.552	93
730.595	94
730.64	95
730.682	96
730.727	97
730.779	98
730.821	99
730.88	100
730.92	101
730.971	102
731.023	103
731.077	104
731.132	105
731.189	106
731.247	107
731.307	108
731.369	109
731.434	110
731.502	111
731.572	112
731.644	113
731.721	114
731.801	115
731.885	116
731.973	117
732.067	118
732.169	119
732.278	120
732.396	121
732.525	122
732.671	123
732.838	124
733.035	125
733.281	126
733.634	127
736.349	128
736.702	129
736.95	130
737.147	131
737.313	132
737.458	133
737.588	134
737.706	135
737.815	136
737.849	93
738.072	94
738.073	95
738.075	96
738.093	97
738.123	98
738.163	99
738.204	100
738.245	101
738.287	102
738.329	103
738.374	104
738.416	105
738.462	106
738.508	107
738.555	108
738.604	109
738.654	110
738.705	111
738.758	112
738.812	113
738.866	114
738.895	78
739.12	79
739.121	80
739.157	81
739.229	82
739.305	83
739.387	84
739.468	85
739.559	86
739.652	87
739.752	88
739.862	89
739.979	90
740.109	91
740.255	92
740.422	93
740.619	94
740.867	95
741.218	96
743.935	97
744.211	98
744.534	99
744.732	100
744.898	101
745.043	102
745.173	103
745.291	104
745.399	105
745.501	106
745.594	107
745.683	108
745.766	109
745.846	110
745.924	111
745.94	76
746.108	77
746.109	78
746.113	79
746.19	80
746.23	81
746.277	82
746.325	83
746.375	84
746.429	85
746.481	86
746.536	87
746.588	88
746.643	89
746.703	90
746.763	91
746.826	92
746.89	93
746.958	94
747.026	95
747.099	96
747.159	97
747.257	98
747.341	99
747.404	100
747.524	101
747.592	102
747.718	103
747.844	104
747.969	105
748.096	106
748.222	107
748.348	108
748.376	74
748.588	75
748.626	76
748.705	77
748.773	78
748.87	79
748.935	80
749.037	81
749.143	82
749.246	83
749.349	84
749.453	85
749.559	86
749.665	87
749.824	88
750.019	89
750.268	90
750.621	91
753.335	92
753.688	93
753.935	94
754.131	95
754.3	96
754.444	97
754.573	98
754.692	99
754.801	100
754.902	101
754.996	102
755.085	103
755.17	104
755.249	105
755.325	106
755.398	107
755.468	108
755.499	74
755.704	75
755.705	76
755.707	77
755.749	78
755.784	79
755.85	80
755.879	81
755.929	82
755.979	83
756.032	84
756.086	85
756.155	86
756.197	87
756.257	88
756.317	89
756.38	90
756.444	91
756.511	92
756.581	93
756.654	94
756.731	95
756.809	96
756.893	97
756.984	98
757.076	99
757.178	100
757.285	101
757.404	102
757.535	103
757.68	104
757.847	105
758.044	106
758.291	107
758.643	108
761.357	109
761.712	110
761.958	111
762.155	112
762.323	113
762.467	114
762.598	115
762.716	116
762.824	117
762.925	118
763.02	119
763.068	81
763.231	82
763.232	83
763.235	84
763.253	85
763.311	86
763.339	87
763.385	88
763.43	89
763.477	90
763.523	91
763.572	92
763.622	93
763.673	94
763.725	95
763.778	96
763.834	97
763.891	98
763.949	99
764.009	100
764.073	101
764.137	102
764.205	103
764.273	104
764.347	105
764.422	106
764.502	107
764.587	108
764.674	109
764.77	110
764.87	111
764.979	112
765.007	77
765.111	78
765.139	79
765.148	80
765.241	81
765.297	82
765.377	83
765.46	84
765.549	85
765.648	86
765.75	87
765.852	88
765.972	89
766.101	90
766.247	91
766.414	92
766.611	93
766.858	94
767.211	95
769.925	96
770.277	97
770.525	98
770.722	99
770.889	100
771.034	101
771.164	102
771.284	103
771.39	104
771.491	105
771.587	106
771.675	107
771.759	108
771.84	109
771.916	110
771.987	111
772.057	112
772.125	113
772.189	114
772.251	115
772.313	116
772.37	117
772.383	80
772.547	81
772.548	82
772.55	83
772.573	84
772.628	85
772.661	86
772.731	87
772.752	88
772.8	89
772.848	90
772.897	91
772.949	92
773	93
773.054	94
773.109	95
773.167	96
773.225	97
773.285	98
773.349	99
773.412	100
773.479	101
773.55	102
773.622	103
773.699	104
773.779	105
773.862	106
773.951	107
774.046	108
774.145	109
774.255	110
774.373	111
774.504	112
774.649	113
774.816	114
775.013	115
775.26	116
775.612	117
778.327	118
778.68	119
778.927	120
779.124	121
779.291	122
779.436	123
779.565	124
779.683	125
779.793	126
779.894	127
779.989	128
780.05	88
780.236	89
780.238	90
780.239	91
780.254	92
780.296	93
780.338	94
780.396	95
780.424	96
780.468	97
780.513	98
780.561	99
780.608	100
780.656	101
780.707	102
780.756	103
780.81	104
780.863	105
780.917	106
780.975	107
781.032	108
781.093	109
781.156	110
781.219	111
781.288	112
781.358	113
781.43	114
781.506	115
781.586	116
781.67	117
781.759	118
781.768	81
781.874	82
781.908	83
781.91	84
781.976	85
782.049	86
782.124	87
782.214	88
782.289	89
782.377	90
782.472	91
782.572	92
782.681	93
782.799	94
782.929	95
783.075	96
783.242	97
783.438	98
783.685	99
784.039	100
786.754	101
787.106	102
787.352	103
787.55	104
787.716	105
787.863	106
787.991	107
788.111	108
788.218	109
788.32	110
788.414	111
788.502	112
788.588	113
788.667	114
788.743	115
788.816	116
788.885	117
788.954	118
789.017	119
789.079	120
789.094	82
789.276	83
789.278	84
789.28	85
789.282	86
789.342	87
789.384	88
789.444	89
789.475	90
789.521	91
789.568	92
789.618	93
789.666	94
789.718	95
789.769	96
789.824	97
789.879	98
789.935	99
789.994	100
790.055	101
790.117	102
790.181	103
790.248	104
790.319	105
790.391	106
790.467	107
790.546	108
790.63	109
790.72	110
790.814	111
790.915	112
791.023	113
791.142	114
791.273	115
791.418	116
791.584	117
791.781	118
792.028	119
792.381	120
795.096	121
795.448	122
795.696	123
795.893	124
796.059	125
796.204	126
796.334	127
796.452	128
796.561	129
796.662	130
796.757	131
796.836	90
796.952	91
796.975	92
796.976	93
796.978	94
797.01	95
797.05	96
797.092	97
797.136	98
797.178	99
797.223	100
797.268	101
797.314	102
797.363	103
797.41	104
797.461	105
797.511	106
797.564	107
797.616	108
797.671	109
797.73	110
797.788	111
797.847	112
797.912	113
797.975	114
798.043	115
798.111	116
798.185	117
798.261	118
798.341	119
798.404	81
798.59	82
798.591	83
798.618	84
798.683	85
798.756	86
798.827	87
798.903	88
798.982	89
799.067	90
799.162	91
799.263	92
799.364	93
799.466	94
799.577	95
799.709	96
799.853	97
800.019	98
800.218	99
800.464	100
800.816	101
803.532	102
803.883	103
804.13	104
804.328	105
804.494	106
804.639	107
804.77	108
804.888	109
804.997	110
805.097	111
805.192	112
805.28	113
805.365	114
805.444	115
805.52	116
805.595	117
805.664	118
805.731	119
805.796	120
805.858	121
805.919	122
805.976	123
806.033	124
806.055	85
806.161	86
806.18	87
806.182	88
806.184	89
806.223	90
806.282	91
806.31	92
806.356	93
806.4	94
806.447	95
806.494	96
806.542	97
806.592	98
806.642	99
806.696	100
806.749	101
806.803	102
806.86	103
806.919	104
806.98	105
807.042	106
807.106	107
807.173	108
807.243	109
807.316	110
807.393	111
807.473	112
807.557	113
807.644	114
807.739	115
807.841	116
807.95	117
808.068	118
808.197	119
808.342	120
808.51	121
808.707	122
808.953	123
809.306	124
812.021	125
812.373	126
812.622	127
812.818	128
812.983	129
813.129	130
813.26	131
813.378	132
813.487	133
813.587	134
813.635	92
813.881	93
813.882	94
813.884	95
813.895	96
813.936	97
813.983	98
814.017	99
814.059	100
814.101	101
814.145	102
814.189	103
814.235	104
814.281	105
814.329	106
814.377	107
814.428	108
814.477	109
814.531	110
814.584	111
814.638	112
814.696	113
814.754	114
814.815	115
814.876	116
814.94	117
815.008	118
815.078	119
815.152	120
815.228	121
815.284	83
815.466	84
815.467	85
815.497	86
815.566	87
815.64	88
815.717	89
815.796	90
815.881	91
815.968	92
816.063	93
816.164	94
816.274	95
816.392	96
816.522	97
816.667	98
816.832	99
817.031	100
817.278	101
817.631	102
820.346	103
820.698	104
820.945	105
821.142	106
821.308	107
821.454	108
821.583	109
821.702	110
821.811	111
821.911	112
822.007	113
822.044	77
822.206	78
822.208	79
822.21	80
822.212	81
822.287	82
822.324	83
822.389	84
822.423	85
822.516	86
822.566	87
822.618	88
822.672	89
822.729	90
822.784	91
822.843	92
822.904	93
822.967	94
823.027	95
823.097	96
823.169	97
823.241	98
823.317	99
823.385	100
823.48	101
823.57	102
823.635	103
823.763	104
823.873	105
823.903	72
824.029	73
824.053	74
824.072	75
824.174	76
824.277	77
824.381	78
824.484	79
824.587	80
824.689	81
824.795	82
824.898	83
825.002	84
825.106	85
825.265	86
825.461	87
825.709	88
826.06	89
828.775	90
829.128	91
829.376	92
829.572	93
829.738	94
829.884	95
830.013	96
830.132	97
830.241	98
830.343	99
830.436	100
830.527	101
830.609	102
830.691	103
830.767	104
830.838	105
830.909	106
830.976	107
831.039	108
831.103	109
831.162	110
831.222	111
831.278	112
831.296	77
831.457	78
831.458	79
831.46	80
831.487	81
831.54	82
831.578	83
831.641	84
831.676	85
831.742	86
831.775	87
831.843	88
831.881	89
831.944	90
831.992	91
832.052	92
832.112	93
832.174	94
832.24	95
832.307	96
832.377	97
832.449	98
832.525	99
832.605	100
832.69	101
832.777	102
832.873	103
832.973	104
833.082	105
833.199	106
833.33	107
833.475	108
833.641	109
833.841	110
834.086	111
834.438	112
837.154	113
837.507	114
837.754	115
837.951	116
838.116	117
838.262	118
838.392	119
838.511	120
838.62	121
838.721	122
838.816	123
838.904	124
838.987	125
839.067	126
839.102	86
839.228	87
839.249	88
839.251	89
839.253	90
839.287	91
839.329	92
839.372	93
839.416	94
839.459	95
839.505	96
839.553	97
839.6	98
839.648	99
839.697	100
839.749	101
839.801	102
839.855	103
839.91	104
839.966	105
840.024	106
840.086	107
840.147	108
840.212	109
840.279	110
840.349	111
840.423	112
840.499	113
840.578	114
840.661	115
840.692	79
840.877	80
840.878	81
840.913	82
840.987	83
841.063	84
841.144	85
841.227	86
841.315	87
841.409	88
841.51	89
841.62	90
841.737	91
841.867	92
842.013	93
842.179	94
842.376	95
842.624	96
842.977	97
845.691	98
846.044	99
846.293	100
846.488	101
846.656	102
846.8	103
846.93	104
847.049	105
847.157	106
847.257	107
847.352	108
847.44	109
847.524	110
847.604	111
847.682	112
847.754	113
847.824	114
847.891	115
847.954	116
848.018	117
848.065	80
848.206	81
848.208	82
848.21	83
848.231	84
848.274	85
848.319	86
848.364	87
848.41	88
848.459	89
848.509	90
848.556	91
848.61	92
848.659	93
848.712	94
848.767	95
848.824	96
848.882	97
848.943	98
849.005	99
849.07	100
849.139	101
849.207	102
849.281	103
849.356	104
849.436	105
849.521	106
849.609	107
849.705	108
849.804	109
849.913	110
850.032	111
850.161	112
850.307	113
850.473	114
850.67	115
850.918	116
851.271	117
853.986	118
854.338	119
854.586	120
854.782	121
854.948	122
855.094	123
855.223	124
855.343	125
855.451	126
855.552	127
855.645	128
855.734	129
855.807	88
856.001	89
856.003	90
856.004	91
856.017	92
856.058	93
856.099	94
856.142	95
856.183	96
856.227	97
856.273	98
856.319	99
856.364	100
856.411	101
856.459	102
856.51	103
856.559	104
856.612	105
856.666	106
856.72	107
856.778	108
856.837	109
856.896	110
856.959	111
857.023	112
857.091	113
857.161	114
857.233	115
857.31	116
857.389	117
857.474	118
857.541	81
857.666	82
857.684	83
857.698	84
857.766	85
857.84	86
857.916	87
857.997	88
858.089	89
858.169	90
858.264	91
858.365	92
858.472	93
858.598	94
858.723	95
858.866	96
859.033	97
859.229	98
859.476	99
859.829	100
862.544	101
862.898	102
863.145	103
863.342	104
863.508	105
863.654	106
863.783	107
863.902	108
864.011	109
864.111	110
864.206	111
864.295	112
864.378	113
864.459	114
864.534	115
864.607	116
864.676	117
864.743	118
864.809	119
864.871	120
864.932	121
864.944	83
865.113	84
865.115	85
865.117	86
865.119	87
865.188	88
865.222	89
865.266	90
865.311	91
865.36	92
865.406	93
865.456	94
865.505	95
865.557	96
865.609	97
865.662	98
865.717	99
865.773	100
865.831	101
865.891	102
865.953	103
866.046	104
866.156	105
866.214	106
866.304	107
866.384	108
866.444	109
866.557	110
866.621	111
866.741	112
866.861	113
866.923	114
867.045	115
867.169	116
867.294	117
867.422	118
867.618	119
867.865	120
868.218	121
870.933	122
871.286	123
871.533	124
871.732	125
871.896	126
872.043	127
872.171	128
872.29	129
872.399	130
872.501	131
872.594	132
872.659	91
872.829	92
872.831	93
872.833	94
872.846	95
872.903	96
872.928	97
872.969	98
873.011	99
873.055	100
873.106	101
873.145	102
873.192	103
873.241	104
873.287	105
873.338	106
873.388	107
873.44	108
873.494	109
873.549	110
873.606	111
873.664	112
873.725	113
873.787	114
873.851	115
873.919	116
873.99	117
874.062	118
874.138	119
874.219	120
874.302	121
874.391	122
874.478	84
874.583	85
874.602	86
874.614	87
874.685	88
874.758	89
874.833	90
874.912	91
875.007	92
875.085	93
875.18	94
875.281	95
875.391	96
875.509	97
875.638	98
875.784	99
875.95	100
876.148	101
876.394	102
876.747	103
879.461	104
879.815	105
880.061	106
880.258	107
880.425	108
880.57	109
880.7	110
880.819	111
880.928	112
881.029	113
881.123	114
881.213	115
881.296	116
881.376	117
881.452	118
881.525	119
881.594	120
881.661	121
881.725	122
881.788	123
881.792	84
881.954	85
881.956	86
881.958	87
881.974	88
882.034	89
882.059	90
882.102	91
882.148	92
882.194	93
882.24	94
882.286	95
882.34	96
882.385	97
882.441	98
882.489	99
882.542	100
882.597	101
882.654	102
882.713	103
882.772	104
882.834	105
882.9	106
882.967	107
883.036	108
883.109	109
883.185	110
883.265	111
883.349	112
883.439	113
883.532	114
883.633	115
883.741	116
883.86	117
883.99	118
884.135	119
884.302	120
884.5	121
884.747	122
885.099	123
887.813	124
888.168	125
888.414	126
888.612	127
888.776	128
888.923	129
889.053	130
889.171	131
889.28	132
889.381	133
889.475	134
889.564	135
889.625	93
889.805	94
889.806	95
889.808	96
889.82	97
889.872	98
889.9	99
889.94	100
889.982	101
890.025	102
890.068	103
890.114	104
890.159	105
890.205	106
890.252	107
890.301	108
890.352	109
890.404	110
890.453	111
890.508	112
890.563	113
890.62	114
890.678	115
890.738	116
890.801	117
890.866	118
890.932	119
891.004	120
891.076	121
891.136	83
891.284	84
891.286	85
891.315	86
891.386	87
891.457	88
891.536	89
891.615	90
891.698	91
891.79	92
891.892	93
891.994	94
892.095	95
892.209	96
892.34	97
892.485	98
892.652	99
892.848	100
893.097	101
893.448	102
896.163	103
896.515	104
896.764	105
896.961	106
897.127	107
897.271	108
897.401	109
897.521	110
897.628	111
897.73	112
897.825	113
897.913	114
897.997	115
898.077	116
898.154	117
898.226	118
898.295	119
898.362	120
898.426	121
898.489	122
898.55	123
898.577	84
898.763	85
898.764	86
898.765	87
898.783	88
898.826	89
898.867	90
898.923	91
898.956	92
899.001	93
899.048	94
899.094	95
899.145	96
899.193	97
899.246	98
899.297	99
899.35	100
899.406	101
899.462	102
899.52	103
899.58	104
899.644	105
899.709	106
899.775	107
899.844	108
899.918	109
899.994	110
900.074	111
900.159	112
900.246	113
900.341	114
900.441	115
900.551	116
900.669	117
900.799	118
900.944	119
901.111	120
901.307	121
901.554	122
901.907	123
904.622	124
904.976	125
905.222	126
905.42	127
905.586	128
905.731	129
905.862	130
905.979	131
906.088	132
906.12	91
906.264	92
906.266	93
906.268	94
906.271	95
906.321	96
906.366	97
906.403	98
906.447	99
906.49	100
906.534	101
906.58	102
906.626	103
906.674	104
906.722	105
906.773	106
906.823	107
906.875	108
906.93	109
906.985	110
907.096	111
907.119	76
907.33	77
907.368	78
907.423	79
907.517	80
907.583	81
907.679	82
907.735	83
907.842	84
907.948	85
908.055	86
908.165	87
908.277	88
908.389	89
908.503	90
908.634	91
908.83	92
909.079	93
909.43	94
912.143	95
912.496	96
912.745	97
912.943	98
913.108	99
913.254	100
913.384	101
913.501	102
913.611	103
913.71	104
913.805	105
913.894	106
913.978	107
914.059	108
914.134	109
914.206	110
914.276	111
914.341	76
914.516	77
914.517	78
914.519	79
914.547	80
914.592	81
914.637	82
914.694	83
914.735	84
914.796	85
914.835	86
914.886	87
914.94	88
914.995	89
915.053	90
915.111	91
915.17	92
915.234	93
915.299	94
915.366	95
915.437	96
915.507	97
915.585	98
915.663	99
915.748	100
915.838	101
915.932	102
916.033	103
916.141	104
916.26	105
916.39	106
916.534	107
916.701	108
916.897	109
917.046	74
917.193	75
917.194	76
917.229	77
917.302	78
917.378	79
917.459	80
917.543	81
917.633	82
917.73	83
917.826	84
917.935	85
918.052	86
918.185	87
918.329	88
918.495	89
918.692	90
918.939	91
919.293	92
922.006	93
922.358	94
922.608	95
922.804	96
922.97	97
923.116	98
923.247	99
923.364	100
923.473	101
923.572	102
923.667	103
923.757	104
923.841	105
923.873	72
923.999	73
924.023	74
924.025	75
924.034	76
924.083	77
924.132	78
924.179	79
924.232	80
924.283	81
924.337	82
924.391	83
924.449	84
924.508	85
924.567	86
924.629	87
924.695	88
924.763	89
924.832	90
924.905	61
925.069	62
925.07	63
925.148	64
925.209	65
925.297	66
925.393	67
925.493	68
925.602	69
925.721	70
925.858	71
925.996	72
926.164	73
926.357	74
926.606	75
926.96	76
929.674	77
930.025	78
930.274	79
930.471	80
930.636	81
930.783	82
930.911	83
931.03	84
931.139	85
931.239	86
931.334	87
931.423	88
931.506	89
931.588	90
931.662	91
931.736	92
931.805	93
931.874	94
931.937	95
931.998	96
932.061	97
932.119	98
932.175	99
932.232	100
932.253	68
932.397	69
932.4	70
932.403	71
932.435	72
932.498	73
932.533	74
932.584	75
932.637	76
932.702	77
932.746	78
932.804	79
932.862	80
932.922	81
932.985	82
933.048	83
933.117	84
933.185	85
933.26	86
933.334	87
933.415	88
933.5	89
933.588	90
933.681	91
933.783	92
933.891	93
934.01	94
934.14	95
934.284	96
934.451	97
934.649	98
934.896	99
935.249	100
937.963	101
938.316	102
938.564	103
938.762	104
938.927	105
939.074	106
939.203	107
939.32	108
939.429	109
939.531	110
939.624	111
939.713	112
939.769	77
939.908	78
939.911	79
939.913	80
939.938	81
939.983	82
940.029	83
940.079	84
940.126	85
940.177	86
940.228	87
940.279	88
940.333	89
940.388	90
940.443	91
940.502	92
940.565	93
940.625	94
940.691	95
940.759	96
940.828	97
940.901	98
940.976	99
941.057	100
941.14	101
941.23	102
941.324	103
941.424	104
941.502	71
941.663	72
941.665	73
941.706	74
941.781	75
941.86	76
941.955	77
942.035	78
942.13	79
942.229	80
942.338	81
942.456	82
942.587	83
942.732	84
942.898	85
943.096	86
943.343	87
943.697	88
946.411	89
946.763	90
947.009	91
947.206	92
947.373	93
947.518	94
947.648	95
947.767	96
947.876	97
947.978	98
948.071	99
948.16	100
948.243	101
948.324	102
948.4	103
948.474	104
948.533	71
948.675	72
948.676	73
948.679	74
948.68	75
948.776	76
948.806	77
948.855	78
948.907	79
948.961	80
949.015	81
949.068	82
949.125	83
949.184	84
949.243	85
949.305	86
949.371	87
949.437	88
949.508	89
949.581	90
949.656	91
949.737	92
949.821	93
949.909	94
949.966	64
950.101	65
950.102	66
950.156	67
950.241	68
950.328	69
950.422	70
950.524	71
950.633	72
950.752	73
950.881	74
951.029	75
951.193	76
951.389	77
951.638	78
951.991	79
954.705	80
955.057	81
955.305	82
955.502	83
955.668	84
955.814	85
955.943	86
956.061	87
956.172	88
956.27	89
956.367	90
956.456	91
956.538	92
956.62	93
956.695	94
956.767	95
956.837	96
956.905	97
956.968	98
957.032	99
957.092	100
957.152	101
957.208	102
957.254	70
957.451	71
957.452	72
957.455	73
957.498	74
957.539	75
957.599	76
957.639	77
957.701	78
957.745	79
957.802	80
957.856	81
957.916	82
957.976	83
958.039	84
958.106	85
958.169	86
958.24	87
958.314	88
958.388	89
958.468	90
958.553	91
958.642	92
958.735	93
958.838	94
958.946	95
959.063	96
959.194	97
959.34	98
959.506	99
959.704	100
959.95	101
960.302	102
963.019	103
963.369	104
963.618	105
963.814	106
963.981	107
964.127	108
964.257	109
964.375	110
964.482	111
964.585	112
964.678	113
964.768	114
964.852	115
964.93	116
965.007	117
965.081	118
965.152	119
965.217	120
965.281	121
965.344	122
965.405	123
965.462	124
965.523	85
965.746	86
965.748	87
965.75	88
965.767	89
965.809	90
965.852	91
965.895	92
965.94	93
965.984	94
966.032	95
966.078	96
966.129	97
966.177	98
966.229	99
966.28	100
966.334	101
966.388	102
966.446	103
966.503	104
966.564	105
966.626	106
966.692	107
966.758	108
966.828	109
966.901	110
966.977	111
967.056	112
967.142	113
967.229	114
967.324	115
967.425	116
967.534	117
967.653	118
967.782	119
967.928	120
968.093	121
968.29	122
968.539	123
968.89	124
971.607	125
971.959	126
972.206	127
972.404	128
972.569	129
972.715	130
972.845	131
972.962	132
973.071	133
973.172	134
973.268	135
973.278	93
973.432	94
973.433	95
973.436	96
973.447	97
973.486	98
973.528	99
973.569	100
973.622	101
973.653	102
973.696	103
973.741	104
973.785	105
973.833	106
973.881	107
973.93	108
973.978	109
974.028	110
974.082	111
974.136	112
974.19	113
974.248	114
974.304	115
974.365	116
974.428	117
974.492	118
974.56	119
974.629	120
974.703	121
974.779	122
974.857	123
974.943	124
975.03	125
975.125	126
975.163	86
975.309	87
975.31	88
975.331	89
975.411	90
975.463	91
975.534	92
975.605	93
975.682	94
975.761	95
975.847	96
975.935	97
976.03	98
976.13	99
976.239	100
976.356	101
976.486	102
976.632	103
976.8	104
976.996	105
977.245	106
977.595	107
980.31	108
980.663	109
980.911	110
981.108	111
981.275	112
981.419	113
981.549	114
981.668	115
981.777	116
981.878	117
981.972	118
982.06	119
982.146	120
982.193	82
982.38	83
982.381	84
982.383	85
982.403	86
982.446	87
982.49	88
982.537	89
982.579	90
982.625	91
982.672	92
982.722	93
982.771	94
982.821	95
982.873	96
982.928	97
982.984	98
983.039	99
983.098	100
983.157	101
983.22	102
983.285	103
983.353	104
983.423	105
983.495	106
983.57	107
983.652	108
983.682	74
983.842	75
983.844	76
983.884	77
983.959	78
984.04	79
984.128	80
984.229	81
984.331	82
984.407	83
984.533	84
984.634	85
984.765	86
984.91	87
985.077	88
985.273	89
985.521	90
985.875	91
988.415	92
988.941	93
989.188	94
989.386	95
989.551	96
989.697	97
989.827	98
989.946	99
990.054	100
990.155	101
990.25	102
990.338	103
990.422	104
990.502	105
990.578	106
990.651	107
990.721	108
990.787	109
990.852	110
990.916	111
990.975	112
991.034	113
991.091	114
991.105	78
991.247	79
991.249	80
991.273	81
991.349	82
991.378	83
991.412	84
991.482	85
991.517	86
991.587	87
991.623	88
991.69	89
991.729	90
991.795	91
991.837	92
991.897	93
991.944	94
992.007	95
992.071	96
992.138	97
992.208	98
992.272	99
992.357	100
992.436	101
992.5	102
992.61	103
992.678	104
992.797	105
992.914	106
992.977	107
993.1	108
993.223	109
993.346	110
993.474	111
993.671	112
993.917	113
994.27	114
996.986	115
997.337	116
997.586	117
997.782	118
997.949	119
998.095	120
998.225	121
998.341	122
998.45	123
998.552	124
998.646	125
998.735	126
998.764	86
998.905	87
998.906	88
998.908	89
998.924	90
998.965	91
999.006	92
999.049	93
999.107	94
999.137	95
999.183	96
999.228	97
999.276	98
999.325	99
999.373	100
999.425	101
999.477	102
999.531	103
999.586	104
999.642	105
999.701	106
999.761	107
999.824	108
999.888	109
999.957	110
1000.03	111
1000.1	112
1000.17	113
1000.25	114
1000.34	115
1000.39	79
1000.58	80
1000.58	81
1000.62	82
1000.69	83
1000.76	84
