10.2008	1.30981
10.3016	2.14342
10.4024	4.28684
10.5032	8.57368
10.5641	23.6304
10.6249	14.1992
10.688	21.3199
10.7552	22.8427
10.8162	33.0825
10.9307	5.86851
10.9942	21.3407
11.0615	22.8427
11.1345	13.9686
11.1996	11.7942
11.281	0.294923
11.3414	25.4353
11.4049	11.7045
11.4788	0.649411
11.5391	13.1514
11.6226	6.60858
11.683	5.36307
11.7471	11.7958
11.817	4.80899
12.0704	0.47351
12.1712	0.119065
12.272	0.47626
12.3727	22.7414
12.4329	19.9627
12.513	15.1236
12.5734	20.8564
12.6338	19.0687
12.6963	14.2047
12.7567	19.2673
12.8177	12.7998
12.8792	20.8903
12.9406	18.7427
13.001	12.9111
13.062	20.6766
13.1471	13.3954
13.208	21.4643
13.2689	18.7074
13.3299	12.0121
13.3903	21.2536
13.4507	18.2742
13.5132	11.7093
13.5736	21.2536
13.6351	18.5475
13.7102	12.6194
13.7706	21.8495
13.8332	18.0438
13.9161	13.3048
13.9763	3.5918
14.0363	15.3934
14.0963	15.3934
14.1563	15.3934
14.2164	15.3934
14.2772	16.1859
14.338	15.7881
14.3988	15.7881
14.4596	15.5907
14.5204	15.7881
14.5812	15.9854
14.642	15.7881
14.7028	15.7881
14.7636	15.7881
14.8244	15.7881
14.8852	15.7881
14.9452	15.1934
15.0057	16.6722
15.0667	19.8807
15.1272	18.6497
15.1874	16.7352
15.2481	16.6072
15.3098	16.1411
15.3706	16.9791
15.431	16.6851
15.4912	16.3375
15.5513	16.573
15.6113	16.7946
15.6728	16.3999
15.7335	16.0059
15.7945	16.5315
15.8555	16.3347
15.9172	16.337
15.9774	16.5315
16.0384	16.5315
16.0994	16.3347
16.1603	16.3347
16.2213	16.5315
16.2823	16.3315
16.3433	16.3287
16.4043	16.3287
16.4651	16.3679
16.5265	16.0328
16.5879	15.8373
16.6486	16.0062
16.7098	15.4852
16.7703	15.6812
16.8315	15.4852
16.8929	15.2376
16.953	15.3893
17.0138	15.192
17.075	15.5046
17.1359	15.5617
17.196	15.3622
17.2562	15.557
17.3172	15.9232
17.3783	15.9232
17.4386	16.1093
17.4995	16.1511
17.5597	16.1487
17.6206	16.1511
17.6816	16.3481
17.7425	16.3481
17.8035	16.1274
17.8639	16.1029
17.925	16.1029
17.9853	16.1029
18.0461	15.4152
18.1072	15.4931
18.1684	15.297
18.2296	15.3021
18.2907	15.125
18.3518	14.9286
18.4122	15.2895
18.4737	14.8224
18.5353	14.8224
18.5955	15.1477
18.6563	15.5833
18.7164	15.5833
18.7767	15.5098
18.8372	16.2669
18.8985	16.2669
18.959	16.2432
19.0195	15.8762
19.0807	16.0747
19.1419	16.0747
19.2024	15.8762
19.2636	16.0747
19.3248	16.0747
19.3862	15.6509
19.447	15.7825
19.5078	15.7825
19.5692	15.6459
19.6302	15.3393
19.6904	15.5359
19.751	15.4583
19.8121	15.3055
19.8725	15.1067
19.9336	15.3283
19.9942	15.4333
20.0549	15.4333
20.1154	15.4546
20.1765	15.7151
20.2376	15.7151
20.2987	15.7151
20.3597	16.1217
20.4208	16.1217
20.4818	16.1217
20.5419	15.9894
20.602	15.9706
20.6621	15.9706
20.7222	15.9749
20.7823	15.9774
20.8423	15.9774
20.9032	15.7607
20.9643	15.3288
21.0254	15.3288
21.0865	15.3152
21.147	15.0684
21.2075	15.0684
21.2681	15.0684
21.3297	14.7986
21.39	14.7283
21.4503	14.7283
21.5114	14.9099
21.5721	15.0307
21.6328	15.2285
21.6928	15.1983
21.7535	15.4104
21.8143	15.4104
21.8748	15.4538
21.9349	15.5811
21.995	15.7809
22.0551	15.5811
22.1156	15.4491
22.1763	15.4421
22.2369	15.64
22.298	14.9198
22.359	14.5616
22.4198	5.72147
22.4804	13.2726
22.541	13.2726
22.6017	13.82
22.6624	14.2346
22.724	15.9895
22.7847	14.629
22.8454	14.8267
22.9061	14.629
22.9668	14.629
23.0275	14.8267
23.0882	14.629
23.1494	15.4954
23.2104	15.526
23.2711	16.6158
23.3319	16.7757
23.3927	16.9731
23.4534	16.9987
23.5135	16.5665
23.5741	15.4577
23.635	16.1589
23.6952	15.7417
23.756	15.7926
23.8171	15.6941
23.8785	16.0265
23.9392	15.6332
23.9996	15.8968
24.0602	15.8311
24.1209	15.6332
24.182	15.7051
24.2423	15.3299
24.3033	15.7256
24.3638	15.2848
24.4242	14.8959
24.4846	15.0945
24.545	14.8959
24.606	14.9472
24.6667	14.4472
24.7273	14.4472
24.7881	14.4056
24.8483	14.561
24.9093	14.561
24.9693	14.5961
25.0298	14.4796
25.0903	14.4796
25.1513	14.7493
25.2115	14.9367
25.2726	15.1358
25.3328	14.9367
25.3943	15.4144
25.4551	15.0192
25.5166	15.4144
25.5781	15.0107
25.6392	14.7275
25.6995	14.9238
25.7608	14.4893
25.8214	14.4714
25.8819	14.4714
25.9429	14.1731
26.0039	13.9577
26.0649	13.9577
26.126	13.7611
26.1874	13.8821
26.2487	13.6822
26.3101	13.6822
26.3712	14.3512
26.4328	14.0283
26.4944	14.2231
26.5557	14.4711
26.6165	14.8125
26.6772	14.615
26.7386	15.0676
26.799	14.7009
26.8594	14.7009
26.9206	14.8995
26.981	14.8995
27.0422	14.8995
27.1031	14.5777
27.1644	14.4823
27.2249	14.4823
27.2863	14.4751
27.3479	14.0282
27.4086	14.2231
27.4702	14.2231
27.5302	13.9996
27.5913	13.7484
27.6515	13.9448
27.7132	14.0116
27.7747	14.0544
27.8353	13.8565
27.896	14.2389
27.9576	14.4081
28.0184	14.2107
28.0792	14.6097
28.1406	14.8543
28.202	14.8543
28.2626	14.6563
28.324	14.8543
28.3854	14.8543
28.4469	14.8272
28.5072	14.7081
28.5676	14.7081
28.628	14.7081
28.6882	14.3383
28.7486	14.3056
28.809	14.3056
28.8701	14.1485
28.9316	14.0503
28.9931	14.0503
29.0532	13.9806
29.1137	13.8774
29.1742	13.8774
29.2346	13.9257
29.2957	14.1222
29.3569	14.1222
29.418	14.1484
29.4795	14.4421
29.541	14.4421
29.6024	14.4421
29.6626	14.7572
29.7228	14.7661
29.7829	14.7661
29.843	14.7661
29.9032	14.7661
29.9633	14.7661
30.0246	14.6818
30.0859	14.0939
30.1472	14.0939
30.2086	14.0662
30.2703	13.6115
30.3321	13.6115
30.3938	13.8059
30.4552	13.2777
30.5154	13.1616
30.5756	13.1616
30.6374	13.4028
30.6989	13.2685
30.7604	13.2685
30.8214	13.565
30.8829	13.6539
30.9436	13.456
31.0049	13.8902
31.066	14.144
31.1271	14.144
31.1882	14.3404
31.249	13.8086
31.3092	13.7412
31.3704	13.7412
31.4347	9.88042
31.495	12.149
31.556	12.0003
31.6166	12.2704
31.6775	13.2013
31.7384	13.203
31.7993	15.3782
31.8602	15.1599
31.921	14.9995
31.9825	16.5956
32.044	16.2051
32.1054	16.4182
32.1665	15.121
32.2279	14.838
32.289	15.1226
32.3505	15.2385
32.4106	14.7605
32.4715	14.3854
32.5329	14.8488
32.5936	15.0442
32.655	14.8488
32.716	14.5536
32.7763	14.7253
32.8366	14.7253
32.8977	14.5369
32.9584	14.4246
33.0191	14.6222
33.0804	14.5066
33.142	13.8223
33.2036	14.017
33.2653	14.017
33.3269	13.4419
33.3885	13.6258
33.4493	13.6258
33.5096	13.5236
33.5702	13.2738
33.6308	13.472
33.6915	13.243
33.7515	13.3871
33.8125	13.3871
33.8733	13.2278
33.9345	13.5223
33.9949	13.7183
34.0561	13.7154
34.1165	13.7056
34.1786	13.7291
34.2398	13.9207
34.3015	13.4063
34.3631	13.4493
34.4247	13.4493
34.4858	13.1502
34.5468	13.1933
34.6068	12.9934
34.668	13.1362
34.7281	12.3835
34.7881	12.5832
34.8482	12.5832
34.9107	12.4857
34.9721	12.5058
35.0335	12.7012
35.0943	12.8333
35.1548	12.7034
35.2152	12.9019
35.2765	13.1236
35.3368	13.1341
35.3971	13.3331
35.4572	13.1839
35.5185	13.4958
35.5799	13.3002
35.6406	13.6375
35.7011	12.6901
35.7616	12.6901
35.8221	12.8884
35.8825	12.7275
35.944	12.6831
36.0045	12.6831
36.0648	12.3439
36.1257	12.4102
36.1876	12.4102
36.2482	12.2679
36.3093	12.5869
36.3693	12.5869
36.4301	12.6345
36.4906	12.6994
36.552	12.8978
36.6142	12.728
36.675	13.6309
36.7357	13.4333
36.7973	13.2386
36.8575	13.157
36.9179	13.1197
36.9792	12.9239
37.04	13.023
37.1011	12.9684
37.1621	12.9684
37.2231	12.6102
37.2843	12.5409
37.3455	12.5409
37.4068	12.531
37.4684	12.478
37.529	12.28
37.5905	12.478
37.6518	12.5368
37.713	12.5368
37.7743	12.5368
37.8359	12.8471
37.8974	12.879
37.9589	12.879
38.0206	13.2372
38.0818	13.3165
38.1431	13.3165
38.2034	13.1367
38.2641	13.0486
38.3248	13.0486
38.3858	12.9807
38.4473	12.8777
38.5088	12.8777
38.5707	12.8077
38.6324	12.4288
38.6942	12.4288
38.756	12.4288
38.8164	12.3205
38.8768	12.3131
38.9373	12.3131
38.9976	12.3287
39.0579	12.3351
39.1182	12.3351
39.1797	12.4902
39.2404	12.847
39.3012	12.6493
39.3618	12.6635
39.4223	12.6948
39.4828	12.6948
39.5433	12.8946
39.6037	12.7185
39.6641	12.7185
39.7244	12.7185
39.7853	12.4311
39.847	12.046
39.9088	12.046
39.969	11.9669
40.0308	11.8327
40.0917	11.8327
40.1526	12.0098
40.2129	11.5423
40.2732	11.5423
40.3335	11.7413
40.3943	11.4486
40.4559	11.8798
40.5175	11.6851
40.5787	11.9652
40.6404	11.6719
40.7011	12.0642
40.762	12.0194
40.823	11.4102
40.885	11.8004
40.947	11.8004
41.0084	11.3502
41.0687	11.7324
41.1296	11.8317
41.1906	10.4124
41.2517	10.4124
41.3128	10.4136
41.3738	10.4283
41.4348	10.4268
41.4955	10.8677
41.5559	11.728
41.6163	11.728
42.3577	0.42081
42.4591	0.118277
42.7604	0.0398276
42.8633	0.233359
42.9656	0.468981
43.068	0.937962
43.1703	1.40694
43.2722	2.1213
43.3772	2.16999
43.4833	2.14857
43.591	2.33998
43.6998	2.31738
43.8101	2.50182
43.9209	2.48996
44.0339	2.76237
44.1479	2.84218
44.2629	2.81622
44.379	3.10082
44.4972	3.14722
44.6154	3.24874
44.7357	3.29174
44.8566	3.57538
44.979	3.72542
45.1029	3.87164
45.2285	4.0142
45.3546	4.18783
45.4817	4.342
45.6104	4.4753
45.7407	4.69749
45.872	4.75128
46.0044	4.98551
46.1389	5.26453
46.2744	5.31226
46.411	5.53496
46.5497	5.88373
46.6104	13.6359
46.6905	0.299749
46.7512	13.6357
46.8323	0.739674
46.8931	13.6355
46.9763	1.15361
47.037	13.8329
47.1223	1.68781
47.183	13.6351
47.2705	2.33362
47.3312	13.8324
47.4207	2.81508
47.482	13.1168
47.573	3.55846
47.6343	13.1242
47.7275	4.12076
47.7894	8.14783
47.8499	8.31955
47.9121	7.71986
47.9721	8.39537
48.0351	8.38983
48.0957	7.924
48.1585	8.40471
48.2188	8.7548
48.2807	8.91954
48.342	8.60732
48.4042	8.4841
48.4665	8.86924
48.5282	9.13872
48.5894	9.0206
48.6506	9.0206
48.713	9.2263
48.7748	9.52157
48.8365	9.32726
48.8967	9.56645
48.9593	9.77845
49.0219	9.58672
49.0829	9.83219
49.1439	10.04
49.2048	9.84315
49.2669	10.2465
49.3286	10.1142
49.3903	10.3144
49.4512	10.2414
49.5116	10.5285
49.572	10.3335
49.6339	10.6661
49.6955	10.5089
49.7567	10.7955
49.818	10.7644
49.8795	10.5367
49.941	10.7318
50.0026	10.5093
50.065	10.5883
50.1273	10.5883
50.1929	1.8305
50.2533	10.5318
50.3147	10.5428
50.3762	4.68756
50.4366	16.0892
50.5222	6.16613
50.5831	15.7536
50.6703	6.1923
50.7323	15.4866
50.8206	6.11858
51.1321	0.192606
51.2337	0.118067
51.535	0.0398276
51.6368	0.235767
51.7382	0.473424
51.8401	0.471401
51.9425	0.468568
52.0455	0.582722
52.1495	0.461469
52.2545	0.456854
52.3607	0.452331
52.4673	0.450102
52.5745	0.55987
52.6832	0.662107
52.7935	0.652649
52.9044	0.649555
53.0152	0.757815
53.1271	0.643456
53.239	0.643456
53.352	0.743716
53.466	0.842127
53.581	0.834436
53.696	0.938741
53.8121	0.826885
53.9277	0.934474
54.0449	1.02434
54.1625	1.12174
54.2807	1.01523
54.3984	1.12174
54.5171	1.21289
54.6364	1.30817
54.7562	1.30243
54.877	1.58906
54.9989	1.67382
55.1207	1.67382
55.2437	1.95237
55.3677	2.2262
55.4927	2.20749
55.6188	2.47463
55.7459	2.73735
55.8741	2.80853
56.0033	3.06426
56.1346	3.28935
56.267	3.62583
56.4015	3.83686
56.537	3.98419
56.6747	4.35929
56.8144	4.63724
56.9563	4.99155
57.0184	11.1994
57.1002	0.586836
57.1624	11.3917
57.2462	1.14433
57.3084	11.3909
57.396	2.05563
57.4571	11.3837
57.5483	2.89453
57.6093	11.4039
57.7043	3.53714
57.7679	7.36491
57.8292	7.24493
57.8921	6.67411
57.955	7.44295
58.0178	7.44295
58.0782	7.35129
58.1391	7.68902
58.2	7.49186
58.2609	8.07175
58.3219	8.26862
58.3825	8.11388
58.4446	8.31567
58.5066	8.31567
58.5678	8.43744
58.6298	8.90041
58.6918	8.70692
58.7531	8.81211
58.8157	9.1945
58.8784	9.00295
58.9403	9.30599
59.0006	9.55424
59.0609	9.3552
59.1209	9.58816
59.1815	9.90503
59.2421	9.90503
59.3027	9.90503
59.3637	9.63839
59.4248	9.81001
59.4873	1.1526
59.5477	10.1344
59.6086	9.65689
59.669	4.37169
59.73	12.7768
59.7904	8.54183
59.8515	11.7812
59.9127	10.0047
59.9736	6.49835
60.0346	13.7844
60.0955	8.86139
60.1555	9.99593
60.2163	10.8549
60.2783	8.13045
60.3404	9.48126
60.4019	10.5339
60.4659	8.06115
60.527	10.0188
60.5889	10.4566
60.6503	9.19524
60.7105	10.3626
60.7707	10.1633
60.8326	9.49211
60.8929	10.3626
60.9531	10.1633
61.0139	9.67056
61.0753	9.97048
61.1379	9.97048
61.1989	10.0241
61.261	9.86021
61.3218	9.65929
61.385	9.69471
61.448	9.70824
61.5087	9.49549
61.5693	9.69331
61.6312	9.5069
61.693	9.5069
61.7549	9.5069
61.8167	9.5069
61.8786	9.5069
61.9409	9.24178
62.0019	9.25227
62.0628	9.25227
62.1239	9.03725
62.1859	9.09986
62.2491	8.73161
62.3111	9.09986
62.3711	8.79295
62.4312	8.99279
62.4912	8.79295
62.5529	8.75406
62.6151	8.4925
62.6773	8.68551
62.7393	8.51267
62.8012	8.7175
62.8632	8.52378
62.9251	8.72458
62.9869	8.53657
63.0488	8.53657
63.1089	8.38568
63.1689	8.59197
63.2303	8.20972
63.2917	8.20646
63.3532	8.19306
63.4134	8.57454
63.4751	8.17531
63.5355	7.95022
63.5958	7.95022
63.6576	7.96377
63.7204	8.03182
63.7817	7.82848
63.8444	8.03724
63.9083	7.88423
63.9708	8.06344
64.0333	8.06344
64.0957	8.07654
64.1581	8.07982
64.2191	7.86995
64.2815	8.07982
64.3438	8.07982
64.4062	8.07982
64.4675	7.83228
64.5282	7.90274
64.5904	7.71895
64.6523	7.759
64.7139	7.79416
64.774	7.97973
64.8356	7.79416
64.8958	8.37872
64.9559	8.37872
65.0161	8.37872
65.0762	8.37872
65.1364	8.37872
65.1965	8.38072
65.2565	8.39735
65.3166	8.39678
65.3766	8.39678
65.4372	8.3113
65.4979	8.3024
65.5586	8.3024
65.6195	8.27559
65.6805	8.26492
65.7415	8.26492
65.8027	8.23453
65.8641	8.20709
65.9255	8.20709
65.9869	8.2122
66.0482	8.22051
66.1095	8.22051
66.1707	8.23002
66.2318	8.26059
66.2928	8.45727
66.3538	8.26194
66.4146	8.28899
66.4754	8.28899
66.5362	8.28899
66.5968	8.51496
66.6574	8.32162
66.7179	8.32162
66.7789	8.25828
66.8402	8.42285
66.9015	8.22697
66.9625	8.26301
67.0232	8.30303
67.0839	8.50072
67.1447	8.28971
67.2058	8.44373
67.2669	8.24737
67.328	8.24737
67.3892	8.43553
67.4503	8.23935
67.5115	8.43553
67.5731	8.18076
67.6348	8.35809
67.6966	8.16324
67.7585	8.3362
67.8205	8.32022
67.8825	8.12673
67.9447	8.3025
68.007	8.27386
68.0694	8.08145
68.1318	8.27377
68.1941	8.27337
68.2565	8.27337
68.3189	8.27337
68.3791	8.17399
68.4393	7.97463
68.4994	7.97463
68.5599	8.14311
68.6204	8.12658
68.681	7.92837
68.742	8.06017
68.8042	7.90936
68.8664	7.90936
68.9286	7.71611
68.9909	7.90239
69.0531	7.90239
69.1154	7.90239
69.178	7.85234
69.2408	8.03115
69.3036	7.83993
69.3639	7.75891
69.4243	9.92502
69.4863	7.74945
69.5467	10.7305
69.6077	11.4084
69.6696	8.52875
69.7301	11.6952
69.792	10.4744
69.855	8.56601
69.916	14.5721
69.979	8.75637
70.041	7.93687
70.1014	15.096
70.1628	8.60473
70.2254	7.85732
70.287	10.1331
70.3488	10.6697
70.4107	10.8637
70.4725	9.89793
70.5342	10.884
70.596	10.884
70.6565	9.72353
70.7182	10.884
70.7799	10.6897
70.8402	9.76292
70.9007	10.3106
70.9613	10.0973
71.069	4.79029
71.1294	10.3289
71.1897	9.95971
71.2501	10.3332
71.3122	10.6191
71.3726	10.1302
71.4346	10.2599
71.4987	11.0469
71.5591	10.1302
71.6195	9.93161
71.681	10.3475
71.7419	10.2398
71.8024	10.7091
71.8639	10.3422
71.9253	10.3637
71.9871	10.2973
72.0524	10.1018
72.1139	10.738
72.1759	10.0628
72.2366	10.4763
72.2967	10.583
72.3571	10.1244
72.4187	10.1393
72.4792	10.511
72.5398	10.0992
72.601	10.193
72.6627	10.3151
72.7231	10.5169
72.7836	10.3185
72.8455	10.2835
72.9059	10.3185
72.9675	10.3232
73.0291	10.1298
73.0896	10.3209
73.1512	10.3317
73.2127	10.1411
73.2731	10.3325
73.3346	10.3361
73.3952	10.3052
73.4569	10.1073
73.5172	10.5436
73.5787	10.154
73.6401	10.154
73.7004	10.5446
73.7621	10.1208
73.8227	10.2995
73.883	10.3456
73.9445	10.154
74.0048	10.5446
74.0655	10.2785
74.1256	9.97507
74.186	10.3428
74.2465	10.3091
74.3073	10.2588
74.3696	10.0228
74.43	10.328
74.4906	10.2979
74.5527	10.0393
74.6132	10.328
74.6738	10.2979
74.7359	10.0393
74.7967	10.2696
74.8574	10.2696
74.9196	10.0376
74.9802	10.2996
75.0407	10.3164
75.102	10.177
75.1628	10.2582
75.2244	10.1357
75.2863	10.0753
75.3483	10.4473
75.4096	10.1782
75.4709	10.1787
75.5315	10.3019
75.5935	10.0645
75.6543	10.2727
75.7151	10.2516
75.7761	10.2281
75.8374	10.1785
75.8979	10.3245
75.96	10.0448
76.0209	10.2398
76.0815	10.305
76.1437	10.0336
76.2048	10.2066
76.267	10.4249
76.3292	10.0365
76.3901	10.2398
76.4507	10.302
76.5125	10.0962
76.5733	10.2619
76.6343	10.2179
76.6957	10.3741
76.7565	10.2619
76.8175	10.2179
76.8784	10.2529
76.9384	10.3983
76.9995	10.217
77.0608	10.3768
77.1208	10.3886
77.1823	10.157
77.243	10.2697
77.3031	10.5885
77.3642	10.2106
77.4257	10.1523
77.4871	10.7396
77.5479	10.2679
77.6097	10.0957
77.6715	10.6784
77.7328	10.179
77.7943	10.3493
77.8557	10.5553
77.9162	10.5131
77.9776	10.1574
78.0398	10.6135
78.1019	10.4361
78.1635	10.3112
78.2255	10.4534
78.2856	10.5841
78.3466	10.4371
78.4068	10.3562
78.469	10.6197
78.5291	10.584
78.5907	10.7096
78.6519	10.3832
78.7136	10.5067
78.7753	10.7054
78.8369	10.3216
78.8983	10.7466
78.9597	10.753
79.021	10.3723
79.0832	10.6159
79.1435	10.5391
79.2039	10.5391
79.2642	10.5391
79.3254	10.5895
79.3856	10.1717
79.4469	10.3673
79.5089	10.2527
79.5692	9.96486
79.6294	10.1642
79.6898	10.1296
79.7498	9.79767
79.811	9.99362
79.8723	9.99362
79.9338	9.94779
79.9941	9.94308
80.0557	9.9391
80.1176	9.88941
80.1785	9.84793
80.2407	9.84399
80.3195	4.87032
80.3815	9.4893
80.442	9.51461
80.5081	6.90213
80.569	8.86316
80.6295	8.93189
80.7014	7.84134
80.7634	9.09836
80.8243	9.45215
80.8989	7.56061
80.962	9.13708
81.025	9.51779
81.086	9.25662
81.1461	7.18494
81.2488	3.97183
81.3097	7.48598
81.3706	8.67355
81.4321	4.09572
81.4925	6.75393
81.5531	11.8851
81.6149	6.79451
81.677	8.6965
81.7385	8.00817
81.8011	7.27611
81.8633	9.06593
81.9243	9.24475
81.9853	8.07371
82.0464	8.24098
82.1093	7.44979
82.1734	9.549
82.2354	8.31273
82.297	7.40219
82.358	8.85639
82.4183	8.16359
82.4785	7.77034
82.5395	8.26758
82.6016	8.3009
82.6627	8.44753
82.7229	7.97147
82.7859	8.19439
82.8479	8.13045
82.9088	8.07684
82.9703	8.19679
83.0321	8.34133
83.0934	7.836
83.1539	7.93881
83.2164	8.24926
83.2765	7.98156
83.3377	8.0423
83.4	8.09935
83.4615	7.80321
83.5219	8.14392
83.5842	8.08586
83.6464	7.71825
83.7073	8.07604
83.768	7.90794
83.8302	7.71342
83.893	8.0255
83.9547	7.78178
84.0175	7.83432
84.0786	7.85569
84.1408	7.72225
84.2025	7.77348
84.2643	7.77221
84.3261	7.77221
84.3887	7.66536
84.4491	7.55154
84.5096	7.52801
84.5718	7.72612
84.6327	7.48744
84.6938	7.46231
84.7564	7.65868
84.8177	7.44251
84.8808	7.60609
84.9424	7.41106
85.0024	7.59248
85.0646	7.32789
85.1253	7.52073
85.1859	7.52073
85.2486	7.27688
85.3097	7.46245
85.3708	7.46245
85.4314	7.12754
85.4943	7.25343
85.5571	7.25343
85.6184	7.04897
85.6814	7.23344
85.7445	7.23344
85.8059	7.03569
85.869	7.22392
85.9321	7.22392
85.9953	7.21985
86.0557	7.14729
86.1162	7.14729
86.1766	7.14729
86.2387	6.96342
86.299	7.15948
86.3593	7.15948
86.4208	7.03011
86.4834	6.90532
86.5459	6.90532
86.6084	6.91042
86.6708	6.92065
86.7333	7.11289
86.7956	6.92647
86.8577	6.95572
86.9199	6.95572
86.982	6.95572
87.0434	7.02879
87.1049	7.22404
87.1663	7.02879
87.2279	7.02187
87.2894	7.0199
87.3509	7.2149
87.413	6.96408
87.4754	6.92006
87.5378	7.11228
87.6005	6.89533
87.6635	7.04729
87.7265	6.85683
87.7895	6.85533
87.8526	7.04177
87.9156	6.85145
87.9786	7.04892
88.0413	6.89343
88.1039	7.08491
88.1666	7.0862
88.2291	6.91596
88.2915	7.10807
88.354	6.91596
88.4167	7.08149
88.4794	7.07818
88.5404	6.88687
88.603	6.89914
88.6656	7.09564
88.7282	7.09564
88.7909	7.08159
88.8537	7.07039
88.9147	6.8793
88.9774	7.07897
89.04	7.0925
89.1026	7.0925
89.1636	6.88873
89.2267	7.0385
89.2898	6.84827
89.3511	6.84862
89.4141	7.04473
89.4754	6.65849
89.5384	7.04473
89.6019	6.99009
89.6638	6.79458
89.7238	6.99442
89.7854	6.81727
89.8487	7.01886
89.9102	7.02428
89.9735	7.0088
90.037	6.99625
90.0987	7.00166
90.1589	6.97384
90.2223	6.81594
90.2839	6.82151
90.3472	6.81594
90.4087	6.83555
90.4701	7.03175
90.5334	6.83084
90.5954	6.76993
90.6559	6.74003
90.7165	6.74003
90.7788	6.9247
90.8394	6.53567
90.9	6.73372
90.9625	6.92012
91.0235	6.68523
91.0846	9.61453
91.146	5.86734
91.2074	5.86734
91.268	8.51287
91.3298	14.9355
91.3908	7.48295
91.4526	8.93139
91.5144	9.51107
91.5752	9.87422
91.6359	9.28011
91.6981	10.0433
91.7611	9.13395
91.8229	9.12524
91.8836	9.88549
91.9441	9.71848
92.0045	9.15127
92.0648	9.34688
92.1263	9.55889
92.1877	9.77523
92.2491	9.57972
92.3092	9.58119
92.3705	9.58754
92.4306	9.3878
92.4932	9.39579
92.5546	9.18091
92.6151	8.92593
92.6841	1.56539
92.7452	8.83783
92.8064	8.43671
92.8668	6.94504
92.9276	8.49536
92.9897	8.88207
93.0519	8.68788
93.114	8.68788
93.1762	8.68788
93.2383	8.68788
93.3005	8.49481
93.3627	8.68788
93.4248	8.68788
93.487	8.68788
93.5491	8.68788
93.6108	8.75286
93.6711	10.1493
93.7314	9.95011
93.7916	9.36886
93.8535	9.50869
93.9142	9.68596
93.9751	9.06104
94.0371	9.4818
94.0979	9.67258
94.1583	9.13843
94.2208	9.41016
94.2825	9.52594
94.3445	9.2877
94.4066	9.2738
94.4681	9.5589
94.5298	9.3378
94.5926	9.36762
94.6544	9.32047
94.7165	9.46562
94.7775	9.44295
94.8392	9.33119
94.9016	9.43445
94.9631	9.3634
95.0253	9.45896
95.0866	9.3891
95.1476	9.44058
95.2087	9.22719
95.2688	9.58479
95.3312	9.23264
95.3912	9.1994
95.4523	9.42693
95.5139	9.35466
95.5759	9.48553
95.6374	9.37136
95.699	9.35061
95.7593	9.15206
95.8204	9.41894
95.8823	9.30937
95.9423	9.19365
96.003	9.50055
96.0648	9.30937
96.1252	9.13708
96.1863	9.43762
96.2479	9.34391
96.3089	9.05831
96.3709	9.2818
96.4327	9.32206
96.495	9.2524
96.5564	9.37497
96.6166	9.17168
96.6787	9.27543
96.74	9.38932
96.8002	9.17168
96.8624	9.25684
96.924	9.35348
96.9864	9.24045
97.0488	9.222
97.1102	9.38905
97.1709	9.08432
97.2325	9.36261
97.2943	9.31817
97.3552	9.05831
97.4161	9.45215
97.4779	9.32714
97.5391	9.02367
97.6	9.45215
97.6616	9.35356
97.7227	9.03245
97.7836	9.45215
97.8455	9.31817
97.9064	9.05831
97.9677	9.38825
98.0291	9.38825
98.09	9.05831
98.1514	9.38825
98.2127	9.38825
98.2737	9.25523
98.335	9.38825
98.3975	9.22613
98.4584	9.4564
98.5197	9.39781
98.5799	9.16962
98.6405	9.69855
98.7018	9.39657
98.762	9.16357
98.8231	9.43278
98.8844	9.58768
98.9447	9.15756
99.0053	9.51306
99.0655	9.75255
99.1279	9.23789
99.1893	9.38761
99.2497	9.73619
99.3119	9.25296
99.3735	9.54454
99.4358	9.63104
99.4977	9.49983
99.5596	9.30305
99.6206	9.64418
99.6824	9.70815
99.744	9.54261
99.8049	9.64907
99.8654	9.53434
99.9258	9.72854
99.9888	9.71239
100.049	9.50454
100.111	9.51894
100.173	9.96992
100.234	9.49671
100.297	9.85002
100.358	9.75585
100.42	9.57152
100.481	9.89284
100.542	9.76951
100.604	9.84253
100.664	9.78668
100.725	9.9711
100.786	9.60977
100.848	9.7834
100.908	9.78747
100.97	9.52119
101.032	9.48622
101.092	9.68385
101.155	9.2164
101.215	9.29783
101.276	9.29783
101.337	9.28706
101.397	9.37231
101.459	9.1729
101.52	9.36807
101.582	9.15774
101.643	9.15311
101.705	9.34786
101.767	9.13324
101.828	9.3046
101.889	9.30882
101.951	9.26495
102.012	9.01111
102.084	4.37835
102.144	7.94135
102.204	7.96002
102.265	9.74485
102.326	10.1977
102.386	10.5996
102.446	10.1996
102.508	10.4982
102.569	10.3591
102.63	10.7261
102.693	10.0889
102.756	9.8985
102.819	10.6599
102.88	10.4357
102.941	9.45313
103.002	10.6943
103.064	10.0565
103.126	9.9178
103.188	10.4453
103.25	10.2566
103.31	10.1995
103.372	10.4555
103.433	10.0791
103.493	10.1057
103.554	10.2767
103.616	10.2767
103.677	10.0791
103.739	10.2787
103.799	10.096
103.86	10.096
103.922	10.4882
103.983	10.1033
104.044	10.0999
104.106	10.2907
104.167	10.047
104.227	9.72749
104.289	9.92601
104.351	9.83688
104.412	9.67757
104.474	9.29046
104.535	9.66772
104.597	9.44189
104.659	9.2492
104.721	9.44189
104.784	9.42352
104.846	9.2266
104.909	9.41882
104.971	9.23091
105.033	9.42653
105.096	9.42653
105.156	9.18078
105.218	9.47679
105.279	9.08587
105.339	9.28338
105.4	9.076
105.461	9.07556
105.523	9.27285
105.584	8.9112
105.646	8.47172
105.707	8.86118
105.769	8.46921
105.83	8.65463
105.893	8.46231
105.954	8.65216
106.017	8.60062
106.078	8.60062
106.138	9.15173
106.199	10.2034
106.262	10.2034
106.323	10.2034
106.383	11.1212
106.444	11.551
106.505	11.7496
106.565	11.5819
106.626	11.781
106.688	11.7013
106.748	11.1197
106.81	11.3183
106.871	11.336
106.932	11.4218
106.994	11.2282
107.055	11.4219
107.116	11.4222
107.177	11.4222
107.238	11.4233
107.298	11.4558
107.359	11.4558
107.42	11.4558
107.481	11.4851
107.541	11.4898
107.602	11.4898
107.663	11.3539
107.723	11.1718
107.785	11.2836
107.847	11.2068
107.907	11.0998
107.968	11.0998
108.029	11.0657
108.091	10.8655
108.152	10.8655
108.214	10.8655
108.276	10.8286
108.338	10.8257
108.4	10.8257
108.462	10.8631
108.524	10.8757
108.586	10.8757
108.648	10.8701
108.71	10.866
108.771	10.866
108.833	10.883
108.895	11.1041
108.956	10.9093
109.018	10.837
109.08	10.5164
109.142	10.5164
109.203	10.7111
109.265	10.5034
109.327	10.5024
109.388	10.5024
109.448	10.394
109.509	10.5538
109.569	10.3547
109.631	10.4511
109.692	10.7374
109.753	10.3433
109.814	10.783
109.875	10.664
109.935	10.664
109.996	10.8549
110.058	10.4356
110.119	10.8257
110.18	10.6289
110.241	10.8085
110.303	10.4191
110.365	10.8085
110.427	10.6378
110.489	10.4071
110.55	10.4071
110.612	10.6211
110.673	10.2415
110.735	10.6318
110.797	10.626
110.858	10.4275
110.92	10.6206
110.981	10.2642
111.043	10.7234
111.103	10.5284
111.166	10.5394
111.227	10.7793
111.287	10.5833
111.348	10.7793
111.409	10.4995
111.469	10.4995
111.531	10.694
111.592	10.2742
111.653	10.4646
111.713	10.4646
111.774	10.4268
111.836	10.4001
111.898	10.5927
111.959	10.4192
112.02	10.4463
112.081	10.6434
112.142	10.4542
112.202	10.4814
112.263	10.6791
112.324	10.4814
112.384	10.5093
112.446	10.8986
112.506	10.7076
112.568	10.3831
112.629	10.5419
112.69	10.5419
112.752	10.307
112.814	10.4682
112.876	10.4682
112.938	10.4129
113	10.1162
113.06	10.3146
113.121	10.3196
113.182	10.158
113.243	10.3571
113.304	10.158
113.364	10.3759
113.425	10.1788
113.487	10.3746
113.547	10.3537
113.609	10.1414
113.67	10.3364
113.732	10.1259
113.793	10.2973
113.855	10.103
113.917	10.2405
113.979	9.89734
114.041	9.70327
114.103	9.89734
114.163	9.78827
114.223	9.55876
114.283	9.7579
114.344	9.69897
114.405	9.61039
114.468	9.41426
114.529	9.60977
114.59	9.60293
114.653	9.40695
114.714	9.60293
114.774	9.39613
114.834	9.59267
114.895	9.58851
