10.4053	2.5559
10.7061	15.6373
11.0102	11.915
11.3215	8.78923
11.6341	10.7111
11.9697	1.46614
12.2844	2.97451
12.5896	6.25165
12.8958	7.24958
13.2025	8.37129
13.5088	9.63958
13.8171	11.1306
14.1367	12.4669
14.4414	13.6269
14.7424	12.6372
15.0928	9.86406
15.3932	13.6196
15.6942	11.521
15.9994	12.8564
16.3083	11.0329
16.6093	12.8764
16.9098	11.9405
17.2103	12.22
17.5113	11.9994
17.8118	11.1046
18.1128	11.8399
18.4138	11.4014
18.7148	13.594
19.0158	10.5244
19.3163	13.1385
19.6452	11.02
19.9457	12.7392
20.2493	12.686
20.5535	10.5731
20.854	12.5395
21.1618	12.7857
21.4654	10.5914
21.7659	12.5395
22.0738	12.7857
22.3774	10.5914
22.6779	12.5395
22.9858	12.8247
23.2941	10.6236
23.5951	12.398
23.8956	13.1785
24.2371	10.6131
24.5402	12.7476
24.8407	11.7808
25.1417	12.398
25.4622	10.8603
25.7626	11.0639
26.0636	13.1953
26.3646	11.2818
26.6735	12.0818
26.9745	13.1156
27.3023	10.6526
27.6033	12.5176
27.9044	12.1987
28.2049	11.9804
28.5053	11.8207
28.8089	9.48717
29.1115	12.73
29.4167	10.8906
29.7219	12.4239
30.023	11.7203
30.3371	12.1853
30.6439	11.4213
30.9444	13.0587
31.2449	11.621
31.549	10.8887
31.8527	12.9626
32.1532	11.4213
32.461	10.9926
32.7647	12.9626
33.0652	11.4213
33.373	10.9926
33.6766	12.9626
33.9771	11.4613
34.2876	11.0928
34.5886	13.1953
34.8975	11.1106
35.2012	12.1722
35.5043	11.0453
35.8053	12.5974
36.1058	12.22
36.4063	11.9405
36.7256	9.77036
37.0261	12.9391
37.3266	11.8606
37.6271	12.0603
37.9559	11.0564
38.2564	12.6993
38.5721	11.2503
38.8731	12.2386
39.1736	11.9804
39.4741	11.8207
39.7746	11.661
40.075	10.785
40.376	11.5609
40.6765	10.7025
40.9776	13.3149
41.278	10.5428
41.5785	12.7392
41.8948	10.6245
42.1958	13.0758
42.5378	10.5968
42.8388	12.8764
43.1393	12.5395
43.4492	9.98884
43.7497	12.859
44.0502	12.5395
44.3612	10.0323
44.6617	12.859
44.9622	12.5395
45.2732	10.0323
45.5742	12.7967
45.8752	12.3582
46.1999	10.2386
46.5004	12.4996
46.8009	12.6993
47.1013	11.661
47.4018	12.22
47.7023	11.9405
48.0332	8.52233
48.3715	11.8474
48.672	13.7376
48.9951	9.99136
49.2961	12.6771
49.5971	12.6771
49.8981	12.398
50.2564	9.67968
50.5574	11.7602
50.859	11.6203
51.1594	10.9448
51.4604	11.521
51.7856	11.2922
52.0866	13.4345
52.3871	10.1035
52.6876	12.9389
53.0154	10.616
53.3164	12.6372
53.6594	10.8791
53.9636	12.4668
54.3103	10.8676
54.615	12.4453
54.9617	10.8676
55.2664	12.4453
55.6132	10.8676
55.9178	12.4453
56.2646	10.8676
56.5719	12.5342
56.9223	10.959
57.2233	12.996
57.5238	11.9804
57.8726	10.4237
58.1736	12.4379
58.4746	12.1987
58.7757	11.9197
59.0766	10.4073
59.3771	11.9804
59.6781	12.6372
59.9833	10.5761
60.2969	11.8996
60.5974	12.6993
60.8984	12.4379
61.2452	10.2792
61.5462	11.8001
61.8477	11.6203
62.1481	9.78643
62.4696	11.5333
62.7791	12.3327
63.0801	12.2386
63.3811	11.3616
63.6816	11.661
64.0104	11.8227
64.3109	11.2217
64.6114	13.2983
64.9156	10.4942
65.2161	11.022
65.5166	13.0986
65.8276	10.7268
66.1281	11.022
66.4285	13.0986
66.7395	10.7268
67.04	11.022
67.3405	13.1385
67.6552	10.8684
67.9609	11.0289
68.262	12.996
68.5955	11.0796
68.9176	11.2537
69.2186	12.3582
69.5191	12.0603
69.8196	11.7808
70.1415	10.6972
70.442	12.3398
70.7719	10.6211
71.0729	13.5143
71.3913	11.2329
71.7138	10.7889
72.0143	12.22
72.3153	11.9595
72.6158	11.7808
72.9163	11.582
73.2167	10.3847
73.5472	11.73
73.8482	13.1953
74.1623	10.199
74.5012	11.864
74.8017	12.3798
75.1326	11.095
75.4336	11.9994
75.7788	11.3692
76.0793	11.8207
76.3798	13.0986
76.6908	9.95509
76.9912	11.8207
77.2917	13.0986
77.6027	9.95509
77.9032	11.8207
78.2037	13.0986
78.5163	10.0201
78.8173	11.8399
79.1183	12.996
79.4487	10.2774
79.7566	11.6552
80.0576	12.5176
80.3586	12.2386
80.6596	11.9197
80.9601	9.82442
81.2605	10.3052
81.6073	11.5598
81.9078	13.5379
82.2487	10.0311
82.5492	12.6194
82.8502	12.398
83.1507	12.0204
83.4517	11.8399
83.7522	11.5811
84.0663	10.2003
84.3673	9.44913
84.6872	11.3276
85.0334	11.716
85.3938	11.6544
85.6943	13.6976
86.0163	9.65132
86.3173	13.3149
86.6577	9.9408
86.9587	13.1156
87.3076	10.0453
87.6081	12.9389
87.959	10.1219
88.2595	12.9389
88.6104	10.1219
88.9109	12.9389
89.2618	10.1219
89.5623	12.9788
89.9179	10.291
90.219	12.9163
90.5872	10.4275
90.8877	12.6194
91.1882	12.4197
91.4892	12.2784
91.7897	11.9405
92.0902	9.82506
92.3974	9.29449
92.752	11.7767
93.053	13.7136
93.3977	9.99368
93.6982	12.5395
93.9992	12.2784
94.3002	12.0791
94.6007	11.7009
94.9012	11.5012
95.2531	8.55929
95.5793	11.7708
95.9213	11.7547
96.2769	11.6744
96.5774	13.7775
96.8942	9.5462
97.1947	13.2983
97.5325	9.98258
97.8335	13.1156
98.1818	10.0604
98.4823	12.9389
98.8332	10.1219
99.1337	12.9389
99.4846	10.1219
99.7851	12.9389
100.136	10.1219
100.437	12.9788
100.791	10.2538
101.092	12.9562
101.456	10.365
101.756	12.6593
102.057	12.4996
102.358	12.3582
102.725	9.50962
103.028	11.6787
103.328	11.5041
103.635	10.3653
103.936	13.8574
104.268	9.77942
104.569	12.8366
104.87	12.3398
105.171	12.1589
105.472	11.9197
105.773	11.5609
106.076	9.76292
106.377	9.74506
106.696	11.2896
107.042	11.716
107.401	11.6885
107.702	13.6976
108.024	9.65132
108.325	13.3149
108.665	9.97605
108.966	13.0758
109.315	10.0453
109.615	12.9389
109.966	10.1219
110.267	12.9389
110.618	10.1219
110.918	12.9389
111.269	10.1219
111.57	12.9788
111.925	10.291
112.226	12.9163
112.595	10.4275
112.895	12.6194
113.196	12.4197
113.497	12.2784
113.797	11.9405
114.098	9.82506
114.404	9.31041
114.759	11.7767
115.06	13.7933
115.404	9.95439
115.704	12.5395
116.005	12.2784
116.306	12.0791
116.607	11.7009
116.907	11.5012
117.208	9.84829
117.509	10.7636
117.822	10.5959
118.176	11.5908
118.476	13.7775
118.791	9.45741
119.091	13.3382
119.429	9.85581
119.729	13.1385
120.077	10.0604
120.378	12.9389
120.729	10.1219
121.029	12.9389
121.38	10.1219
121.681	12.9389
122.032	10.1219
122.332	12.9788
122.686	10.1825
122.987	12.9163
123.35	10.332
123.651	12.6593
123.951	12.4996
124.322	9.8499
124.622	11.9405
124.922	11.621
125.223	11.3842
125.528	10.1436
125.829	13.8574
126.156	9.4964
126.457	12.7568
126.757	12.3398
127.058	12.119
127.429	9.29908
127.729	11.5012
128.035	11.4613
128.381	10.6431
128.718	11.5104
129.069	11.4384
129.37	13.6976
129.681	9.24494
129.982	13.2583
130.316	9.71801
130.617	13.0758
130.965	9.95264
131.265	12.9389
131.616	10.1219
131.917	12.9389
132.268	10.1219
132.568	12.9389
132.919	10.1219
133.219	12.9389
133.572	10.1107
133.873	12.7967
134.234	10.2261
134.535	12.5974
134.836	12.4778
135.2	9.60582
135.5	11.9405
135.801	11.621
136.101	10.4254
136.417	10.9464
136.78	11.6531
137.081	13.3548
137.438	10.0964
137.739	12.3798
138.04	12.0791
138.341	11.8399
138.642	11.5609
138.942	11.3415
139.287	9.19477
139.615	11.6224
139.959	11.5085
140.318	11.5218
140.618	13.6178
140.938	9.45215
141.239	13.1953
141.577	9.8252
141.878	12.9562
142.228	10.0837
142.529	12.9389
142.88	10.1219
143.18	12.9389
143.531	10.1219
143.832	12.9389
144.182	10.1219
144.483	12.9788
144.836	10.0807
145.138	12.8366
145.505	10.2939
145.805	12.5395
146.106	12.3398
146.407	12.1987
146.782	9.53379
147.085	11.6999
147.442	10.9504
147.801	11.6885
148.101	13.498
148.456	10.1523
148.756	12.4197
149.057	12.119
149.358	11.9405
149.659	11.7602
149.963	9.7066
150.264	10.8234
150.597	11.5294
150.948	11.5581
151.249	13.8731
151.559	9.27622
151.86	13.3947
152.194	9.80512
152.495	13.1156
152.841	10.0868
153.142	12.9389
153.493	10.1219
153.793	12.9389
154.144	10.1219
154.445	12.9389
154.796	10.1219
155.096	12.9389
155.449	10.1788
155.75	12.9562
156.11	10.3075
156.411	12.6993
156.711	12.5795
157.074	9.69987
157.374	12.1002
157.675	11.7808
157.975	9.58621
158.294	11.0073
158.652	11.505
158.954	13.4345
159.305	9.86777
159.605	12.4597
159.906	12.0393
160.207	11.8399
160.508	11.5609
160.809	11.3415
161.147	8.91878
161.473	11.5869
161.815	11.5442
162.171	11.5224
162.472	13.6577
162.788	9.47044
163.089	13.2583
163.427	9.8252
163.728	12.9788
164.077	10.0302
164.377	12.9389
164.728	10.1219
165.029	12.9389
165.38	10.1219
165.68	12.9389
166.031	10.1219
166.332	12.9788
166.684	10.1107
166.985	12.7967
167.351	10.3055
167.651	12.5795
167.952	12.4197
168.325	9.89529
168.626	11.7808
168.948	10.5661
169.289	11.0185
169.64	11.6949
169.941	13.6577
170.281	9.81495
170.581	12.5795
170.882	12.22
171.182	11.9804
171.483	11.7602
171.784	11.5609
172.085	11.3015
172.408	8.34543
172.737	11.5308
173.079	11.5265
173.436	11.5224
173.736	13.6976
174.053	9.47044
174.353	13.2184
174.691	9.84048
174.992	13.1156
175.339	9.96772
175.639	12.9389
175.99	10.1219
176.291	12.9389
176.642	10.1219
176.942	12.9389
177.293	10.1219
177.594	12.9788
177.945	10.1409
178.246	12.8191
178.611	10.3711
178.912	12.5795
179.212	12.4197
179.513	12.2784
179.881	9.30024
180.186	11.6201
180.534	10.9749
180.888	11.7264
181.189	13.6577
181.534	9.97847
181.835	12.5395
182.135	12.22
182.436	11.9994
182.737	11.7203
183.038	11.5012
183.339	11.4033
183.677	12.0953
183.977	14.3366
184.278	14.1122
184.633	11.3029
184.933	13.498
185.234	13.3382
185.534	13.1785
185.835	13.0758
186.197	10.6091
186.498	12.9389
186.798	12.9788
187.099	12.9788
187.399	13.0187
187.7	13.0187
188	13.0587
188.301	13.0587
188.601	13.0986
188.902	11.0232
189.204	11.2043
189.552	13.4024
189.853	15.1487
190.187	11.6368
190.488	14.1768
190.788	13.8174
191.089	13.6178
191.39	13.3947
191.69	13.1785
191.991	13.1555
192.292	10.9038
192.593	12.6375
192.897	12.1303
193.249	13.1942
193.55	15.0953
193.862	11.2291
194.162	14.696
194.497	11.6544
194.798	14.5508
195.143	11.8044
195.443	14.3765
195.794	11.9685
196.095	14.3765
196.445	11.9685
196.746	14.3765
197.097	11.9685
197.397	14.3765
197.749	11.9847
198.05	14.3116
198.35	14.1768
198.681	10.7495
198.981	13.8574
199.282	13.6737
199.583	13.3382
199.883	13.0187
200.184	10.7437
200.484	11.5427
200.833	12.6254
201.133	14.5363
201.481	11.2488
201.782	13.5379
202.082	13.1385
202.383	12.9562
202.684	12.7392
202.984	12.5395
203.285	10.5051
203.585	11.7812
203.918	12.4498
204.269	12.5498
204.569	14.6161
204.882	10.5192
205.183	14.2717
205.518	11.0275
205.818	13.9372
206.168	11.3011
206.468	13.8973
206.819	11.353
207.12	13.8973
207.47	11.353
207.771	13.8973
208.122	11.353
208.422	13.8973
208.775	11.3362
209.076	13.7535
209.377	13.6737
209.712	10.22
210.012	13.3782
210.313	13.1953
210.614	12.859
210.914	12.5395
211.214	10.2644
211.521	9.8972
211.874	12.2032
212.175	14.057
212.521	10.5375
212.821	13.0986
213.122	12.7568
213.423	12.3582
213.724	12.2386
214.025	11.9804
214.362	9.46635
214.692	12.1126
215.037	12.083
215.395	12.0577
215.695	14.097
216.015	10.1273
216.316	13.7933
216.654	10.4799
216.955	13.5143
217.305	10.7011
217.606	13.4181
217.956	10.7374
218.257	13.4181
218.608	10.7374
218.908	13.4181
219.259	10.7374
219.56	13.4345
219.914	10.7934
220.215	13.3149
220.516	13.2352
220.855	9.75942
221.156	12.8191
221.456	12.5395
221.757	12.22
222.057	9.98434
222.382	10.3714
222.732	11.9015
223.033	13.8574
223.37	10.0181
223.671	12.9562
223.972	12.5395
224.273	12.1987
224.574	12.0791
224.875	11.7203
225.175	9.74552
225.476	11.2032
225.788	11.0939
226.135	11.8367
226.494	11.8221
226.794	13.8574
227.115	9.83245
227.416	13.4181
227.758	10.1757
228.059	13.2751
228.408	10.2517
228.708	13.0986
229.059	10.3271
229.36	13.0986
229.711	10.3271
230.011	13.0986
230.362	10.3271
230.663	13.1385
231.018	10.4414
231.319	12.996
231.62	12.996
231.962	9.47393
232.263	12.5974
232.564	12.3582
232.864	12.1002
233.182	10.6495
233.482	11.0623
233.826	11.6309
234.127	13.8332
234.47	10.1795
234.771	12.859
235.071	12.5395
235.372	12.2386
235.673	12.0204
235.973	11.8207
236.274	11.661
236.601	8.87509
236.93	11.9132
237.274	11.9103
237.632	11.8568
237.932	13.8973
238.252	9.93976
238.553	13.458
238.893	10.2739
239.194	13.2751
239.543	10.4581
239.843	13.2583
240.194	10.5323
240.494	13.2583
240.845	10.5323
241.146	13.2583
241.497	10.5323
241.797	13.2983
242.151	10.4724
242.452	13.1156
242.819	10.6687
243.12	12.8191
243.42	12.6593
243.721	12.3798
244.021	12.1002
244.322	9.90447
244.622	9.42632
244.964	11.6666
245.265	13.9528
245.602	9.95799
245.902	12.9389
246.203	12.5575
246.504	12.1801
246.805	11.9994
247.105	11.7408
247.406	11.5818
247.721	8.09643
248.057	11.761
248.406	11.731
248.707	13.9926
249.015	9.45618
249.316	13.498
249.651	9.9892
249.952	13.1953
250.301	10.2706
250.602	13.0986
250.953	10.3271
251.253	13.0986
251.604	10.3271
251.905	13.0986
252.255	10.3271
252.556	13.0986
252.907	10.3458
253.208	12.9788
253.572	10.4997
253.873	12.8191
254.173	12.6194
254.537	9.86989
254.838	12.1589
255.139	11.9197
255.439	9.66609
255.76	11.2347
256.117	11.6901
256.418	13.5143
256.767	9.99583
257.069	12.6771
257.369	12.1801
257.67	11.9994
257.971	11.7203
258.272	11.5012
258.572	9.54598
258.872	10.8223
259.18	10.5428
259.533	11.6253
259.834	13.8332
260.147	9.41257
260.448	13.3382
260.784	9.90208
261.085	13.1156
261.432	10.0909
261.732	12.9389
262.083	10.1219
262.384	12.9389
262.735	10.1219
263.035	12.9389
263.386	10.1219
263.687	12.9389
264.04	10.2164
264.341	12.996
264.703	10.3107
265.004	12.7392
265.304	12.5795
265.67	9.79909
265.971	12.119
266.272	11.7602
266.573	11.384
266.879	10.7359
267.18	14.1122
267.499	9.50527
267.8	13.0758
268.101	12.5395
268.47	9.71546
268.771	11.9197
269.072	11.7009
269.372	11.5012
269.673	11.3439
269.975	10.7265
270.315	11.6155
270.671	11.5898
270.972	13.7136
271.29	9.51464
271.591	13.3149
271.931	9.97605
272.231	13.1385
272.582	10.1371
272.882	12.9389
273.239	10.3095
273.539	12.9389
273.895	10.3095
274.196	12.9389
274.552	10.3095
274.852	12.9389
275.209	10.328
275.51	12.9163
275.878	10.4097
276.178	12.6593
276.479	12.4778
276.78	12.2784
277.149	9.4499
277.453	11.6393
277.802	10.9757
278.155	11.6933
278.456	13.7136
278.798	9.87982
279.099	12.5795
279.399	12.1801
279.7	11.9994
280.001	11.7808
280.301	11.5811
280.622	10.5075
280.923	10.8835
281.224	10.3649
281.574	11.5755
281.875	13.8973
282.183	9.33943
282.484	13.4181
282.818	9.80512
283.119	13.1156
283.465	10.0868
283.766	12.9389
284.116	10.1219
284.417	12.9389
284.768	10.1219
285.068	12.9389
285.419	10.1219
285.72	12.9389
286.072	10.1788
286.373	12.9562
286.734	10.3075
287.035	12.6993
287.335	12.5795
287.697	9.66166
287.997	12.1002
288.298	11.7808
288.601	9.77967
288.933	11.6211
289.293	11.5381
289.594	13.4345
289.948	9.94489
290.248	12.4197
290.549	12.0791
290.85	11.8399
291.151	11.5609
291.452	11.3415
291.753	9.5301
292.053	10.5428
292.377	10.8845
292.732	11.4889
293.033	13.6976
293.346	9.33604
293.647	13.2583
293.984	9.78464
294.285	12.9788
294.634	10.0302
294.934	12.9389
295.285	10.1219
295.586	12.9389
295.937	10.1219
296.237	12.9389
296.588	10.1219
296.889	12.9788
297.241	10.0767
297.542	12.8366
297.907	10.2693
298.207	12.5395
298.508	12.4197
298.88	9.85877
299.181	11.7808
299.505	10.6458
299.848	10.5121
300.199	11.4726
300.5	13.5541
300.841	9.62354
301.141	12.4597
301.442	12.0791
301.743	11.9197
302.044	11.5609
302.345	11.4014
302.646	9.42599
302.946	10.6237
303.266	10.8954
303.612	11.404
303.972	11.4047
304.272	13.5379
304.594	9.465
304.895	13.1156
305.236	9.8199
305.537	12.9562
305.887	10.0837
306.187	12.9389
306.538	10.1219
306.839	12.9389
307.19	10.1219
307.49	12.9389
307.841	10.1219
308.142	12.9562
308.497	10.0508
308.798	12.7568
309.098	12.5795
309.442	9.17195
309.743	12.2386
310.044	11.9595
310.345	11.7602
310.646	9.54565
310.958	11.0963
311.313	11.6247
311.613	13.5379
311.959	9.87886
312.26	12.5795
312.56	12.1801
312.861	11.9197
313.162	11.7009
313.463	11.4014
313.763	9.4656
314.064	10.6055
314.391	11.1464
314.743	11.4384
315.043	13.6976
315.355	9.24494
315.655	13.2583
315.99	9.71801
316.291	13.0758
316.638	9.95264
316.939	12.9389
317.29	10.1219
317.59	12.9389
317.941	10.1219
318.242	12.9389
318.593	10.1219
318.893	12.9389
319.245	10.1107
319.547	12.7967
319.908	10.2261
320.209	12.6771
320.51	12.4778
320.872	9.56745
321.173	11.9405
321.473	11.621
321.774	10.2654
322.092	11.0253
322.454	11.6531
322.755	13.3548
323.113	10.0964
323.413	12.3798
323.714	12.0791
324.015	11.8399
324.316	11.5609
324.617	11.3415
324.961	9.2296
325.29	11.5858
325.634	11.5085
325.992	11.5218
326.293	13.6737
326.612	9.42356
326.913	13.1953
327.251	9.8252
327.552	12.9562
327.902	10.0837
328.202	12.9389
328.553	10.1219
328.854	12.9389
329.205	10.1219
329.505	12.9389
329.856	10.1219
330.156	12.9788
330.51	10.0807
330.811	12.8366
331.178	10.3266
331.479	12.4996
331.779	12.3398
332.08	12.1987
332.381	11.9006
332.681	11.661
333.002	8.22676
333.354	11.7116
333.655	13.7933
333.996	9.89029
334.297	12.5974
334.597	12.22
334.898	12.0393
335.199	11.7203
335.5	11.5609
335.801	11.3831
336.102	10.9631
336.407	10.5186
336.76	11.6253
337.061	13.8332
337.375	9.41257
337.676	13.4345
338.013	9.92697
338.314	13.1156
338.664	10.1676
338.964	12.9389
339.32	10.3095
339.621	12.9389
339.977	10.3095
340.277	12.9389
340.634	10.3095
340.934	12.9389
341.291	10.328
341.592	12.996
341.956	10.3681
342.257	12.717
342.558	12.5795
342.927	9.91042
343.228	12.0791
343.529	11.6805
343.83	11.4441
344.131	10.1434
344.486	11.2524
344.787	13.2751
345.148	10.2261
345.449	12.3798
345.75	12.0791
346.05	11.8606
346.351	11.5609
346.652	11.4213
346.977	8.43898
347.306	11.5673
347.65	11.5085
348.008	11.5387
348.309	13.6737
348.627	9.42356
348.928	13.2583
349.268	9.92086
349.569	13.1156
349.918	10.0453
350.218	12.9389
350.569	10.1219
350.87	12.9389
351.22	10.1219
351.521	12.9389
351.872	10.1219
352.172	12.9788
352.526	10.2013
352.827	12.7967
353.194	10.4068
353.495	12.5795
353.796	12.398
354.097	12.1987
354.471	9.4964
354.794	10.6068
355.123	11.5321
355.478	11.5903
355.779	13.5143
356.126	9.91809
356.427	12.5795
356.727	12.1801
357.028	11.9405
357.329	11.7602
357.629	11.5012
357.945	10.1276
358.245	9.22661
358.568	11.4399
358.913	11.6126
359.272	11.5888
359.572	13.6976
359.891	9.52093
360.192	13.3149
360.529	9.82023
360.83	13.1156
361.178	10.0066
361.478	12.9389
361.829	10.1219
362.13	12.9389
362.481	10.1219
362.781	12.9389
363.132	10.1219
363.433	12.9788
363.785	10.1788
364.086	12.9163
364.451	10.3352
364.751	12.6593
365.052	12.4379
365.353	12.2784
365.726	9.49098
366.031	9.90957
366.363	11.6572
366.721	11.6558
367.022	13.5143
367.372	9.99583
367.672	12.5795
367.973	12.2386
368.274	11.9197
368.575	11.7203
368.876	11.5012
369.176	9.58576
369.477	10.8225
369.8	11.1428
370.152	11.66
370.452	13.8574
370.765	9.42836
371.066	13.3947
371.401	9.84599
371.702	13.1156
372.05	10.0909
372.35	12.9389
372.701	10.1219
373.001	12.9389
373.352	10.1219
373.653	12.9389
374.004	10.1219
374.304	12.9389
374.658	10.2164
374.959	12.996
375.321	10.3107
375.621	12.7392
375.922	12.5795
376.287	9.81317
376.588	12.1402
376.888	11.7808
377.189	11.0453
377.502	10.9799
377.802	14.1369
378.125	9.6356
378.426	13.0758
378.726	12.5395
379.027	12.1801
379.395	9.4634
379.696	11.6406
380.001	11.6183
380.302	11.5432
380.603	10.644
380.93	11.0908
381.288	11.6223
381.588	13.8174
381.907	9.59619
382.208	13.3382
382.548	10.0621
382.849	13.1156
383.198	10.2517
383.498	13.0986
383.849	10.3271
384.149	13.0986
384.5	10.3271
384.801	13.0986
385.152	10.3271
385.452	13.1385
385.806	10.2843
386.106	12.8989
386.474	10.5076
386.775	12.6593
387.075	12.4996
387.375	12.22
387.748	9.5875
388.069	10.5813
388.401	11.6581
388.757	11.6572
389.058	13.5143
389.407	9.99583
389.708	12.5795
390.009	12.2386
390.31	11.9994
390.611	11.7602
390.911	11.5012
391.264	8.10376
391.588	11.5694
391.928	11.5802
392.281	11.5913
392.582	13.7535
392.898	9.42594
393.199	13.3149
393.536	9.85581
393.837	13.1385
394.185	10.0604
394.486	12.9389
394.837	10.1219
395.137	12.9389
395.488	10.1219
395.789	12.9389
396.139	10.1219
396.44	12.9788
396.793	10.1825
397.095	12.9163
397.458	10.332
397.759	12.6593
398.059	12.4996
398.429	9.8499
398.73	11.9405
399.031	11.6015
399.332	11.3636
399.633	10.0061
399.989	11.1518
400.29	13.1953
400.654	10.0864
400.955	12.2784
401.256	11.9197
401.557	11.7602
401.858	11.4014
402.172	10.0476
402.473	10.7435
402.798	11.3108
403.147	11.4902
403.509	11.4878
403.809	13.498
404.132	9.58279
404.433	13.1555
404.774	9.85509
405.075	12.9562
405.425	10.0837
405.726	12.9389
406.076	10.1219
406.377	12.9389
406.728	10.1219
407.028	12.9389
407.379	10.1219
407.68	12.9562
408.036	10.0886
408.337	12.8366
408.706	10.2825
409.007	12.4778
409.307	12.2999
409.608	12.0603
409.908	11.7808
410.209	9.66609
410.51	10.8439
410.842	10.9515
411.142	13.6178
411.482	9.77964
411.783	12.5795
412.083	12.22
412.384	11.9994
412.685	11.7808
412.986	11.5609
413.381	8.34322
413.705	11.552
414.044	11.5807
414.397	11.5573
414.698	13.7775
415.009	9.32198
415.31	13.3782
415.646	9.81522
415.946	13.1385
416.295	10.0604
416.595	12.9389
416.946	10.1219
417.246	12.9389
417.597	10.1219
417.898	12.9389
418.249	10.1219
418.549	12.9389
418.902	10.1788
419.203	12.9562
419.565	10.3289
419.866	12.6593
420.166	12.4597
420.534	9.85499
420.834	11.9405
421.136	11.6007
421.436	11.544
421.745	10.7814
422.046	14.1122
422.367	9.549
422.668	13.0359
422.968	12.4996
423.341	9.81271
423.642	11.9006
423.943	11.5609
424.243	11.4223
424.586	10.6872
424.92	11.6009
425.271	11.5923
425.572	13.8332
425.882	9.27622
426.183	13.3947
426.517	9.80512
426.818	13.1156
427.165	10.0868
427.465	12.9389
427.816	10.1219
428.116	12.9389
428.467	10.1219
428.768	12.9389
429.119	10.1219
429.419	12.9389
429.772	10.1788
430.073	12.9562
430.434	10.3075
430.734	12.6993
431.035	12.5795
431.397	9.69987
431.698	12.1002
431.998	11.7808
432.299	9.58621
432.617	11.0073
432.976	11.505
433.277	13.4345
433.628	9.86777
433.929	12.4597
434.23	12.0393
434.531	11.8399
434.832	11.5609
435.132	11.3415
435.472	8.8767
435.8	11.4213
436.147	11.404
436.506	11.388
436.806	13.5778
437.127	9.42121
437.428	13.1156
437.768	9.85025
438.069	12.9562
438.418	10.0453
438.719	12.9389
439.07	10.1219
439.37	12.9389
439.721	10.1219
440.021	12.9389
440.372	10.1219
440.673	12.9562
441.028	10.0508
441.329	12.7967
441.696	10.2759
441.996	12.4996
442.297	12.2386
442.598	12.119
442.974	9.32877
443.278	9.74605
443.611	11.4224
443.972	11.4047
444.273	13.2751
444.629	9.81865
444.929	12.26
445.23	11.9197
445.531	11.6805
445.832	11.4014
446.133	11.1817
446.433	10.4073
446.735	10.5642
447.046	10.4953
447.399	11.4044
447.7	13.6737
448.014	9.18299
448.314	13.1785
448.652	9.68332
448.954	12.8764
449.304	9.86311
449.604	12.7791
449.955	9.91674
450.256	12.7791
450.607	9.91674
450.907	12.7791
451.258	9.91674
451.559	12.8191
451.912	9.97883
452.213	12.6993
452.577	10.2035
452.878	12.4996
453.178	12.3398
453.55	9.7759
453.851	11.8798
454.152	11.6007
454.453	11.4641
454.766	10.5782
455.067	13.9528
455.392	9.5792
455.693	12.8989
455.993	12.5395
456.294	12.22
456.663	9.33882
456.963	11.5811
457.268	11.5808
457.614	10.7809
457.949	11.5646
458.3	11.6097
458.6	13.8574
458.908	9.33943
459.209	13.4181
459.541	9.85159
459.842	13.1953
460.187	10.0787
460.487	13.0986
460.833	10.1369
461.133	13.0986
461.479	10.1369
461.779	13.0986
462.125	10.1369
462.426	13.0986
462.774	10.1638
463.075	12.9562
463.434	10.3527
463.735	12.8366
464.036	12.6593
464.393	9.55972
464.694	12.1589
464.995	11.7203
465.309	10.3321
465.633	11.6633
465.99	11.858
466.291	13.6178
466.641	10.1713
466.942	12.5575
467.243	12.2386
467.544	11.9994
467.845	11.7203
468.146	11.5012
468.446	9.82638
468.747	10.8223
469.062	10.7942
469.416	11.6586
469.717	13.8731
470.032	9.45741
470.333	13.3382
470.671	10.0225
470.973	13.1156
471.323	10.1371
471.623	12.9389
471.98	10.3095
472.28	12.9389
472.636	10.3095
472.937	12.9389
473.293	10.3095
473.593	12.9389
473.95	10.328
474.251	12.996
474.617	10.4039
474.917	12.6593
475.218	12.4996
475.519	12.3183
475.883	9.36122
476.185	11.6398
476.485	11.5041
476.789	10.2357
477.089	13.8574
477.421	9.7226
477.722	12.7791
478.022	12.3798
478.323	12.0791
478.624	11.8798
479	9.30984
479.309	9.92965
479.631	11.6076
479.968	11.653
480.319	11.5581
480.62	13.8332
480.931	9.27622
481.231	13.3382
481.565	9.82056
481.866	13.1156
482.21	9.97406
482.51	12.9389
482.861	10.1219
483.162	12.9389
483.513	10.1219
483.813	12.9389
484.164	10.1219
484.464	12.9389
484.816	10.1409
485.117	12.996
485.477	10.2375
485.777	12.7392
486.078	12.5795
486.44	9.69987
486.741	12.1402
487.041	11.7808
487.342	9.62615
487.662	11.2156
488.02	11.6387
488.321	13.4345
488.672	10.0343
488.972	12.4197
489.273	12.1589
489.574	11.9595
489.875	11.661
490.175	11.4613
490.476	9.58576
490.776	10.8225
491.092	10.8702
491.445	11.6253
491.746	13.8332
492.06	9.41257
492.36	13.3382
492.696	9.90208
492.997	13.1156
493.344	10.0909
493.645	12.9389
493.995	10.1219
494.296	12.9389
494.647	10.1219
494.947	12.9389
495.298	10.1219
495.599	12.9389
495.952	10.2164
496.253	12.996
496.615	10.3107
496.916	12.7392
497.216	12.5795
497.582	9.81317
497.882	12.1402
498.183	11.7602
498.484	11.384
498.789	10.6549
499.152	11.7524
499.453	13.4345
499.81	10.197
500.111	12.4197
500.412	12.0791
500.713	11.9197
501.013	11.661
501.314	11.5012
501.66	9.34607
501.991	11.6574
502.337	11.6296
502.696	11.6217
502.996	13.6976
503.318	9.68858
503.619	13.2184
503.962	10.0396
504.263	13.1156
504.616	10.1976
504.916	12.9389
505.273	10.3095
505.573	12.9389
505.929	10.3095
506.23	12.9389
506.586	10.3095
506.886	12.9788
507.244	10.3128
507.545	12.8366
507.846	12.7967
508.19	9.3812
508.491	12.398
508.792	12.119
509.092	11.9405
509.393	9.74518
509.705	11.1921
510.059	11.7603
510.36	13.6737
510.704	9.99368
511.005	12.6194
511.305	12.1801
511.606	11.9595
511.907	11.7808
512.207	11.5811
512.508	9.62553
512.809	10.8047
513.137	11.3665
513.489	11.5918
513.79	13.8731
514.103	9.36743
514.403	13.3382
514.74	9.94245
515.041	13.1156
515.389	10.1638
515.69	12.9389
516.046	10.3095
516.346	12.9389
516.703	10.3095
517.003	12.9389
517.359	10.3095
517.66	12.9389
518.017	10.328
518.318	12.9562
518.681	10.365
518.982	12.6771
519.283	12.5575
519.65	9.78505
519.95	11.9405
520.251	11.621
520.551	11.3441
520.86	10.8573
521.221	11.687
521.522	13.4345
521.878	10.1561
522.178	12.3398
522.479	12.119
522.78	11.9197
523.081	11.661
523.381	11.5012
523.733	9.0708
524.062	11.6403
524.406	11.648
524.763	11.6229
525.064	13.6976
525.383	9.55856
525.684	13.2751
526.023	9.93622
526.324	13.1156
526.673	10.0453
526.973	12.9389
527.324	10.1219
527.625	12.9389
527.976	10.1219
528.276	12.9389
528.627	10.1219
528.928	12.9788
529.282	10.2538
529.583	12.9163
529.95	10.3741
530.25	12.6993
530.551	12.398
530.852	12.2784
531.225	9.45881
531.538	10.2515
531.869	11.6581
532.228	11.6558
532.529	13.5143
532.878	9.99583
533.178	12.5795
533.479	12.2386
533.78	11.9994
534.081	11.7203
534.382	11.5012
534.682	9.58576
534.983	10.8225
535.302	10.9886
535.655	11.6253
535.956	13.8332
536.269	9.41257
536.57	13.3382
536.906	9.90208
537.207	13.1156
537.554	10.0909
537.854	12.9389
538.205	10.1219
538.506	12.9389
538.857	10.1219
539.157	12.9389
539.508	10.1219
539.809	12.9389
540.162	10.2164
540.463	12.996
540.825	10.3107
541.126	12.7392
541.426	12.5795
541.792	9.81317
542.092	12.1402
542.393	11.7808
542.694	11.6036
543	10.6573
543.3	14.1369
543.623	9.6356
543.924	13.1156
544.224	12.4996
544.525	12.1801
544.893	9.4634
545.193	11.661
545.498	11.6577
545.798	11.384
546.1	10.6071
546.44	11.6155
546.796	11.6235
547.097	13.7775
547.414	9.5462
547.715	13.3947
548.054	10.0423
548.355	13.1156
548.706	10.3271
549.006	13.0986
549.357	10.3271
549.658	13.0986
550.009	10.3271
550.309	13.0986
550.66	10.3271
550.961	13.0986
551.315	10.3215
551.616	12.9562
551.982	10.4873
552.283	12.6194
552.583	12.4996
552.884	12.2386
553.253	9.50152
553.557	11.5802
553.858	11.4035
554.164	10.0476
554.464	13.7376
554.797	9.5629
555.098	12.6771
555.399	12.2784
555.699	12.0204
556.075	9.32877
556.376	11.3816
556.681	9.63447
557.007	11.514
557.345	11.4745
557.697	11.4554
557.998	13.6976
558.309	9.24494
558.61	13.2583
558.944	9.67667
559.245	13.0359
559.59	9.87416
559.89	12.9389
560.236	9.92859
560.536	12.9389
560.882	9.92859
561.182	12.9389
561.528	9.92859
561.829	12.9389
562.178	9.99583
562.479	12.8366
562.839	10.156
563.14	12.717
563.441	12.4996
563.803	9.51503
564.104	12.0393
564.405	11.6007
564.705	9.58621
565.032	11.1648
565.396	11.4708
565.697	13.2352
566.057	9.97075
566.358	12.2784
566.658	11.8606
566.959	11.6805
567.261	11.4413
567.561	9.38682
567.862	10.6442
568.186	11.0326
568.54	11.4723
568.84	13.7376
569.154	9.33604
569.454	13.2583
569.791	9.79991
570.092	13.0359
570.439	9.95264
570.74	12.9389
571.091	10.1219
571.391	12.9389
571.742	10.1219
572.043	12.9389
572.393	10.1219
572.694	12.9389
573.046	10.1107
573.347	12.8366
573.71	10.2296
574.011	12.6372
574.312	12.398
574.679	9.7196
574.979	11.9405
575.28	11.621
575.581	11.5238
575.885	10.5731
576.247	11.7193
576.548	13.4345
576.906	10.1635
577.206	12.3798
577.507	12.0791
577.808	11.9595
578.11	11.5609
578.41	11.3814
578.735	8.52579
579.067	11.6929
579.415	11.6453
579.776	11.6206
580.077	13.6178
580.401	9.64716
580.702	13.2583
581.044	10.0003
581.345	13.0758
581.694	10.0453
581.994	12.9389
582.345	10.1219
582.646	12.9389
582.997	10.1219
583.297	12.9389
583.648	10.1219
583.949	12.9788
584.305	10.2758
584.606	12.8366
584.974	10.4777
585.275	12.6194
585.576	12.398
585.877	12.1987
586.178	11.9405
586.478	9.865
586.779	10.7251
587.122	11.3689
587.423	13.6737
587.772	10.1485
588.072	12.5795
588.373	12.1801
588.674	11.9994
588.974	11.7408
589.275	11.5811
589.575	9.66626
589.876	10.7828
590.196	11.0275
590.55	11.6925
590.85	13.8574
591.164	9.56562
591.464	13.4181
591.803	10.038
592.103	13.1785
592.454	10.2741
592.754	13.0986
593.105	10.3271
593.405	13.0986
593.756	10.3271
594.057	13.0986
594.408	10.3271
594.708	13.0986
595.062	10.3522
595.363	12.9562
595.728	10.5024
596.029	12.6993
596.329	12.5795
596.702	10.0199
597.002	11.9405
597.303	11.621
597.604	11.4441
597.905	10.1081
598.206	13.9528
598.53	9.49307
598.831	12.9163
599.132	12.4379
599.502	9.7527
599.803	11.7602
600.104	11.5609
600.405	11.3415
600.706	11.3245
601.006	10.5428
601.341	11.26
601.698	11.5557
601.999	13.6976
602.315	9.47044
602.616	13.3149
602.955	9.89614
603.256	13.1156
603.605	10.0453
603.905	12.9389
604.256	10.1219
604.556	12.9389
604.907	10.1219
605.208	12.9389
605.559	10.1219
605.859	12.9788
606.213	10.2164
606.514	12.8764
606.88	10.3562
607.181	12.5795
607.481	12.4197
607.782	12.2784
608.155	9.45881
608.46	11.6201
608.81	11.0625
609.165	11.793
609.466	13.6178
609.814	10.0949
610.114	12.5795
610.415	12.1801
610.716	11.9994
611.017	11.7602
611.317	11.5012
611.618	9.50632
611.918	10.8229
612.232	10.7135
612.584	11.5918
612.885	13.8731
613.196	9.32198
613.497	13.3382
613.832	9.86145
614.133	13.1156
614.481	10.0604
614.781	12.9389
615.132	10.1219
615.433	12.9389
615.784	10.1219
616.084	12.9389
616.435	10.1219
616.736	12.9389
617.088	10.1788
617.389	12.9562
617.752	10.3289
618.053	12.717
618.354	12.5176
618.719	9.78035
619.02	11.9405
619.32	11.621
619.621	11.5238
619.931	10.7814
620.232	14.1122
620.552	9.549
620.853	13.0758
621.154	12.5795
621.526	9.79433
621.827	11.9595
622.128	11.661
622.428	11.5012
622.728	11.3838
623.029	10.8437
623.367	11.5812
623.721	11.6586
624.022	13.8332
624.338	9.53996
624.639	13.3382
624.977	10.0225
625.278	13.1156
625.628	10.1676
625.928	12.9389
626.284	10.3095
626.585	12.9389
626.941	10.3095
627.242	12.9389
627.598	10.3095
627.898	12.9389
628.255	10.328
628.556	12.996
628.922	10.4039
629.223	12.717
629.524	12.5575
629.895	9.93301
630.195	11.9804
630.496	11.621
630.796	11.4441
631.097	10.1035
631.455	11.3544
631.756	13.2751
632.119	10.1817
632.42	12.2784
632.721	12.0791
633.022	11.7602
633.323	11.5609
633.624	11.3415
633.961	8.89708
634.295	11.6192
634.641	11.5944
635.003	11.521
635.303	13.6178
635.625	9.53953
635.926	13.3149
636.267	9.92549
636.568	13.0359
636.918	10.0837
637.219	12.9389
637.569	10.1219
637.87	12.9389
638.221	10.1219
638.521	12.9389
638.872	10.1219
639.173	12.9562
639.528	10.2538
639.829	12.8366
640.129	12.6993
640.475	9.31787
640.776	12.3582
641.077	12.119
641.377	11.7808
641.678	9.66626
641.993	11.4027
642.348	11.793
642.649	13.6178
642.997	10.0949
643.298	12.5795
643.598	12.1801
643.899	11.9994
644.2	11.7602
644.501	11.5012
644.801	9.54565
645.102	10.8038
645.419	10.7584
645.773	11.5908
646.073	13.7775
646.388	9.45741
646.689	13.3382
647.026	9.85581
647.326	13.1385
647.675	10.0604
647.975	12.9389
648.326	10.1219
648.627	12.9389
648.977	10.1219
649.278	12.9389
649.629	10.1219
649.929	12.9788
650.283	10.1825
650.584	12.9163
650.947	10.332
651.248	12.6593
651.548	12.4996
651.919	9.8499
652.219	11.9405
652.52	11.621
652.82	11.3842
653.13	10.3161
653.43	13.8574
653.757	9.4964
654.058	12.7568
654.359	12.398
654.66	12.0603
655.03	9.31229
655.332	11.4412
655.638	11.4613
655.938	11.3636
656.239	10.5428
656.567	11.0376
656.925	11.5557
657.225	13.6976
657.543	9.42356
657.844	13.2751
658.182	9.78464
658.482	12.9788
658.833	10.0686
659.133	12.9389
659.484	10.1219
659.784	12.9389
660.135	10.1219
660.436	12.9389
660.787	10.1219
661.087	12.9788
661.44	10.1107
661.741	12.7967
662.107	10.3414
662.408	12.5795
662.708	12.4597
663.009	12.2386
663.38	9.41533
663.684	11.6402
664.04	10.949
664.399	11.6885
664.7	13.5143
665.052	10.1107
665.353	12.5395
665.653	12.22
665.954	11.9405
666.255	11.7602
666.555	11.5012
666.899	8.89423
667.229	11.6396
667.575	11.5949
667.933	11.5888
668.234	13.6976
668.553	9.55856
668.853	13.2184
669.194	9.96068
669.495	13.1156
669.844	10.0453
670.144	12.9389
670.495	10.1219
670.796	12.9389
671.147	10.1219
671.447	12.9389
671.798	10.1219
672.099	12.9788
672.454	10.2387
672.755	12.8366
673.122	10.4424
673.423	12.5795
673.724	12.398
674.025	12.1987
674.326	11.9006
674.626	9.78466
674.927	9.01114
675.275	11.473
675.576	13.6339
675.918	9.7345
676.218	12.6194
676.519	12.2386
676.82	11.9197
677.121	11.661
677.421	11.4213
677.722	9.54548
678.053	8.65304
678.387	11.6009
678.735	11.5939
679.096	11.521
679.397	13.5143
679.721	9.56723
680.022	13.1385
680.364	9.93008
680.665	12.9163
681.015	10.1219
681.316	12.9389
681.667	10.1219
681.967	12.9389
682.318	10.1219
682.619	12.9389
682.97	10.1219
683.27	12.9788
683.625	10.1035
683.926	12.8366
684.227	12.717
684.571	9.27658
684.872	12.3582
685.173	12.1589
685.474	11.7808
685.774	9.66609
686.094	11.2531
686.453	11.6893
686.754	13.5143
687.106	10.1107
687.407	12.5395
687.707	12.22
688.008	11.9405
688.309	11.7203
688.609	11.5012
688.96	8.74284
689.285	11.736
689.624	11.6508
689.979	11.6586
690.28	13.8332
690.593	9.41257
690.894	13.3382
691.23	9.94245
691.531	13.1156
691.88	10.0604
692.18	12.9389
692.531	10.1219
692.832	12.9389
693.183	10.1219
693.483	12.9389
693.834	10.1219
694.134	12.9788
694.488	10.1825
694.789	12.996
695.153	10.365
695.454	12.717
695.755	12.5575
696.125	9.93301
696.426	11.9804
696.726	11.621
697.027	11.4441
697.328	10.1035
697.688	11.3548
697.989	13.2751
698.353	10.1523
698.654	12.2784
698.955	12.0791
699.256	11.8001
699.557	11.521
699.858	11.3415
700.186	8.60456
700.514	11.6224
700.86	11.5949
701.218	11.5888
701.518	13.6577
701.837	9.59619
702.138	13.2184
702.479	9.96068
702.78	13.1156
703.128	10.0453
703.429	12.9389
703.78	10.1219
704.08	12.9389
704.431	10.1219
704.732	12.9389
705.083	10.1219
705.383	12.9788
705.738	10.2387
706.039	12.8366
706.407	10.4097
706.708	12.6194
707.009	12.398
707.31	12.1987
707.685	9.53379
707.998	10.2939
708.331	11.6211
708.692	11.571
708.993	13.4345
709.346	9.94489
709.647	12.3798
709.948	12.119
710.249	11.8399
710.549	11.621
710.85	11.4014
711.192	8.98463
711.524	11.4756
711.87	11.4213
712.231	11.4546
712.531	13.498
712.853	9.51779
713.153	13.1385
713.493	9.85025
713.794	12.9562
714.144	10.0837
714.445	12.9389
714.795	10.1219
715.096	12.9389
715.447	10.1219
715.747	12.9389
716.098	10.1219
716.399	12.9562
716.754	10.0508
717.055	12.8366
717.423	10.2792
717.724	12.5176
718.024	12.26
718.325	12.0603
718.625	11.7408
718.926	9.6653
719.226	9.50576
719.577	11.4897
719.877	13.5778
720.222	9.79969
720.522	12.5395
720.823	12.2784
721.124	11.9197
721.425	11.7602
721.726	11.4014
722.027	9.50554
722.328	10.5657
722.654	11.1087
723.005	11.4384
723.306	13.6577
723.617	9.28346
723.918	13.3149
724.251	9.69193
724.552	13.0758
724.9	9.95264
725.2	12.9389
725.551	10.1219
725.851	12.9389
726.202	10.1219
726.503	12.9389
726.854	10.1219
727.154	12.9389
727.507	10.1107
727.808	12.7967
728.169	10.2261
728.47	12.6771
728.771	12.4778
729.134	9.56745
729.434	11.9405
729.735	11.621
730.035	10.1056
730.355	11.1029
730.716	11.6206
731.017	13.3548
731.374	10.0589
731.675	12.3798
731.976	12.0791
732.277	11.8399
732.578	11.6007
732.878	11.3015
733.224	9.18757
733.556	11.4756
733.903	11.4213
734.262	11.4213
734.562	13.5379
734.884	9.48047
735.184	13.1385
735.524	9.85025
735.825	12.9562
736.175	10.0837
736.476	12.9389
736.827	10.1219
737.127	12.9389
737.478	10.1219
737.778	12.9389
738.129	10.1219
738.43	12.9562
738.785	10.0508
739.086	12.8366
739.454	10.2792
739.755	12.5176
740.055	12.26
740.356	12.0603
740.656	11.7408
740.957	9.6653
741.257	9.38593
741.609	11.5577
741.91	13.5778
742.254	9.76482
742.554	12.6194
742.855	12.2386
743.156	11.8207
743.456	11.7009
743.757	11.4014
744.058	9.46577
744.358	10.544
744.677	10.8381
745.028	11.4384
745.39	11.4048
745.691	13.458
746.018	9.51167
746.319	13.1555
746.661	9.80975
746.962	12.9788
747.311	10.0837
747.612	12.9389
747.963	10.1219
748.263	12.9389
748.614	10.1219
748.915	12.9389
749.266	10.1219
749.567	12.8764
749.923	10.1261
750.224	12.6993
750.525	12.6771
750.871	9.16485
751.172	12.1987
751.472	11.9006
751.773	11.621
752.073	9.46638
752.375	10.1308
752.735	11.338
753.036	13.2751
753.389	9.74124
753.691	12.3183
753.991	11.9006
754.292	11.5609
754.593	11.4014
754.894	11.1817
755.194	9.66581
755.494	10.3032
755.818	10.6228
756.174	11.3203
756.474	13.5379
756.793	9.19739
757.094	13.1555
757.433	9.65334
757.733	12.8191
758.085	9.90192
758.385	12.7791
758.736	9.91674
759.037	12.7791
759.388	9.91674
759.688	12.7791
760.039	9.91674
760.34	12.8191
760.694	9.94926
760.995	12.6771
761.363	10.1813
761.663	12.4197
761.964	12.26
762.265	12.0791
762.636	9.2212
762.94	11.4626
763.29	10.8897
763.643	11.5573
763.943	13.5379
764.287	9.79969
764.588	12.5395
764.888	12.22
765.189	11.9197
765.49	11.7009
765.791	11.4014
766.091	9.46577
766.392	10.7437
766.706	10.8484
767.055	11.4902
767.416	11.4878
767.717	13.498
768.041	9.55173
768.342	13.1555
768.683	9.85509
768.984	12.9562
769.334	10.0837
769.634	12.9389
769.985	10.1219
770.286	12.9389
770.636	10.1219
770.937	12.9389
771.288	10.1219
771.589	12.9562
771.945	10.0886
772.246	12.8366
772.614	10.2825
772.915	12.398
773.216	12.2999
773.516	12.0603
773.817	11.7808
774.117	9.66609
774.418	10.8837
774.754	11.1001
775.055	13.6178
775.399	9.93919
775.7	12.5795
776	12.1801
776.301	11.9994
776.602	11.8001
776.903	11.4613
777.203	9.54581
777.503	11.0222
777.816	10.8263
778.165	11.6278
778.466	13.8332
778.774	9.33943
779.075	13.4181
779.407	9.79489
779.708	13.1156
780.052	9.97406
780.352	12.9389
780.703	10.1219
781.004	12.9389
781.355	10.1219
781.655	12.9389
782.006	10.1219
782.307	12.9389
782.658	10.1409
782.959	13.0187
783.317	10.2156
783.618	12.7967
783.918	12.6593
784.277	9.61269
784.577	12.1002
784.878	11.7808
785.178	9.70604
785.494	11.2322
785.85	11.7246
786.151	13.594
786.499	9.9872
786.8	12.5176
787.101	12.2784
787.402	11.9994
787.702	11.7808
788.003	11.521
788.304	9.58576
788.605	10.8834
788.918	10.8665
789.271	11.6426
789.571	13.8574
789.884	9.42836
790.185	13.3947
790.521	9.84599
790.822	13.1156
791.169	10.0909
791.469	12.9389
791.82	10.1219
792.121	12.9389
792.472	10.1219
792.772	12.9389
793.123	10.1219
793.424	12.9389
793.777	10.2164
794.078	12.996
794.44	10.3107
794.741	12.7392
795.041	12.5795
795.407	9.81317
795.707	12.1402
796.008	11.7808
796.308	10.5851
796.626	11.2331
796.927	14.1369
797.249	9.6356
797.55	13.0758
797.851	12.5395
798.151	12.1801
798.519	9.4634
798.82	11.661
799.124	11.6577
799.425	11.384
799.729	10.6917
800.069	11.6155
800.425	11.6235
800.726	13.7775
801.042	9.5462
801.343	13.3947
801.683	10.0423
801.984	13.1156
802.335	10.3271
802.635	13.0986
802.986	10.3271
803.287	13.0986
803.637	10.3271
803.938	13.0986
804.289	10.3271
804.589	13.0986
804.944	10.3215
805.245	12.9562
805.611	10.4873
805.912	12.6194
806.212	12.4996
806.513	12.2784
806.882	9.46898
807.186	11.5802
807.486	11.4035
807.792	10.0476
808.093	13.7376
808.425	9.5629
808.726	12.6771
809.027	12.2784
809.328	12.0204
809.703	9.34183
810.004	11.4014
810.309	9.63447
810.634	11.514
810.972	11.4923
811.325	11.4384
811.625	13.6976
811.937	9.24494
812.237	13.2583
812.571	9.67667
812.872	13.0359
813.217	9.87416
813.518	12.9389
813.863	9.92859
814.164	12.9389
814.51	9.92859
814.81	12.9389
815.156	9.92859
815.456	12.9389
815.806	9.99583
816.107	12.8366
816.467	10.156
816.768	12.717
817.068	12.4996
817.43	9.51503
817.731	12.0393
818.032	11.6007
818.333	9.58621
818.661	11.129
819.025	11.4708
819.326	13.2352
819.686	9.97075
819.987	12.2784
820.287	11.8606
820.588	11.6007
820.889	11.4413
821.19	9.38682
821.491	10.6442
821.816	11.0708
822.169	11.4723
822.47	13.7376
822.783	9.33604
823.084	13.2583
823.421	9.79991
823.722	13.0359
824.069	9.95264
824.369	12.9389
824.72	10.1219
825.021	12.9389
825.372	10.1219
825.672	12.9389
826.023	10.1219
826.324	12.9389
826.676	10.1107
826.977	12.8366
827.34	10.2296
827.641	12.6372
827.942	12.398
828.308	9.7196
828.609	11.9405
828.909	11.621
829.21	11.5238
829.514	10.5731
829.877	11.7193
830.178	13.4345
830.536	10.1635
830.836	12.3798
831.137	12.0791
831.438	11.9595
831.739	11.6406
832.04	11.3814
832.364	8.46565
832.696	11.6744
833.045	11.6453
833.406	11.6206
833.706	13.6178
834.032	9.63157
834.333	13.3149
834.674	9.96068
834.975	13.0758
835.323	10.0453
835.624	12.9389
835.975	10.1219
836.275	12.9389
836.626	10.1219
836.927	12.9389
837.278	10.1219
837.579	12.9562
837.934	10.291
838.235	12.8366
838.536	12.7568
838.879	9.33997
839.18	12.4379
839.481	12.119
839.782	11.9405
840.082	9.74598
840.396	11.288
840.75	11.7264
841.051	13.6178
841.396	10.048
841.696	12.5795
841.997	12.1801
842.297	12.0204
842.598	11.7602
842.899	11.5811
843.199	9.62553
843.5	10.7437
843.822	11.1609
844.171	11.5246
844.533	11.4876
844.834	13.7136
845.156	9.50226
845.457	13.2352
845.799	9.96517
846.1	13.0359
846.45	10.0837
846.751	12.9389
847.102	10.1219
847.402	12.9389
847.753	10.1219
848.054	12.9389
848.405	10.1219
848.706	12.9562
849.061	10.2235
849.362	12.8366
849.663	12.6993
850.008	9.31787
850.309	12.2784
850.609	12.0603
850.91	11.7808
851.233	10.6818
851.534	10.4849
851.891	11.5898
852.191	13.458
852.544	10.1107
852.844	12.3798
853.145	12.1987
853.446	11.9197
853.747	11.661
854.048	11.4014
854.379	8.7981
854.712	11.6559
855.06	11.6453
855.421	11.6206
855.722	13.6178
856.046	9.64716
856.347	13.2583
856.689	10.0003
856.99	13.0758
857.339	10.0453
857.639	12.9389
857.99	10.1219
858.291	12.9389
858.642	10.1219
858.942	12.9389
859.293	10.1219
859.594	12.9788
859.95	10.2758
860.251	12.8366
860.62	10.4777
860.92	12.6194
861.221	12.398
861.522	12.1987
861.823	11.9405
862.123	9.865
862.424	10.8846
862.765	11.2982
863.066	13.6737
863.415	10.1485
863.715	12.5395
864.016	12.22
864.317	11.9994
864.617	11.7408
864.918	11.5811
865.218	9.66626
865.519	10.7639
865.85	11.4032
866.202	11.6259
866.502	13.8973
866.812	9.43083
867.113	13.458
867.449	9.95799
867.75	13.1385
868.1	10.3083
868.401	13.0986
868.751	10.3271
869.052	13.0986
869.403	10.3271
869.703	13.0986
870.054	10.3271
870.355	13.0986
870.707	10.315
871.008	12.9562
871.372	10.4641
871.672	12.6993
871.973	12.5795
872.341	9.88762
872.641	12.1002
872.942	11.7203
873.242	9.50649
873.57	11.33
873.933	11.5701
874.234	13.2751
874.592	9.99578
874.893	12.3183
875.193	12.0204
875.494	11.7602
875.795	11.4014
876.096	9.46516
876.421	9.96537
876.755	11.511
877.103	11.4559
877.463	11.4213
877.764	13.498
878.086	9.465
878.387	13.1555
878.726	9.80996
879.027	12.9163
879.373	9.92859
879.673	12.9389
880.019	9.92859
880.319	12.9389
880.665	9.92859
880.965	12.9389
881.311	9.92859
881.612	12.9562
881.966	10.0128
882.267	12.8366
882.632	10.2398
882.933	12.5395
883.234	12.2386
883.535	12.119
883.836	11.7602
884.136	9.70524
884.442	8.87136
884.797	11.5227
885.098	13.3782
885.446	9.75035
885.746	12.4197
886.047	12.119
886.348	11.7009
886.649	11.4811
886.964	10.1276
887.267	8.98826
887.599	11.5119
887.947	11.4902
888.309	11.4878
888.609	13.498
888.933	9.55173
889.234	13.1555
889.575	9.85509
889.876	12.9562
890.226	10.0837
890.527	12.9389
890.878	10.1219
891.178	12.9389
891.529	10.1219
891.83	12.9389
892.18	10.1219
892.481	12.9562
892.837	10.0886
893.138	12.8366
893.507	10.2825
893.808	12.398
894.108	12.2999
894.409	12.0603
894.709	11.7808
895.01	9.66609
895.311	10.8837
895.65	11.2092
895.951	13.6178
896.296	9.97847
896.596	12.5395
896.897	12.22
897.198	11.9994
897.499	11.7602
897.8	11.5609
898.119	10.3511
898.42	10.7638
898.728	10.5847
899.078	11.6271
899.378	13.8574
899.688	9.29194
899.989	13.3947
900.324	9.80512
900.625	13.1156
900.971	10.0868
901.271	12.9389
901.622	10.1219
901.923	12.9389
902.274	10.1219
902.574	12.9389
902.925	10.1219
903.225	12.9389
903.578	10.1788
903.879	12.9562
904.24	10.3075
904.54	12.6993
904.841	12.5795
905.203	9.69987
905.504	12.1002
905.804	11.7808
906.105	9.58621
906.419	11.1545
906.775	11.6069
907.076	13.594
907.422	9.87886
907.722	12.5795
908.023	12.2386
908.324	11.8606
908.625	11.6805
908.925	11.4213
909.226	9.4656
909.537	9.60907
909.87	11.6192
910.217	11.5944
910.578	11.521
910.879	13.594
911.202	9.48679
911.502	13.1785
911.843	9.89029
912.144	12.9163
912.495	10.1219
912.796	12.9389
913.147	10.1219
913.447	12.9389
913.798	10.1219
914.099	12.9389
914.45	10.1219
914.75	12.9788
915.105	10.1035
915.406	12.8366
915.775	10.3475
916.075	12.5395
916.376	12.3183
916.677	12.1589
916.978	11.7808
917.278	9.70604
917.579	10.5249
917.931	11.4213
918.232	13.5541
918.582	9.99583
918.882	12.5395
919.183	12.22
919.483	11.9405
919.784	11.7203
920.085	11.5012
920.425	8.89894
920.751	11.8076
921.093	11.7196
921.448	11.6744
921.749	13.7775
922.066	9.5462
922.366	13.2983
922.704	9.98258
923.005	13.1156
923.353	10.0604
923.654	12.9389
924.005	10.1219
924.305	12.9389
924.656	10.1219
924.957	12.9389
925.307	10.1219
925.608	12.9788
925.963	10.2538
926.264	12.9562
926.627	10.365
926.928	12.6593
927.228	12.5395
927.529	12.3183
927.896	9.50962
928.2	11.718
928.501	12.1024
928.801	10.2632
929.164	11.5538
929.465	13.3149
929.831	10.389
930.132	12.398
930.433	12.0204
930.733	11.8606
931.034	11.661
931.334	11.5012
931.634	11.3443
931.935	10.6227
932.249	10.5987
932.602	11.5913
932.902	13.7775
933.217	9.45741
933.518	13.3947
933.852	9.87695
934.153	13.1156
934.499	10.1369
934.799	13.0986
935.145	10.1369
935.445	13.0986
935.791	10.1369
936.091	13.0986
936.437	10.1369
936.737	13.0986
937.088	10.1713
937.389	12.996
937.75	10.3257
938.051	12.7392
938.352	12.5575
938.719	9.78505
939.019	11.9804
939.32	11.6007
939.62	11.3842
939.921	10.1656
940.273	11.1653
940.574	13.2751
940.933	10.1523
941.234	12.4197
941.535	12.0393
941.836	11.8399
942.136	11.5811
942.437	11.4213
942.737	9.50649
943.038	10.623
943.358	10.8775
943.709	11.4897
944.009	13.7775
944.318	9.23016
944.619	13.3782
944.953	9.73329
945.254	13.1385
945.599	9.9437
945.899	12.9389
946.25	10.1219
946.551	12.9389
946.901	10.1219
947.202	12.9389
947.553	10.1219
947.853	12.9389
948.205	10.1409
948.506	12.9562
948.864	10.1821
949.165	12.6593
949.465	12.4597
949.829	9.67184
950.129	11.9804
950.43	11.6007
950.731	9.54627
951.056	11.1082
951.418	11.4048
951.719	13.3149
952.075	9.82337
952.376	12.3183
952.677	11.8606
952.978	11.6007
953.279	11.4014
953.579	11.1817
953.905	8.34188
954.235	11.5121
954.579	11.4737
954.937	11.4548
955.238	13.5379
955.56	9.465
955.861	13.1156
956.202	9.80479
956.503	12.9562
956.856	9.99368
957.157	12.7791
957.513	10.1074
957.814	12.7791
958.17	10.1074
958.47	12.7791
958.826	10.1074
959.127	12.8191
959.484	10.1261
959.785	12.7568
960.085	12.6194
960.43	9.1788
960.731	12.2999
961.032	12.0791
961.332	11.7808
961.641	9.98522
961.942	10.8446
962.291	11.559
962.591	13.6577
962.932	9.8199
963.233	12.5795
963.533	12.1801
963.834	11.9197
964.135	11.7203
964.436	11.5012
964.736	11.3415
965.061	8.39235
965.392	11.5119
965.74	11.5077
966.098	11.4715
966.399	13.6178
966.719	9.45215
967.02	13.3149
967.358	9.80495
967.659	13.0359
968.007	10.0453
968.308	12.9389
968.659	10.1219
968.959	12.9389
969.31	10.1219
969.611	12.9389
969.962	10.1219
970.263	12.9562
970.614	10.1409
970.915	12.8366
971.282	10.3266
971.583	12.4996
971.883	12.3398
972.184	12.0603
972.484	11.7808
972.785	9.62536
973.093	9.06822
973.448	11.506
973.749	13.4744
974.096	9.7453
974.396	12.4197
974.697	12.0603
974.998	11.7203
975.299	11.6007
975.6	11.242
975.93	8.4635
976.26	11.3303
976.603	11.3515
976.962	11.3879
977.262	13.5379
977.58	9.36362
977.881	13.1555
978.22	9.80996
978.521	12.9562
978.87	10.0453
979.17	12.9389
979.521	10.1219
979.821	12.9389
980.172	10.1219
980.473	12.9389
980.824	10.1219
981.125	12.9562
981.479	10.0169
981.78	12.8366
982.146	10.2398
982.447	12.4597
982.748	12.2386
983.049	12.119
983.423	9.29086
983.727	11.5023
984.082	10.6787
984.44	11.4548
984.741	13.3382
985.092	9.86777
985.393	12.22
985.694	12.0393
985.995	11.7602
986.296	11.4811
986.596	11.2616
986.935	8.82027
987.264	11.3303
987.608	11.3515
987.966	11.3879
988.267	13.5379
988.585	9.33277
988.886	13.1555
989.225	9.80996
989.526	12.9562
989.875	10.0453
990.176	12.9389
990.527	10.1219
990.827	12.9389
991.178	10.1219
991.478	12.9389
991.829	10.1219
992.13	12.9562
992.485	10.0169
992.786	12.8366
993.152	10.2398
993.452	12.4597
993.753	12.2386
994.054	12.119
994.429	9.29086
994.732	11.5023
995.088	10.6967
995.446	11.4883
995.747	13.2983
996.099	9.90645
996.4	12.22
996.7	12.0603
997.001	11.7009
997.302	11.4811
997.602	11.2616
997.947	9.12511
998.277	11.5121
998.621	11.4912
998.979	11.4548
999.28	13.5143
999.602	9.48047
999.902	13.1385
1000.24	9.85025
1000.54	12.9562
