10.7521	5.75507
11.3771	9.56224
12.0228	5.94702
12.6411	4.59982
13.2546	7.80408
13.8697	10.3788
14.4701	12.1508
15.0705	11.9924
15.6757	12.3136
16.2762	11.6512
16.8766	12.1908
17.4771	11.9509
18.0774	12.2123
18.6805	11.9387
19.281	12.1508
19.8841	11.302
20.5034	11.8185
21.1118	12.6641
21.7122	11.4913
22.3274	11.7627
22.9357	12.6641
23.543	11.4213
24.1435	12.5305
24.7486	11.1437
25.3491	12.0509
25.9495	11.9524
26.5652	11.6747
27.1719	11.985
27.7724	12.2507
28.3728	11.831
28.9779	11.3236
29.5821	11.9974
30.1909	11.8648
30.7961	11.699
31.3966	12.0908
32.0201	11.2963
32.6206	12.1308
33.221	11.9709
33.8441	11.2865
34.4472	12.0979
35.0476	11.6712
35.6481	12.3706
36.2632	11.3336
36.8636	12.1723
37.4641	11.5912
38.0645	11.6911
38.6666	11.4213
39.267	11.891
39.8674	11.5722
40.4679	12.3512
41.0988	10.9173
41.7181	11.6829
42.3585	11.7305
42.959	12.6704
43.5594	11.2115
44.1804	11.4407
44.7808	12.6904
45.3813	11.1915
46.0159	11.4213
46.6268	12.3347
47.2651	11.0171
47.866	11.5625
48.4665	12.0309
49.0769	11.2444
49.6774	12.3107
50.2778	11.9709
50.8783	11.5317
51.5055	10.7143
52.1059	11.931
52.7116	11.4114
53.3504	11.628
53.9997	11.6616
54.6511	11.6056
55.3026	11.6056
55.954	11.6056
56.6075	11.6233
57.2079	12.5105
57.8226	10.7966
58.423	12.1308
59.0234	11.8125
59.6239	11.9909
60.2243	11.5113
60.8248	11.5712
61.4252	11.911
62.0256	11.4727
62.6481	10.872
63.2486	11.7311
63.8706	11.595
64.4747	11.9577
65.0752	12.0709
65.6872	10.8821
66.2987	11.8923
66.8991	12.0509
67.5132	10.9035
68.1373	11.9405
68.7378	11.5313
69.3382	12.1508
69.9386	11.5727
70.5569	11.6057
71.1574	11.9509
71.7626	11.3024
72.3951	11.1368
72.9954	12.3522
73.6111	11.3824
74.2116	11.7311
74.8278	11.4895
75.4682	11.6368
76.0686	12.4706
76.6712	10.6944
77.2921	11.6726
77.8926	12.4506
78.4962	10.6957
79.1282	11.6967
79.7286	11.9709
80.3842	11.1651
80.9883	11.4823
81.5887	11.911
82.1981	10.9487
82.7986	12.3107
83.399	11.7911
83.9994	11.3923
84.6367	10.6026
85.2371	11.851
85.8397	11.2322
86.4774	11.4966
87.1272	11.4675
87.7787	11.4213
88.4301	11.4213
89.0815	11.4213
89.736	11.458
90.4011	11.4935
91.0016	12.4506
91.6698	10.6312
92.2702	12.1323
92.8706	11.6911
93.4847	10.6495
94.0852	12.1108
94.6857	11.6112
95.3097	10.9227
95.9101	12.3307
96.5106	11.5513
97.111	10.9917
97.7414	11.2691
98.3923	11.4306
99.0437	11.4213
99.6951	11.4213
100.347	11.4213
101.004	11.4943
101.605	12.6704
102.237	10.3589
102.838	11.7511
103.467	11.232
104.087	11.4988
104.687	12.5905
105.351	10.508
105.956	11.4813
106.556	12.1118
107.157	12.0109
107.757	11.3314
108.358	10.8518
109.004	11.4492
109.656	11.4213
110.307	11.4213
110.959	11.4213
111.612	11.4397
112.275	11.5029
112.875	12.5305
113.529	10.5315
114.134	11.4525
114.734	12.0109
115.353	11.0435
115.954	12.2307
116.554	11.7511
117.155	11.4523
117.771	10.5742
118.371	11.5313
118.993	11.4021
119.636	11.4587
120.288	11.4398
120.939	11.4213
121.591	11.4213
122.242	11.4213
122.9	11.4578
123.5	12.6704
124.129	10.2372
124.729	11.7311
125.36	11.2706
125.974	11.304
126.574	12.5105
127.23	10.2865
127.831	11.4014
128.441	11.7081
129.041	11.7311
129.642	11.1116
130.266	11.1329
130.914	11.3658
131.566	11.4213
132.217	11.4213
132.868	11.4213
133.522	11.403
134.184	11.3398
134.785	12.4106
135.439	10.3397
136.04	11.7126
136.64	11.871
137.251	10.6848
137.852	12.2307
138.452	11.6911
139.052	11.2124
139.678	10.8752
140.279	11.5912
140.887	11.1553
141.527	11.3838
142.178	11.3844
142.829	11.4213
143.48	11.4213
144.132	11.4213
144.786	11.3847
145.454	11.3764
146.055	12.2907
146.655	11.871
147.277	10.5158
147.877	11.4513
148.544	11.4303
149.145	11.9509
149.745	11.5912
150.345	11.7326
150.946	11.891
151.546	11.2115
152.147	10.7918
152.791	11.412
153.443	11.4213
154.094	11.4213
154.746	11.4213
155.398	11.4213
156.06	11.4576
156.66	12.5305
157.312	10.4266
157.913	11.3729
158.514	11.871
159.119	10.6084
159.719	12.2307
160.32	11.6911
160.92	11.2124
161.535	10.7098
162.136	11.6712
162.738	11.1423
163.377	11.3932
164.026	11.3659
164.678	11.4213
165.329	11.4213
165.981	11.4213
166.634	11.403
167.3	11.3673
167.901	12.3706
168.57	10.4793
169.17	12.2722
169.77	11.7111
170.371	10.3721
170.971	12.0709
171.572	11.6512
172.172	11.2324
172.799	10.9144
173.399	11.6312
174.002	11.1627
174.641	11.4026
175.288	11.4028
175.94	11.4213
176.591	11.4213
177.243	11.4213
177.895	11.4213
178.561	11.4123
179.161	12.3706
179.831	10.4987
180.484	11.845
181.088	11.4412
181.689	12.7503
182.332	10.2186
182.933	11.5113
183.533	13.0512
184.167	12.6904
184.767	13.6896
185.43	12.0368
186.031	13.0501
186.631	12.9302
187.232	12.9302
187.885	11.4489
188.485	12.9302
189.085	13.6314
189.686	13.4098
190.286	12.2507
190.887	13.6696
191.487	13.2699
192.088	12.9902
192.733	12.268
193.334	13.25
193.937	12.7832
194.575	13.0503
195.222	13.0424
195.874	13.0793
196.525	13.0793
197.177	13.0793
197.83	13.0661
198.43	14.1093
199.044	11.7343
199.644	13.19
200.244	13.0717
200.845	12.9902
201.445	11.6911
202.046	13.17
202.646	12.7104
203.247	12.3722
203.867	11.7598
204.468	12.5305
205.083	12.3089
205.726	12.4749
206.378	12.5165
207.03	12.5266
207.681	12.5266
208.332	12.5266
208.99	12.4713
209.59	13.5497
210.215	11.2388
210.815	12.5305
211.415	12.7119
212.074	10.9565
212.674	13.15
213.321	10.8183
213.921	11.9909
214.531	12.3878
215.131	12.3906
215.732	11.7911
216.347	11.6652
216.994	11.9864
217.646	11.974
218.297	11.974
218.949	11.974
219.601	11.9643
220.262	11.9747
220.862	12.9702
221.514	10.8784
222.115	11.7023
222.716	12.2307
223.32	10.955
223.921	12.5505
224.521	12.0109
225.122	11.5322
225.737	11.0515
226.338	11.9909
226.94	11.4213
227.578	11.6376
228.227	11.6616
228.879	11.6056
229.53	11.6056
230.182	11.6056
230.835	11.6233
231.501	11.6555
232.102	12.6104
232.771	10.7664
233.423	12.0664
234.025	11.6703
234.693	11.6819
235.294	12.2307
235.894	11.8111
236.494	12.3921
237.108	10.8243
237.708	11.8111
238.329	11.6919
238.972	11.7199
239.622	11.7535
240.274	11.7898
240.925	11.7898
241.577	11.7898
242.233	11.732
242.834	12.9102
243.461	10.5222
244.061	11.891
244.679	11.3352
245.288	11.6183
245.888	12.8303
246.536	10.4572
247.136	11.6712
247.781	11.8315
248.382	12.0709
248.982	11.4114
249.601	11.2856
250.251	11.5874
250.903	11.6056
251.554	11.6056
252.205	11.6056
252.857	11.5962
253.522	11.5748
254.122	12.6104
254.776	10.5583
255.378	11.5124
255.979	12.0509
256.583	10.746
257.183	12.3906
257.784	11.851
258.384	11.3719
259.015	10.2606
259.615	11.7511
260.223	11.2338
260.863	11.4589
261.512	11.4768
262.164	11.4213
262.815	11.4213
263.466	11.4213
264.121	11.458
264.787	11.4754
265.387	12.4306
266.059	10.617
266.713	11.826
267.32	11.4807
267.92	12.7903
268.566	10.2597
269.166	11.5712
269.815	11.8389
270.415	12.0709
271.016	11.3314
271.622	10.9661
272.269	11.4955
272.925	11.5036
273.582	11.5127
274.239	11.5127
274.896	11.5035
275.558	11.4939
276.158	12.5905
276.804	10.4084
277.404	11.5118
278.005	12.2118
278.614	11.037
279.214	12.3906
279.814	11.851
280.415	11.4913
281.061	10.6054
281.661	11.7911
282.262	11.1915
282.897	11.3835
283.545	11.4676
284.197	11.4213
284.848	11.4213
285.5	11.4213
286.153	11.4397
286.818	11.4574
287.419	12.4506
288.082	10.4801
288.682	12.1523
289.282	11.5912
289.898	10.5923
290.498	12.0709
291.098	11.5712
291.699	11.1729
292.327	10.6383
292.928	11.4114
293.55	11.3249
294.193	11.3467
294.844	11.4029
295.495	11.4213
296.147	11.4213
296.798	11.4213
297.455	11.3665
298.055	12.5905
298.686	10.2136
299.287	11.5712
299.912	10.9812
300.526	11.2066
301.127	12.4306
301.785	10.2172
302.387	11.3018
302.992	11.7004
303.592	11.831
304.193	11.1915
304.799	10.8473
305.446	11.3378
306.097	11.4213
306.748	11.4213
307.4	11.4213
308.052	11.4121
308.713	11.3306
309.313	12.4506
309.959	10.2328
310.56	11.3124
311.16	12.0913
311.775	10.9918
312.375	12.3706
312.976	11.7711
313.576	11.3514
314.228	10.4378
314.828	11.5912
315.43	11.0227
316.068	11.3461
316.718	11.3752
317.369	11.4213
318.021	11.4213
318.672	11.4213
319.327	11.3847
319.992	11.3492
320.592	12.3506
321.26	10.4239
321.86	12.4121
322.461	11.5513
323.062	10.2742
323.663	12.0709
324.263	11.5712
324.911	10.9687
325.511	12.2507
326.112	11.4313
326.712	10.9517
327.33	10.9163
327.981	11.4029
328.633	11.4213
329.284	11.4213
329.936	11.4213
330.592	11.3665
331.193	12.6304
331.822	10.201
332.423	11.7311
333.066	11.5439
333.681	11.4409
334.281	12.6304
334.942	10.4128
335.546	11.5013
336.146	12.7109
336.747	11.891
337.347	11.2115
337.963	11.09
338.613	11.5136
339.27	11.5127
339.926	11.5127
340.583	11.5127
341.241	11.5126
341.906	11.5025
342.507	12.5105
343.168	10.5679
343.768	12.1523
344.368	11.7111
344.969	10.4521
345.569	12.2108
346.17	11.7111
346.82	10.3524
347.421	12.3506
348.079	10.4923
348.704	11.3925
349.346	11.4494
349.998	11.4398
350.649	11.4213
351.301	11.4213
351.952	11.4213
352.609	11.4396
353.209	12.6704
353.836	10.2161
354.437	11.7311
355.073	11.3567
355.68	11.3126
356.28	12.6704
356.924	10.2
357.524	11.5113
358.125	12.1523
358.747	10.7268
359.347	11.5513
359.967	11.373
360.607	11.4401
361.258	11.4213
361.909	11.4213
362.561	11.4213
363.212	11.4213
363.866	11.4397
364.467	12.6904
365.092	10.2504
365.693	11.7311
366.312	11.0936
366.923	11.3919
367.524	12.6704
368.171	10.2718
368.771	11.5113
369.412	11.6752
370.012	12.0709
370.613	11.3914
371.223	11.0478
371.869	11.4771
372.521	11.4213
373.172	11.4213
373.824	11.4213
374.475	11.4306
375.137	11.4667
375.737	12.6304
376.381	10.4051
376.981	11.5517
377.582	12.0319
378.207	11.3446
378.807	12.3906
379.408	11.851
380.008	11.4123
380.649	10.5043
381.249	11.7511
381.857	11.3225
382.498	11.5524
383.147	11.5507
383.798	11.6056
384.45	11.6056
385.101	11.6056
385.756	11.568
386.356	12.7903
386.974	10.2753
387.574	11.9509
388.175	12.1723
388.832	10.5259
389.494	11.4123
390.094	12.0908
390.695	11.6112
391.321	10.6561
391.921	12.2507
392.522	11.5113
393.122	10.9317
393.744	11.0741
394.396	11.4398
395.047	11.4213
395.699	11.4213
396.35	11.4213
397.008	11.4578
397.608	12.6704
398.236	10.2372
398.837	11.7311
399.455	10.9666
400.067	11.2644
400.667	12.5105
401.32	10.2259
401.92	11.3514
402.525	11.7599
403.126	11.891
403.726	11.2115
404.338	10.9896
404.984	11.3656
405.635	11.4213
406.286	11.4213
406.938	11.4213
407.59	11.4121
408.251	11.376
408.852	12.4706
409.497	10.3053
410.097	11.4123
410.698	12.2312
411.298	10.8718
411.899	12.3706
412.569	10.4822
413.174	11.4213
413.774	11.6526
414.374	11.7711
414.975	11.1915
415.596	11.1315
416.245	11.4676
416.896	11.4213
417.547	11.4213
418.199	11.4213
418.851	11.4213
419.515	11.4666
420.115	12.4506
420.776	10.4855
421.376	12.1923
421.976	11.9709
422.584	10.7297
423.184	12.2108
423.785	11.6911
424.426	10.974
425.027	12.2507
425.627	11.4313
426.228	10.9317
426.854	11.1531
427.505	11.4398
428.157	11.4213
428.808	11.4213
429.46	11.4213
430.117	11.4578
430.718	12.6704
431.347	10.2582
431.948	11.7311
432.567	10.948
433.178	11.2644
433.779	12.5105
434.431	10.2259
435.032	11.3514
435.64	11.6888
436.24	11.7511
436.84	11.0916
437.46	11.0435
438.107	11.3472
438.758	11.4213
439.41	11.4213
440.061	11.4213
440.714	11.3938
441.377	11.3489
441.978	12.4706
442.627	10.2386
443.228	11.2625
443.828	11.6916
444.442	10.5804
445.042	12.0709
445.643	11.5313
446.243	11.0525
446.881	10.6415
447.482	11.5313
448.089	11.0459
448.732	11.2626
449.384	11.2374
450.036	11.2371
450.687	11.2371
451.338	11.2371
451.994	11.2566
452.663	11.2688
453.263	12.2108
453.864	11.7711
454.485	10.4475
455.086	11.4513
455.748	11.4213
456.349	12.0709
456.949	11.5513
457.563	11.2175
458.164	12.0309
458.764	11.4114
459.365	10.9317
460.007	11.4867
460.653	11.5142
461.3	11.5142
461.946	11.5142
462.592	11.5049
463.25	11.4943
463.851	12.6704
464.486	10.3161
465.086	11.5513
465.699	11.795
466.322	11.5464
466.923	12.5305
467.594	10.6253
468.201	11.5206
468.801	11.832
469.402	11.871
470.002	11.2115
470.621	11.1499
471.272	11.495
471.929	11.5127
472.586	11.5127
473.242	11.5127
473.9	11.5126
474.566	11.5114
475.167	12.4506
475.833	10.5927
476.433	12.1523
477.034	11.6911
477.642	10.5049
478.243	12.0709
478.843	11.6512
479.472	10.7066
480.073	12.2307
480.673	11.4313
481.273	10.9317
481.9	11.1531
482.55	11.4213
483.201	11.4213
483.853	11.4213
484.504	11.4213
485.16	11.4213
485.76	12.6704
486.39	10.2582
486.99	11.7311
487.611	11.0748
488.224	11.3626
488.824	12.6304
489.474	10.2589
490.075	11.4913
490.704	11.4795
491.305	12.0509
491.905	11.3314
492.518	11.0883
493.164	11.4771
493.815	11.4213
494.467	11.4213
495.118	11.4213
495.77	11.4306
496.431	11.4667
497.032	12.6304
497.675	10.4051
498.276	11.5118
498.876	12.1918
499.49	11.128
500.09	12.3906
500.691	11.851
501.291	11.4913
501.941	10.6373
502.541	11.7911
503.142	11.1915
503.782	11.4869
504.434	11.5226
505.091	11.5127
505.747	11.5127
506.404	11.5127
507.062	11.5126
507.729	11.4933
508.329	12.4306
509.001	10.617
509.655	11.8355
510.259	11.4611
510.859	12.7703
511.503	10.2289
512.104	11.5712
512.753	11.8204
513.353	12.0509
513.953	11.3314
514.561	10.9866
515.208	11.4955
515.864	11.5036
516.521	11.5127
517.177	11.5127
517.835	11.5035
518.497	11.4939
519.097	12.5905
519.744	10.383
520.345	11.4223
520.946	12.2312
521.557	11.0776
522.157	12.3906
522.757	11.851
523.358	11.4913
524.012	10.4776
524.612	11.871
525.213	11.2115
525.843	11.3642
526.492	11.4583
527.144	11.4213
527.795	11.4213
528.447	11.4213
529.1	11.4397
529.764	11.4756
530.365	12.4905
531.026	10.5051
531.626	12.1523
532.227	11.7111
532.828	10.4629
533.428	12.2307
534.029	11.7311
534.629	11.3323
535.251	10.7847
535.852	11.5912
536.472	11.373
537.114	11.4774
537.764	11.4583
538.416	11.4213
539.067	11.4213
539.719	11.4213
540.375	11.4762
540.976	12.7304
541.599	10.2571
542.2	11.871
542.834	11.5646
543.442	11.5594
544.043	12.7703
544.695	10.3914
545.295	11.5712
545.939	11.7677
546.539	12.0509
547.14	11.3914
547.746	11.035
548.395	11.5692
549.047	11.6146
549.698	11.6056
550.35	11.6056
551.002	11.5962
551.663	11.5664
552.264	12.6104
552.91	10.4456
553.51	11.4918
554.113	11.2432
554.747	11.3077
555.347	12.2507
555.947	11.7511
556.548	11.1924
557.181	10.0853
557.781	11.5912
558.385	11.0536
559.022	11.3271
559.669	11.3286
560.315	11.3285
560.961	11.3285
561.607	11.3285
562.259	11.3292
562.923	11.331
563.523	12.3506
564.19	10.4141
564.791	11.9924
565.391	11.3914
566.007	10.3689
566.607	11.911
567.208	11.4114
567.808	10.7532
568.409	11.891
569.009	11.2115
569.612	10.7846
570.258	11.3656
570.91	11.4213
571.561	11.4213
572.213	11.4213
572.865	11.4121
573.526	11.376
574.126	12.4506
574.773	10.3071
575.373	11.4123
575.973	12.2312
576.584	11.0776
577.185	12.3706
577.785	11.851
578.386	11.3719
579.017	10.3091
579.617	11.7511
580.224	11.2237
580.864	11.4589
581.513	11.4768
582.165	11.4213
582.816	11.4213
583.468	11.4213
584.122	11.458
584.788	11.4754
585.389	12.4506
586.059	10.6158
586.715	11.8708
587.324	11.5594
587.924	12.7703
588.576	10.3914
589.177	11.5712
589.808	11.5463
590.408	12.0509
591.009	11.3914
591.623	11.2066
592.273	11.5783
592.925	11.6056
593.576	11.6056
594.227	11.6056
594.879	11.5962
595.543	11.5659
596.144	12.6104
596.797	10.5301
597.398	11.4223
597.998	11.9714
598.612	10.9621
599.213	12.2907
599.813	11.7711
600.414	11.3319
601.061	10.4765
601.661	11.6712
602.265	11.1728
602.904	11.4495
603.555	11.4583
604.206	11.4213
604.857	11.4213
605.509	11.4213
606.162	11.4397
606.83	11.4483
607.43	12.3706
608.104	10.5757
608.759	11.8715
609.367	11.5004
609.967	12.7503
610.616	10.3208
611.216	11.5113
611.844	11.4323
612.445	12.0109
613.045	11.3314
613.653	11.0071
614.301	11.4584
614.952	11.4213
615.603	11.4213
616.255	11.4213
616.907	11.4121
617.567	11.4668
618.168	12.5905
618.814	10.3628
619.415	11.4223
620.015	12.2312
620.633	11.2176
621.234	12.3906
621.834	11.851
622.435	11.4913
623.09	10.7906
623.69	11.871
624.291	11.2115
624.927	11.4685
625.577	11.5136
626.234	11.5127
626.891	11.5127
627.547	11.5127
628.205	11.5126
628.871	11.5114
629.471	12.4905
630.137	10.5733
630.737	12.1723
631.337	11.7111
631.938	10.4321
632.538	12.1108
633.139	11.6712
633.739	11.2329
634.359	10.6367
634.959	11.5513
635.575	11.2948
636.217	11.4681
636.868	11.4398
637.519	11.4213
638.171	11.4213
638.822	11.4213
639.478	11.458
640.078	12.6704
640.705	10.2332
641.305	11.7511
641.943	11.5732
642.55	11.5004
643.15	12.7503
643.799	10.3208
644.4	11.5113
645.028	11.4509
645.629	11.931
646.229	11.3114
646.847	11.1494
647.494	11.4584
648.146	11.4213
648.797	11.4213
649.449	11.4213
650.101	11.4213
650.763	11.4576
651.363	12.5305
652.014	10.4065
652.614	11.4323
653.215	11.8915
653.841	11.0288
654.442	12.2307
655.042	11.6911
655.643	11.2124
656.287	10.4258
656.888	11.6712
657.493	11.1437
658.132	11.4026
658.782	11.3844
659.433	11.4213
660.085	11.4213
660.736	11.4213
661.39	11.403
662.057	11.3854
662.657	12.3706
663.33	10.5469
663.93	12.8918
664.531	11.4513
665.139	10.4063
665.74	12.0709
666.34	11.5912
666.958	11.1015
667.558	12.0908
668.159	11.4114
668.759	10.9117
669.403	11.44
670.054	11.4213
670.706	11.4213
671.357	11.4213
672.009	11.4213
672.669	11.4486
673.269	12.6304
673.911	10.3643
674.511	11.5712
675.112	11.2928
675.733	11.1993
676.334	12.3506
677.007	10.4673
677.613	11.362
678.224	10.9124
678.825	11.831
679.425	11.1316
680.056	11.2881
680.704	11.3751
681.356	11.4213
682.007	11.4213
682.659	11.4213
683.311	11.4213
683.975	11.3761
684.575	12.4506
685.235	10.4855
685.836	12.1523
686.436	11.7111
687.056	10.8304
687.656	12.2108
688.256	11.7111
688.857	11.6926
689.46	10.5657
690.06	11.7311
690.669	11.2635
691.31	11.4775
691.96	11.4583
692.611	11.4213
693.263	11.4213
693.914	11.4213
694.569	11.458
695.169	12.7503
695.79	10.2512
696.39	11.911
697.04	11.0256
697.64	11.4114
698.303	11.3308
698.904	12.0109
699.504	11.5313
700.135	10.7284
700.735	12.2507
701.336	11.5313
701.936	10.9917
702.557	11.0542
703.209	11.4398
703.86	11.4213
704.512	11.4213
705.163	11.4213
705.821	11.4578
706.421	12.6704
707.05	10.2582
707.651	11.7311
708.28	11.232
708.895	11.3237
709.495	12.5105
710.151	10.2865
710.751	11.3914
711.361	11.6985
711.961	11.7311
712.562	11.1116
713.185	11.1517
713.833	11.3658
714.484	11.4213
715.136	11.4213
715.787	11.4213
716.441	11.403
717.103	11.3398
717.704	12.4506
718.357	10.3196
718.957	11.5527
719.558	11.871
720.171	10.7369
720.772	12.2307
721.372	11.6911
721.973	11.2124
722.603	10.7555
723.204	11.4313
723.818	11.2066
724.459	11.3652
725.11	11.3844
725.761	11.4213
726.412	11.4213
727.064	11.4213
727.72	11.3573
728.32	12.6504
728.942	10.0987
729.542	11.7311
730.189	11.0889
730.793	11.3418
731.462	11.3586
732.063	11.931
732.663	11.4513
733.283	11.1323
733.883	11.891
734.484	11.2115
735.088	10.8453
735.734	11.3563
736.385	11.4213
737.037	11.4213
737.688	11.4213
738.34	11.4121
739	11.3486
739.6	12.5105
740.242	10.2437
740.843	11.3918
741.443	11.4922
742.07	11.2492
742.671	12.3706
743.341	10.4107
743.948	11.3426
744.548	12.3117
745.149	11.5912
745.749	10.9917
746.352	10.6745
747	11.3566
747.652	11.4213
748.303	11.4213
748.955	11.4213
749.609	11.3847
750.274	11.3401
750.874	12.3506
751.538	10.3452
752.138	11.9324
752.738	11.3514
753.339	10.1035
753.94	11.911
754.54	11.3714
755.141	11.1725
755.767	10.3674
756.367	11.2115
756.996	11.2113
757.643	11.2359
758.295	11.2374
758.947	11.2371
759.598	11.2371
760.25	11.2371
760.909	11.2395
761.51	12.4306
762.146	10.1293
762.747	11.4114
763.355	11.5411
763.972	11.3046
764.572	12.5105
765.227	10.2398
765.828	11.3514
766.433	11.7599
767.033	11.891
767.634	11.2115
768.246	10.9708
768.892	11.3656
769.544	11.4213
770.195	11.4213
770.846	11.4213
771.498	11.4121
772.16	11.376
772.76	12.4506
773.406	10.3071
774.007	11.4123
774.607	12.2312
775.214	10.9961
775.814	12.3706
776.415	11.851
777.015	11.3719
777.652	10.5171
778.252	11.8111
778.853	11.1915
779.485	11.3929
780.132	11.4121
780.783	11.4213
781.434	11.4213
782.086	11.4213
782.738	11.4213
783.4	11.4395
784.001	12.4905
784.662	10.4953
785.262	12.2123
785.925	10.7335
786.586	11.4395
787.186	12.0908
787.787	11.6512
788.423	10.8657
789.023	12.2507
789.624	11.5113
790.224	10.9317
790.859	11.3079
791.51	11.4306
792.161	11.4213
792.812	11.4213
793.464	11.4213
794.123	11.476
794.723	12.6704
795.357	10.3417
795.957	11.7311
796.576	11.5003
797.199	11.5562
797.799	12.5905
798.469	10.5883
799.074	11.5702
799.678	11.8098
800.279	11.891
800.879	11.3114
801.503	11.2963
802.154	11.5871
802.806	11.6056
803.457	11.6056
804.109	11.6056
804.762	11.5776
805.426	11.5568
806.027	12.5305
806.684	10.5456
807.288	11.373
807.888	11.7911
808.509	10.8416
809.11	12.1108
809.71	11.6112
810.31	11.1729
810.922	10.3723
811.523	11.4313
812.139	11.207
812.778	11.3276
813.426	11.3286
814.072	11.3285
814.718	11.3285
815.364	11.3285
816.019	11.3297
816.685	11.3313
817.285	12.2307
817.886	11.7311
818.495	9.97395
819.101	11.2137
819.702	12.5105
820.35	10.0885
820.953	11.3118
821.553	11.5727
822.153	11.7311
822.754	11.1116
823.37	10.9832
824.018	11.3658
824.67	11.4213
825.321	11.4213
825.973	11.4213
826.626	11.403
827.29	11.358
827.89	12.3706
828.548	10.4096
829.149	12.1923
829.749	11.9709
830.35	10.592
830.95	12.2108
831.55	11.7511
832.151	11.3523
832.76	10.5352
833.361	11.5912
833.981	11.373
834.623	11.4774
835.273	11.4583
835.925	11.4213
836.576	11.4213
837.228	11.4213
837.884	11.4762
838.485	12.6904
839.109	10.2783
839.71	11.831
840.345	11.5548
840.951	11.461
841.551	12.7903
842.194	10.2166
842.794	11.5513
843.438	11.7581
844.038	12.0709
844.639	11.3514
845.239	10.9117
845.879	11.3557
846.531	11.4306
847.182	11.4213
847.833	11.4213
848.485	11.4213
849.144	11.4304
849.745	12.6304
850.381	10.2717
850.982	11.5712
851.598	11.6952
852.225	11.4118
852.826	12.4306
853.497	10.5277
854.103	11.452
854.703	12.5105
855.304	11.7511
855.904	11.0916
856.509	10.8067
857.158	11.4768
857.81	11.4213
858.461	11.4213
859.113	11.4213
859.767	11.458
860.433	11.4754
861.034	12.4506
861.704	10.6158
862.358	11.9089
862.966	11.5594
863.567	12.7703
864.219	10.3914
864.82	11.5712
865.463	11.7677
866.064	12.0509
866.664	11.3914
867.27	11.035
867.919	11.5692
868.571	11.6146
869.223	11.6056
869.874	11.6056
870.526	11.5962
871.188	11.5664
871.788	12.6104
872.434	10.4456
873.034	11.4918
873.637	11.2432
874.271	11.3077
874.871	12.2507
875.472	11.7511
876.072	11.1924
876.705	10.0853
877.306	11.5912
877.909	11.0536
878.546	11.3271
879.193	11.3286
879.839	11.3285
880.486	11.3285
881.132	11.3285
881.783	11.3292
882.447	11.331
883.048	12.3506
883.715	10.4141
884.315	11.9924
884.916	11.3514
885.532	10.3901
886.133	11.911
886.733	11.3714
887.334	10.7532
887.934	11.891
888.535	11.2115
889.139	10.8056
889.785	11.3656
890.436	11.4213
891.088	11.4213
891.739	11.4213
892.391	11.4121
893.052	11.376
893.653	12.4506
894.299	10.3071
894.899	11.4123
895.5	12.2312
896.111	11.0776
896.711	12.3706
897.312	11.851
897.912	11.4313
898.565	10.6685
899.165	11.7911
899.765	11.1316
900.402	11.4025
901.051	11.4676
901.702	11.4213
902.354	11.4213
903.005	11.4213
903.659	11.4397
904.324	11.4574
904.924	12.4506
905.588	10.4997
906.189	12.1123
906.848	10.6478
907.508	11.385
908.108	12.0709
908.709	11.5313
909.309	11.2329
909.934	10.7687
910.535	11.5513
911.152	11.2755
911.793	11.3746
912.445	11.4029
913.096	11.4213
913.748	11.4213
914.399	11.4213
915.055	11.3847
915.655	12.6504
916.28	10.2014
916.88	11.7511
917.523	11.5067
918.133	11.3919
918.734	12.6704
919.382	10.2922
919.983	11.5113
920.59	11.8868
921.191	12.1708
921.791	11.4114
922.397	11.035
923.043	11.4864
923.694	11.4213
924.345	11.4213
924.997	11.4213
925.649	11.4306
926.309	11.4941
926.909	12.6104
927.552	10.4509
928.153	11.5517
928.753	11.7521
929.373	11.373
929.974	12.5105
930.645	10.5896
931.248	11.5506
931.858	11.8852
932.459	11.9509
933.059	11.2914
933.674	11.158
934.319	11.4958
934.965	11.5142
935.612	11.5142
936.258	11.5142
936.906	11.4954
937.566	11.4941
938.166	12.6104
938.813	10.3729
939.414	11.4128
940.015	12.0509
940.615	10.6719
941.216	12.3706
941.889	10.4948
942.494	11.4114
943.094	11.6126
943.695	11.7711
944.295	11.1915
944.902	10.8681
945.548	11.4121
946.199	11.4213
946.851	11.4213
947.502	11.4213
948.155	11.4213
948.814	11.394
949.415	12.4506
950.068	10.3563
950.673	11.3136
951.273	11.7111
951.888	10.6118
952.489	12.0709
953.089	11.4713
953.69	11.093
954.298	10.435
954.898	11.5313
955.509	11.1169
956.152	11.328
956.806	11.3295
957.462	11.33
958.119	11.33
958.776	11.33
959.434	11.3301
960.034	12.5905
960.66	10.1267
961.26	11.7511
961.889	11.3846
962.49	11.4114
963.157	11.3854
963.757	11.911
964.358	11.5113
965.011	11.0642
965.611	12.0908
966.212	11.4114
966.812	10.9317
967.436	11.0945
968.087	11.4121
968.739	11.4213
969.39	11.4213
970.041	11.4213
970.696	11.403
971.296	12.6104
971.927	10.2031
972.527	11.5712
973.158	11.0327
973.779	11.2376
974.379	12.3706
975.046	10.3062
975.652	11.2935
976.252	12.2912
976.911	10.4559
977.53	11.305
978.169	11.3181
978.819	11.3752
979.47	11.4213
980.122	11.4213
980.773	11.4213
981.429	11.3573
982.096	11.3313
982.696	12.2307
983.373	10.4282
984.031	11.623
984.643	11.1859
985.243	12.4706
985.898	10.1564
986.5	11.3118
987.103	11.5522
987.703	11.7311
988.304	11.1116
988.917	10.9324
989.564	11.3378
990.215	11.4213
990.867	11.4213
991.518	11.4213
992.171	11.3938
992.833	11.3216
993.433	12.4706
994.081	10.2181
994.682	11.2825
995.283	11.7716
995.913	11.0787
996.514	12.0908
997.114	11.6112
997.714	11.1924
998.34	10.7409
998.941	11.5513
999.551	11.1068
1000.19	11.3652
1000.84	8.9343
