10.4032	2.57346
10.704	16.5947
11.0044	12.0218
11.3046	10.9153
11.8671	4.60809
12.1702	1.54388
12.4743	4.69527
12.779	5.47493
13.0821	6.21607
13.3862	7.29937
13.6898	8.37915
13.9929	9.73983
14.2936	10.537
14.6019	11.363
14.904	10.3686
15.2056	10.1869
15.5058	8.91312
15.8074	10.5421
16.1077	10.5094
16.4088	10.6014
16.7109	10.5288
17.0118	10.566
17.314	10.4034
17.6147	9.85939
17.9169	9.80735
18.2191	9.68991
18.5194	9.10985
18.8201	9.05814
19.1228	8.99841
19.4242	8.59985
19.7245	8.71177
20.0256	8.60934
20.326	8.46974
20.6286	8.56525
20.9312	8.4849
21.2317	8.38593
21.5342	8.4908
21.8349	8.49922
22.1376	8.44529
22.4377	8.51604
22.7391	8.44088
23.0417	8.32727
23.3426	8.33537
23.645	8.17428
23.9458	8.05794
24.2472	7.92453
24.5474	8.15326
24.849	10.942
25.1501	10.5203
25.4506	8.82811
25.7522	9.54673
26.0531	10.5289
26.3531	10.6392
26.6534	10.5901
26.9543	10.5274
27.2544	10.5584
27.556	10.5439
27.857	10.486
28.1574	10.506
28.4593	10.4127
28.7606	10.4356
29.0607	10.3956
29.3617	10.4455
29.6627	10.4438
29.9639	10.4406
30.2641	10.3927
30.565	10.4484
30.8651	10.5174
31.1667	10.5417
31.4681	10.5102
31.7703	10.6425
32.0708	10.6228
32.3713	10.663
32.6721	10.7689
32.9731	10.5676
33.2741	10.3248
33.5762	10.2085
33.8764	8.87333
34.1781	11.5765
34.4796	10.9836
34.7816	11.0467
35.0836	11.0875
35.3842	11.0147
35.6856	10.7502
35.9869	10.4371
36.2875	10.297
36.5887	10.0418
36.8905	9.69974
37.1922	9.82682
37.4946	9.56287
37.796	9.23749
38.0965	9.42292
38.3982	9.30915
38.6987	9.18311
38.9997	9.33009
39.3016	9.22042
39.6024	9.17427
39.9046	9.21248
40.2063	9.18943
40.5081	9.18545
40.8102	9.09495
41.1118	9.07356
41.414	9.01355
41.7146	8.9013
42.0159	8.72181
42.318	8.53974
42.6207	8.36668
42.9212	7.58632
43.2226	11.5863
43.5229	11.1893
43.8235	9.3003
44.1236	10.9586
44.4237	11.2339
44.7256	11.0108
45.0257	11.0772
45.3268	11.1184
45.6277	11.086
45.9283	11.0598
46.2292	11.0451
46.5301	11.0467
46.8318	10.9786
47.1334	11.0599
47.4351	11.0599
47.7368	11.057
48.0368	11.0376
48.3385	11.0573
48.6389	11.0279
48.9406	11.0573
49.2414	11.0508
49.5421	11.0515
49.8439	11.133
50.1444	11.061
50.4462	11.1751
50.7462	11.1587
51.0482	11.1252
51.3483	10.9581
51.6486	10.7494
51.9688	9.48163
52.2696	9.73306
52.5708	11.5937
52.8717	11.3652
53.1718	11.319
53.4722	11.2646
53.7728	11.3779
54.0741	10.9491
54.3756	10.6269
54.6768	10.5197
54.979	10.3232
55.2808	9.90207
55.5824	10.0273
55.8834	9.64565
56.1844	9.56806
56.4869	9.60068
56.7875	9.50268
57.0889	9.55568
57.389	9.43416
57.6908	9.46426
57.9911	9.51191
58.2929	9.50068
58.5952	9.44988
58.8975	9.52633
59.1999	9.3262
59.5015	9.4278
59.8032	9.22677
60.1048	9.1536
60.4063	8.91408
60.7081	8.86849
61.0086	7.86669
61.3104	11.0914
61.6108	11.3846
61.9113	11.1431
62.2134	10.5668
62.5149	11.224
62.815	13.3919
63.1159	13.0815
63.4164	13.2588
63.7183	12.8391
64.0191	12.3285
64.3193	12.5483
64.621	12.4896
64.9221	11.9162
65.224	12.1643
65.5253	12.2674
65.8266	11.9453
66.1274	12.05
66.4292	12.166
66.7295	11.9904
67.0309	11.9442
67.3321	12.1116
67.6326	12.099
67.9331	11.9379
68.2345	11.9063
68.5349	11.9035
68.8365	11.6171
69.1379	11.5862
69.4391	11.3536
69.7396	11.0247
70.0414	10.932
70.3429	10.4287
70.6435	12.6955
70.9447	13.2268
71.2457	12.9152
71.5463	12.1368
71.8466	11.9898
72.1491	11.3037
72.45	12.6811
72.7513	15.3352
73.0522	12.5227
73.3526	14.8974
73.6537	14.9485
73.9541	14.7793
74.2542	14.8758
74.5557	14.7636
74.8565	14.7231
75.1565	14.7188
75.4575	14.7493
75.7577	14.6724
76.0583	14.7312
76.3599	14.7226
76.6607	14.678
76.961	14.7079
77.2619	14.6761
77.562	14.713
77.8627	14.6872
78.1637	14.6678
78.4639	14.7126
78.7652	14.6153
79.0653	14.5965
79.3667	14.53
79.668	14.4181
79.9684	14.3825
80.2686	14.1918
80.5701	13.7303
80.871	13.3607
81.1719	13.1976
81.4724	10.7031
81.7728	12.2624
82.074	14.3464
82.3754	13.7727
82.6764	13.6739
82.9776	13.6673
83.2777	13.1555
83.5782	12.7393
83.8786	12.8637
84.1797	12.6334
84.4799	12.3122
84.7815	12.2936
85.0823	12.4448
85.3834	12.1572
85.685	12.094
85.9858	12.2899
86.2861	12.2276
86.5871	12.1174
86.888	12.2059
87.1886	12.2159
87.4889	12.1457
87.7902	12.1083
88.0912	12.1577
88.3914	11.9537
88.6915	11.7963
88.992	11.7408
89.2924	11.4239
89.5925	11.1558
89.8934	11.0874
90.194	10.1393
90.4947	13.6467
90.7954	13.2121
91.0959	12.8583
91.397	12.2347
91.6979	12.1233
91.999	11.6753
92.2993	11.3496
92.6	11.0165
92.9014	10.8671
93.2014	10.7594
93.5029	10.3503
93.8039	10.2843
94.1041	10.2753
94.4046	10.0233
94.7048	10.153
95.0063	10.1865
95.3075	10.0427
95.6098	10.0818
95.9102	10.0653
96.2107	9.98262
96.5125	10.0225
96.8135	10.0442
97.1158	9.96602
97.4159	9.95551
97.7175	9.78802
98.0176	9.75641
98.3191	9.55346
98.6197	9.22087
98.9218	9.13425
99.2243	8.21233
99.5248	10.6214
99.8263	12.1002
100.127	10.3494
100.427	12.1588
100.727	12.3894
101.028	12.5196
101.328	12.5435
101.63	12.4225
101.932	12.4344
102.233	12.4074
102.534	12.4446
102.835	12.3774
103.136	12.4026
103.437	12.3708
103.737	12.369
104.038	12.3703
104.339	12.286
104.64	12.3349
104.941	12.3632
105.242	12.3531
105.544	12.3482
105.844	12.4298
106.144	12.3551
106.446	12.326
106.746	12.2143
107.047	11.9773
107.348	11.8915
107.649	11.6312
107.949	11.2767
108.251	10.8896
108.552	10.9206
108.853	12.8445
109.155	12.8826
109.456	12.7517
109.757	12.1652
110.057	11.7454
110.357	11.599
110.659	11.4616
110.96	10.869
111.262	14.4443
111.562	14.101
111.863	13.8602
112.164	13.1012
112.465	13.1883
112.766	13.3022
113.067	12.6669
113.368	12.568
113.67	12.9659
113.97	12.5112
114.271	12.3421
114.571	12.8072
114.872	12.8733
115.173	12.3002
115.474	12.5549
115.775	12.9077
116.077	12.5105
116.377	12.3692
116.679	12.6449
116.98	12.4493
117.281	12.1047
117.582	12.2171
117.882	11.9928
118.183	11.4511
118.483	11.4584
118.784	11.0795
119.086	12.2609
119.387	14.9685
119.688	11.4427
119.988	13.2312
120.289	13.3383
120.59	14.6646
120.892	14.0914
121.192	14.1065
121.493	14.089
121.794	14.0624
122.094	14.0438
122.395	14.047
122.696	14.1376
122.998	14.0967
123.299	14.0964
123.6	14.057
123.9	14.057
124.201	14.0986
124.503	14.0877
124.803	14.0707
125.105	14.0144
125.405	14.0107
125.706	13.9397
126.007	13.8657
126.308	13.8646
126.608	13.6735
126.909	13.3958
127.21	12.9889
127.512	12.7519
127.812	10.6549
128.113	12.9074
128.413	13.6629
128.713	13.3594
129.013	13.3457
129.314	13.3122
129.616	12.9817
129.917	12.4366
130.217	12.4744
130.519	12.4438
130.819	11.8378
131.12	11.94
131.422	12.1417
131.724	11.6808
132.025	11.5331
132.327	12.0095
132.627	11.8329
132.928	11.571
133.229	11.7338
133.529	11.8221
133.831	11.627
134.131	11.6547
134.432	11.7607
134.733	11.4998
135.033	11.4241
135.334	11.3696
135.635	11.1479
135.936	10.8196
136.238	10.7789
136.538	9.63151
136.839	10.403
137.14	12.7371
137.441	12.2985
137.741	12.5106
138.042	10.0858
138.343	11.4291
138.644	11.229
138.945	11.1494
139.246	12.7484
139.547	12.6824
139.849	12.6731
140.15	12.6443
140.451	12.5878
140.751	12.6642
141.051	12.624
141.353	12.6684
141.654	12.6474
141.955	12.609
142.257	12.6419
142.558	12.655
142.86	12.6682
143.161	12.6521
143.463	12.5961
143.765	12.6109
144.066	12.5485
144.367	12.5986
144.669	12.5657
144.969	12.4399
145.27	12.1539
145.57	11.9185
145.87	11.631
146.172	11.2932
146.473	11.4619
146.774	12.4204
147.076	12.3292
147.376	12.4227
147.676	12.4674
147.977	12.1439
148.278	11.6536
148.579	11.6025
148.879	11.462
149.181	10.883
149.483	10.9881
149.784	10.9035
150.085	10.5712
150.385	10.789
150.687	10.6563
150.989	10.5005
151.289	10.6339
151.589	10.5558
151.891	10.4926
152.191	10.5595
152.493	10.4944
152.794	10.4949
153.095	10.5413
153.397	10.3853
153.697	10.3064
153.999	10.1714
154.301	10.055
154.602	9.77811
154.903	9.47386
155.204	9.3672
155.505	9.01305
155.806	12.6112
156.107	12.0288
156.408	10.1281
156.71	11.7329
157.012	12.1706
157.313	11.9781
157.615	12.0954
157.915	11.9945
158.215	11.987
158.517	11.888
158.819	11.9732
159.12	11.9697
159.421	11.9946
159.722	11.9387
160.024	11.9387
160.324	11.9726
160.625	11.9861
160.926	11.9408
161.228	11.9387
161.528	11.9804
161.83	11.9647
162.131	11.9923
162.433	11.9251
162.734	11.9611
163.035	11.9517
163.336	11.9395
163.637	11.8793
163.937	11.5954
164.238	11.3051
164.539	10.9458
164.84	10.5706
165.141	11.9412
165.442	11.8855
165.742	12.0621
166.042	11.9598
166.343	11.9236
166.645	11.4551
166.947	11.1434
167.247	11.0086
167.549	10.8167
167.851	10.4289
168.151	10.4618
168.453	10.3934
168.754	10.0344
169.055	10.2033
169.356	10.2038
169.656	9.99542
169.957	10.1247
170.259	10.0991
170.561	10.0041
170.862	10.0545
171.164	10.0683
171.466	9.96869
171.768	9.96239
172.068	9.91319
172.371	9.76262
172.671	9.62249
172.972	9.46355
173.273	9.16637
173.574	9.05508
173.874	8.79316
174.175	11.0424
174.476	11.426
174.777	11.2879
175.079	10.7221
175.38	11.113
175.681	13.4676
175.981	13.1994
176.281	13.3549
176.582	12.9151
176.882	12.4274
177.182	12.5986
177.484	12.4818
177.785	11.9121
178.088	12.1807
178.389	12.4597
178.691	11.9676
178.991	11.9468
179.292	12.3121
179.592	12.0478
179.892	11.9195
180.194	12.1474
180.494	12.0656
180.794	11.9057
181.096	11.9874
181.397	11.7205
181.697	10.1348
181.999	11.7353
182.301	11.9596
182.602	11.8314
182.989	9.09543
183.29	24.0758
183.592	13.5425
184.546	0.239158
184.948	0.0596931
185.264	0.530444
185.603	3.96685
185.904	12.8473
186.207	13.0298
186.508	12.5974
186.808	10.5435
187.11	11.1002
187.41	12.7495
187.711	12.2008
188.012	12.327
188.314	12.3441
188.614	12.3548
188.915	12.3027
189.215	12.2633
189.516	12.2702
189.817	12.2709
190.117	12.2121
190.418	12.2046
190.72	12.2684
191.02	12.2277
191.321	12.1892
191.623	12.2609
191.923	12.2395
192.224	12.2386
192.525	12.2803
192.826	12.2766
193.128	12.2755
193.429	12.2602
193.73	12.2573
194.031	12.2285
194.333	12.1728
194.633	11.7843
194.934	11.4354
195.235	11.1801
195.538	11.8565
195.839	12.4721
196.14	12.0975
196.442	12.3345
196.743	12.0787
197.044	11.8666
197.346	11.3788
197.648	11.1664
197.949	11.1132
198.25	10.6833
198.552	10.4492
198.854	10.5259
199.156	10.2981
199.457	10.2026
199.759	10.4955
200.061	10.3266
200.361	10.2288
200.663	10.4225
200.965	10.2541
201.265	10.3167
201.565	10.3808
201.867	10.3934
202.167	10.2679
202.469	10.3377
202.771	10.2431
203.072	10.0565
203.372	9.95448
203.673	9.73329
203.975	9.57564
204.275	9.87614
204.575	12.2228
204.876	12.1502
205.176	11.6973
205.478	13.4239
205.779	13.6271
206.079	13.8732
206.38	13.8477
206.681	13.3665
206.983	12.9792
207.284	13.1835
207.584	12.9844
207.885	12.4178
208.185	12.8271
208.487	12.8194
208.787	12.3951
209.087	12.584
209.388	12.916
209.688	12.6251
209.989	12.4374
210.29	12.8739
210.591	12.8187
210.891	12.4791
211.191	12.5526
211.493	12.6458
211.794	12.3548
212.095	12.1642
212.395	12.1542
212.695	11.7555
212.997	11.4105
213.298	11.3061
213.6	13.3784
213.901	13.7703
214.201	13.6147
214.502	11.2573
214.803	13.4915
215.104	13.664
215.405	13.3953
215.706	13.4493
216.006	13.3472
216.307	13.3699
216.609	13.4424
216.909	13.313
217.209	13.4649
217.511	13.3732
217.811	13.4102
218.112	13.4095
218.413	13.3877
218.714	13.3937
219.016	13.4285
219.317	13.4174
219.618	13.3954
219.919	13.3384
220.221	13.2999
220.522	13.3203
220.823	13.2595
221.123	13.233
221.424	13.1482
221.725	13.0689
222.026	12.8425
222.327	12.3114
222.628	13.319
222.928	14.7205
223.229	14.4927
223.529	11.9845
223.83	14.8334
224.131	14.7783
224.431	14.7368
224.732	14.8017
225.033	14.8408
225.333	14.8944
225.633	14.8658
225.935	14.9803
226.236	14.907
226.536	14.6647
226.836	14.7815
227.137	15.0464
227.438	14.7999
227.739	14.6063
228.039	14.9995
228.34	15.0956
228.64	14.5552
228.941	14.68
229.241	15.1768
229.542	14.6628
229.843	14.0489
230.143	14.52
230.443	12.633
230.744	14.2646
231.045	14.4125
231.346	14.6404
231.646	14.739
231.948	14.4944
232.248	14.5433
232.549	14.3395
232.85	13.8722
233.151	13.8261
233.452	13.9779
233.753	13.5702
234.053	13.4833
234.354	13.7888
234.655	13.7211
234.956	13.4326
235.257	13.6164
235.558	13.9319
235.86	13.6272
236.161	13.4769
236.461	13.7272
236.762	13.7075
237.063	13.3452
237.363	13.3912
237.663	13.5491
237.963	13.0757
238.264	12.7586
238.566	12.9247
238.867	11.7683
239.167	14.1915
239.467	13.9747
239.768	13.918
240.068	13.8785
240.369	13.3843
240.669	12.6703
240.971	12.8031
241.272	12.7638
241.573	11.9983
241.874	12.1318
242.175	12.2792
242.476	11.8803
242.777	11.866
243.078	11.9974
243.379	11.7235
243.679	11.7561
243.979	12.0563
244.281	11.8664
244.582	11.8121
244.882	11.8992
245.183	11.8038
245.485	11.7799
245.785	11.791
246.086	11.6053
246.387	11.493
246.689	11.3625
246.991	11.0872
247.293	10.944
247.594	10.5539
247.895	12.5629
248.196	13.5197
248.498	13.1212
248.798	12.5198
249.099	15.1341
249.401	14.849
249.701	14.8574
250.002	14.215
250.302	13.9048
250.602	14.2106
250.903	13.7889
251.203	13.5194
251.503	13.8551
251.804	13.9085
252.106	13.4442
252.407	13.6331
252.709	14.0052
253.009	13.7181
253.309	13.3491
253.61	13.7844
253.911	14.0663
254.211	13.5835
254.512	13.3877
254.812	13.678
255.113	13.3923
255.414	12.8581
255.715	13.1135
256.016	13.0257
256.318	13.0508
256.618	14.6145
256.919	15.0264
257.248	12.6437
257.549	12.7477
257.85	12.721
258.15	12.4791
258.45	12.6357
258.75	12.7198
259.05	12.3897
259.35	12.1897
259.651	12.2324
259.951	12.0258
260.251	12.0311
260.553	11.9192
260.854	11.9476
261.156	12.0971
261.457	12.0513
261.757	11.9773
262.057	11.9926
262.359	12.0384
262.66	12.0269
262.96	11.9339
263.261	11.8427
263.563	11.7303
263.863	11.6716
264.164	11.3401
264.465	11.2765
264.766	10.9725
265.067	9.93681
265.368	11.5172
265.67	12.7626
265.971	12.4069
266.272	12.3506
266.573	11.7976
266.873	11.6105
267.175	11.355
267.476	10.791
267.776	10.6789
268.077	10.5516
268.38	10.1628
268.682	10.2046
268.984	10.2882
269.285	9.88091
269.585	9.9963
269.885	10.0791
270.187	9.85586
270.488	9.89423
270.789	10.0352
271.091	9.87973
271.393	9.85236
271.693	9.94919
271.994	9.8556
272.294	9.82972
272.595	9.71141
272.896	9.50458
273.196	9.50882
273.497	9.33946
273.797	8.70607
274.098	9.45281
274.4	11.2641
274.703	10.9798
275.004	11.1001
275.306	10.5851
275.606	9.30477
275.908	10.0103
276.209	8.29536
276.51	8.84187
276.813	9.98205
277.114	10.012
277.415	9.94695
277.716	10.0072
278.016	9.9843
278.318	9.90944
278.619	9.91636
278.919	9.91249
279.221	9.86073
279.523	9.86932
279.824	9.86851
280.125	9.87782
280.427	9.85164
280.729	9.87047
281.03	9.87821
281.332	9.8913
281.633	9.88712
281.934	9.97571
282.236	9.96194
282.538	10.0409
282.84	10.1244
283.14	10.1945
283.441	10.2782
283.741	10.2719
284.042	9.98039
284.344	9.70167
284.645	8.40957
284.946	10.3931
285.247	10.6628
285.548	10.6085
285.849	10.6214
286.151	10.5901
286.451	10.4742
286.752	10.1185
287.054	9.86911
287.354	9.66358
287.657	9.28409
287.958	9.35101
288.259	8.90305
288.559	8.79514
288.86	9.077
289.161	8.69223
289.463	8.6622
289.764	8.8694
290.064	8.63343
290.364	8.63253
290.667	8.65133
290.968	8.62325
291.271	8.60368
291.573	8.55942
291.873	8.55669
292.173	8.46989
292.475	8.39257
292.776	8.28954
293.078	8.1017
293.379	7.89134
293.682	7.65448
293.982	7.85794
294.283	10.3493
294.585	10.3645
294.887	10.4564
295.187	9.23448
295.488	11.6723
295.789	13.2251
296.091	12.9053
296.392	12.5306
296.694	12.0672
296.994	12.01
297.296	11.8215
297.597	11.4971
297.898	11.5912
298.2	11.4859
298.502	11.2105
298.804	11.4045
299.105	11.3769
299.407	11.2562
299.708	11.3149
300.01	11.3713
300.311	11.2529
300.611	11.2524
300.912	11.3496
301.213	11.1337
301.515	11.0565
301.816	11.0906
302.117	10.8875
302.419	10.6014
302.72	10.5521
303.021	10.2156
303.322	9.92719
303.623	8.93533
303.924	12.763
304.226	12.6072
304.526	12.2138
304.826	14.4797
305.127	14.4607
305.427	14.5257
305.729	14.2015
306.031	13.4519
306.332	13.6505
306.633	13.9096
306.934	13.2209
307.235	13.1085
307.535	13.6677
307.835	13.4735
308.136	13.0934
308.437	13.3898
308.737	13.5104
309.039	13.2081
309.339	13.1788
309.64	13.4776
309.94	13.2778
310.241	12.988
310.543	13.1743
310.844	13.044
311.144	12.5742
311.444	12.6378
311.746	12.4796
312.047	10.8611
312.348	12.0449
312.649	10.222
312.95	11.136
313.251	12.695
313.551	12.1503
313.852	12.0063
314.153	11.8784
314.454	11.819
314.755	11.6735
315.055	11.436
315.355	11.1747
315.655	11.1544
315.956	10.8631
316.256	10.793
316.558	10.6584
316.86	10.5604
317.162	10.5698
317.463	10.5301
317.765	10.5
318.066	10.5178
318.368	10.5374
318.669	10.542
318.97	10.5247
319.272	10.5727
319.575	10.4415
319.875	10.42
320.175	10.3194
320.477	10.0966
320.779	10.0217
321.08	9.76305
321.382	9.4271
321.683	9.22432
321.985	9.34956
322.286	12.4742
322.588	11.9225
322.888	11.3044
323.189	11.7759
323.489	14.1596
323.789	13.7423
324.09	13.8031
324.392	13.294
324.693	12.9598
324.993	13.1868
325.293	12.7475
325.594	12.6143
325.894	12.8336
326.194	12.6362
326.496	12.5015
326.797	12.7532
327.097	12.6899
327.399	12.5637
327.701	12.6626
328.002	12.6636
328.303	12.5734
328.604	12.6532
328.904	12.5147
329.205	12.3161
329.507	12.324
329.808	12.0624
330.108	11.7663
330.41	11.7573
330.711	11.3921
331.012	10.9297
331.313	14.1314
331.613	13.4236
331.915	12.9404
332.215	12.4378
332.516	12.204
332.817	12.1299
333.118	11.6583
333.419	12.8223
333.721	14.5987
334.022	14.138
334.323	14.2639
334.624	13.5106
334.925	13.3985
335.226	13.6056
335.527	13.1771
335.828	12.8312
336.129	13.4667
336.431	13.2963
336.731	12.7703
337.032	13.105
337.333	13.4456
337.634	12.9915
337.934	12.7723
338.236	13.37
338.537	13.2689
338.838	12.7741
339.138	12.9758
339.439	13.0389
339.741	12.493
340.041	12.3373
340.342	12.5785
340.643	10.9707
340.943	13.9028
341.243	15.1413
341.568	12.3012
341.87	13.1772
342.17	13.217
342.472	13.0173
342.773	12.9775
343.074	14.6273
343.375	14.2487
343.676	14.2476
343.977	14.2807
344.277	14.186
344.578	14.2722
344.878	14.2831
345.179	14.2899
345.479	14.2356
345.78	14.2683
346.08	14.3043
346.381	14.2897
346.682	14.2641
346.984	14.1741
347.285	14.2208
347.586	14.163
347.887	14.0718
348.188	14.012
348.49	13.9043
348.791	13.8368
349.092	13.4599
349.392	13.0398
349.692	12.8367
349.994	10.6955
350.295	13.6554
350.597	13.4447
350.897	13.342
351.198	13.2521
351.498	13.3002
351.8	12.9313
352.101	12.4778
352.401	12.5536
352.703	12.4409
353.004	11.9022
353.304	12.0728
353.605	12.1885
353.906	11.7534
354.207	11.8717
354.508	12.1314
354.808	11.8248
355.11	11.7653
355.412	12.0046
355.714	11.8529
356.015	11.8017
356.315	11.9057
356.616	11.757
356.917	11.6179
357.218	11.5259
357.52	11.3648
357.821	11.1238
358.122	11.0242
358.423	10.6127
358.725	10.403
359.026	9.49957
359.326	13.4174
359.627	12.6967
359.928	12.2545
360.229	11.7762
360.53	11.4281
360.832	11.1747
361.132	10.908
361.433	12.9993
361.734	13.4617
362.035	13.433
362.335	13.3024
362.636	12.8265
362.937	12.5965
363.237	12.8096
363.539	12.4278
363.839	12.0669
364.14	12.499
364.442	12.4286
364.742	12.0642
365.043	12.2678
365.344	12.3616
365.645	12.1228
365.946	12.1668
366.246	12.2567
366.548	12.1967
366.848	12.0754
367.149	12.1066
367.45	11.9297
367.751	11.8046
368.052	11.6598
368.353	11.4505
368.653	11.0722
368.953	10.8797
369.255	10.459
369.555	10.2232
369.856	14.2332
370.156	11.7001
370.457	12.7661
370.759	12.6882
371.06	12.9776
371.361	14.1011
371.663	13.6617
371.964	13.6221
372.264	13.5706
372.565	13.6668
372.866	13.5931
373.166	13.6931
373.467	13.6454
373.769	13.6126
374.07	13.6099
374.371	13.6407
374.672	13.6407
374.973	13.644
375.274	13.6407
375.574	13.5846
375.875	13.594
376.176	13.5143
376.477	13.5232
376.778	13.47
377.079	13.3582
377.379	13.0706
377.68	12.7082
377.981	12.6478
378.283	10.4471
378.583	13.0329
378.884	13.2517
379.184	13.1861
379.484	13.1555
379.785	13.0902
380.085	12.8698
380.385	12.3913
380.686	12.2552
380.987	12.1367
381.287	11.8647
381.589	11.8003
381.89	11.6138
382.19	11.6146
382.492	11.5344
382.792	11.5122
383.094	11.5366
383.395	11.4919
383.695	11.4884
383.997	11.532
384.298	11.4822
384.598	11.4387
384.9	11.4275
385.201	11.3545
385.501	11.2794
385.801	11.2651
386.101	10.9532
386.403	10.7165
386.705	10.647
387.005	10.3411
387.306	11.355
387.608	12.8832
387.909	12.549
388.21	12.0618
388.512	11.5357
388.812	11.4667
389.113	11.2812
389.415	10.9842
389.715	13.5612
390.017	13.7357
390.317	13.6705
390.618	13.3962
390.92	12.7657
391.22	12.9709
391.521	12.8485
391.821	12.3164
392.122	12.4368
392.424	12.7323
392.725	12.2926
393.026	12.2766
393.326	12.6119
393.627	12.3739
393.927	12.2636
394.228	12.4784
394.53	12.4454
394.831	12.2946
395.133	12.2465
395.434	12.315
395.734	12.0619
396.035	11.9774
396.336	11.8364
396.636	11.4394
396.937	11.1809
397.238	11.0999
397.539	10.573
397.84	13.4871
398.141	13.7866
398.441	11.089
398.743	14.3848
399.043	13.6178
399.345	13.9295
399.645	13.859
399.945	13.7153
400.246	13.8602
400.546	13.8279
400.847	13.7316
401.149	13.7297
401.449	13.8581
401.75	13.806
402.051	13.8165
402.351	13.8175
402.651	13.8237
402.952	13.8049
403.254	13.7693
403.555	13.7933
403.855	13.7376
404.157	13.7295
404.457	13.6929
404.758	13.6576
405.059	13.5518
405.359	13.2664
405.66	13.0432
405.962	12.8882
406.262	10.4966
406.564	12.3863
406.865	13.5064
407.166	13.2024
407.467	13.2438
407.768	13.1512
408.069	12.8966
408.369	12.5551
408.671	12.3814
408.972	12.3453
409.273	11.8914
409.575	11.7621
409.875	12.0925
410.177	11.6502
410.479	11.5455
410.781	11.845
411.082	11.707
411.383	11.5584
411.683	11.7428
411.985	11.7149
412.286	11.5404
412.588	11.6806
412.89	11.6505
413.191	11.5122
413.492	11.4596
413.794	11.3619
414.095	11.1094
414.396	10.9595
414.697	10.7675
414.998	10.2966
415.299	10.1733
415.6	9.66944
415.902	13.4142
416.204	12.4826
416.505	11.9167
416.805	11.6092
417.106	10.3435
417.408	11.3323
417.709	12.803
418.009	12.5455
418.311	12.4862
418.611	12.507
418.912	12.5319
419.213	12.4717
419.513	12.5024
419.814	12.4861
420.115	12.4837
420.415	12.4642
420.717	12.5042
421.017	12.4661
421.317	12.4692
421.619	12.5056
421.92	12.505
422.221	12.4973
422.521	12.4756
422.822	12.4785
423.124	12.3653
423.426	12.2839
423.726	12.1472
424.027	12.0007
424.328	11.7936
424.628	11.5276
424.931	11.2403
425.232	9.96536
425.533	12.0763
425.834	12.2824
426.135	12.3316
426.437	12.2859
426.738	12.1776
427.039	11.7394
427.339	11.4335
427.641	11.3353
427.942	10.8008
428.242	10.635
428.544	10.7269
428.846	10.2321
429.148	10.3669
429.45	10.343
429.751	10.1223
430.051	10.211
430.352	10.2269
430.653	10.1358
430.955	10.1645
431.255	10.1597
431.556	10.1286
431.856	10.1169
432.156	10.1113
432.458	9.9792
432.76	10.0103
433.062	9.77535
433.364	9.65494
433.665	9.47912
433.967	9.13757
434.268	8.99476
434.568	10.1462
434.869	12.344
435.199	10.236
435.499	11.5813
435.8	11.8698
436.101	11.8269
436.402	11.8833
436.705	11.8118
437.006	11.8375
437.307	11.7785
437.609	11.7397
437.91	11.7649
438.21	11.7293
438.511	11.6678
438.812	11.6999
439.112	11.677
439.413	11.7224
439.714	11.6634
440.015	11.6999
440.315	11.6799
440.616	11.7617
440.918	11.6833
441.219	11.8001
441.521	11.7359
441.823	11.7633
442.125	11.8096
442.425	11.7803
442.727	11.6626
443.027	11.2576
443.327	11.1196
443.627	9.19298
443.928	11.336
444.228	11.9562
444.529	11.8372
444.831	11.8026
445.131	11.7502
445.433	11.6038
445.734	11.1873
446.035	10.9206
446.336	10.8063
446.638	10.4486
446.938	10.3879
447.24	10.1275
447.542	10.0332
447.843	10.0311
448.146	9.84139
448.448	10.0023
448.748	9.98376
449.05	9.85741
449.35	9.91613
449.651	9.90721
449.951	9.87554
450.252	9.84187
450.553	9.84222
450.855	9.77986
451.156	9.66355
451.457	9.50431
451.759	9.44392
452.06	9.23845
452.362	8.93962
452.664	8.78946
452.966	9.10138
453.267	11.3817
453.568	11.258
453.87	10.9608
454.172	10.4935
454.473	10.3949
454.774	9.7525
455.076	13.187
455.377	13.1931
455.677	12.9921
455.979	12.2144
456.28	12.1423
456.58	12.119
456.882	11.8564
457.182	11.4077
457.484	11.7155
457.784	11.7188
458.085	11.3195
458.385	11.4953
458.687	11.6915
458.988	11.4339
459.288	11.4766
459.589	11.5597
459.891	11.4663
460.193	11.4515
460.493	11.4172
460.794	11.238
461.095	11.1925
461.395	11.1717
461.697	10.895
461.999	10.695
462.3	10.4135
462.602	10.3277
462.902	9.27222
463.202	13.0291
463.504	13.0458
463.805	10.46
464.105	11.7476
464.406	11.5473
464.707	11.5474
465.007	13.4353
465.308	13.3616
465.609	13.3904
465.91	13.3672
466.212	13.3655
466.513	13.3101
466.814	13.375
467.114	13.3547
467.416	13.358
467.717	13.3703
468.019	13.3692
468.32	13.3723
468.622	13.3724
468.923	13.3692
469.224	13.2384
469.525	13.2956
469.826	13.2648
470.127	13.1023
470.427	12.9322
470.727	12.7516
471.028	12.4961
471.329	12.1883
471.631	12.0102
471.933	9.77385
472.234	12.6266
472.536	12.9742
472.836	12.8795
473.137	12.7546
473.437	12.7478
473.738	12.2517
474.04	11.8931
474.34	11.9103
474.64	11.5784
474.941	11.1899
475.241	11.3509
475.543	11.0865
475.844	10.8686
476.145	11.0979
476.446	11.0903
476.746	10.9406
477.046	11.0328
477.347	11.0187
477.648	10.9385
477.949	10.9914
478.251	10.9656
478.552	10.867
478.853	10.8331
479.153	10.753
479.454	10.6654
479.756	10.3866
480.057	10.3254
480.358	9.94659
480.659	9.73766
480.96	8.79006
481.261	12.5878
481.562	12.5209
481.873	10.4982
482.174	12.0119
482.475	12.4153
482.776	12.3695
483.077	12.3055
483.379	12.3549
483.68	12.2649
483.982	12.2501
484.282	12.2775
484.583	12.2417
484.884	12.2142
485.185	12.1907
485.487	12.2496
485.787	12.22
486.087	12.2275
486.388	12.2126
486.688	12.2275
486.989	12.22
487.289	12.2686
487.591	12.2109
487.892	12.223
488.193	12.226
488.493	12.2344
488.794	12.2456
489.096	12.1234
489.396	11.8921
489.698	11.6442
489.998	11.277
490.3	11.5266
490.601	13.588
490.902	13.4806
491.204	13.1391
491.505	12.4086
491.806	14.0418
492.107	15.5012
492.408	15.0263
492.709	14.9755
493.009	14.2725
493.309	14.1994
493.61	14.4597
493.91	14.0758
494.211	13.6892
494.512	14.1675
494.812	14.4304
495.112	13.7797
495.413	13.7796
495.713	14.3906
496.013	14.2618
496.314	13.6115
496.614	14.0256
496.915	14.4233
497.217	13.8692
497.518	13.4112
497.818	12.8705
498.119	12.086
498.42	13.6645
498.72	13.1647
499.021	12.4666
499.322	12.2488
499.624	12.2443
499.924	12.2357
500.333	18.8758
500.638	11.909
500.939	14.5809
501.731	4.56089
502.133	0.0596931
502.438	0.551432
502.742	4.41146
503.046	13.2802
503.371	14.4327
503.672	14.3818
503.972	14.1816
504.273	14.0944
504.573	12.1835
504.874	14.103
505.175	13.9236
505.477	14.019
505.778	13.8825
506.078	13.8832
506.379	13.4398
506.681	12.9454
506.981	13.0797
507.282	12.8112
507.582	12.3843
507.883	12.5897
508.184	12.5135
508.484	12.1986
508.785	12.3653
509.086	12.496
509.388	12.3217
509.689	12.2688
509.991	12.4105
510.293	12.3399
510.593	12.3021
510.894	12.3514
511.195	12.3235
511.495	12.1919
511.797	11.9751
512.099	12.0024
512.4	11.7217
512.701	11.3534
513.002	11.2672
513.303	10.4971
513.603	12.0361
513.905	13.8612
514.206	13.2018
514.507	12.5691
514.807	12.1392
515.109	11.9636
515.411	11.7206
515.712	11.2548
516.014	10.8478
516.315	10.8936
516.616	10.6228
516.917	10.2762
517.218	10.5102
517.52	10.2014
517.821	10.126
518.122	10.302
518.424	10.1768
518.725	10.1124
519.026	10.215
519.327	10.1899
519.628	10.1284
519.928	10.1599
520.23	10.1553
520.531	9.97696
520.833	9.97158
521.135	9.88597
521.435	9.67317
521.735	9.5369
522.036	9.42337
522.337	8.33277
522.637	12.141
522.939	12.5636
523.24	9.66367
523.54	13.0533
523.842	12.4485
524.143	12.5368
524.444	12.6547
524.745	12.5214
525.046	12.5586
525.347	12.6004
525.649	12.5166
525.949	12.5966
526.251	12.5007
526.551	12.5251
526.852	12.5551
527.152	12.5538
527.452	12.5549
527.753	12.5279
528.053	12.5531
528.354	12.5013
528.656	12.5384
528.957	12.5201
529.258	12.5633
529.559	12.403
529.859	12.3947
530.161	12.1542
530.461	12.0154
530.761	11.7589
531.062	11.3625
531.364	9.53489
531.666	12.3622
531.967	12.3219
532.268	12.3441
532.57	12.2417
532.87	12.2733
533.171	11.8082
533.471	11.5155
533.772	11.4477
534.073	11.0067
534.374	10.7057
534.676	10.9995
534.976	10.5594
535.276	10.4571
535.577	10.6921
535.878	10.3591
536.179	10.3875
536.481	10.4893
536.782	10.3618
537.084	10.3425
537.384	10.4575
537.685	10.3724
537.987	10.3048
538.289	10.2875
538.589	10.3105
538.89	10.1114
539.193	10.0451
539.493	9.86203
539.795	9.54532
540.097	9.40386
540.398	8.65578
540.699	12.1884
541	12.0021
541.301	9.83214
541.601	10.4711
541.902	12.3177
542.204	11.6473
542.506	11.8822
542.807	11.8218
543.107	11.757
543.409	11.7788
543.71	11.7703
544.01	11.7758
544.312	11.704
544.612	11.6728
544.913	11.7207
545.213	11.6668
545.515	11.7037
545.815	11.6713
546.116	11.7196
546.416	11.6715
546.718	11.7246
547.018	11.7861
547.32	11.7273
547.621	11.8037
547.923	11.7839
548.223	11.7727
548.524	11.7702
548.826	11.5637
549.128	11.2399
549.429	11.0229
549.729	9.67557
550.031	12.3993
550.331	11.7369
550.632	11.8143
550.934	11.7431
551.235	11.8263
551.535	11.5039
551.836	11.1068
552.136	10.986
552.437	10.7483
552.738	10.4524
553.039	10.4267
553.34	10.2579
553.641	10.1299
553.943	10.1112
554.243	10.0721
554.544	10.0634
554.845	10.0461
555.147	10.0147
555.449	10.0033
555.751	10.0142
556.051	10.0297
556.352	9.96364
556.654	10.0233
556.956	9.81542
557.257	9.72365
557.559	9.65855
557.859	9.396
558.161	9.23073
558.462	8.95581
558.763	9.43888
559.065	12.0281
559.365	11.6089
559.666	9.11804
559.966	10.5421
560.268	10.5053
560.568	10.3859
560.87	11.8151
561.171	11.5068
561.473	11.5407
561.774	11.4959
562.076	11.486
562.377	11.4676
562.679	11.435
562.979	11.4213
563.28	11.4213
563.58	11.4293
563.881	11.4134
564.181	11.4272
564.482	11.4155
564.782	11.439
565.083	11.4356
565.384	11.5135
565.685	11.4408
565.987	11.5367
566.287	11.5412
566.589	11.5671
566.89	11.5143
567.192	11.354
567.493	10.9622
567.793	10.7808
568.095	9.06997
568.396	11.538
568.698	11.6106
568.999	11.622
569.3	11.5999
569.6	11.5459
569.901	11.3108
570.203	10.8677
570.503	10.7426
570.805	10.4217
571.107	10.3356
571.408	9.99207
571.709	9.94671
572.01	9.86388
572.311	9.64825
572.614	9.76967
572.914	9.74089
573.216	9.62335
573.518	9.68848
573.82	9.69711
574.121	9.6445
574.422	9.70864
574.723	9.68411
575.025	9.56625
575.327	9.52814
575.628	9.40976
575.929	9.28288
576.232	9.21267
576.534	8.89462
576.835	8.71052
577.137	8.03606
577.438	10.6933
577.74	11.7286
578.04	11.3352
578.342	9.42218
578.644	11.9577
578.946	11.1123
579.246	11.6558
579.548	11.5038
579.848	11.5139
580.148	11.5012
580.45	11.4213
580.75	11.4613
581.051	11.4014
581.352	11.4213
581.652	11.4213
581.953	11.4213
582.253	11.4213
582.554	11.4213
582.854	11.4213
583.155	11.4213
583.455	11.4613
583.757	11.4412
584.058	11.4811
584.359	11.4613
584.661	11.5604
584.963	11.4412
585.265	11.6041
585.566	11.3894
585.868	11.0857
586.169	10.8911
586.471	10.5333
586.772	11.3417
587.074	13.2001
587.375	12.7612
587.676	12.385
587.976	11.7323
588.277	11.5916
588.578	11.4044
588.879	10.0481
589.182	11.1235
589.483	13.8564
589.783	13.7348
590.085	13.4469
590.385	12.878
590.685	12.9099
590.986	12.8041
591.287	12.3699
591.588	12.4963
591.889	12.567
592.19	12.2769
592.491	12.2757
592.791	12.5574
593.092	12.3488
593.393	12.2271
593.694	12.4213
593.995	12.5531
594.295	12.31
594.596	12.2885
594.897	12.3232
595.198	12.0759
595.499	11.925
595.8	11.9001
596.102	11.5763
596.402	11.3129
596.704	11.1318
597.004	11.0148
597.305	13.1297
597.605	13.1447
597.907	12.9806
598.207	11.4724
598.508	13.8172
598.81	16.1577
599.117	12.9349
599.418	14.3445
599.719	15.2661
600.02	15.415
600.321	15.0187
600.621	15.2296
600.922	15.1675
601.223	15.0604
601.524	15.1306
601.824	15.1507
602.125	15.0554
602.426	15.1326
602.727	15.142
603.029	15.1223
603.329	15.0383
603.63	15.1327
603.931	15.1415
604.232	15.0957
604.532	15.0129
604.833	15.0291
605.135	14.9884
605.436	14.91
605.736	14.8118
606.037	14.6724
606.338	14.5455
606.639	14.259
606.94	13.7085
607.241	13.4232
607.542	11.1012
607.842	12.3871
608.143	12.2257
608.443	13.7933
608.745	14.0982
609.045	13.9673
609.346	13.6034
609.647	13.0607
609.947	12.9587
610.247	13.1382
610.549	12.5738
610.85	12.365
611.151	12.7606
611.452	12.5276
611.754	12.0991
612.054	12.5276
612.356	12.6606
612.658	12.2462
612.958	12.2943
613.26	12.5658
613.561	12.352
613.863	12.2596
614.163	12.4321
614.464	12.1987
614.765	12.0227
615.066	12.021
615.366	11.8165
615.668	11.3436
615.969	11.3103
616.269	11.0361
616.57	10.3141
616.87	13.7616
617.172	13.1223
617.472	12.5599
617.774	12.0885
618.075	12.1944
618.376	10.3233
618.677	12.7547
618.979	13.294
619.28	13.1622
619.581	13.0368
619.882	13.1318
620.182	13.1105
620.483	12.9876
620.784	13.0348
621.084	12.9505
621.385	12.9378
621.685	12.9561
621.987	12.9764
622.287	12.9435
622.588	12.9456
622.889	12.9179
623.19	12.8978
623.49	12.9596
623.791	12.9876
624.093	12.8501
624.394	12.698
624.695	12.7879
624.995	12.5305
625.296	12.3189
625.598	12.2256
625.899	11.8583
626.201	11.486
626.503	11.2522
626.803	11.0388
627.103	13.2575
627.404	12.7615
627.705	12.7899
628.005	12.6141
628.307	11.9368
628.608	11.77
628.908	11.7938
629.208	9.81873
629.509	12.5621
629.81	12.7355
630.112	12.6367
630.412	12.516
630.713	12.5877
631.015	12.5255
631.315	12.5398
631.616	12.5773
631.916	12.5087
632.218	12.4958
632.518	12.5357
632.82	12.505
633.12	12.5362
633.421	12.5362
633.722	12.4931
634.023	12.5332
634.324	12.5302
634.624	12.4934
634.926	12.5325
635.228	12.4579
635.529	12.4084
635.83	12.2231
636.13	12.0797
636.43	11.915
636.733	11.644
637.033	11.3129
637.334	9.696
637.634	12.3172
637.936	12.3676
638.237	12.3697
638.538	12.3461
638.839	12.2154
639.14	11.7622
639.441	11.4277
639.743	11.2411
640.044	11.0671
640.345	10.6761
640.646	10.7631
640.947	10.6625
641.249	10.2591
641.55	10.4135
641.851	10.5427
642.151	10.3038
642.452	10.3048
642.753	10.4278
643.054	10.3162
643.355	10.2778
643.656	10.386
643.958	10.252
644.26	10.1851
644.561	10.1491
644.863	10.0798
645.165	9.76373
645.467	9.77492
645.769	9.601
646.071	9.35538
646.372	11.7149
646.672	11.7997
646.973	11.633
647.275	11.1094
647.576	10.7087
647.878	10.8546
648.178	9.42758
648.479	13.4212
648.779	14.0589
649.079	11.7943
649.38	13.734
649.68	14.114
649.982	14.0926
650.283	14.0842
650.584	14.031
650.884	13.9905
651.186	14.0043
651.487	14.0509
651.787	13.9941
652.089	13.9881
652.389	14.0397
652.691	14.006
652.992	14.0271
653.293	14.0377
653.593	13.9875
653.895	14.0077
654.196	14.0173
654.497	13.9824
654.797	13.9515
655.098	13.9141
655.399	13.8317
655.7	13.7852
656	13.5948
656.302	13.3321
656.602	13.0873
656.904	12.7455
657.204	10.9587
657.504	13.3952
657.804	13.4217
658.105	13.4316
658.407	13.2964
658.709	13.2833
659.01	13.1766
659.311	12.4842
659.612	12.371
659.912	12.5811
660.212	12.0666
660.513	11.6602
660.814	12.0887
661.114	12.069
661.415	11.4905
661.716	11.7757
662.018	12.0157
662.32	11.6826
662.621	11.62
662.923	11.8638
663.223	11.7564
663.524	11.6361
663.824	11.72
664.125	11.5698
664.426	11.4628
664.726	11.3192
665.027	11.1617
665.328	10.9759
665.629	10.776
665.929	10.2973
666.23	10.1311
666.531	10.3461
666.832	12.9988
667.132	12.703
667.432	10.3854
667.734	12.5704
668.035	12.7392
668.336	12.53
668.638	12.6454
668.938	12.5118
669.238	12.5497
669.539	12.545
669.84	12.5298
670.142	12.5528
670.442	12.5253
670.744	12.5052
671.045	12.4407
671.346	12.4893
671.647	12.5226
671.948	12.5127
672.249	12.4662
672.549	12.4597
672.851	12.5405
673.152	12.5099
673.453	12.4986
673.753	12.4399
674.054	12.5012
674.355	12.43
674.657	12.3256
674.958	12.0155
675.26	11.6533
675.562	11.404
675.863	9.28484
676.164	12.3525
676.466	12.2012
676.768	12.2743
677.068	12.1415
677.369	12.1432
677.67	11.7968
677.971	11.4108
678.272	11.2777
678.574	10.934
678.875	10.8348
679.177	10.6288
679.477	10.4238
679.779	10.469
680.08	10.2805
680.381	10.3672
680.683	10.343
680.984	10.2545
681.285	10.3059
681.587	10.3273
681.887	10.3129
682.189	10.3348
682.49	10.2618
682.79	10.1773
683.091	10.224
683.393	10.0163
683.694	9.87722
683.996	9.85019
684.297	9.45374
684.598	9.21369
684.898	8.39277
685.198	10.6323
685.499	12.2164
685.8	11.6706
686.1	9.55374
686.402	12.2598
686.703	11.9598
687.004	11.9337
687.306	11.8889
687.608	11.8673
687.908	11.8718
688.209	11.9211
688.51	11.9112
688.812	11.801
689.113	11.8691
689.415	11.854
689.716	11.8904
690.016	11.8905
690.317	11.8284
690.618	11.8688
690.92	11.8543
691.22	11.8904
691.521	11.8527
691.822	11.8399
692.123	11.8606
692.424	11.8824
692.724	11.8788
693.024	11.8498
693.326	11.6405
693.627	11.4402
693.929	11.1802
694.23	9.87676
694.531	11.8849
694.832	11.9358
695.133	11.8305
695.434	11.8178
695.736	11.7951
696.036	11.5973
696.338	11.1731
696.638	11.1442
696.94	10.8023
697.241	10.6146
697.541	10.5176
697.843	10.3886
698.143	10.3906
698.444	10.2674
698.746	10.1777
699.047	10.2882
699.348	10.2284
699.649	10.2053
699.95	10.1789
700.252	10.1689
700.553	10.1837
700.853	10.1977
701.153	10.1106
701.454	10.0426
701.756	9.86451
702.058	9.82487
702.359	9.62705
702.661	9.32426
702.963	9.24272
703.263	9.19533
703.563	12.398
703.865	11.763
704.167	11.4152
704.469	10.9024
704.77	13.3678
705.071	13.4746
705.372	13.4772
705.673	13.4704
705.974	12.9408
706.274	12.798
706.574	12.9402
706.875	12.5689
707.176	12.3071
707.478	12.6599
707.779	12.503
708.08	12.372
708.381	12.508
708.681	12.5529
708.983	12.4185
709.283	12.4511
709.584	12.5084
709.885	12.4161
710.186	12.3244
710.487	12.3257
710.788	12.261
711.089	11.88
711.391	11.8907
711.692	11.7375
711.993	11.0687
712.294	10.9904
712.595	9.78669
712.895	11.3096
713.197	13.5959
713.498	12.9747
713.83	11.1074
714.132	11.3719
714.433	11.8317
714.735	11.8576
715.036	13.4571
715.337	12.8808
715.638	13.0119
715.94	12.8357
716.24	12.9283
716.54	12.9125
716.841	12.9746
717.142	12.9282
717.443	12.8976
717.744	12.867
718.044	12.9211
718.346	12.8938
718.647	12.9268
718.948	12.9026
719.249	12.8574
719.55	12.9231
719.851	12.9094
720.152	12.786
720.452	12.8587
720.753	12.7051
721.053	12.5853
721.353	12.1889
721.655	12.0524
721.957	11.6405
722.257	10.1882
722.558	12.9229
722.859	12.6044
723.161	12.6472
723.462	12.4933
723.764	12.5287
724.065	12.0657
724.367	11.6832
724.667	11.7824
724.967	11.3996
725.268	10.9141
725.569	11.2074
725.87	11.0508
726.17	10.5962
726.471	10.9321
726.771	10.9387
727.074	10.7207
727.374	10.8545
727.675	10.7893
727.976	10.6765
728.277	10.7426
728.578	10.7
728.879	10.6254
729.18	10.5967
729.48	10.6237
729.781	10.3803
730.082	10.2046
730.382	10.0295
730.684	9.7791
730.986	9.65265
731.286	8.71022
731.587	13.2484
731.887	12.1993
732.188	10.0484
732.49	10.1679
732.791	10.1778
733.093	9.77937
733.394	10.0878
733.695	9.75795
733.997	9.37982
734.299	9.53826
734.601	9.29657
734.903	8.92345
735.205	9.00002
735.505	8.87544
735.805	8.70112
736.106	8.867
736.408	8.73035
736.711	8.73153
737.011	8.78846
737.312	8.6882
737.613	8.72209
737.916	8.66044
738.216	8.63385
738.517	8.5507
738.819	8.51424
739.121	8.39235
739.421	8.27323
739.722	8.13181
740.024	7.84208
740.326	8.33853
740.628	10.1677
740.928	10.0651
741.231	10.0448
741.531	9.59834
741.831	9.43724
742.132	8.60401
742.433	11.2222
742.735	12.5291
743.037	12.2634
743.337	11.8566
743.637	11.3524
743.938	11.5564
744.253	10.6109
744.553	10.3513
744.854	11.206
745.156	10.816
745.457	10.4504
745.757	10.781
746.058	10.6779
746.36	10.5498
746.662	10.6067
746.963	10.6777
747.264	10.492
747.564	10.551
747.866	10.4975
748.168	10.4186
748.469	10.4481
748.769	10.376
749.07	10.1526
749.371	10.0381
749.673	9.8422
749.975	9.67232
750.276	8.68357
750.578	10.9143
750.88	11.2816
751.181	11.1865
751.482	11.2141
751.784	10.8209
752.086	10.4968
752.388	10.3611
752.69	10.0438
752.991	11.6622
753.292	13.0581
753.594	12.8895
753.896	12.7319
754.197	12.2329
754.498	12.108
754.8	12.1769
755.1	11.6497
755.401	11.6589
755.701	11.9177
756.002	11.5473
756.304	11.4675
756.604	11.8278
756.906	11.5648
757.207	11.3786
757.508	11.6929
757.81	11.5453
758.111	11.4958
758.412	11.5462
758.714	11.4418
759.015	11.3692
759.315	11.2278
759.616	11.0435
759.918	10.7296
760.218	10.6221
760.52	10.3418
760.822	10.2057
761.123	9.29673
761.424	14.0482
761.724	11.1312
762.026	13.1912
762.326	13.088
762.627	13.0983
762.927	13.0203
763.228	13.0249
763.529	12.9459
763.83	12.9242
764.13	13.0084
764.431	12.9287
764.732	12.954
765.033	12.9389
765.333	12.9389
765.635	12.9775
765.935	12.9348
766.235	12.9512
766.536	12.9389
766.837	12.9775
767.139	12.8999
767.44	12.9479
767.741	12.8896
768.042	12.8888
768.343	12.8618
768.644	12.8338
768.944	12.7823
769.245	12.5801
769.546	12.1643
769.846	11.8786
770.146	10.981
770.447	12.6749
770.749	12.7277
771.05	12.5697
771.351	12.6419
771.653	12.6155
771.953	12.2703
772.254	11.8021
772.556	11.7431
772.857	11.4903
773.159	11.1432
773.46	11.2662
773.763	10.9617
774.063	10.8968
774.364	10.9189
774.666	10.8305
774.967	10.7649
775.268	10.9132
775.57	10.8207
775.87	10.7881
776.172	10.8129
776.474	10.8004
776.775	10.8034
777.077	10.682
777.379	10.6132
777.681	10.5048
777.981	10.2981
778.283	10.1536
778.585	10.0912
778.892	9.18435
779.193	9.53565
779.494	12.3352
779.794	11.9953
780.097	11.6079
780.399	11.1701
780.7	10.9514
781.001	9.74936
781.302	11.929
781.604	12.2181
781.904	12.1452
782.206	12.1279
782.507	12.092
782.808	12.1101
783.108	12.0793
783.409	12.1126
783.71	12.0199
784.011	11.8854
784.311	11.9792
784.613	12.0023
784.914	11.963
785.214	11.986
785.516	12.005
785.817	11.9572
786.118	11.9656
786.419	12.0253
786.719	11.8371
787.02	11.7969
787.32	11.7815
787.622	11.6926
787.923	11.3662
788.224	11.3608
788.524	10.9487
788.824	10.6695
789.127	10.4475
789.427	10.1837
789.728	12.5205
790.029	12.0063
790.329	12.1046
790.631	11.8836
790.933	11.339
791.235	11.1247
791.536	10.9486
791.836	10.351
792.138	12.2336
792.438	13.7178
792.739	13.3793
793.04	13.2064
793.34	12.6297
793.641	12.5992
793.942	12.6571
794.243	12.148
794.545	12.1612
794.847	12.3203
795.148	11.9509
795.449	11.9378
795.75	12.1752
796.051	12.0256
796.353	12.0116
796.654	12.004
796.955	12.0701
797.256	11.9793
797.558	12.0065
797.859	11.9262
798.161	11.8849
798.462	11.6827
798.763	11.5661
799.064	11.3694
799.364	11.0714
799.666	10.8191
799.968	10.4549
800.27	9.89114
800.571	13.0347
800.872	13.0106
801.184	11.6378
801.484	11.865
801.785	14.0175
802.085	13.5973
802.386	13.6517
802.687	13.5269
802.987	13.5584
803.289	13.5331
803.589	13.5001
803.891	13.4803
804.192	13.4164
804.493	13.3967
804.794	13.4836
805.096	13.4473
805.396	13.4242
805.697	13.4544
805.999	13.4498
806.3	13.3995
806.601	13.4071
806.902	13.4906
807.203	13.2848
807.504	13.1102
807.805	13.1158
808.105	12.904
808.406	12.5428
808.708	12.5693
809.009	10.7644
809.31	12.6351
809.611	13.2826
809.913	13.1025
810.213	13.1172
810.515	13.0228
810.816	12.8327
811.116	12.3043
811.418	12.3258
811.719	12.1448
812.019	11.7447
812.321	11.7035
812.621	11.7497
812.921	11.381
813.222	11.476
813.524	11.6888
813.825	11.4842
814.126	11.4236
814.427	11.5585
814.727	11.4309
815.027	11.4325
815.327	11.4341
815.629	11.401
815.929	11.3197
816.23	11.2073
816.531	11.1574
816.832	11.0262
817.134	10.7757
817.436	10.4491
817.737	10.2641
818.04	9.95964
818.341	11.9796
818.642	12.7268
818.943	12.3736
819.244	11.742
819.544	11.3933
819.846	11.4169
820.147	10.1783
820.448	14.1065
820.749	14.2285
821.049	13.7041
821.351	11.4247
821.651	12.8892
821.952	12.7296
822.253	12.6897
822.554	13.232
822.855	15.0878
823.156	14.3778
823.456	14.4418
823.757	14.4487
824.057	14.399
824.358	14.491
824.659	14.4392
824.959	14.4514
825.26	14.4335
825.561	14.4512
825.862	14.4338
826.162	14.4564
826.462	14.3965
826.763	14.3566
827.064	14.305
827.366	14.2904
827.667	14.1622
827.968	13.9135
828.269	13.6656
828.569	13.5426
828.87	11.092
829.171	12.1891
829.472	11.8001
829.773	11.61
830.074	11.1375
830.374	12.148
830.675	13.5305
830.977	13.2218
831.277	12.7377
831.579	12.1241
831.881	11.9042
832.2	10.9639
832.501	11.0585
832.802	13.1194
833.102	12.9066
833.402	12.951
833.704	12.8418
834.005	12.7782
834.306	12.8305
834.607	12.854
834.909	12.8312
835.21	12.8191
835.51	12.7894
835.811	12.8272
836.112	12.8296
836.414	12.8298
836.715	12.8305
837.016	12.815
837.318	12.8125
837.62	12.8062
837.92	12.8333
838.221	12.7223
838.522	12.6138
838.824	12.5306
839.125	12.398
839.426	12.0485
839.726	12.0552
840.027	11.7226
840.328	11.3436
840.629	12.5193
840.929	12.6949
841.231	12.6548
841.531	12.599
841.831	12.5504
842.133	12.2523
842.434	11.7612
842.736	11.7671
843.037	11.6963
843.339	11.2225
843.641	11.1736
843.942	11.252
844.242	10.9193
844.544	10.9672
844.845	11.2719
845.146	10.9857
845.447	10.9167
845.748	11.108
846.049	10.9957
846.349	10.9485
846.651	10.9855
846.952	10.9367
847.252	10.7541
847.554	10.8151
847.854	10.6397
848.156	10.3939
848.458	10.2879
848.76	9.91882
849.061	9.66099
849.361	8.75058
849.662	11.1569
849.964	12.101
850.265	11.8269
850.566	11.5109
850.867	9.77135
851.167	12.8765
851.467	12.113
851.769	12.2656
852.069	12.192
852.371	12.1684
852.672	12.2346
852.973	12.185
853.274	12.182
853.574	12.195
853.875	12.1265
854.175	12.2056
854.477	12.1775
854.778	12.1991
855.079	12.1983
855.38	12.1919
855.681	12.1911
855.982	12.1474
856.282	12.1877
856.584	12.2025
856.884	12.1071
857.185	12.0811
857.487	12.0493
857.787	11.751
858.088	11.5579
858.389	11.4021
858.706	10.0111
859.006	10.2193
859.309	11.9633
859.61	12.0067
859.911	12.053
860.211	11.9192
860.513	11.8397
860.813	11.3471
861.113	11.0758
861.415	11.0215
861.716	10.5165
862.018	10.4933
862.32	10.2212
862.622	10.1244
862.924	10.0249
863.225	9.94583
863.526	9.91163
863.827	9.88285
864.128	9.88324
864.428	9.83645
864.73	9.84228
865.032	9.85655
865.332	9.87438
865.634	9.83756
865.936	9.80766
866.237	9.71903
866.539	9.60749
866.841	9.51225
867.142	9.31977
867.444	9.14847
867.745	8.96564
868.046	9.7334
868.346	12.0962
868.648	11.6628
868.95	9.42493
869.25	10.8654
869.551	11.0806
869.852	11.9468
870.153	11.6108
870.455	11.614
870.756	11.6203
871.058	11.7023
871.358	11.5851
871.659	11.6007
871.96	11.5811
872.262	11.6164
872.563	11.6242
872.863	11.5811
873.164	11.5811
873.466	11.6053
873.767	11.6299
874.067	11.5866
874.369	11.6007
874.671	11.6398
874.972	11.6203
875.273	11.661
875.574	11.6601
875.876	11.646
876.177	11.5606
876.478	11.2464
876.78	11.0406
877.08	10.7154
877.38	10.6325
877.683	11.759
877.983	11.5546
878.283	11.7123
878.585	11.7749
878.885	11.5684
879.187	11.1502
879.488	10.9621
879.789	10.881
880.09	10.4129
880.39	10.3687
880.692	10.3944
880.994	10.0512
881.295	10.0312
881.596	10.132
881.896	9.91712
882.198	9.8626
882.499	9.97477
882.8	9.88605
883.102	9.85575
883.402	9.89672
883.703	9.85088
884.004	9.77926
884.306	9.85511
884.607	9.70094
884.907	9.55743
885.209	9.49747
885.51	9.32292
885.812	8.97941
886.113	8.36458
886.414	11.5232
886.716	11.8199
887.016	11.4674
887.317	10.9619
887.618	13.3737
887.919	13.6873
888.221	13.6086
888.522	13.4764
888.823	12.8819
889.123	12.8456
889.424	13.03
889.725	12.4701
890.025	12.3872
890.326	12.6695
890.627	12.5392
890.928	12.3469
891.229	12.588
891.531	12.5816
891.832	12.3653
892.133	12.4369
892.433	12.5568
892.733	12.4508
893.035	12.294
893.336	12.2668
893.637	12.1817
893.937	11.999
894.237	11.8538
894.539	11.6644
894.841	11.2067
895.143	11.0162
895.443	9.81743
895.743	12.0724
896.044	13.6745
896.345	12.988
896.645	10.6296
896.946	11.1828
897.246	11.1361
897.548	10.7221
897.849	10.9902
898.15	10.7135
898.451	10.3718
898.753	10.4099
899.053	10.2388
899.355	10.0576
899.655	10.2249
899.957	10.1021
900.257	9.99723
900.558	10.118
900.858	9.99536
901.159	9.96249
901.46	10.0469
901.762	9.96275
902.064	9.96688
902.366	9.92391
902.668	9.86176
902.969	9.76373
903.271	9.60478
903.574	9.40484
903.875	9.28057
904.177	8.96978
904.478	9.84983
904.779	11.2645
905.079	11.112
905.38	11.147
905.682	10.5338
905.983	10.2416
906.285	10.2897
906.586	9.73641
906.886	12.8762
907.188	13.042
907.489	12.8286
907.79	12.1597
908.091	12.1088
908.393	12.1969
908.694	11.5187
908.996	11.4467
909.297	11.7651
909.599	11.2997
909.9	11.1665
910.202	11.61
910.503	11.5175
910.803	11.2274
911.104	11.3981
911.405	11.4249
911.706	11.2314
912.007	11.3124
912.307	11.3544
912.608	11.0928
912.908	11.1185
913.209	11.0805
913.51	10.729
913.81	10.6765
914.111	10.5105
914.412	9.26713
914.713	12.0603
915.015	13.2277
915.325	11.0708
915.625	12.7098
915.926	12.7676
916.226	12.9577
916.527	12.9749
916.828	12.8848
917.13	12.8842
917.431	12.8923
917.733	12.8822
918.035	12.8705
918.337	12.8466
918.638	12.8216
918.94	12.8192
919.241	12.8452
919.542	12.8344
919.843	12.8027
920.144	12.8373
920.446	12.8171
920.747	12.825
921.048	12.8631
921.349	12.838
921.649	12.7929
921.949	12.7787
922.25	12.7269
922.55	12.4985
922.851	12.2119
923.153	11.938
923.453	10.3522
923.753	12.5561
924.053	12.5432
924.355	12.7023
924.656	12.5522
924.958	12.5696
925.258	12.416
925.559	11.9805
925.861	11.7293
926.162	11.6659
926.463	11.3264
926.764	11.2741
927.065	11.0091
927.365	10.9893
927.667	10.8905
927.969	10.8246
928.269	10.8781
928.571	10.8086
928.871	10.8543
929.173	10.9061
929.475	10.8147
929.776	10.8181
930.078	10.9389
930.379	10.7993
930.681	10.7101
930.981	10.638
931.282	10.5251
931.582	10.2693
931.883	10.0462
932.184	9.89542
932.486	9.49463
932.787	10.1094
933.088	12.2031
933.389	11.8792
933.69	11.631
933.992	10.9694
934.293	10.7649
934.594	10.8114
934.895	9.77078
935.197	13.127
935.498	13.8213
935.799	13.2789
936.1	11.0226
936.401	12.1839
936.702	12.2465
937.002	11.9825
937.304	11.9001
937.605	11.8184
937.907	11.6993
938.208	11.5591
938.508	11.668
938.808	11.6281
939.11	11.6588
939.412	11.6046
939.713	11.6373
940.015	11.6202
940.315	11.5932
940.615	11.5914
940.916	11.4871
941.218	11.4438
941.52	11.3706
941.821	11.1165
942.123	10.9276
942.423	10.9113
942.724	9.72886
943.025	9.90198
943.325	12.7877
943.627	12.2568
943.928	12.283
944.23	11.7681
944.532	11.3782
944.834	11.3424
945.136	11.0111
945.437	12.9496
945.738	13.8024
946.04	13.693
946.341	13.7327
946.641	13.1546
946.943	12.653
947.244	13.0601
947.545	12.8379
947.846	12.1457
948.146	12.5581
948.447	12.8273
948.748	12.2781
949.05	12.2439
949.351	12.7178
949.651	12.4328
949.952	12.2507
950.252	12.4544
950.554	12.4827
950.855	12.2453
951.155	12.3175
951.456	12.2931
951.757	12.0809
952.057	11.909
952.359	11.7361
952.66	11.2843
952.96	11.2479
953.262	10.8677
953.563	10.2825
953.864	13.9468
954.165	13.5235
954.466	10.2934
954.767	12.3583
955.068	12.1189
955.368	12.0791
955.669	13.1594
955.969	13.7021
956.269	13.4989
956.571	13.5534
956.871	13.4903
957.172	13.498
957.473	13.5201
957.774	13.5338
958.076	13.5305
958.377	13.5303
958.679	13.5305
958.979	13.5127
959.28	13.5468
959.58	13.5053
959.88	13.4343
960.181	13.4576
960.482	13.4188
960.783	13.3965
961.085	13.3615
961.386	13.2598
961.687	12.9073
961.987	12.5552
962.287	12.4182
962.587	10.0767
962.888	12.6791
963.19	12.9664
963.49	12.9874
963.791	12.9289
964.092	12.8728
964.393	12.538
964.694	12.1099
964.994	12.0309
965.296	11.9707
965.596	11.4241
965.898	11.448
966.199	11.3799
966.5	11.2013
966.802	11.213
967.102	11.3571
967.403	11.1453
967.705	11.1295
968.007	11.2824
968.309	11.2228
968.61	11.1517
968.911	11.2279
969.212	11.2191
969.513	11.0525
969.813	10.9984
970.114	10.8487
970.415	10.6669
970.716	10.5757
971.017	10.2792
971.319	10.0028
971.62	9.7505
971.92	11.8953
972.221	12.3916
972.523	12.1247
972.825	11.5696
973.127	11.2596
973.427	11.2795
973.727	10.5587
974.028	15.2177
974.328	12.1853
974.629	13.1107
974.93	13.0138
975.231	12.8149
975.532	12.8149
975.833	13.7796
976.133	14.3795
976.433	14.2599
976.735	14.1226
977.036	14.1482
977.337	14.2279
977.638	14.2081
977.939	14.1974
978.24	14.1746
978.541	14.2092
978.841	14.2168
979.142	14.2304
979.442	14.1556
979.743	14.1085
980.043	14.1105
980.344	14.0866
980.644	14.0104
980.945	13.9083
981.245	13.8122
981.546	13.7468
981.848	13.4412
982.149	13.0759
982.451	12.6128
982.752	12.1486
983.054	13.507
983.356	13.4447
983.657	13.4954
983.957	13.3962
984.258	13.3778
984.559	12.9982
984.859	12.6
985.16	12.7358
985.461	12.3868
985.761	12.0413
986.062	12.2677
986.363	12.0905
986.663	11.9278
986.965	12.0917
987.266	12.1075
987.568	11.9528
987.869	12.0232
988.169	12.0682
988.47	11.9651
988.77	11.991
989.071	12.0497
989.371	11.8705
989.673	11.7386
989.973	11.8285
990.274	11.4091
990.575	11.2774
990.877	11.2451
991.178	11.0077
991.48	13.1158
991.781	13.3795
992.082	12.9955
992.383	11.3509
992.683	14.8599
992.984	14.5718
993.285	14.6477
993.586	14.7057
993.888	14.165
994.188	13.7442
994.489	14.2121
994.791	14.0661
995.092	13.3944
995.393	13.6601
995.693	14.2316
995.995	13.6946
996.295	13.3173
996.596	14.1424
996.896	13.9696
997.198	13.3662
997.498	13.6707
997.798	14.0733
998.099	13.581
998.4	13.1308
998.702	13.5532
999.003	13.4471
999.304	11.7696
999.606	13.2072
999.906	10.9383
1000.21	13.1634
1000.51	12.7551
