10.2011	1.30645
10.3021	2.13801
10.4032	4.27602
10.5042	8.55205
10.6052	17.1041
10.6662	45.6854
10.7262	26.3769
10.7872	45.6854
10.8481	30.9164
10.909	24.0242
11.0083	14.5046
11.07	17.5133
11.1304	13.6984
11.1915	12.3684
11.2518	8.16616
11.3125	19.9614
11.3731	4.35602
11.4333	9.16971
11.4935	18.9581
11.5536	23.1509
11.6146	24.0032
11.6748	24.092
11.7349	23.9633
11.7957	24.2828
11.8567	23.434
11.9171	23.2301
11.9779	23.1071
12.0385	23.1581
12.0991	23.1581
12.1602	22.9618
12.2209	23.1581
12.282	22.9618
12.3426	23.1581
12.4033	23.1581
12.4638	22.8003
12.5241	22.9021
12.5847	22.7474
12.6462	22.4306
12.7066	22.2843
12.7672	22.3499
12.828	22.31
12.8889	22.0709
12.9492	22.4882
13.01	22.4822
13.0701	22.7644
13.1303	22.9446
13.1904	23.1472
13.2511	23.1484
13.3117	22.9505
13.3724	22.9505
13.433	22.9505
13.4932	23.3479
13.5538	22.9505
13.614	23.1484
13.6746	22.9505
13.7347	23.1484
13.7954	22.7527
13.8555	23.1484
13.9157	23.1484
13.9763	22.9505
14.0364	23.1484
14.0966	22.9488
14.1567	23.1484
14.2168	23.1484
14.2779	22.6201
14.3379	22.799
14.3985	22.3542
14.4593	22.5151
14.5199	21.9894
14.5806	21.92
14.6409	22.3131
14.7015	22.3561
14.7617	22.5108
14.8218	22.5607
14.8825	23.3305
14.9427	22.9468
15.0033	23.1478
15.0635	22.9483
15.1241	23.1479
15.1843	22.9483
15.2449	23.1479
15.305	22.9483
15.3657	23.1479
15.4264	23.1479
15.487	23.1479
15.5471	22.9483
15.6078	23.1479
15.6684	23.1479
15.7291	22.95
15.7898	23.1479
15.8504	23.1479
15.9113	23.0571
15.9716	22.6977
16.0321	22.7807
16.0924	22.3094
16.1527	22.4832
16.2132	22.3986
16.2733	22.3662
16.3343	22.0376
16.395	22.342
16.4558	22.5123
16.5162	22.8475
16.5763	23.1433
16.637	23.1449
16.6976	22.9494
16.7578	23.3468
16.8184	22.9494
16.8786	23.1472
16.9392	22.9494
16.9994	23.3468
17.06	22.9494
17.1202	23.3468
17.1808	22.9494
17.241	23.1472
17.3016	22.9494
17.3621	23.0285
17.4228	23.1238
17.4835	22.5371
17.5442	22.5367
17.6051	22.4339
17.6659	22.1063
17.7263	22.2639
17.7868	22.2072
17.8469	22.3671
17.9075	22.584
17.9679	22.6646
18.028	23.1448
18.0881	23.1456
18.1483	23.1462
18.2084	23.1467
18.2691	22.9492
18.3292	23.147
18.3893	23.147
18.4495	23.147
18.5096	23.147
18.5698	23.147
18.6299	23.147
18.69	23.147
18.7502	23.147
18.8108	22.9559
18.8717	22.8639
18.9321	22.6587
18.9928	22.5316
19.0531	22.2951
19.1139	22.094
19.1748	22.0823
19.2357	22.0705
19.296	22.2755
19.3569	22.4564
19.4177	22.8907
19.4779	23.1448
19.538	23.1463
19.5981	23.1467
19.6583	23.1478
19.7184	23.1479
19.7785	23.1479
19.8387	23.1479
19.8988	23.1479
19.9589	23.1479
20.0191	23.1479
20.0792	23.3475
20.1394	23.1479
20.1995	23.1479
20.2596	23.1479
20.3198	23.1479
20.3801	22.6855
20.4406	22.7757
20.501	22.2764
20.5616	22.1582
20.6219	21.9096
20.682	21.77
20.7422	21.9014
20.8023	21.9834
20.863	22.7396
20.924	22.8093
20.9843	23.095
21.0449	23.1482
21.1051	23.1482
21.1652	23.3479
21.2253	23.1498
21.286	22.952
21.3461	23.3494
21.4062	23.1498
21.4664	23.3494
21.527	23.1498
21.5871	23.1498
21.6478	23.1498
21.7079	23.1498
21.768	23.3494
21.8287	23.1498
21.8891	23.0615
21.9491	22.5925
22.0097	22.7727
22.0706	22.2581
22.131	22.4568
22.192	21.8383
22.253	21.6341
22.3131	22.1766
22.3736	21.7944
22.4337	22.5599
22.4941	22.8492
22.5548	22.9484
22.6154	23.1474
22.6756	23.3494
22.7357	23.3494
22.7963	23.1498
22.8565	23.3494
22.9171	23.1498
22.9778	23.1498
23.0379	23.3494
23.0985	23.1498
23.1592	23.1498
23.2198	23.1498
23.2805	23.3477
23.3406	23.3494
23.4013	23.1498
23.4615	23.0993
23.5224	22.6761
23.5827	22.6857
23.6437	22.2353
23.7047	22.041
23.765	21.6864
23.8252	21.913
23.8853	21.9769
23.9459	21.9706
24.006	22.3521
24.0667	22.9231
24.1269	23.1474
24.1875	23.3471
24.2477	23.1504
24.3083	23.3483
24.3684	23.1504
24.4291	23.3483
24.4892	23.1504
24.5493	23.1504
24.6095	23.35
24.6701	23.3483
24.7302	23.1504
24.7904	23.35
24.8505	23.1504
24.9106	23.1504
24.9708	23.35
25.0308	22.9763
25.0911	22.6788
25.1515	22.4783
25.2123	22.0874
25.2729	22.003
25.3329	21.7985
25.3935	21.578
25.4536	21.56
25.5145	22.2675
25.5749	22.4272
25.6356	23.3612
25.6962	23.1504
25.7568	23.1504
25.8175	23.1504
25.8776	23.5496
25.9383	23.1504
25.9989	23.3483
26.0596	23.1504
26.1202	23.3483
26.1809	23.1504
26.2415	23.744
26.3016	23.9487
26.3618	23.9487
26.4219	23.9487
26.482	23.9487
26.5423	23.8948
26.6029	22.7765
26.6635	22.9746
26.7236	21.9581
26.7845	21.6657
26.8454	20.9039
26.906	20.1696
26.9669	20.1055
27.0282	19.9858
27.0886	20.0688
27.1488	20.5171
27.2095	22.5487
27.2695	23.194
27.3301	23.949
27.3906	23.6069
27.4508	23.8996
27.5115	23.7486
27.5724	23.6419
27.6332	23.4759
27.6933	22.9577
27.7534	23.1574
27.8136	23.1574
27.8737	23.1574
27.9338	23.1574
27.9939	23.1574
28.054	23.357
28.1141	22.9577
28.1742	23.1574
28.2343	23.1574
28.2944	23.1574
28.3553	22.8593
28.4154	22.7661
28.4763	22.4831
28.5364	22.3549
28.5973	22.0765
28.6575	21.8999
28.7176	21.9794
28.7786	22.2335
28.8387	22.1754
28.8993	22.5676
28.9598	23.2021
29.0199	22.9465
29.0801	23.1476
29.1402	23.1478
29.2003	23.1493
29.2605	23.1493
29.3206	23.3489
29.3807	22.9497
29.4408	23.1493
29.501	23.1493
29.5611	23.1493
29.6212	23.1493
29.6814	23.1493
29.7415	23.3489
29.8016	22.9497
29.8618	23.1313
29.9225	22.9422
29.9832	22.9302
30.0437	22.5988
30.1043	22.5988
30.1647	22.2479
30.2251	22.2351
30.286	22.0641
30.347	22.0475
30.4072	22.3263
30.4672	22.5803
30.528	21.9091
30.5881	21.9683
30.6488	21.7378
30.7096	20.9501
30.7703	20.9501
30.8307	20.2441
30.8912	18.2459
30.9518	18.2459
31.0123	18.2459
31.074	13.2219
31.1349	12.9982
31.1971	5.97768
31.2593	0.965422
31.3214	0.965422
31.3839	3.07291
31.4515	5.86394
31.5117	14.7328
31.6215	23.5053
31.7613	16.8188
31.8219	32.7029
31.8826	33.604
31.9436	18.4723
32.0043	13.8602
32.0648	14.478
32.1253	14.478
32.1874	14.478
32.2501	8.61467
32.3189	12.9167
32.3803	7.42725
32.4405	7.96223
32.5007	19.1589
32.5617	20.83
32.6226	22.2752
32.6828	22.7193
32.7433	23.0263
32.896	7.62109
32.9648	7.14799
33.0258	21.8634
33.0989	14.7748
33.1592	10.141
33.2315	0.498243
33.3271	6.64805
33.388	15.1825
33.4525	5.39797
33.5292	11.8812
33.5897	7.54107
33.6545	8.51072
33.7313	11.8812
34.0748	0.908274
34.1759	0.11876
34.2773	0.23651
34.3796	0.58693
34.4852	1.2501
34.5976	2.5618
34.6665	1.56618
34.7355	1.39216
34.8028	3.20702
34.8702	2.49372
34.9371	2.51012
35.004	2.87087
35.0727	2.79368
35.1338	4.72093
35.1948	3.14648
35.2642	2.76569
35.3364	2.49229
35.4016	1.65628
35.4744	1.81473
35.5429	1.75076
35.6086	2.00779
35.6723	2.2623
35.735	3.25321
35.7958	4.14312
35.8566	4.14389
35.9175	4.1435
35.9793	4.07473
36.0425	3.98651
36.1057	3.98651
36.1666	4.1435
36.2274	4.1435
36.2925	3.86689
36.3528	3.38537
36.4168	3.18623
36.4804	2.64415
36.5408	2.58252
36.6076	2.6916
36.674	2.17103
36.7358	2.9109
36.7961	3.38539
36.8585	4.41848
36.9248	4.16688
36.9899	4.23551
37.054	4.30627
37.1175	4.34499
37.1793	4.46645
37.2405	4.51096
37.3017	4.51096
37.3629	4.70709
37.4252	4.42625
37.4891	4.32077
37.5568	4.07889
37.6181	4.10725
37.6795	4.10725
37.745	3.84802
37.8105	3.84802
37.8766	3.80949
37.9413	3.89657
38.0069	4.20409
38.067	4.5996
38.1289	4.84258
38.1926	4.70696
38.2562	4.9093
38.3204	4.66916
38.382	4.87063
38.4431	4.90885
38.5039	4.94103
38.5681	5.23266
38.6299	4.85534
38.6938	5.06543
38.7581	5.23038
38.8208	4.7855
38.8809	4.5861
38.9461	4.60706
39.0067	4.55344
39.069	4.42762
39.1327	4.33546
39.1967	4.30763
39.2612	4.46862
39.3214	4.58364
39.3874	4.54727
39.4511	5.45857
39.5154	5.59892
39.5783	5.15704
39.6423	5.43793
39.7058	5.6617
39.7661	5.37838
39.8283	5.5904
39.8927	5.5904
39.955	5.5904
40.0164	5.85943
40.0798	5.49421
40.1443	5.38733
40.2067	5.38854
40.2678	4.90952
40.3285	4.9438
40.3895	4.9209
40.4537	4.85888
40.5177	4.6879
40.578	4.57433
40.6418	5.08206
40.7055	5.65107
40.7672	5.63297
40.8298	5.94699
40.8905	5.93219
40.953	5.95302
41.017	5.99725
41.0784	6.05868
41.1411	6.12559
41.2018	6.12419
41.2645	6.12695
41.3251	6.13542
41.3876	6.14908
41.4488	6.07799
41.5088	5.99864
41.5709	5.60539
41.6344	5.66926
41.6962	5.23854
41.7589	5.16832
41.8234	5.02456
41.8875	5.24048
41.9491	4.8729
42.0115	5.57886
42.0715	5.99803
42.1322	6.12381
42.1971	6.29226
42.2602	6.26949
42.3203	6.39769
42.382	6.61087
42.4452	6.44833
42.5067	6.64374
42.5699	6.63799
42.6332	6.44833
42.6935	6.96183
42.7557	6.75999
42.819	6.62552
42.8815	6.34364
42.9436	6.37229
43.0057	5.99014
43.0666	6.1138
43.1302	5.46654
43.1916	5.86449
43.2558	5.79373
43.3168	5.71069
43.3789	6.76384
43.4408	6.97162
43.503	7.91294
43.5637	7.51426
43.6242	7.72946
43.6847	7.93475
43.7483	8.11111
43.8099	8.37515
43.87	8.19576
43.9328	8.20857
43.9957	8.21084
44.0586	7.81673
44.122	7.38832
44.1866	7.24124
44.2496	6.47436
44.3107	6.29008
44.3739	5.69517
44.4362	5.39121
44.5006	5.21351
44.5627	5.4182
44.6242	6.82589
44.6858	7.21098
44.7469	7.84731
44.8072	7.77135
44.8695	8.08556
44.9318	8.0837
44.9942	8.08305
45.057	8.02891
45.1198	8.01817
45.1827	8.01817
45.2455	8.01817
45.3101	7.80347
45.3707	7.92822
45.4316	7.67967
45.4928	7.44679
45.5552	7.31159
45.6157	6.73856
45.6763	6.73856
45.7413	6.64418
45.8058	6.69657
45.8672	7.04076
45.9274	7.57284
45.9875	8.19192
46.0486	8.04906
46.1127	8.04276
46.1749	8.30262
46.2372	8.27431
46.3001	8.21627
46.364	8.2612
46.426	8.31577
46.4881	8.31577
46.5501	8.31577
46.6122	8.31577
46.6728	8.11777
46.734	8.23087
46.7967	7.65276
46.8595	7.65276
46.9227	7.21124
46.9848	7.14875
47.0452	6.94896
47.1067	6.83607
47.167	6.96459
47.2317	7.04283
47.2923	7.92963
47.3545	8.09993
47.4158	8.40909
47.4796	8.28484
47.543	6.80999
47.6067	6.78504
47.6704	6.77993
47.7342	6.77066
47.798	6.95873
47.8618	6.58259
47.9256	6.95873
47.9895	6.57106
48.0515	7.363
48.1116	8.3752
48.174	8.46332
48.2364	8.46332
48.2988	8.46332
48.3612	8.46332
48.4236	8.46332
48.4864	8.40036
48.5484	8.12825
48.6104	8.12825
48.6739	7.18748
48.7372	6.823
48.7983	6.67427
48.8611	5.73642
48.9238	5.73642
48.9877	5.26209
49.0483	5.14604
49.1085	5.98329
49.1703	6.60108
49.2322	8.14241
49.2942	8.1267
49.3563	8.11707
49.4172	8.27675
49.478	8.2853
49.5401	8.11447
49.6022	8.1265
49.6636	8.20061
49.7251	8.20061
49.7865	8.20061
49.848	8.20061
49.9098	7.96525
49.9721	7.50729
50.0336	7.41038
50.0969	7.2132
50.1582	7.04639
50.2188	6.73488
50.2794	6.72812
50.3402	6.70623
50.4018	7.01686
50.463	7.44811
50.5253	8.28073
50.5859	8.31512
50.6463	8.35107
50.7091	8.40854
50.7711	8.3176
50.8312	8.3931
50.892	8.48604
50.9523	8.3553
51.0151	8.21492
51.0779	8.40597
51.1407	8.40597
51.2017	8.26519
51.2641	8.08467
51.3242	8.18673
51.3872	7.42858
51.4502	7.61905
51.5107	7.1412
51.5711	7.1412
51.6328	7.00839
51.6947	6.98242
51.756	7.42962
51.8181	7.72879
51.8806	8.44972
51.9435	8.4027
52.0036	8.37606
52.065	8.60018
52.1263	8.61135
52.1885	8.49409
52.2506	8.50509
52.3123	8.55497
52.374	8.7494
52.4357	8.55497
52.4974	8.36837
52.5587	8.61404
52.62	8.61404
52.6823	8.09208
52.7447	8.06764
52.8063	7.98798
52.8686	7.51311
52.9298	7.45236
52.9925	7.27829
53.0548	7.31697
53.1168	7.35214
53.178	7.83962
53.2404	8.07741
53.3011	8.70243
53.3617	8.71785
53.4221	8.74023
53.4822	8.78177
53.5449	8.80569
53.6057	8.88657
53.6666	8.46669
53.7267	8.79268
53.7893	8.81341
53.8519	8.81341
53.9146	8.81341
53.9757	8.82782
54.0372	8.59226
54.0976	8.33573
54.1592	8.18534
54.2221	8.00939
54.2842	7.54559
54.3468	7.6674
54.4079	7.46016
54.4684	7.53961
54.5301	7.77134
54.5916	8.19428
54.6529	8.6208
54.7154	9.02148
54.7775	8.69313
54.8391	8.96407
54.9009	8.93143
54.9631	9.06373
55.0247	8.77439
55.0856	9.06161
55.1465	9.06161
55.2074	9.06161
55.2683	9.06161
55.3293	9.06161
55.391	8.93473
55.4514	8.74427
55.5123	8.6708
55.5735	8.2327
55.6348	8.2327
55.6966	7.76675
55.759	7.68995
55.8193	7.75184
55.8801	7.30786
55.9413	7.84358
56.0037	8.07644
56.0646	9.0597
56.1259	9.00742
56.1877	8.94035
56.2481	9.13053
56.3106	9.21631
56.3721	9.17248
56.4337	8.76053
56.4945	9.08289
56.5553	9.08289
56.6159	9.11052
56.6765	9.11052
56.737	9.1179
56.7975	9.1186
56.8578	8.75498
56.9191	8.62598
56.982	8.38957
57.0437	8.16578
57.1068	7.99138
57.1694	7.66403
57.2319	7.67625
57.2942	7.70492
57.357	8.03539
57.4172	8.36142
57.4784	9.02041
57.5386	9.18238
57.6008	9.44074
57.6629	9.07979
57.7248	9.30807
57.785	9.37404
57.8458	8.87723
57.9061	9.15095
57.9688	9.20078
58.0314	9.20078
58.094	9.20078
58.1564	9.22831
58.2187	9.24807
58.2802	8.97073
58.3413	8.63411
58.4032	8.53246
58.4647	8.20407
58.5262	8.18506
58.5876	7.82252
58.6489	7.83066
58.709	8.18827
58.7704	8.20381
58.8304	8.59644
58.8912	9.09082
58.9529	9.33109
59.0141	9.41549
59.0751	9.43482
59.1358	9.48516
59.1969	9.43003
59.2591	9.26842
59.3209	9.50855
59.3821	9.21205
59.4434	9.40805
59.5046	9.40805
59.5657	9.42026
59.6266	9.45707
59.6879	9.40542
59.7501	8.87235
59.8123	8.87235
59.8748	8.44387
59.935	8.37997
59.9975	8.05669
60.0583	7.90422
60.1184	7.98796
60.1811	8.03378
60.2416	8.72181
60.3033	8.94413
60.3642	9.66401
60.4246	9.33766
60.487	9.61987
60.5493	9.6187
60.6117	9.61825
60.673	9.39401
60.7345	9.37414
60.7949	9.73082
60.8553	9.34049
60.9157	9.53922
60.9761	9.53922
61.0375	9.37388
61.0992	9.33132
61.1603	9.03983
61.2226	8.86186
61.2835	8.66116
61.3436	8.38679
61.4043	8.3136
61.4666	8.08775
61.5283	8.15944
61.5887	8.34436
61.6512	8.8357
61.7135	9.25489
61.7741	9.49817
61.8344	9.55207
61.8964	9.68071
61.9586	9.64324
62.0187	9.77687
62.0789	9.38311
62.1389	9.58915
62.199	9.58915
62.2591	9.58915
62.3191	9.59289
62.3791	9.59912
62.4397	9.50962
62.4998	9.18422
62.5599	9.38387
62.62	8.5772
62.6803	8.75817
62.7431	8.41804
62.8038	8.2972
62.8649	8.24198
62.9263	8.20836
62.9879	8.5835
63.048	8.7774
63.1103	9.62905
63.1727	9.61299
63.2328	9.59263
63.2945	9.71436
63.3559	9.77272
63.4162	9.56486
63.4766	9.53589
63.5387	9.66323
63.6007	9.6686
63.6628	9.6686
63.7248	9.66909
63.7868	9.68077
63.8488	9.67926
63.9103	9.56413
63.9718	9.15943
64.033	9.02469
64.0948	8.93721
64.1557	8.86107
64.2179	8.29186
64.2806	8.43144
64.3407	8.37885
64.4019	8.63242
64.4645	8.81715
64.5267	9.8374
64.5881	9.57412
64.6495	9.9649
64.7105	9.64674
64.7709	10.1237
64.8326	9.53205
64.895	9.81069
64.9566	9.54846
65.0179	9.78348
65.0792	9.79668
65.1404	9.79992
65.2016	9.80005
65.2628	9.79998
65.3233	9.52581
65.385	9.33918
65.4452	9.16041
65.5077	8.84304
65.5679	8.77055
65.6283	8.33722
65.6888	8.33875
65.7491	8.35141
65.8112	8.49935
65.8723	9.04406
65.9332	9.64742
65.9943	9.62765
66.055	10.0843
66.1155	9.70705
66.1757	9.98172
66.2361	9.91912
66.2982	9.67638
66.3599	9.72192
66.4208	9.84102
66.4818	9.8443
66.5427	9.85273
66.6036	9.85273
66.6645	9.85273
66.7255	9.8294
66.7874	9.30078
66.8494	9.30078
66.9113	8.90975
66.9738	9.02357
67.0358	8.52043
67.0961	8.35227
67.1585	8.27287
67.2204	8.53122
67.2829	9.22244
67.3439	9.63991
67.4045	9.6997
67.4647	10.1566
67.527	9.83036
67.5891	10.0457
67.6512	10.2474
67.7126	9.56674
67.7743	9.93213
67.8345	9.76796
67.8947	10.1667
67.9548	9.76796
68.015	10.1667
68.0752	9.76796
68.1354	10.1667
68.1955	9.38383
68.2568	9.40245
68.3195	9.19346
68.3811	8.95815
68.4437	8.81106
68.5059	8.49232
68.5677	8.54527
68.6287	8.85783
68.6896	8.85382
68.7507	9.4398
68.8111	10.1218
68.8733	9.84716
68.9348	10.147
68.9963	10.3441
69.0577	9.95639
69.1194	10.1209
69.1812	10.2927
69.243	9.90428
69.3048	10.0985
69.3665	10.2927
69.4283	9.90428
69.4886	9.94991
69.5496	9.8362
69.6119	9.63794
69.6738	9.30454
69.7364	9.39899
69.7967	8.74941
69.857	8.55056
69.9171	8.5988
69.9771	8.39883
70.0398	8.61362
70.1004	9.10768
70.1611	10.0819
70.2233	9.82762
70.2851	10.1073
70.3458	10.4674
70.4065	10.0823
70.4674	10.2514
70.5284	10.4272
70.5898	9.96593
70.6512	10.1613
70.7126	10.1613
70.774	10.1613
70.8354	10.1613
70.897	10.1356
70.9574	9.53252
71.0179	9.53252
71.0783	9.14025
71.1395	9.0094
71.2	8.73296
71.2623	8.47298
71.3241	8.5372
71.3855	8.6024
71.4478	9.24407
71.5083	9.53273
71.5697	10.1569
71.6308	10.2139
71.6913	10.3063
71.7519	10.302
71.8125	10.2993
71.8746	10.0476
71.9349	9.95801
71.9964	10.1431
72.0576	10.3841
72.1189	9.99224
72.1801	10.1882
72.2423	10.224
72.3025	9.77495
72.3642	9.91115
72.4247	9.32514
72.4864	9.34011
72.5477	9.18917
72.6096	8.72964
72.671	8.60536
72.732	8.65502
72.7941	8.88575
72.8559	9.51867
72.9165	9.7041
72.978	10.1435
73.039	10.2329
73.1012	10.4124
73.1633	10.4287
73.2253	10.4613
73.2853	10.3933
73.3458	10.3152
73.4063	10.3152
73.4668	10.3152
73.5273	10.3152
73.5878	10.3152
73.6488	10.2232
73.7097	9.85415
73.7706	9.85415
73.8326	9.28148
73.8949	9.25809
73.957	8.87703
74.0174	8.94878
74.078	8.71251
74.1387	8.49375
74.201	9.24608
74.2616	9.51044
74.322	10.3284
74.3822	10.3721
74.4443	10.6255
74.5061	10.2968
74.5677	10.516
74.6287	10.2316
74.6899	10.1957
74.75	10.3768
74.8101	10.3842
74.8702	10.3842
74.9303	10.3842
74.9904	10.3842
75.0505	10.3842
75.1129	9.99366
75.1744	9.95946
75.2347	9.34709
75.2973	9.20317
75.3578	9.31732
75.4182	8.73975
75.4785	8.5609
75.5406	8.89039
75.6007	9.17821
75.6621	9.77137
75.7236	10.1463
75.7839	10.3567
75.8455	10.5197
75.9071	10.7194
75.9687	10.3242
76.0287	10.3973
76.09	10.175
76.1508	10.2656
76.2108	10.3918
76.2709	10.3964
76.3331	10.5964
76.3954	10.211
76.4577	10.4037
76.5184	10.2805
76.5797	9.79334
76.6409	9.79334
76.7028	9.31151
76.7648	9.48521
76.8265	8.74989
76.8889	8.85242
76.9502	8.99341
77.0113	9.03337
77.072	9.89821
77.1339	10.2689
77.196	10.234
77.2575	10.538
77.3187	10.5944
77.3799	10.5827
77.4412	10.7661
77.5034	10.2357
77.5655	10.4367
77.6273	10.4715
77.6892	10.4757
77.7509	10.6888
77.8128	10.277
77.8735	10.2857
77.9342	10.2857
77.9952	9.8285
78.0565	9.79066
78.1176	9.43448
78.1795	9.48889
78.2402	8.89684
78.3019	8.94598
78.3624	9.12853
78.4247	9.44257
78.4869	9.83097
78.5479	10.2388
78.6096	10.4999
78.6708	10.59
78.7315	10.6751
78.7923	10.6536
78.8532	10.6461
78.9145	10.5544
78.976	10.5431
79.0375	10.5431
79.0989	10.5431
79.1601	10.5888
79.2213	10.5906
79.2815	10.3611
79.3419	10.3319
79.4043	10.2031
79.465	9.67659
79.5274	9.61753
79.589	9.35423
79.6515	9.21891
79.7128	9.19757
79.7732	8.94189
79.8347	9.3651
79.895	9.95142
79.9555	10.3147
80.0168	10.5769
80.0776	10.6472
80.1377	10.789
80.1978	10.9771
80.258	10.5659
80.3187	10.6782
80.3797	10.6192
80.4407	10.6192
80.5017	10.8158
80.5625	10.4643
80.6231	10.6913
80.6846	10.5463
80.7446	10.5943
80.8055	10.0582
80.8661	9.89626
80.9268	9.87384
80.9884	9.36459
81.0499	9.36459
81.1108	9.05698
81.172	9.22501
81.2331	9.21889
81.2949	9.71
81.3554	10.7072
81.416	10.7072
81.4765	10.7072
81.538	10.9315
81.5991	10.9943
81.6611	11.0297
81.7231	10.8344
81.7852	10.8236
81.8473	10.6303
81.9094	10.8236
81.9715	10.8236
82.0336	10.8236
82.0956	10.8236
82.1571	10.151
82.2187	10.3205
82.2806	9.50208
82.341	9.53854
82.4031	9.27931
82.4642	9.03379
82.5245	9.14431
82.5867	9.46109
82.6469	9.76372
82.7077	10.2622
82.7677	10.9955
82.8297	10.8548
82.8907	10.8091
82.952	10.9627
83.0135	10.9257
83.0755	10.8371
83.1356	10.7956
83.1977	10.8178
83.2597	10.8267
83.3218	10.8267
83.3839	10.8267
83.4449	10.8215
83.5065	10.3148
83.5672	10.2894
83.6296	10.0037
83.6902	9.8936
83.751	9.67384
83.8118	9.26792
83.8744	9.21223
83.9365	9.26699
83.9986	9.66929
84.0602	10.1291
84.1222	10.8314
84.1843	10.8314
84.2463	10.8381
84.3072	11.0239
84.3684	11.1844
84.4303	10.8592
84.4921	10.677
84.5538	10.8925
84.6155	10.8925
84.6772	10.8925
84.7388	10.8925
84.8005	10.8925
84.8607	10.769
84.921	10.5569
84.9812	10.1585
85.0425	9.79382
85.1037	9.79382
85.1648	9.42527
85.2266	9.33018
85.288	9.37917
85.3493	9.3911
85.4111	10.0949
85.4714	10.3503
85.533	10.9097
85.5944	10.9531
85.6555	10.9859
85.7163	11.0609
85.777	11.0773
85.8385	10.9207
85.9001	10.9149
85.9616	11.1098
86.0232	10.9149
86.0848	10.9149
86.1463	10.72
86.2072	10.6445
86.2681	10.6344
86.3292	10.2207
86.3911	10.0762
86.4524	9.79028
86.5128	9.54035
86.5739	9.62777
86.6361	9.06213
86.6971	9.44098
86.7592	9.67073
86.8207	10.5267
86.8826	11.0572
86.9444	10.8632
87.0056	10.7854
87.0658	11.1696
87.1261	11.1333
87.1866	11.11
87.2473	11.0792
87.308	11.0669
87.3687	11.0669
87.4295	11.0669
87.4902	11.0669
87.5509	11.0669
87.6131	10.8029
87.6747	10.5136
87.735	10.3619
87.7956	9.88636
87.8563	9.88636
87.9181	9.32707
87.9798	9.32707
88.0417	9.31555
88.1031	9.37216
88.1652	10.2503
88.2272	10.2619
88.2882	11.0015
88.3488	11.097
88.4092	11.1293
88.4693	11.1847
88.5296	11.1366
88.5915	10.8564
88.6532	10.8892
88.7142	11.0111
88.7753	11.0111
88.8363	11.0111
88.8973	11.2078
88.9584	11.0111
89.0194	10.8145
89.0796	10.3637
89.14	10.3394
89.2001	9.98094
89.2612	9.82073
89.3236	9.60465
89.385	9.38105
89.4457	9.49917
89.508	9.81271
89.5686	10.1098
89.6297	10.6031
89.6905	11.0415
89.7511	11.1042
89.8131	11.2189
89.8731	11.1967
89.9332	11.1824
89.9938	11.1002
90.0545	11.0677
90.1152	11.0677
90.1759	11.2653
90.2366	11.0677
90.2973	11.0677
90.3591	10.6953
90.4192	10.7777
90.4806	10.543
90.5417	10.2194
90.6034	10.1076
90.6655	9.66333
90.7277	9.64358
90.7889	9.42214
90.8497	9.4721
90.9107	9.83725
90.9711	10.329
91.0317	11.0846
91.0923	11.0846
91.153	11.0846
91.2141	11.3771
91.2755	11.3439
91.3375	11.2182
91.3996	11.2141
91.4617	11.3997
91.5238	11.2064
91.5859	11.0132
91.648	11.2064
91.7101	11.2064
91.7707	11.0956
91.8326	10.6679
91.8944	10.28
91.955	9.9006
92.0159	9.8537
92.0767	9.47561
92.1385	9.32822
92.199	9.71304
92.259	9.39396
92.3201	10.6059
92.3823	11.0121
92.4444	11.0113
92.5058	11.3244
92.5668	11.4105
92.6281	11.3544
92.6895	11.3428
92.7516	11.2092
92.8137	11.2045
92.8758	11.2045
92.9379	11.205
93	11.2182
93.062	11.2182
93.1242	10.8079
93.1843	10.7776
93.2444	10.3871
93.3054	10.419
93.3657	9.75975
93.4279	9.83542
93.4904	9.41141
93.5508	9.53325
93.6118	9.8372
93.6731	10.3797
93.7343	10.9792
93.7964	11.2099
93.8567	11.1387
93.9187	11.032
93.9799	11.3706
94.0417	11.2637
94.1018	11.1895
94.1636	11.2507
94.2253	11.2784
94.287	11.2784
94.3487	11.2784
94.4105	11.2784
94.4722	11.2784
94.5335	10.9655
94.594	10.7081
94.6555	10.5231
94.7173	10.1082
94.7794	10.0429
94.8396	9.56932
94.8998	9.56932
94.9619	9.6626
95.023	9.8126
95.085	10.656
95.1468	10.8757
95.2086	11.0671
95.2696	11.3962
95.3306	11.4253
95.3914	11.4333
95.4525	11.4012
95.5142	11.28
95.5759	11.28
95.6376	11.28
95.6993	11.28
95.761	11.28
95.8231	11.2116
95.8848	10.8943
95.9465	10.8918
96.0069	10.3305
96.0673	10.5267
96.1279	9.69736
96.1895	9.73659
96.2496	9.58103
96.3105	9.47293
96.3714	9.84604
96.4336	10.2249
96.4936	11.1939
96.5536	10.9986
96.6143	11.0699
96.676	11.2958
96.7364	11.7136
96.7975	11.3918
96.8589	11.1417
96.9203	11.3296
96.9818	11.3277
97.0432	11.3277
97.1046	11.3277
97.1661	11.3277
97.2275	11.3277
97.2888	10.9693
97.3493	10.7151
97.4109	10.5109
97.473	10.0559
97.5355	9.98136
97.5965	9.44488
97.6574	9.4493
97.7177	9.55224
97.7793	9.74642
97.8415	10.417
97.9031	10.9118
97.9646	11.3149
98.0252	11.6749
98.0857	11.5039
98.1462	11.3099
98.2069	11.4611
98.2685	11.3149
98.33	11.3149
98.3915	11.3149
98.453	11.3149
98.5145	11.3149
98.5764	11.244
98.6385	10.8198
98.7006	10.8198
98.7617	10.2076
98.8232	10.1596
98.8849	9.72679
98.9453	9.53561
99.0062	9.44396
99.0677	9.36778
99.1287	10.0449
99.1905	9.89728
99.2524	11.2441
99.3141	11.2793
99.3754	11.3469
99.4363	11.6358
99.4968	11.4954
99.5584	11.111
99.6202	11.2575
99.6819	11.2806
99.7436	11.2815
99.8053	11.2851
99.867	11.2833
99.9287	11.2833
99.9903	11.2833
100.051	10.7551
100.112	10.5091
100.173	10.4665
100.233	9.75949
100.294	10.0551
100.354	9.35311
100.417	9.62395
100.478	9.85876
100.538	10.5654
100.599	10.9284
100.661	11.2359
100.723	11.1451
100.783	11.5318
100.844	11.497
100.904	11.4204
100.966	11.3782
101.027	11.319
101.089	11.3138
101.15	11.3074
101.212	11.3074
101.273	11.3074
101.333	11.181
101.396	10.8181
101.456	10.7957
101.516	10.2433
101.577	10.2433
101.639	9.80053
101.7	9.69576
101.763	9.63985
101.825	9.61828
101.886	10.2695
101.947	10.5552
102.009	11.2959
102.07	11.3341
102.132	11.3653
102.192	11.5133
102.252	11.5446
102.314	11.3412
102.375	11.3463
102.436	11.5873
102.497	11.3909
102.558	11.1945
102.619	11.3909
102.68	11.3909
102.742	11.3909
102.804	10.8117
102.864	10.6935
102.925	10.3264
102.987	10.0729
103.047	9.89108
103.107	9.58357
103.17	9.65562
103.231	9.7864
103.291	10.5923
103.353	10.6178
103.414	11.5956
103.475	11.4983
103.536	11.4742
103.598	11.6447
103.66	11.6208
103.721	11.5052
103.782	11.4452
103.842	11.6425
103.903	11.4452
103.964	11.2479
104.025	11.4452
104.087	11.2117
104.148	10.9719
104.21	10.7988
104.27	10.389
104.331	10.3652
104.392	9.99971
104.453	9.60757
104.515	9.934
104.576	9.59271
104.638	10.4281
104.698	10.7934
104.759	11.3728
104.821	11.3635
104.882	11.36
104.943	11.701
105.005	11.6346
105.066	11.4217
105.127	11.6369
105.188	11.474
105.248	11.2762
105.309	11.474
105.37	11.474
105.43	11.474
105.491	11.4045
105.553	10.8358
105.615	10.8358
105.676	10.4747
105.737	10.012
105.798	9.86663
105.86	9.71361
105.921	9.8007
105.982	9.84222
106.042	10.7169
106.104	10.9647
106.164	11.4587
106.225	11.5679
106.286	11.6717
106.348	11.8374
106.41	11.4408
106.47	11.5622
106.53	11.5596
106.591	11.5596
106.651	11.5596
106.711	11.5596
106.771	11.5596
106.833	11.3342
106.894	11.2643
106.956	10.8934
107.017	10.5911
107.077	10.3911
107.138	9.88446
107.199	9.85154
107.26	9.48813
107.32	9.72644
107.38	9.78913
107.442	10.5387
107.502	11.4558
107.564	11.3354
107.626	11.2821
107.687	11.8025
107.748	11.9543
107.81	11.4219
107.87	11.5956
107.93	11.5579
107.99	11.5579
108.05	11.5579
108.111	11.5579
108.171	11.5579
108.231	11.5348
108.293	10.9221
108.354	10.9221
108.417	10.3973
108.477	10.2566
108.538	9.91757
108.6	9.66655
108.662	9.69773
108.724	9.7267
108.784	10.3588
108.845	10.6442
108.905	11.5269
108.965	11.5935
109.027	11.9175
109.088	11.5345
109.149	11.7353
109.21	11.506
109.271	11.4476
109.331	11.5864
109.393	11.6158
109.455	11.6158
109.517	11.6158
109.578	11.3904
109.639	11.2918
109.701	10.9717
109.762	10.6242
109.823	10.6607
109.884	9.75215
109.944	10.1338
110.004	9.36556
110.064	9.58435
110.127	10.0564
110.188	10.5445
110.249	11.4928
110.309	11.4928
110.37	11.4928
110.431	11.7874
110.492	11.7897
110.554	11.6654
110.615	11.6525
110.677	11.6104
110.739	11.6104
110.801	11.8039
110.863	11.4169
110.925	11.6104
110.988	11.5851
111.049	10.8973
111.111	10.8973
111.171	10.3703
111.232	10.222
111.292	9.93298
111.354	9.68035
111.416	9.7461
111.477	9.81835
111.539	10.4858
111.599	10.7948
111.659	11.5627
111.721	11.6298
111.782	11.9624
111.843	11.5607
111.905	11.7503
111.965	11.4608
112.027	11.3716
112.087	11.5249
112.147	11.5656
112.207	11.5656
112.268	11.5656
112.329	11.586
112.39	11.2848
112.451	11.0112
112.512	10.4672
112.574	10.5553
112.635	10.085
112.697	10.0608
112.759	9.77925
112.82	10.0293
112.881	10.0462
112.941	10.726
113.002	11.5155
113.062	11.5757
113.124	11.6029
113.185	12.0532
113.245	11.6394
113.307	11.6995
113.369	11.6752
113.431	11.619
113.493	11.619
113.554	11.619
113.616	11.619
113.678	11.619
113.739	11.5289
113.8	10.996
113.861	10.996
113.923	10.4624
113.985	10.422
114.048	10.1961
114.108	9.68702
114.17	10.0342
114.232	10.0799
114.294	10.9166
114.354	11.1306
114.416	11.6086
114.478	11.724
114.539	11.8022
114.6	11.808
114.661	11.799
114.721	11.5211
114.781	11.5344
114.843	11.7162
114.904	11.7162
114.966	11.7162
115.027	11.7162
115.089	11.9114
115.15	11.5209
115.211	11.0943
115.272	10.9014
115.334	10.5738
115.395	10.2424
115.456	10.0862
115.518	9.6852
115.58	9.75356
115.64	9.93387
115.702	10.5608
115.762	11.1223
115.822	11.564
115.884	11.6891
115.944	12.0768
116.005	11.6561
116.066	11.8104
116.128	11.735
116.189	11.6605
116.251	11.6339
116.313	11.6137
116.375	11.6371
116.437	11.655
116.498	11.4484
116.56	11.2039
116.621	11.0551
116.681	10.6314
116.743	10.5909
116.804	10.1097
116.866	10.1082
116.928	10.0708
116.989	10.3689
117.05	10.5771
117.11	11.1363
117.172	11.8492
117.232	11.3497
117.292	11.5089
117.353	11.7915
117.415	11.733
117.476	11.4022
117.537	11.4447
117.597	11.5803
117.657	11.5803
117.717	11.7799
117.777	11.578
117.837	11.3643
117.897	11.5637
117.958	11.0415
118.019	11.0231
118.081	10.5822
118.143	10.436
118.204	10.1112
118.265	9.88555
118.325	9.92943
118.386	9.97029
118.448	10.41
118.509	10.6448
118.569	11.5483
118.629	11.5785
118.691	11.6463
118.752	11.7135
118.814	11.7653
118.874	11.4675
118.936	11.358
118.996	11.5084
119.056	11.5483
119.117	11.5483
119.177	11.5483
119.237	11.5483
119.297	11.7474
119.359	11.2144
119.421	10.8774
119.482	10.5223
119.542	10.2975
119.603	10.4544
119.664	9.60103
119.726	9.8056
119.788	10.0174
119.849	10.231
119.911	10.8595
119.972	11.2697
120.033	11.536
120.094	11.7347
120.155	11.9412
120.217	11.535
120.279	11.6584
120.339	11.536
120.399	11.5387
120.46	11.5425
120.52	11.5425
120.58	11.5425
120.641	11.4735
120.703	11.2617
120.765	11.4145
120.825	10.5014
120.886	10.6996
120.947	10.2305
121.008	10.1248
121.069	9.90485
121.13	10.0007
121.192	9.94774
121.252	10.2734
121.313	11.5425
121.373	11.5348
121.434	11.5179
121.495	11.6923
121.556	11.8115
121.617	11.7178
121.679	11.6946
121.741	11.6626
121.803	11.6603
121.864	11.8546
121.926	11.466
121.988	11.6603
122.05	11.6603
122.11	11.1826
122.171	11.032
122.231	10.7319
122.293	10.4265
122.354	10.2576
122.415	9.82554
122.476	9.85224
122.536	9.96049
122.597	10.4687
122.659	10.8108
122.72	11.3851
122.782	11.4325
122.843	11.8041
122.904	11.8076
122.965	11.8158
123.027	11.6354
123.088	11.4359
123.148	11.538
123.21	11.6222
123.272	11.6222
123.334	11.6222
123.396	11.6222
123.458	11.6222
123.519	11.3834
123.58	10.9558
123.642	10.8902
123.702	10.5718
123.762	10.1728
123.823	9.894
123.884	9.83218
123.946	10.0348
124.008	10.3362
124.069	10.8476
124.13	11.4674
124.192	11.4194
124.254	11.7565
124.314	11.8095
124.375	11.8107
124.436	11.9923
124.498	11.4674
124.56	11.6617
124.622	11.6617
124.683	11.8561
124.745	11.4674
124.807	11.6392
124.868	11.3328
124.93	11.3328
124.99	10.7964
125.05	10.7329
125.111	10.352
125.172	10.1273
125.232	10.1912
125.293	9.65122
125.355	10.0984
125.415	10.3233
125.477	11.3733
125.539	11.6195
125.601	11.6195
125.662	11.7647
125.722	11.9351
125.783	12.0505
125.844	11.6154
125.905	11.7517
125.966	11.7333
126.028	11.7333
126.089	11.9289
126.15	11.5378
126.212	11.7333
126.273	11.3264
126.335	10.9712
126.397	10.7853
126.457	10.3469
126.518	10.3042
126.579	9.81752
126.64	9.82729
126.702	10.0677
126.762	10.3334
126.823	11.3295
126.883	11.2651
126.945	11.7092
127.005	11.9323
127.065	11.9533
127.126	12.1246
127.186	11.6766
127.248	11.7092
127.309	11.7092
127.371	11.7092
127.432	11.7212
127.494	11.7606
127.555	11.7064
127.617	11.24
127.679	11.24
127.739	10.7129
127.8	10.6729
127.861	10.4846
127.922	9.92936
127.984	10.096
128.046	10.0785
128.107	10.5928
128.169	10.8498
128.23	11.7606
128.292	11.9498
128.353	11.5481
128.414	11.8793
128.474	11.9483
128.535	11.9562
128.596	11.5279
128.658	11.7233
128.719	11.7233
128.781	11.7233
128.842	11.9187
128.904	11.5279
128.965	11.7233
129.027	11.2548
129.088	11.0559
129.148	10.7789
129.21	10.4516
129.27	10.2943
129.331	9.89032
129.391	9.95675
129.453	10.1731
129.514	10.5594
129.575	11.0856
129.635	11.5436
129.696	11.713
129.757	11.9366
129.817	11.9258
129.878	11.9007
129.938	11.8117
130	11.6973
130.062	11.7074
130.123	11.9128
130.184	11.5223
130.246	11.7175
130.308	11.6075
130.369	11.4668
130.43	11.3241
130.492	10.898
130.554	10.8761
130.614	10.3159
130.675	10.5142
130.735	9.78556
130.795	10.1232
130.856	9.97837
130.917	10.3045
130.978	11.4291
131.038	11.5211
131.1	11.675
131.161	12.0301
131.221	11.7149
131.282	11.8678
131.343	11.8564
131.404	11.675
131.466	11.8696
131.528	11.4804
131.589	11.675
131.651	11.675
131.713	11.675
131.774	11.4897
131.836	11.2819
131.898	10.8442
131.958	10.5319
132.021	10.4124
132.082	10.1712
132.144	10.0673
132.204	9.9487
132.265	10.4503
132.327	10.3343
132.387	11.6526
132.449	11.4514
132.51	11.4959
132.571	11.6625
132.632	11.9218
132.693	11.7667
132.755	11.6654
132.816	11.6912
132.878	11.7006
132.939	11.7312
133.001	11.9345
133.062	11.5432
133.123	11.7388
133.184	11.4556
133.246	11.2891
133.307	11.029
133.367	10.6499
133.429	10.5467
133.489	9.99051
133.549	9.99051
133.61	9.87919
133.67	9.93703
133.731	10.8518
133.792	10.8582
133.853	11.7388
133.914	11.7235
133.976	11.7169
134.037	11.8774
134.097	12.0449
134.159	11.4281
134.221	11.6476
134.282	11.733
134.344	11.733
134.405	11.733
134.467	11.733
134.528	11.733
134.589	11.7079
134.65	11.0241
134.711	11.0241
134.773	10.523
134.833	10.388
134.895	10.0697
134.956	9.84843
135.016	9.95633
135.078	10.0428
135.14	10.8548
135.2	11.1624
135.262	11.7149
135.323	11.8108
135.383	12.1376
135.444	11.7031
135.504	11.88
135.565	11.753
135.627	11.7149
135.688	11.9101
135.75	11.5196
135.811	11.7149
135.873	11.7149
135.934	11.4157
135.995	11.286
136.056	11.0056
136.117	10.6988
136.178	10.559
136.24	10.2913
136.302	9.88154
136.362	9.93367
136.424	10.0769
136.486	10.595
136.546	11.1376
136.608	11.6549
136.668	11.577
136.728	11.7837
136.788	11.7063
136.849	11.8318
136.911	11.6359
136.973	11.6554
137.035	11.6848
137.096	11.6848
137.158	11.6848
137.219	11.6848
137.281	11.8795
137.341	11.5446
137.403	11.0508
137.463	11.3801
137.524	10.4748
137.585	10.6724
137.646	10.1528
137.708	10.2827
137.77	9.84443
137.832	10.0253
137.893	10.824
137.955	10.9084
138.017	11.4674
138.077	11.5996
138.137	11.5495
138.198	11.8239
138.258	11.8946
138.318	11.5917
138.378	11.7965
138.44	11.4674
138.502	11.6615
138.564	11.66
138.625	11.66
138.687	11.8543
138.749	11.4657
138.81	11.0751
138.871	11.0326
138.931	10.8564
138.993	10.2875
139.054	10.1997
139.115	10.0871
139.176	9.7174
139.236	10.1546
139.298	10.2474
139.36	10.8027
139.42	11.5441
139.482	11.8391
139.543	11.5888
139.604	11.8005
139.665	11.818
139.725	11.5731
139.786	11.4284
139.846	11.5593
139.908	11.6192
139.97	11.6192
140.032	11.6192
140.093	11.4857
140.154	11.3933
140.214	11.1567
140.276	10.8098
140.337	10.7186
140.398	10.4195
140.459	10.0264
140.52	9.84462
140.581	9.82947
140.643	10.109
140.703	10.5157
140.765	11.0406
140.826	11.4026
140.886	11.5643
140.948	11.7497
141.009	11.7934
141.07	11.6921
141.132	11.6736
141.192	11.5822
141.252	11.5822
141.312	11.5822
141.372	11.5822
141.432	11.5822
141.493	11.5822
141.555	11.2063
141.615	11.1794
141.675	10.7785
141.736	10.6182
141.796	10.3348
141.859	10.0226
141.919	10.1395
141.98	9.57557
142.04	10.1923
142.101	10.1452
142.161	11.1399
142.221	11.5612
142.282	11.4468
142.342	11.5266
142.403	11.7982
142.465	11.6946
142.525	11.5784
142.585	11.5805
142.645	11.5822
142.705	11.5822
142.765	11.5822
142.826	11.5822
142.886	11.5822
142.947	11.6302
143.007	10.9167
143.068	11.0713
143.129	10.5305
143.191	10.5305
143.251	10.1849
143.311	9.68987
143.373	9.93745
143.435	9.4823
143.496	10.1665
143.558	10.6589
143.618	11.5945
143.68	11.4174
143.742	11.6324
143.803	11.8186
143.864	11.8878
143.926	11.6466
143.988	11.6302
144.049	11.6421
144.111	11.6421
144.173	11.8361
144.235	11.4481
144.296	11.4187
144.357	11.4109
144.418	10.9703
144.48	10.8308
144.542	10.6794
144.603	9.98761
144.665	10.0441
144.726	9.82881
144.787	9.94627
144.848	10.3226
144.91	10.9007
144.972	11.3096
145.034	11.4079
145.095	11.679
145.156	11.8378
145.217	11.9854
145.278	11.556
145.34	11.646
145.402	11.6012
145.464	11.6012
145.526	11.7946
145.588	11.4228
145.65	11.621
145.712	11.3218
145.772	11.1704
145.834	10.9218
145.895	10.6072
145.957	10.6638
146.019	9.82358
146.079	9.99515
146.14	9.84348
146.2	9.97462
146.261	10.7312
146.322	11.0908
146.384	11.4273
146.446	11.6017
146.508	11.6329
146.569	11.866
146.63	11.9732
146.69	11.3746
146.75	11.5993
146.812	11.6406
146.874	11.6406
146.935	11.6406
146.997	11.8346
147.059	11.4466
147.12	11.512
147.181	10.9323
147.243	10.9323
147.305	10.6027
147.365	10.191
147.425	9.99878
147.486	9.88104
147.548	10.0146
147.61	10.2583
147.671	11.0754
147.732	11.2762
147.794	11.4532
147.855	11.7758
147.916	11.8515
147.977	12.0116
148.038	11.6095
148.099	11.7283
148.161	11.7283
148.222	11.7283
148.283	11.9238
148.345	11.5328
148.406	11.7283
148.467	11.429
148.528	11.429
148.589	10.9586
148.651	10.8369
148.713	10.4724
148.774	10.3942
148.837	9.86526
148.897	9.87471
148.959	10.0988
149.019	10.3334
149.081	11.3291
149.142	11.6875
149.204	11.8823
149.265	11.6124
149.327	12.0256
149.387	11.9077
149.448	12.0275
149.509	11.5935
149.57	11.7728
149.632	11.7728
149.693	11.7728
149.754	11.969
149.815	11.5766
149.876	11.4542
149.936	11.0851
149.998	10.9432
150.835	0.0259148
150.936	0
