10.1214	3.79577
10.1914	3.25359
10.262	3.39954
10.3321	3.59628
10.4026	3.57391
10.4748	3.99037
10.5475	4.1266
10.617	4.14108
10.6866	4.14108
10.7572	4.58938
10.8278	4.75936
10.8994	4.68957
10.9695	4.96629
11.039	4.83126
11.1086	4.83126
11.1797	4.89293
11.2512	5.37475
11.3226	5.37475
11.3941	5.37475
11.4655	5.37475
11.539	5.38435
11.6105	5.37475
11.6819	5.37475
11.7534	5.37475
11.8248	5.37475
11.8963	5.37475
11.9677	5.37475
12.0392	5.37475
12.1106	5.37475
12.1821	5.37475
12.2535	5.37475
12.3249	5.37475
12.3964	5.37475
12.4678	5.37475
12.5393	5.37475
12.6107	5.37475
12.6822	5.37475
12.7536	5.37475
12.8251	5.37475
12.8965	5.37475
12.9679	5.37475
13.0394	5.37475
13.1108	5.37475
13.1823	5.37475
13.2537	5.37475
13.3252	5.37475
13.3966	5.37475
13.4681	5.37475
13.5395	5.37475
13.611	5.37475
13.6824	5.37475
13.7538	5.37475
13.8253	5.37475
13.8967	5.37475
13.9682	5.37475
14.0396	5.37475
14.1111	5.37475
14.1825	5.37475
14.2582	5.23478
14.3186	6.95213
14.379	4.17128
14.4578	5.17768
14.5182	6.95213
14.5786	3.77401
14.639	6.75349
14.6994	4.17128
14.7599	6.95213
14.8203	3.77401
14.8823	6.00105
14.9516	4.84542
15.0125	5.90759
15.0861	5.05803
15.1465	6.1576
15.2206	4.86015
15.2815	5.90759
15.3424	5.71067
15.416	4.89486
15.479	5.90103
15.542	5.71291
15.6155	4.89815
15.6871	5.70193
15.7617	5.79111
15.8358	5.83218
15.9151	5.59722
15.9755	6.55486
16.037	4.29521
16.0979	6.69527
16.1652	4.81838
16.2261	6.30143
16.2991	4.60141
16.3616	6.71844
16.4352	4.89486
16.4956	5.95896
16.556	6.95213
16.6295	3.91589
16.6905	5.90759
16.7509	6.75349
16.825	4.37413
16.888	6.09139
16.9489	6.30143
17.0299	4.74653
17.0944	5.94736
17.1548	7.74982
17.2178	4.94925
17.2809	7.61423
17.3481	5.71067
17.4085	7.54802
17.4821	5.54751
17.5425	7.34939
17.6187	5.51375
17.6807	7.35612
17.7574	5.31953
17.8178	6.95213
17.8782	7.15076
17.9475	4.32627
18.0079	6.95213
18.0684	7.15076
18.1382	4.29374
18.1992	6.30143
18.2596	6.95213
18.3326	4.76574
18.3956	6.09139
18.4561	6.55486
18.5301	5.02215
18.5932	6.09139
18.6536	6.35623
18.7292	5.07616
18.7933	5.99153
18.8553	6.19463
18.931	5.07616
18.995	5.99153
19.057	6.19463
19.1327	5.07616
19.1968	5.99153
19.2588	6.19463
19.3344	5.07616
19.3985	5.99153
19.4605	6.19463
19.5361	5.07616
19.6002	5.99153
19.6622	6.19463
19.7379	5.07616
19.802	5.99153
19.8645	6.33453
19.9427	5.52078
20.0036	6.7007
20.064	7.34939
20.1339	5.66774
20.1964	6.71844
20.2568	6.95213
20.3283	5.87864
20.3908	6.52649
20.4522	6.83329
20.5274	6.07009
20.593	6.94418
20.6566	6.98767
20.7275	6.4298
20.7895	7.54971
20.8499	7.74665
20.9192	6.74898
20.9839	7.98566
21.0443	7.74665
21.1141	6.86998
21.1819	8.32253
21.2439	7.74329
21.3169	7.06645
21.3857	8.37585
21.4461	10.5318
21.5065	8.73981
21.5669	9.33571
21.6273	9.73298
21.6888	8.39518
21.7571	9.66422
21.8217	9.47136
21.8905	8.89615
21.9582	10.097
22.0239	10.4163
22.0875	10.0055
22.1479	12.3152
22.2103	8.64482
22.2718	12.1047
22.3375	10.7818
22.4073	11.5072
22.4683	12.4059
22.5291	11.6324
22.5937	8.35708
22.6542	12.1166
22.7204	8.70198
22.7808	11.9179
22.8412	10.5275
22.9016	10.9248
22.962	11.9179
23.0292	8.20909
23.0923	11.6117
23.1574	10.6845
23.2178	9.73298
23.2825	11.6999
23.3486	10.8775
23.4117	10.0889
23.4721	12.5138
23.5325	11.7193
23.594	9.95707
23.6575	10.383
23.718	12.5138
23.7784	11.7193
23.843	10.5856
23.9071	10.4852
23.9696	12.861
24.03	11.7193
24.0957	10.7818
24.1603	10.5856
24.2207	13.3084
24.2822	11.1285
24.3426	13.3084
24.4045	10.0743
24.467	10.9458
24.5358	10.6367
24.5962	10.5275
24.6619	10.0508
24.7223	10.3289
24.7911	9.93919
24.8516	9.93161
24.912	10.9248
24.9724	9.73298
25.0328	9.33571
25.0932	10.9248
25.1536	9.73298
25.214	9.53434
25.2744	10.3289
25.3417	9.99368
25.4079	9.60844
25.4683	10.1302
25.5366	10.0156
25.6028	9.42715
25.6669	9.92347
25.7383	10.0777
25.8061	9.56206
25.8702	10.1107
25.9305	11.5301
25.9941	8.49852
26.0566	10.3656
26.117	12.1166
26.1785	10.3475
26.2431	10.0285
26.3035	11.322
26.3686	10.5003
26.4359	9.63676
26.4973	10.5428
26.5667	10.383
26.6381	9.06989
26.7001	10.4534
26.771	10.1558
26.8382	9.28666
26.9055	7.85218
26.9659	9.33571
27.031	7.36861
27.0935	8.63799
27.1655	7.83655
27.2312	8.95434
27.2916	9.33571
27.352	7.15076
27.4208	8.89296
27.4828	8.90478
27.549	7.07036
27.622	8.87414
27.6876	9.32683
27.7575	9.96148
27.8232	10.4163
27.8862	10.6599
27.954	10.4474
28.0175	10.5718
28.0858	10.3671
28.1541	10.1914
28.2161	11.2278
28.2765	9.33571
28.3459	9.69084
28.4089	11.0406
28.4693	8.73981
28.5413	9.83737
28.608	10.7918
28.671	8.75637
28.7315	11.7193
28.7987	8.03358
28.8638	11.0571
28.9247	9.25523
28.9972	10.2627
29.0608	11.327
29.1249	8.61282
29.1853	11.9179
29.2494	8.23835
29.3135	11.2341
29.3786	8.4739
29.439	11.5254
29.4994	6.55486
29.5646	6.81597
29.6339	8.65254
29.7006	7.37441
29.7721	8.90193
29.8409	7.49798
29.915	8.91027
29.9843	7.61423
30.0447	11.322
30.1088	6.74047
30.1802	7.89417
30.2407	11.322
30.3069	7.25165
30.3788	8.17002
30.4392	11.322
30.507	7.61423
30.5674	9.73298
30.6315	7.86388
30.6919	11.322
30.7613	7.96033
30.8222	9.84599
30.8889	8.45672
30.9493	12.3202
31.0123	9.8985
31.0727	9.93161
31.1389	11.0588
31.2088	9.96148
31.2792	11.5918
31.3517	9.60055
31.4121	12.7125
31.4741	9.09836
31.5471	9.53149
31.6075	12.5138
31.6706	8.94672
31.731	11.1234
31.7961	8.10547
31.8565	11.9179
31.9227	9.06456
31.9837	10.2398
32.054	8.18533
32.1181	9.36897
32.1864	8.0828
32.2468	9.53434
32.3135	7.19455
32.3744	8.27063
32.448	8.32127
32.5105	8.63799
32.5709	10.3289
32.6324	6.83329
32.6986	8.52069
32.759	10.1302
32.8236	7.42852
32.8908	8.92293
32.9512	10.1302
33.018	7.91401
33.0868	8.89296
33.1488	10.0663
33.2197	8.29105
33.289	8.99864
33.3516	10.1736
33.4235	8.33961
33.4913	9.56206
33.5533	11.0342
33.6215	8.78565
33.6898	9.48851
33.7508	11.0275
33.8201	8.82559
33.8905	9.5462
33.9509	11.5301
34.0176	9.71624
34.0832	10.2335
34.1452	11.8085
34.2072	10.0663
34.2755	9.83993
34.3396	11.2341
34.4042	9.65708
34.4741	9.61798
34.5392	11.0529
34.607	9.21126
34.6705	8.49852
34.7383	9.38498
34.7987	7.54802
34.8686	9.10273
34.929	7.54802
34.9894	10.3289
35.0619	6.62107
35.1233	9.95707
35.1874	8.23835
35.25	7.48626
35.313	10.2792
35.3808	8.32253
35.4449	7.48941
35.5105	10.4163
35.5793	8.36984
35.645	7.85789
35.7054	11.1234
35.7658	8.9421
35.8309	8.4739
35.8966	8.22337
35.9618	11.0529
36.0274	9.50256
36.0962	8.54422
36.1567	11.7193
36.2171	9.73298
36.2806	8.30644
36.3494	8.54422
36.4099	11.7193
36.4703	9.73298
36.5365	9.06456
36.6069	8.86433
36.6672	11.5301
36.7276	10.5318
36.7959	6.14996
36.8563	10.5275
36.9257	6.40288
36.9861	10.1302
37.0465	7.74665
37.1069	7.54802
37.1673	10.1302
37.2277	7.54802
37.2918	8.05111
37.3538	9.29194
37.4216	8.32253
37.4867	8.10547
37.5519	9.76341
37.6202	8.43423
37.6863	8.15811
37.7525	10.1523
37.8224	8.75923
37.8891	8.27373
37.9495	10.5361
38.0183	6.45407
38.0787	7.54802
38.1486	7.38523
38.21	7.419
38.2815	7.72621
38.3435	7.54971
38.4039	8.93845
38.4643	6.35623
38.5268	7.29431
38.5872	8.93845
38.6492	6.96896
38.7128	7.5513
38.7732	7.94529
38.8399	7.37441
38.9082	7.73137
38.9707	8.06213
39.0385	7.43716
39.1073	7.84673
39.1693	8.13045
39.2371	7.43716
39.308	7.44503
39.3731	7.73704
39.4429	6.87484
39.5054	5.1828
39.5659	6.35623
39.6321	5.80132
39.6982	5.62003
39.7587	6.1576
39.8296	6.4298
39.8979	5.79853
39.9599	6.19463
40.0345	6.59543
40.1111	4.69824
40.192	5.33985
40.2739	5.27139
40.3343	7.54802
40.4005	3.80712
40.461	7.15076
40.5313	4.2617
40.5918	7.15076
40.6632	4.03106
40.7236	6.75349
40.7972	4.40538
40.8602	7.23352
40.9364	4.411
41.001	7.05709
41.0782	4.35099
41.146	6.90593
41.2248	4.26397
41.292	6.78143
41.3703	4.29259
41.4402	6.52649
41.5211	4.15322
41.5925	6.38252
41.6734	4.15322
41.7454	6.33593
41.8283	4.05169
41.8887	6.75349
41.9491	4.36991
42.0264	4.04021
42.0878	5.07616
42.1514	4.342
42.2139	4.99084
42.2812	4.10455
42.3479	5.39591
42.4193	4.19903
42.4876	5.27139
42.5606	3.94406
42.6331	5.46238
42.7103	4.04021
42.786	5.55386
42.8579	4.33808
42.9257	6.02056
42.9924	4.67646
43.0654	6.08043
43.1368	4.70291
43.2141	5.90492
43.286	4.66858
43.3659	5.71067
43.4362	4.94877
43.5003	7.11494
43.5639	5.28591
43.6301	6.88907
43.6947	5.19996
43.7624	6.72886
43.8286	5.07616
43.898	6.57593
43.9647	5.03619
44.0361	6.38252
44.1055	4.84542
44.1785	6.24477
44.2489	4.7731
44.3224	6.20016
44.3944	4.66858
44.468	6.20016
44.5399	4.66858
44.6161	5.98636
44.6912	4.4727
44.7679	5.94536
44.8425	4.50419
44.9197	5.90492
44.9964	4.38079
45.0742	5.86502
45.1514	4.19694
45.2249	4.73329
45.2969	3.16797
45.3678	4.23013
45.4403	3.31054
45.5138	4.7317
45.5884	3.21728
45.6636	4.95191
45.7392	3.48986
45.8154	5.19868
45.8916	3.46579
45.9688	5.43874
46.0455	3.75496
46.1238	5.67235
46.1978	3.88941
46.2735	5.71067
46.346	3.97264
46.4237	6.01936
46.4972	4.24222
46.5755	6.13227
46.6512	4.12438
46.7116	7.74665
46.7825	4.06234
46.8539	4.20048
46.9227	4.35929
46.991	3.51426
47.0614	4.7731
47.1318	3.57983
47.2032	4.70291
47.2742	3.55331
47.3482	5.18416
47.4207	3.80712
47.4943	5.22119
47.5662	3.83491
47.6408	5.46938
47.716	4.15322
47.7921	5.51375
47.8678	4.12438
47.944	5.35622
48.0201	4.25347
48.0973	5.59592
48.1708	4.89815
48.2423	6.0466
48.3085	5.43874
48.3815	6.08043
48.4498	5.27139
48.5233	5.87384
48.5953	5.00205
48.6715	5.67129
48.744	4.9658
48.8207	5.63245
48.8958	4.79217
48.9746	5.48225
49.0433	5.06222
49.1095	4.35099
49.1699	5.16444
49.2367	3.41741
49.2971	4.56854
49.368	4.39933
49.4289	3.9384
49.5035	4.98679
49.5655	4.25881
49.6433	5.0933
49.7058	4.22302
49.7862	4.92686
49.8523	4.71357
49.9348	4.94683
50.0026	4.78103
50.0872	4.82392
50.1544	4.63992
50.2406	4.87497
50.3067	4.53397
50.3871	3.73247
50.4486	3.51426
50.5284	3.60674
50.5925	3.93194
50.6755	3.75892
50.7412	4.02031
50.8252	3.85471
50.8904	4.05274
50.9739	3.73528
51.0411	3.92609
51.1252	3.71194
51.1945	4.32781
51.2727	4.29529
51.3332	5.16444
51.4062	4.60141
51.4687	4.99084
51.5428	4.53614
51.6058	4.94925
51.6825	4.53725
51.7461	4.90835
51.8243	4.29259
51.8884	4.86812
51.9678	4.23573
52.0334	4.75128
52.1133	4.20787
52.18	4.67646
52.2614	4.12642
52.3287	4.63992
52.4101	4.12642
52.4784	4.56854
52.5619	4.02261
52.6307	4.53367
52.7137	4.04807
52.7825	4.53367
52.8682	3.92503
52.9317	3.96751
53.0057	2.91609
53.0667	3.15072
53.1423	3.33123
53.2033	3.15072
53.28	3.59851
53.3441	3.37023
53.4244	3.73247
53.4896	3.31588
53.5705	3.70823
53.6398	3.80712
53.7223	3.78287
53.7922	3.95024
53.8741	3.80712
53.945	3.72251
54.0285	3.73749
54.0957	2.85743
54.1724	2.50331
54.2412	3.48743
54.3184	2.64167
54.3867	3.51426
54.464	2.48628
54.5333	3.46101
54.6137	2.53808
54.6872	3.91589
54.7681	2.66993
54.8422	3.89071
54.9062	3.55747
54.973	4.31673
55.0376	3.34283
55.1059	4.21711
55.1721	3.26324
55.244	4.00164
55.3118	3.18735
55.3859	3.88812
55.4542	3.16284
55.5293	3.83374
55.5992	3.09149
55.6753	3.78086
55.7457	3.06842
55.824	3.67936
55.8944	3.06842
55.9737	3.63063
56.0452	3.0233
56.1255	3.58317
56.197	3.0233
56.2774	3.58317
56.3509	2.93692
56.4323	3.53693
56.5058	2.61235
56.582	2.36304
56.6534	2.35145
56.7317	2.45291
56.8042	2.31738
56.8835	2.57169
56.9571	2.61059
57.0385	2.94744
57.112	2.61322
57.1729	2.16612
57.2354	2.30347
57.299	2.26539
57.3631	2.43406
57.4272	2.24682
57.4929	2.1929
57.558	2.21058
57.6273	2.24966
57.6967	2.76881
57.7676	2.36887
57.8396	2.66776
57.9115	2.33429
57.9835	2.8345
58.0592	2.22082
58.1317	2.64843
58.2084	2.1904
58.2845	2.52057
58.3628	1.84084
58.451	1.49565
58.5429	1.56636
58.6365	1.66829
58.7347	1.95446
58.835	2.03312
58.9348	1.9236
59.0393	1.72303
59.1186	1.05893
59.199	1.64229
59.2825	1.72398
59.3682	1.68167
59.4543	1.67142
59.5431	1.62197
59.6335	1.59368
59.7243	1.58446
59.8173	1.67771
59.9135	1.99718
60.0106	1.97558
60.1078	1.97558
60.2061	1.95446
60.3048	1.94406
60.4052	1.91352
60.5076	1.87427
60.6106	1.86471
60.7135	1.86471
60.8165	1.86471
60.9195	1.86471
61.0224	1.86471
61.1259	1.85524
61.2289	1.86471
61.3319	1.86471
61.4348	1.86471
61.5378	1.86471
61.6408	1.86471
61.7437	1.86471
61.8467	1.86471
61.9496	1.86471
62.0526	1.86471
62.1556	1.86471
62.2585	1.86471
62.3615	1.86471
62.4645	1.86471
62.5611	2.11154
62.652	2.11262
62.7428	2.11262
62.8358	2.06488
62.9309	2.39785
63.0281	2.46948
63.1263	2.56522
63.2256	2.41722
63.3275	2.47266
63.4278	2.8724
63.5155	3.41957
63.6048	3.35922
63.6968	3.65483
63.7908	3.70077
63.8869	3.61988
63.9873	3.94664
64.0892	3.88561
64.1495	6.5629
64.2194	2.74799
64.2972	3.70422
64.3775	3.73247
64.4579	3.58317
64.542	3.85471
64.6292	3.99059
64.7158	3.87634
64.8041	3.94308
64.8966	4.15322
64.9901	4.10655
65.0873	4.07464
65.1844	3.95117
65.2816	4.07464
65.3825	4.28301
65.4834	4.28301
65.5847	4.26081
65.6861	4.37917
65.7881	4.23885
65.8484	6.36142
65.9319	1.86764
66.0234	3.282
66.1142	3.16893
66.2067	3.2447
66.3018	3.53368
66.3969	3.65988
66.493	3.49506
66.5918	3.76662
66.6905	3.88812
66.7903	3.96742
66.8912	3.80712
66.9926	3.90575
67.053	6.75349
67.1407	2.73719
67.2316	4.75339
67.323	4.85736
67.4175	4.56854
67.5126	4.5433
67.6103	4.42117
67.7075	4.44507
67.8063	4.37413
67.9056	4.35099
68.0075	4.23885
68.0679	6.95213
68.1629	2.27283
68.2548	2.74186
68.3473	3.11491
68.4403	3.22637
68.5343	3.19032
68.631	3.47606
68.7292	3.54245
68.8285	3.3841
68.9309	3.6314
69.0349	3.80983
69.1137	4.87311
69.1899	5.04115
69.2676	5.0933
69.3485	5.33985
69.431	5.23782
69.5171	5.01425
69.6038	4.98386
69.6936	4.94257
69.7851	4.72608
69.8759	4.75339
69.9679	4.69907
70.063	4.5433
70.1596	4.46922
70.2584	4.37413
70.3571	4.37413
70.4564	4.35099
70.5552	4.37413
70.6561	4.28301
70.7165	6.95213
70.8105	2.42464
70.8709	6.95213
70.965	2.42464
71.0253	6.55754
71.1162	1.7165
71.2134	3.08685
71.3101	2.97948
71.4073	3.08685
71.506	3.4021
71.6053	3.50496
71.7046	3.50496
71.806	3.78739
71.9074	3.90575
72.0082	3.80712
72.1091	3.80712
72.2115	4.09997
72.272	6.95213
72.366	2.42464
72.4264	6.95213
72.5209	2.54007
72.6055	5.10768
72.6885	5.20467
72.7746	5.01425
72.8618	4.95384
72.949	4.95384
73.0399	4.75339
73.1318	4.69907
73.2264	4.56854
73.3231	4.46922
73.4208	4.42117
73.5201	4.35099
73.6209	4.28301
73.7228	4.23885
73.7832	6.36402
73.8505	2.31632
73.9226	3.996
73.9951	3.97264
74.0671	4.00164
74.1438	4.22433
74.2236	4.20787
74.3045	4.30155
74.3849	4.18036
74.4695	4.39828
74.5556	4.45711
74.6428	4.54102
74.7295	4.4301
74.8162	4.4301
74.9066	4.38261
74.999	4.67237
75.092	4.64597
75.1866	4.56854
75.2822	4.64385
75.3767	4.56854
75.4713	4.56854
75.5658	4.56854
75.6604	4.56854
75.755	4.56854
75.8495	4.56854
75.9441	4.56854
76.0386	4.56854
76.1332	4.56854
76.2278	4.56854
76.3223	4.56854
76.4169	4.56854
76.5114	4.56854
76.606	4.56854
76.7006	4.56854
76.7951	4.56854
76.8897	4.56854
76.9848	4.5433
77.0793	4.56854
77.1739	4.56854
77.2684	4.56854
77.363	4.56854
77.4576	4.56854
77.5521	4.56854
77.6467	4.56854
77.7412	4.56854
77.8363	4.5433
77.933	4.46922
78.0333	4.66422
78.0937	7.74665
78.1857	2.74112
78.2461	7.34939
78.3369	3.03937
78.4283	4.06968
78.5202	3.78536
78.6132	3.61353
78.7115	3.78676
78.8118	3.94664
78.9121	3.82705
79.0124	3.70837
79.1049	2.72555
79.1989	2.55226
79.2982	2.7798
79.3986	2.87029
79.4889	3.32288
79.564	3.83374
79.6396	3.80712
79.7179	4.13928
79.8004	4.07386
79.8828	4.07386
79.968	3.94812
80.0557	3.9667
80.1429	3.85299
80.2338	3.69708
80.3268	3.61353
80.4203	3.59323
80.5148	3.55331
80.6115	3.47606
80.7087	3.45727
80.8074	3.4021
80.9072	3.36629
81.006	3.4021
81.1048	3.4021
81.2056	3.33123
81.3086	3.26324
81.4116	3.26324
81.5155	3.11713
81.5969	2.94744
81.6784	2.94744
81.7614	2.89148
81.8449	2.8733
81.9316	3.18413
82.0204	3.24393
82.1118	3.282
82.2032	3.15072
82.2956	3.11491
82.3907	3.40747
82.4879	3.45727
82.5867	3.4021
82.6865	3.48652
82.7863	3.36629
82.8871	3.33123
82.9885	3.31397
83.0894	3.33123
83.1903	3.33123
83.2927	3.27998
83.3957	3.26324
83.4986	3.26324
83.6021	3.24745
83.7003	3.4203
83.7991	3.4021
83.8989	3.36629
83.9982	3.3841
84.0991	3.33123
84.2005	3.31397
84.3029	3.27998
84.4059	3.26324
84.5077	3.29928
84.5886	4.15322
84.6669	4.29259
84.7457	4.26397
84.8266	4.15322
84.9096	4.04807
84.9926	4.04807
85.0798	3.85299
85.1675	3.82991
85.2589	3.67584
85.3519	3.61353
85.447	3.91229
85.5442	3.95117
85.6435	3.86755
85.7428	3.86755
85.8436	3.92609
85.9445	3.80712
86.0479	3.71226
86.133	3.2431
86.2192	3.34283
86.3059	3.32257
86.3936	3.41957
86.4839	3.71858
86.5754	3.80712
86.6657	3.71858
86.7571	3.80712
86.8522	4.03849
86.9468	4.06092
87.0424	4.14181
87.1369	4.06092
87.2315	4.06092
87.3261	4.06092
87.4238	4.29836
87.5225	4.37413
87.6213	4.37413
87.7201	4.37413
87.8188	4.37413
87.9176	4.37413
88.0163	4.37413
88.1151	4.37413
88.2144	4.35099
88.3153	4.28301
88.4161	4.28301
88.5175	4.26081
88.6184	4.28301
88.6788	6.95213
88.7717	2.45399
88.8473	5.71067
88.924	5.63245
89.0049	5.33985
89.0853	5.37475
89.1694	5.13961
89.2545	5.07616
89.3412	4.98386
89.4315	4.78103
89.5229	4.72608
89.6149	4.69907
89.7094	4.56854
89.805	4.51834
89.9001	4.5433
89.9978	4.42117
90.0992	4.37917
90.2001	4.28301
90.2605	6.95213
90.3524	2.48006
90.4538	4.37917
90.5142	7.34939
90.6087	2.92031
90.6917	5.9293
90.7752	5.74659
90.8624	5.64187
90.9517	5.91223
91.0442	5.84046
91.1377	5.64651
91.2339	5.8667
91.2943	8.93845
91.3836	3.76233
91.444	8.93845
91.5374	4.23824
91.6209	7.61423
91.7034	8.29321
91.7859	8.14771
91.8694	8.47622
91.9582	8.38016
92.0186	12.1166
92.0948	5.67129
92.1552	11.7193
92.2366	6.33701
92.2971	11.7193
92.3832	6.96424
92.4436	10.5318
92.5271	6.75623
92.6085	7.66336
92.692	7.90156
92.7782	7.93923
92.8659	8.07017
92.9263	11.9179
93.0014	4.95191
93.0619	11.7193
93.1401	5.67235
93.2005	11.5207
93.2799	5.89977
93.3403	11.7193
93.4222	6.44281
93.4827	11.7193
93.5662	6.32125
93.6266	11.322
93.7148	7.07036
93.7753	11.322
93.863	6.97591
93.9234	11.322
94.0138	7.43716
94.0742	11.322
94.1346	11.322
94.216	5.74752
94.2764	11.322
94.3673	7.52621
94.4277	11.1234
94.4881	10.7305
94.5663	4.14189
94.6572	6.99805
94.7176	10.9248
94.7964	4.56854
94.8568	10.9248
94.9367	4.80899
94.9971	10.9248
95.0796	5.38331
95.14	10.9248
95.2251	5.92218
95.2855	10.9248
95.3717	6.12853
95.4321	10.9248
95.5209	6.48787
95.5813	10.9248
95.6716	6.90593
95.732	10.9248
95.8245	7.00855
95.8849	10.5275
95.9453	10.3331
96.0204	4.31579
96.1039	7.18324
96.1885	7.37777
96.2746	7.38209
96.3639	7.12155
96.4548	7.39417
96.5152	11.1234
96.5946	4.38701
96.655	9.93161
96.7411	4.87497
96.8016	10.1302
96.893	5.11991
96.9533	8.9421
97.0395	4.87776
97.1282	5.40656
97.2175	5.50912
97.3126	5.55292
97.4103	5.52646
97.4708	8.14392
97.5601	3.35922
97.6204	7.3554
97.6935	3.77534
97.7651	5.53484
97.8371	5.328
97.9112	5.18416
97.9874	5.04115
98.0667	4.99211
98.1471	5.37475
98.229	5.27139
98.3147	5.18515
98.4014	4.98386
98.488	4.98386
98.5779	4.80899
98.6687	4.75339
98.7617	5.03314
98.8542	5.19152
98.9472	5.16219
99.0433	4.99294
99.14	4.9658
99.2366	4.9658
99.3343	4.91241
99.431	4.9658
99.5277	4.9658
99.6243	4.9658
99.721	4.9658
99.8176	4.9658
99.9143	4.9658
100.011	4.9658
100.108	4.9658
100.204	4.9658
100.301	4.93896
100.4	4.86015
100.5	4.83443
100.56	7.74665
100.651	2.75688
100.712	7.34939
100.806	2.9351
100.866	7.34939
100.96	2.9351
101.021	7.34939
101.115	2.9351
101.175	7.34939
101.269	2.9351
101.33	7.34939
101.424	3.04569
101.485	7.34939
101.579	2.9351
101.639	7.34939
101.733	2.9351
101.822	4.43785
101.899	4.6937
101.979	4.77756
102.063	4.56854
102.148	4.65314
102.235	4.45711
102.324	4.67541
102.417	4.67237
102.512	4.6695
102.609	4.46922
102.709	4.66422
102.769	7.54802
102.863	2.82474
102.954	5.38393
103.041	5.50426
103.13	5.43874
103.218	5.40656
103.309	5.67766
103.404	5.55292
103.502	5.40365
103.599	5.43286
103.66	8.54118
103.749	3.10877
103.809	8.14392
103.9	3.30097
103.96	7.94529
104.054	3.33657
104.114	7.54802
104.209	3.53459
104.304	5.55292
104.401	5.46238
104.498	5.43286
104.596	5.37475
104.657	8.34255
104.747	3.18735
104.808	7.94529
104.899	3.41328
104.959	7.94529
105.053	3.33657
105.113	7.74665
105.208	3.4264
105.268	7.74665
105.362	3.44555
105.423	7.5511
105.51	3.85408
105.606	5.49223
105.703	5.43286
105.8	5.46238
105.897	5.43286
105.958	8.54118
106.046	3.24393
106.107	8.54118
106.195	3.12727
106.255	8.54118
106.344	3.26324
106.404	8.54118
106.496	3.78536
106.556	7.74982
106.636	3.63289
106.715	5.44594
106.797	5.27139
106.88	5.3156
106.965	5.10768
107.052	5.36666
107.143	5.31226
107.235	5.35172
107.325	5.41359
107.421	5.52241
107.518	5.43286
107.616	5.49691
107.677	8.54118
107.765	3.12727
107.826	8.14392
107.916	3.98528
107.976	9.13708
108.062	3.64362
108.122	8.73981
108.212	3.8967
108.272	8.93845
108.362	3.58577
108.423	7.55419
108.504	3.5599
108.591	4.51383
108.68	4.7589
108.771	4.88543
108.861	4.75339
108.956	4.92191
109.054	5.03522
109.151	4.9658
109.211	8.34255
109.301	3.07241
109.362	7.94529
109.453	3.5243
109.514	8.14392
109.606	3.2447
109.706	4.33023
109.803	3.72435
109.899	3.97264
109.997	4.07464
110.093	3.97264
110.193	4.20787
110.294	4.28301
110.395	4.37917
110.496	4.28301
110.597	4.28301
110.698	4.28301
110.758	7.34939
110.852	2.82325
110.912	7.34939
111.006	2.9351
111.067	7.15368
111.155	3.26324
111.252	4.93896
111.351	4.86015
111.411	7.74665
111.502	2.77281
111.563	7.74665
111.656	2.71015
111.716	7.34939
111.811	2.91879
111.871	7.35239
111.954	3.3252
112.047	5.26152
112.144	4.99294
112.241	4.93896
112.339	4.88614
112.439	4.80899
112.538	4.83443
112.599	7.74665
112.69	2.75688
112.75	7.74665
112.843	2.72555
112.903	7.15368
112.992	3.24393
113.089	4.93896
113.188	4.83443
113.249	7.34939
113.343	2.9351
113.403	7.34939
113.496	2.98752
113.575	6.05105
113.653	6.1737
113.732	6.09139
113.812	6.0815
113.896	6.32125
113.982	6.12853
114.072	6.01124
114.16	5.98261
114.252	5.87384
114.348	6.02445
114.443	6.14996
114.54	5.99153
114.6	9.33571
114.688	4.21502
114.749	9.33571
114.837	4.32524
114.898	8.93845
114.987	5.37772
115.047	10.7261
115.129	5.27139
115.19	10.7261
115.276	5.57139
115.336	10.3289
115.427	6.37471
115.487	10.5275
115.548	10.1344
115.619	4.1698
115.699	7.26125
115.78	7.51598
115.864	7.56664
115.95	7.66066
116.038	7.84358
116.282	0.966566
