10.1001	10
10.2016	11
10.2037	13
10.2061	15
10.2081	17
10.2101	19
10.3032	21
10.3058	23
10.3074	25
10.3098	27
10.3116	29
10.314	31
10.3158	33
10.3182	35
10.32	37
10.4053	39
10.4063	41
10.411	43
10.4126	45
10.4137	47
10.4147	49
10.4179	51
10.42	53
10.4221	55
10.4231	57
10.4263	59
10.4284	61
10.4305	63
10.4315	65
10.4347	67
10.4368	69
10.4389	71
10.4399	73
10.5084	75
10.5095	77
10.5105	79
10.5116	81
10.5205	83
10.5221	85
10.5231	87
10.5242	89
10.5252	91
10.5263	93
10.5273	95
10.5284	97
10.5336	99
10.5347	101
10.5378	103
10.5389	105
10.542	107
10.5431	109
10.5441	111
10.5452	113
10.5504	115
10.5515	117
10.5546	119
10.5557	121
10.5588	123
10.5599	125
10.5609	127
10.562	129
10.5672	131
10.5683	133
10.5714	135
10.5725	137
10.5756	139
10.5767	141
10.5777	143
10.5788	145
10.6136	147
10.6147	149
10.6157	151
10.6168	153
10.6178	155
10.6189	157
10.6199	159
10.621	161
10.6383	163
10.6399	165
10.6409	167
10.642	169
10.6431	171
10.6441	173
10.6452	175
10.6462	177
10.6473	179
10.6483	181
10.6494	183
10.6504	185
10.6515	187
10.6525	189
10.6536	191
10.6546	193
10.6641	195
10.6651	197
10.6662	199
10.6672	201
10.6725	203
10.6735	205
10.6746	207
10.6756	209
10.6809	211
10.6819	213
10.683	215
10.684	217
10.6851	219
10.6861	221
10.6872	223
10.6882	225
10.6977	227
10.6987	229
10.6998	231
10.7008	233
10.7061	235
10.7071	237
10.7082	239
10.7092	241
10.7145	243
10.7155	245
10.7166	247
10.7176	249
10.7187	251
10.7197	253
10.7208	255
10.7219	257
10.7313	259
10.7324	261
10.7334	263
10.7345	265
10.7397	267
10.7408	269
10.7418	271
10.7429	273
10.7481	275
10.7492	277
10.7502	279
10.7513	281
10.7523	283
10.7534	285
10.7544	287
10.7555	289
10.7733	291
10.7744	293
10.7754	295
10.7765	297
10.7775	299
10.7786	301
10.7796	303
10.7807	305
10.7817	307
10.7828	309
10.7838	311
10.7849	313
10.7859	315
10.787	317
10.788	319
10.7891	321
10.8232	323
10.8248	325
10.8259	327
10.8269	329
10.828	331
10.829	333
10.8301	335
10.8311	337
10.8322	339
10.8332	341
10.8343	343
10.8353	345
10.8364	347
10.8374	349
10.8385	351
10.8395	353
10.8406	355
10.8416	357
10.8427	359
10.8437	361
10.8448	363
10.8458	365
10.8469	367
10.8479	369
10.849	371
10.85	373
10.8511	375
10.8521	377
10.8532	379
10.8542	381
10.8553	383
10.8563	385
10.8716	267
12.1037	1
12.2048	2
12.3058	9
12.3063	13
12.409	15
12.4095	17
12.41	18
12.4108	19
12.4113	21
12.4118	23
12.4123	25
12.4128	26
12.4133	29
12.4138	31
12.4143	33
12.4148	34
12.4153	35
12.5148	37
12.5159	39
12.5169	41
12.518	42
12.519	43
12.52	45
12.5211	47
12.5221	49
12.5226	50
12.5231	51
12.5237	55
12.5242	57
12.5247	58
12.5252	59
12.5258	61
12.5263	63
12.5269	65
12.5274	67
12.5279	69
12.5284	71
12.5289	73
12.5297	74
12.5302	75
12.5307	77
12.5312	79
12.5317	81
12.5322	83
12.5327	84
12.5333	85
12.5338	86
12.5343	87
12.5348	96
12.5353	97
12.5358	102
12.5363	103
12.6258	104
12.6268	107
12.6278	110
12.6295	111
12.6305	112
12.6315	117
12.6335	118
12.6346	121
12.6356	134
12.6373	139
12.6384	141
12.6404	142
12.6414	143
12.6435	144
12.6446	146
12.6456	147
12.6471	148
12.6481	152
12.6492	154
12.6508	159
12.6519	160
12.6529	164
12.654	165
12.655	169
12.656	170
12.6573	174
12.6586	178
12.6596	180
12.6607	184
12.6618	185
12.6628	193
12.6704	194
12.6749	195
12.6786	196
12.685	197
12.696	198
12.7526	199
12.7795	200
12.7983	201
12.8143	202
12.8277	203
12.8418	204
12.8555	205
12.8671	206
12.8776	207
12.8881	208
12.9437	209
12.9711	210
12.99	211
13.0063	212
13.0199	213
13.0352	214
13.0478	215
13.0604	216
13.0709	217
13.0814	218
13.0919	219
13.1607	220
13.1849	221
13.1996	222
13.2153	223
13.2295	224
13.2432	225
13.2579	226
13.2689	156
13.6119	157
13.6135	158
13.6151	159
13.6167	160
13.6555	161
13.6939	162
13.7296	163
13.7643	164
13.8068	165
13.8383	166
13.8693	167
13.8993	168
13.9266	169
13.9649	170
14.0001	171
14.0301	172
14.0611	173
14.0958	174
14.131	175
14.1651	176
14.1982	177
14.2344	178
14.2612	179
14.3059	180
14.3432	181
14.38	182
14.4183	183
14.4588	184
14.4997	185
14.5365	186
14.5791	187
14.608	188
14.6568	189
14.7025	190
14.7461	191
14.7876	192
14.8365	193
14.8822	194
14.9289	195
14.971	196
15.0193	197
15.0666	198
15.1133	199
15.159	200
15.2089	201
15.2594	202
15.3166	203
15.3665	204
15.4332	205
15.4979	206
15.5614	207
15.6302	208
15.6949	209
15.7605	210
15.8272	211
15.894	212
15.9581	213
16.0426	214
16.1241	215
16.2212	216
16.3205	217
16.4177	218
16.5181	219
16.6158	220
16.7413	221
16.9073	222
17.0187	223
17.222	224
17.4243	225
17.7032	226
20.4176	227
20.7711	228
21.0186	229
21.2161	230
21.3826	231
21.5271	232
21.6579	233
21.7751	234
21.8849	235
21.9862	236
22.0803	237
22.1685	238
22.2521	239
22.3324	240
22.4086	241
22.4816	242
22.551	243
22.6177	244
22.6823	245
22.7453	246
22.8058	247
22.8641	248
22.9213	249
22.976	250
23.029	251
23.0821	252
23.132	253
23.2302	254
23.2975	255
23.37	256
23.433	257
23.5008	258
23.5423	259
23.5848	260
23.6379	261
23.6888	262
23.713	182
24.0544	183
24.056	184
24.0576	185
24.0586	186
24.0817	187
24.1227	188
24.1527	189
24.1858	190
24.2246	191
24.2583	192
24.2856	193
24.3155	194
24.3465	195
24.3791	196
24.4122	197
24.4432	198
24.4752	199
24.5078	200
24.544	201
24.5792	202
24.6097	203
24.6375	204
24.6727	205
24.7048	206
24.7379	207
24.7689	208
24.8051	209
24.8382	210
24.8724	211
24.9034	212
24.9428	213
24.9753	214
25.0142	215
25.0526	216
25.0878	217
25.1261	218
25.1676	219
25.2007	220
25.2422	221
25.2816	222
25.3231	223
25.3625	224
25.4029	225
25.4434	226
25.4849	227
25.5254	228
25.5658	229
25.6057	230
25.6488	231
25.6987	232
25.7392	233
25.7901	234
25.8411	235
25.892	236
25.943	237
25.9939	238
26.046	239
26.0959	240
26.1494	241
26.2035	167
26.5381	168
26.5397	169
26.5412	170
26.5764	171
26.66	172
26.713	173
26.7656	174
26.8207	175
26.8759	176
26.9342	177
26.9909	178
27.0503	179
27.1089	180
27.1695	181
27.23	182
27.2914	183
27.3545	184
27.4159	185
27.4795	186
27.5425	187
27.605	188
27.6686	189
27.739	190
27.822	191
27.8945	192
27.9927	193
28.0904	194
28.1903	195
28.2864	196
28.3846	197
28.4813	198
28.609	199
28.7718	200
28.9662	201
29.1637	202
29.3623	203
29.5714	204
32.2858	205
32.6382	206
32.8873	207
33.0827	208
33.2492	209
33.3963	210
33.5245	211
33.6443	212
33.753	213
33.8528	214
33.9474	215
34.0367	216
34.1202	217
34.2001	218
34.2768	219
34.3493	220
34.4186	221
34.4853	222
34.5505	223
34.613	224
34.6744	225
34.7333	226
34.7884	227
34.8436	228
34.8982	229
34.9502	230
35.0238	231
35.1236	232
35.1919	233
35.257	234
35.3243	235
35.3758	236
35.4267	237
35.4776	238
35.5292	239
35.5699	240
35.6116	241
35.6373	167
35.9704	168
35.9714	169
35.9735	170
35.9756	171
35.9972	172
36.0508	173
36.0886	174
36.1248	175
36.1616	176
36.1963	177
36.2294	178
36.2614	179
36.2945	180
36.3271	181
36.3639	182
36.3985	183
36.4337	184
36.4694	185
36.5036	186
36.5351	187
36.5708	188
36.6029	189
36.6386	190
36.6727	191
36.7095	192
36.7421	193
36.7799	194
36.8188	195
36.8529	196
36.8918	197
36.9317	198
36.9706	199
37.0105	200
37.051	201
37.093	202
37.1319	203
37.1729	204
37.2128	205
37.2532	206
37.2953	207
37.3347	208
37.3762	209
37.415	210
37.4644	211
37.507	212
37.559	213
37.6089	214
37.6598	215
37.7087	216
37.7597	217
37.8106	218
37.8605	219
37.9157	220
37.9798	221
38.0286	222
38.0974	223
38.1657	224
38.2346	225
38.2503	156
38.5907	157
38.5917	158
38.5949	159
38.681	160
38.7283	161
38.7791	162
38.8271	163
38.8775	164
38.9295	165
38.9836	166
39.0383	167
39.0961	168
39.1549	169
39.2136	170
39.3051	171
39.3724	172
39.4144	118
39.8367	119
39.8388	120
39.8572	121
39.9108	122
39.9838	123
40.0842	124
40.1414	125
40.2123	126
40.2749	127
40.3389	128
40.4062	129
40.4792	130
40.557	131
40.6368	132
40.7056	133
40.8075	134
40.879	135
40.9809	136
41.0776	137
41.1768	138
41.2719	139
41.3649	140
41.5057	141
41.6512	142
41.8461	143
42.0499	144
42.1345	99
42.4812	100
42.4827	101
42.5269	102
42.5889	103
42.6535	104
42.7288	105
42.8184	106
42.8831	107
42.9645	108
43.0433	109
43.1273	110
43.2182	111
43.3138	112
43.4152	113
43.525	77
43.8973	78
43.8994	79
43.9908	80
44.0617	81
44.1316	82
44.2178	83
44.3018	84
44.3922	85
44.46	86
44.585	87
44.6606	88
44.7951	89
44.9333	90
45.0683	91
45.2033	92
45.3409	93
45.4822	94
45.7008	95
46.0512	96
48.7661	97
49.1181	98
49.366	99
49.5636	100
49.7317	101
49.8756	102
50.0048	103
50.1236	104
50.2333	105
50.3321	106
50.4272	107
50.4503	73
50.7003	74
50.7019	75
50.7056	76
50.7261	77
50.7712	78
50.818	79
50.8658	80
50.9189	81
50.9677	82
51.0202	83
51.0728	84
51.1295	85
51.1857	86
51.2425	87
51.3045	88
51.3675	89
51.4321	90
51.4972	91
51.5692	92
51.6417	93
51.7153	94
51.7972	95
51.8802	96
51.969	97
52.0636	98
52.1639	99
52.2747	100
52.3908	101
52.5243	102
52.6687	103
52.8342	104
53.0307	105
53.2771	106
53.6317	107
56.3455	108
56.6991	109
56.9439	110
57.1414	111
57.3074	112
57.4532	113
57.5853	114
57.7025	115
57.8096	116
57.9126	117
58.0051	118
58.0996	81
58.3238	82
58.3254	83
58.3286	84
58.3412	85
58.3843	86
58.4378	87
58.4741	88
58.5208	89
58.5681	90
58.6143	91
58.6669	92
58.7173	93
58.7683	94
58.8213	95
58.876	96
58.9332	97
58.9921	98
59.0535	99
59.116	100
59.1812	101
59.2474	102
59.3162	103
59.3903	104
59.4664	105
59.545	106
59.6288	107
59.7181	108
59.8121	109
59.913	110
60.0228	111
60.1394	112
60.2712	113
60.4162	114
60.5812	115
60.7782	116
61.0293	117
61.2441	80
61.4443	81
61.4874	82
61.4905	83
61.5367	84
61.6092	85
61.687	86
61.7794	87
61.8498	88
61.9386	89
62.0342	90
62.134	91
62.2438	92
62.3594	93
62.4907	94
62.6373	95
62.8017	96
62.9987	97
63.2488	98
63.6002	99
66.3162	100
66.6661	101
66.913	102
67.111	103
67.2791	104
67.4236	105
67.5523	106
67.67	107
67.7819	108
67.8791	109
67.8948	74
68.1165	75
68.118	76
68.1217	77
68.139	78
68.1853	79
68.2283	80
68.2756	81
68.3261	82
68.377	83
68.4264	84
68.4795	85
68.5315	86
68.5861	87
68.6444	88
68.7032	89
68.7621	90
68.8251	91
68.8892	92
68.9583	93
69.0263	94
69.1009	95
69.175	96
69.2554	97
69.3394	98
69.4303	99
69.5212	100
69.6231	101
69.7318	102
69.85	103
69.9824	104
70.1274	105
70.2908	106
70.4883	107
70.7352	108
71.0699	74
71.3429	75
71.3445	76
71.3749	77
71.4532	78
71.532	79
71.6176	80
71.7038	81
71.7984	82
71.9003	83
72.0095	84
72.1277	85
72.2564	86
72.4025	87
72.5701	88
72.765	89
73.0135	90
73.367	91
76.0809	92
76.4334	93
76.6797	94
76.8783	95
77.0433	96
77.1893	97
77.3185	98
77.4373	99
77.5455	100
77.6485	101
77.7425	102
77.8297	103
77.9137	104
77.9936	105
78.0698	106
78.1444	107
78.2127	108
78.2799	109
78.3445	110
78.4086	111
78.4685	112
78.5258	113
78.5825	114
78.6403	115
78.6933	116
78.7427	117
78.7942	118
78.8452	119
78.8956	120
78.9408	121
78.9865	122
79.0338	123
79.0753	124
79.1194	125
79.1625	126
79.205	127
79.247	128
79.2854	129
79.3264	130
79.3652	131
79.4036	132
79.4425	133
79.4771	134
79.5806	92
79.8753	93
79.8763	94
79.8811	95
79.9194	96
79.963	97
80.0219	98
80.088	99
80.1295	100
80.1753	101
80.2189	102
80.2661	103
80.3134	104
80.3612	105
80.4069	106
80.4621	107
80.5141	108
80.5661	109
80.6228	110
80.6801	111
80.7305	112
80.7983	113
80.8498	114
80.9202	115
80.9927	116
81.0415	117
81.114	118
81.1886	119
81.2611	120
81.3362	121
81.4108	122
81.4886	123
81.5632	124
81.6614	125
81.7691	126
81.8873	127
82.0181	128
82.1237	129
82.3218	130
82.5182	131
82.7131	132
82.9065	133
83.1255	134
85.8399	135
86.1929	136
86.4398	137
86.6389	138
86.8044	139
86.9499	140
87.0786	141
87.1989	142
87.3072	143
87.407	144
87.5036	145
87.5903	146
87.6754	147
87.7542	148
87.8309	149
87.9039	150
87.9722	151
88.041	152
88.1041	153
88.1671	154
88.2286	155
88.2475	107
88.5568	108
88.5583	109
88.5604	110
88.5631	111
88.5877	112
88.6256	113
88.6623	114
88.6996	115
88.7432	116
88.7763	117
88.8572	118
88.8993	119
88.9718	120
89.0264	121
89.0726	122
89.1225	123
89.1719	124
89.2239	125
89.277	126
89.3358	127
89.3952	128
89.4556	129
89.5176	130
89.5764	131
89.6253	132
89.6883	133
89.7514	134
89.8128	135
89.879	136
89.941	137
90.0067	138
90.0718	139
90.138	140
90.2026	141
90.272	142
90.3623	143
90.4353	144
90.5367	145
90.636	146
90.7369	147
90.832	148
90.9286	149
91.0584	150
91.2128	151
91.4062	152
91.6047	153
91.8086	154
91.8753	106
92.1994	107
92.2004	108
92.275	109
92.3197	110
92.3848	111
92.4536	112
92.5314	113
92.6191	114
92.7026	115
92.7948	116
92.887	117
92.9826	118
93.0772	119
93.1749	120
93.2752	121
93.3735	122
93.4749	123
93.5757	124
93.6839	125
93.852	126
93.9708	127
94.1578	128
94.3438	129
94.6479	130
94.9426	89
95.2221	90
95.2231	91
95.2242	92
95.2289	93
95.2688	94
95.3523	95
95.3954	96
95.4574	97
95.5099	98
95.5767	99
95.6418	100
95.6707	101
95.7264	102
95.8031	103
95.833	104
95.8903	105
95.968	106
95.9985	107
96.0568	108
96.1354	109
96.1713	110
96.2344	111
96.3074	112
96.3752	113
96.4477	114
96.506	115
96.5879	116
96.6841	117
96.7413	118
96.8459	119
96.9252	120
97.0308	121
97.1133	122
97.2178	123
97.326	124
97.4726	125
97.605	126
97.7999	127
97.9948	128
98.1844	129
98.435	130
101.15	131
101.502	132
101.751	133
101.946	134
102.114	135
102.26	136
102.389	137
102.506	138
102.617	139
102.718	140
102.812	141
102.901	142
102.984	143
103.063	144
103.141	145
103.213	146
103.282	147
103.352	148
103.384	102
103.745	103
103.747	104
103.749	105
103.751	106
103.782	107
103.819	108
103.858	109
103.895	110
103.937	111
103.976	112
104.018	113
104.058	114
104.102	115
104.146	116
104.235	117
104.3	118
104.377	119
104.427	120
104.477	121
104.53	122
104.589	123
104.655	124
104.71	125
104.773	126
104.837	127
104.896	128
104.958	129
105.022	130
105.085	131
105.151	132
105.227	133
105.308	134
105.378	135
105.475	136
105.575	137
105.643	138
105.74	139
105.839	140
105.937	141
106.032	142
106.18	143
106.321	144
106.513	145
106.708	146
106.909	147
107.141	148
109.855	149
110.21	150
110.456	151
110.652	152
110.821	153
110.967	154
111.094	155
111.212	156
111.322	157
111.422	158
111.446	109
111.706	110
111.707	111
111.709	112
111.713	113
111.734	114
111.772	115
111.819	116
111.846	117
111.882	118
111.922	119
111.959	120
112.001	121
112.041	122
112.082	123
112.122	124
112.165	125
112.208	126
112.253	127
112.299	128
112.346	129
112.393	130
112.443	131
112.538	132
112.634	133
112.702	134
112.758	135
112.819	136
112.882	137
112.94	138
113.01	139
113.074	140
113.143	141
113.217	142
113.293	143
113.372	144
113.445	145
113.539	146
113.639	147
113.71	148
113.81	149
113.907	150
114.005	151
114.098	152
114.242	153
114.383	154
114.578	155
114.78	156
114.923	107
115.145	108
115.147	109
115.149	110
115.259	111
115.319	112
115.387	113
115.448	114
115.514	115
115.584	116
115.655	117
115.732	118
115.812	119
115.896	120
115.984	121
116.053	122
116.18	123
116.256	124
116.392	125
116.527	126
116.665	127
116.806	128
116.945	129
117.086	130
117.294	131
117.646	132
120.361	133
120.715	134
120.961	135
121.159	136
121.324	137
121.47	138
121.6	139
121.717	140
121.828	141
121.927	142
122.024	143
122.113	144
122.197	145
122.274	146
122.352	147
122.423	148
122.493	149
122.56	150
122.626	151
122.689	152
122.747	153
122.806	154
122.865	155
122.918	156
122.971	157
123.025	158
123.075	159
123.124	160
123.174	161
123.221	162
123.267	163
123.313	164
123.357	165
123.401	166
123.445	167
123.527	168
123.582	169
123.65	170
123.719	171
123.725	118
124.01	119
124.012	120
124.021	121
124.066	122
124.114	123
124.16	124
124.204	125
124.244	126
124.28	127
124.318	128
124.356	129
124.395	130
124.434	131
124.476	132
124.516	133
124.558	134
124.595	135
124.646	136
124.683	137
124.735	138
124.774	139
124.831	140
124.873	141
