10.1001	10
10.2011	11
10.2032	13
10.2056	15
10.2076	17
10.2096	19
10.3021	21
10.3042	23
10.3053	25
10.3084	27
10.31	29
10.3126	31
10.3142	33
10.3169	35
10.3184	37
10.4032	39
10.4042	41
10.4074	43
10.4084	45
10.4095	47
10.4105	49
10.4158	51
10.4168	53
10.4184	55
10.4205	57
10.4242	59
10.4252	61
10.4268	63
10.4289	65
10.4326	67
10.4336	69
10.4352	71
10.4373	73
10.5042	75
10.5052	77
10.5063	79
10.5074	81
10.5126	83
10.5137	85
10.5147	87
10.5158	89
10.5168	91
10.5179	93
10.5189	95
10.52	97
10.5294	99
10.5305	101
10.5315	103
10.5326	105
10.5352	107
10.5368	109
10.5394	111
10.541	113
10.5462	115
10.5473	117
10.5483	119
10.5494	121
10.552	123
10.5536	125
10.5562	127
10.5578	129
10.563	131
10.5641	133
10.5651	135
10.5662	137
10.5688	139
10.5704	141
10.573	143
10.5746	145
10.6052	147
10.6063	149
10.6073	151
10.6084	153
10.6094	155
10.6105	157
10.6115	159
10.6126	161
10.622	163
10.6231	165
10.6241	167
10.6252	169
10.6262	171
10.6273	173
10.6283	175
10.6294	177
10.6304	179
10.6315	181
10.6325	183
10.6336	185
10.6346	187
10.6357	189
10.6367	191
10.6378	193
10.6557	195
10.6567	197
10.6578	199
10.6588	201
10.6599	203
10.6609	205
10.662	207
10.663	209
10.6677	211
10.6693	213
10.6704	215
10.6714	217
10.6762	219
10.6777	221
10.6788	223
10.6798	225
10.6893	227
10.6903	229
10.6914	231
10.6924	233
10.6935	235
10.6945	237
10.6956	239
10.6966	241
10.7014	243
10.7029	245
10.704	247
10.705	249
10.7098	251
10.7113	253
10.7124	255
10.7134	257
10.7229	259
10.724	261
10.725	263
10.7261	265
10.7271	267
10.7282	269
10.7292	271
10.7303	273
10.735	275
10.7366	277
10.7376	279
10.7387	281
10.7434	283
10.745	285
10.746	287
10.7471	289
10.7565	291
10.7576	293
10.7586	295
10.7597	297
10.7607	299
10.7618	301
10.7628	303
10.7639	305
10.7649	307
10.766	309
10.767	311
10.7681	313
10.7691	315
10.7702	317
10.7712	319
10.7723	321
10.7901	323
10.7912	325
10.7922	327
10.7933	329
10.7943	331
10.7954	333
10.7964	335
10.7975	337
10.7985	339
10.7996	341
10.8007	343
10.8017	345
10.8028	347
10.8038	349
10.8049	351
10.8059	353
10.807	355
10.808	357
10.8091	359
10.8101	361
10.8112	363
10.8122	365
10.8133	367
10.8143	369
10.8154	371
10.8164	373
10.8175	375
10.8185	377
10.8196	379
10.8206	381
10.8217	383
10.8227	385
10.8574	387
10.8584	389
10.8595	391
10.8605	393
10.8616	395
10.8626	397
10.8637	399
10.8647	401
10.8674	278
12.1016	1
12.2027	2
12.3037	3
12.3042	8
12.4048	9
12.4053	12
12.4058	14
12.4063	16
12.4069	17
12.4074	20
12.4079	22
12.4084	24
12.5058	25
12.5063	30
12.5069	38
12.5074	40
12.5079	41
12.5084	44
12.509	46
12.5095	49
12.51	50
12.5106	51
12.5111	52
12.5116	56
12.5121	58
12.5126	60
12.5133	62
12.5138	64
12.5143	66
12.5153	67
12.5164	70
12.5174	74
12.5185	75
12.5195	76
12.5205	78
12.5216	82
12.6068	84
12.6074	86
12.6079	87
12.6084	88
12.6089	90
12.6095	92
12.6103	94
12.6108	96
12.6113	98
12.6118	100
12.6123	101
12.6128	103
12.6133	104
12.6141	108
12.6146	109
12.6151	110
12.6156	111
12.6161	119
12.6166	127
12.6173	128
12.6178	130
12.6183	132
12.6188	133
12.6193	134
12.6198	135
12.6203	136
12.621	138
12.6215	142
12.622	143
12.6225	144
12.623	146
12.6235	147
12.6242	148
12.6247	152
12.6252	153
12.6263	156
12.6325	157
12.6389	158
12.6461	159
12.6555	160
12.7121	161
12.7227	162
12.7337	163
12.7443	164
12.7599	165
12.7764	166
12.7999	167
12.8345	168
12.8996	169
12.9101	170
12.9206	171
12.9311	172
12.9474	173
12.9632	174
12.9816	175
13.0162	176
13.0929	177
13.1035	178
13.114	179
13.1245	180
13.135	181
13.1523	182
13.1681	183
13.1943	184
13.228	185
13.3004	128
13.5988	129
13.6014	130
13.6035	131
13.6502	132
13.6986	133
13.7427	134
13.7853	135
13.8148	136
13.853	137
13.8995	138
13.9422	139
13.9749	140
14.0138	141
14.0609	142
14.1053	143
14.1392	144
14.1798	145
14.2208	146
14.2666	147
14.3072	148
14.3479	149
14.3919	150
14.4368	151
14.4808	152
14.5249	153
14.5689	154
14.614	155
14.6583	156
14.7023	157
14.7478	158
14.7928	159
14.8485	160
14.8993	161
14.9628	162
15.0095	163
15.0722	164
15.1355	165
15.2009	166
15.2632	167
15.3278	168
15.3944	169
15.4618	170
15.5292	171
15.6006	172
15.6907	173
15.7758	174
15.8845	175
15.9584	176
16.0699	177
16.1812	178
16.2935	179
16.4038	180
16.5536	181
16.7442	182
16.9751	183
17.2132	184
17.4648	185
20.0652	186
20.4184	187
20.6665	188
20.8617	189
21.0291	190
21.1734	191
21.305	192
21.4228	193
21.5322	194
21.6309	195
21.7255	196
21.8165	197
21.899	198
21.9794	199
22.0544	200
22.1295	201
22.1972	202
22.3298	203
22.3925	204
22.5117	205
22.6034	206
22.6814	207
22.7636	208
22.8289	209
22.8927	210
22.9579	211
23.0185	212
23.0685	213
23.1218	214
23.1785	215
23.2305	216
23.275	217
23.3212	218
23.3727	219
23.4211	220
23.4648	221
23.5069	222
23.5533	223
23.5964	224
23.6396	225
23.6796	226
23.7198	227
23.7642	228
23.8054	229
23.84	230
23.8779	231
23.919	232
23.9578	233
23.9966	234
24.0321	235
24.0709	236
24.1063	237
24.1429	238
24.1771	239
24.2168	240
24.251	241
24.2853	242
24.3151	243
24.3444	244
24.3737	245
24.4029	246
24.4322	247
24.4569	248
24.4786	249
24.5053	250
24.5295	251
24.5562	252
24.5778	253
24.6042	254
24.6291	255
24.6516	256
24.6766	257
24.7003	258
24.7215	259
24.7452	260
24.7693	261
24.7936	262
24.8178	263
24.8421	264
24.8664	265
24.8907	266
24.9175	267
24.9417	268
24.9659	269
24.9875	270
25.0117	271
25.0359	272
25.06	273
25.0842	274
25.1084	275
25.1326	276
25.1542	277
25.1784	278
25.2	279
25.2242	280
25.2458	281
25.2712	282
25.289	283
25.3119	284
25.3335	285
25.3551	286
25.3766	287
25.3982	288
25.4198	289
25.4414	290
25.4629	291
25.4845	292
25.5066	293
25.5295	294
25.5497	295
25.5726	296
25.5928	297
25.6157	298
25.6359	299
25.6562	300
25.6764	301
25.6994	302
25.7202	303
25.7411	304
25.762	305
25.7842	306
25.8051	307
25.8232	308
25.844	309
25.8649	310
25.8857	311
25.9069	312
25.9257	313
25.9473	314
25.966	315
25.9877	316
26.0064	317
26.028	318
26.0468	319
26.0655	320
26.0843	321
26.103	322
26.1231	323
26.1418	324
26.1605	325
26.1792	326
26.1978	327
26.2165	328
26.2352	329
26.2539	330
26.2697	331
26.2884	332
26.3041	333
26.3228	334
26.3385	335
26.3571	336
26.3729	337
26.3915	338
26.4073	339
26.4273	340
26.4416	341
26.4617	342
26.4774	343
26.4961	344
26.5117	345
26.5303	346
26.546	347
26.5645	348
26.5774	349
26.5931	350
26.6088	351
26.6245	352
26.643	353
26.6587	354
26.6744	355
26.6901	356
26.7059	357
26.7218	358
26.7377	359
26.7536	360
26.7695	361
26.7869	362
26.8028	363
26.8187	364
26.8346	365
26.8505	366
26.8665	367
26.8824	368
26.8983	369
26.9144	370
26.9277	371
26.944	372
26.9603	373
26.978	374
26.9898	375
27.0076	376
27.0194	377
27.0372	378
27.049	379
27.0668	380
27.0782	381
27.0946	382
27.1056	383
27.1221	384
27.1331	385
27.1495	386
27.1605	387
27.177	388
27.188	389
27.2044	390
27.2154	391
27.2307	392
27.2398	393
27.2534	394
27.2625	395
27.2761	396
27.2852	397
27.2988	398
27.3079	399
27.3215	400
27.3306	401
27.3442	402
27.3533	403
27.3669	404
27.376	405
27.3896	406
27.3987	407
27.4123	408
27.4214	409
27.435	410
27.4475	411
27.4577	412
27.4702	413
27.4804	414
27.4929	415
27.5031	416
27.5122	417
27.5258	418
27.5349	419
27.5485	420
27.561	421
27.5735	422
27.586	423
27.5962	424
27.6087	425
27.6189	426
27.6314	427
27.6416	428
27.6541	429
27.6643	430
27.6768	431
27.6893	432
27.7018	433
27.712	434
27.7245	435
27.7347	436
27.7472	437
27.7574	438
27.7699	439
27.7801	440
27.7926	441
27.8028	442
27.8153	443
27.8255	444
27.838	445
27.8482	446
27.8607	447
27.8709	448
27.8834	449
27.8936	450
27.9061	451
27.9163	452
27.9288	453
27.939	454
27.9515	455
27.9617	456
27.9742	457
27.9844	458
27.9969	459
28.0071	460
28.0196	461
28.0298	462
28.0423	463
28.0525	464
28.065	465
28.0752	466
28.0877	467
28.0979	468
28.1114	469
28.1204	470
28.134	471
28.143	472
28.1565	473
28.1667	474
28.1791	475
28.1892	476
28.2016	477
28.2118	478
28.2242	479
28.2344	480
28.2479	481
28.258	482
28.2704	483
28.2808	484
28.2934	485
28.3037	486
28.3164	487
28.3267	488
28.3405	489
28.3509	490
28.3635	491
28.3716	492
28.3819	493
28.3922	494
28.4026	495
28.4152	496
28.4256	497
28.4336	498
28.444	499
28.4543	500
28.4647	501
28.4753	502
28.4859	503
28.4965	504
28.5071	505
28.5177	506
28.5283	507
28.5389	508
28.5495	509
28.5601	510
28.5707	511
28.5813	512
28.5919	513
28.6025	514
28.6131	515
28.6237	516
28.6343	517
28.6449	518
28.6555	519
28.6663	520
28.6771	521
28.6879	522
28.6987	523
28.7095	524
28.7204	525
28.7312	526
28.742	527
28.7528	528
28.7636	529
28.7745	530
28.7853	531
28.7961	532
28.8069	533
28.8177	534
28.8297	535
28.8406	536
28.8514	537
28.8624	538
28.8733	539
28.8843	540
28.8953	541
28.9038	542
28.9148	543
28.9234	544
28.9343	545
28.9465	546
28.9539	547
28.9661	548
28.9734	549
28.9856	550
28.9929	551
29.0051	552
29.0124	553
29.0246	554
29.0319	555
29.0441	556
29.0515	557
29.0637	558
29.071	559
29.0832	560
29.0906	561
29.1028	562
29.1101	563
29.1224	564
29.1297	565
29.1419	566
29.1492	567
29.1615	568
29.1688	569
29.181	570
29.1883	571
29.2006	572
29.2079	573
29.2201	574
29.2275	575
29.2396	576
29.2469	577
29.259	578
29.2663	579
29.2784	580
29.2857	581
29.2978	582
29.3051	583
29.3173	584
29.3245	585
29.3367	586
29.3439	587
29.3561	588
29.3633	589
29.3755	590
29.384	591
29.3949	592
29.4034	593
29.4143	594
29.4228	595
29.4349	596
29.4433	597
29.4542	598
29.4626	599
29.4735	600
29.4819	601
29.494	602
29.5024	603
29.5108	604
29.5217	605
29.5301	606
29.5386	607
29.547	608
29.5555	609
29.5639	610
29.5724	611
29.5808	612
29.5892	613
29.5977	614
29.6061	615
29.6146	616
29.623	617
29.6315	618
29.6401	619
29.6486	620
29.6571	621
29.6656	622
29.6741	623
29.6827	624
29.6912	625
29.6997	626
29.7082	627
29.7167	628
29.7253	629
29.7338	630
29.7423	631
29.7508	632
29.7593	633
29.7679	634
29.7764	635
29.7849	636
29.7934	637
29.8019	638
29.8105	639
29.819	640
29.8276	641
29.8362	642
29.8447	643
29.8533	644
29.8619	645
29.8705	646
29.879	647
29.8876	648
29.8962	649
29.9048	650
29.9133	651
29.9219	652
29.9305	653
29.9391	654
29.9476	655
29.9562	656
29.9648	657
29.9734	658
29.9819	659
29.9905	660
29.9991	661
30.0077	662
30.0163	663
30.0252	664
30.034	665
30.0429	666
30.0517	667
30.0606	668
30.0694	669
30.0783	670
30.0871	671
30.096	672
30.1048	673
30.1137	674
30.1225	675
30.1314	676
30.1402	677
30.149	678
30.1579	679
30.1667	680
30.1756	681
30.1844	682
30.1933	683
30.2021	684
30.211	685
30.2199	686
30.2289	687
30.2378	688
30.2468	689
30.2557	690
30.266	691
30.2749	692
30.2839	693
30.2928	694
30.303	695
30.312	696
30.3209	697
30.3299	698
30.3388	699
30.3491	700
30.3542	701
30.3644	702
30.3733	703
30.3797	704
30.3848	705
30.3951	706
30.4002	707
30.4104	708
30.4155	709
30.4258	710
30.4309	711
30.4411	712
30.4462	713
30.4565	714
30.4616	715
30.4718	716
30.4769	717
30.4872	718
30.4923	719
30.5025	720
30.5076	721
30.5179	722
30.523	723
30.5332	724
30.5383	725
30.5486	726
30.5537	727
30.5639	728
30.569	729
30.5793	730
30.5844	731
30.5947	732
30.5999	733
30.6104	734
30.6156	735
30.626	736
30.6313	737
30.6417	738
30.6469	739
30.6574	740
30.6626	741
30.673	742
30.6783	743
30.6887	744
30.6939	745
30.7044	746
30.7096	747
30.7201	748
30.7253	749
30.7357	750
30.741	751
30.7514	752
30.7566	753
30.7671	754
30.7721	755
30.7821	756
30.7871	757
30.7971	758
30.8022	759
30.8122	760
30.8172	761
30.8272	762
30.8322	763
30.8397	764
30.8447	765
30.8523	766
30.8573	767
30.8648	768
30.8698	769
30.8773	770
30.8823	771
30.8898	772
30.8948	773
30.9024	774
30.9074	775
30.9149	776
30.9199	777
30.9274	778
30.9324	779
30.9399	780
30.9447	781
30.9518	782
30.9566	783
30.9637	784
30.9684	785
30.9755	786
30.9803	787
30.9874	788
30.9922	789
30.9993	790
31.004	791
31.0111	792
31.0159	793
31.023	794
31.0278	795
31.0349	796
31.0396	797
31.0467	798
31.0515	799
31.0586	800
31.0634	801
31.0705	802
31.0752	803
31.0823	804
31.0871	805
31.0942	806
31.099	807
31.1061	808
31.1108	809
31.1179	810
31.1227	811
31.1298	812
31.1346	813
31.1417	814
31.1464	815
31.1535	816
31.1583	817
31.1654	818
31.1702	819
31.1773	820
31.182	821
31.1891	822
31.1939	823
31.201	824
31.2058	825
31.2129	826
31.2176	827
31.2247	828
31.2295	829
31.2366	830
31.2414	831
31.2485	832
31.2532	833
31.2603	834
31.2651	835
31.2722	836
31.277	837
31.2841	838
31.2888	839
31.2959	840
31.3007	841
31.3078	842
31.3126	843
31.3197	844
31.3244	845
31.3315	846
31.3363	847
31.3434	848
31.3482	849
31.3553	850
31.36	851
31.3671	852
31.3719	853
31.379	854
31.3838	855
31.3909	856
31.3956	857
31.4028	858
31.4075	859
31.4146	860
31.4194	861
31.4265	862
31.4312	863
31.4384	864
31.4431	865
31.4502	866
31.455	867
31.4621	868
31.4668	869
31.474	870
31.4787	871
31.4858	872
31.4906	873
31.4977	874
31.5024	875
31.5096	876
31.5143	877
31.522	878
31.5272	879
31.5349	880
31.5401	881
31.5478	882
31.553	883
31.5607	884
31.5659	885
31.5736	886
31.5788	887
31.5865	888
31.5917	889
31.5994	890
31.6046	891
31.6123	892
31.6175	893
31.6252	894
31.6304	895
31.6381	896
31.6433	897
31.651	898
31.6562	899
31.6639	900
31.6691	901
31.6768	902
31.682	903
31.6897	904
31.6949	905
31.7026	906
31.7078	907
31.7155	908
31.7208	909
31.7288	910
31.7342	911
31.7422	912
31.7475	913
31.7555	914
31.7608	915
31.7689	916
31.7742	917
31.7822	918
31.7875	919
31.7955	920
31.8009	921
31.8089	922
31.8142	923
31.8222	924
31.8275	925
31.8356	926
31.8409	927
31.8489	928
31.8542	929
31.8622	930
31.8676	931
31.8756	932
31.8809	933
31.8889	934
31.8942	935
31.9022	936
31.9076	937
31.9157	938
31.9211	939
31.9292	940
31.9346	941
31.9427	942
31.9481	943
31.9562	944
31.9616	945
31.9697	946
31.9751	947
31.9832	948
31.9886	949
31.9967	950
32.0021	951
32.0102	952
32.0156	953
32.0237	954
32.0291	955
32.0372	956
32.0426	957
32.0507	958
32.0561	959
32.0642	960
32.0696	961
32.0777	962
32.0831	963
32.0912	964
32.0966	965
32.1044	966
32.1096	967
32.1173	968
32.1225	969
32.1303	970
32.1354	971
32.1432	972
32.1483	973
32.1561	974
32.1612	975
32.169	976
32.1742	977
32.1819	978
32.1871	979
32.1948	980
32.2	981
32.2077	982
32.2129	983
32.2206	984
32.2258	985
32.2336	986
32.2387	987
32.2465	988
32.2516	989
32.2594	990
32.2645	991
32.2723	992
32.2775	993
32.2852	994
32.2903	995
32.2978	996
32.3027	997
32.3102	998
32.3152	999
32.3227	1000
32.3277	1001
32.3351	1002
32.3401	1003
32.3476	1004
32.3526	1005
32.3601	1006
32.365	1007
32.3725	1008
32.3775	1009
32.385	1010
32.39	1011
32.3974	1012
32.4024	1013
32.4099	1014
32.4149	1015
32.4224	1016
32.4273	1017
32.4348	1018
32.4398	1019
32.4473	1020
32.4523	1021
32.4597	1022
32.4647	1023
32.4722	1024
32.4772	1025
32.4821	1026
32.487	1027
32.4943	1028
32.4992	1029
32.5016	1030
32.5089	1031
32.5138	1032
32.5212	1033
32.5236	1034
32.5285	1035
32.5358	1036
32.5407	1037
32.5456	1038
32.5505	1039
32.5554	1040
32.5627	1041
32.5676	1042
32.5725	1043
32.5774	1044
32.5798	1045
32.5871	1046
32.592	1047
32.5993	1048
32.6018	1049
32.6067	1050
32.614	1051
32.6189	1052
32.6238	1053
32.6287	1054
32.6335	1055
32.6384	1056
32.6458	1057
32.6506	1058
32.6531	1059
32.658	1060
32.6653	1061
32.6702	1062
32.6751	1063
32.6801	1064
32.685	1065
32.69	1066
32.6974	1067
32.7023	1068
32.7048	1069
32.7097	1070
32.7172	1071
32.7221	1072
32.727	1073
32.732	1074
32.7345	1075
32.7419	1076
32.7468	1077
32.7518	1078
32.7567	1079
32.7617	1080
32.7666	1081
32.774	1082
32.7765	1083
32.7814	1084
32.7864	1085
32.7938	1086
32.7987	1087
32.8037	1088
32.8062	1089
32.8111	1090
32.8185	1091
32.8235	1092
32.8284	1093
32.8309	1094
32.8358	1095
32.8432	1096
32.8482	1097
32.8531	1098
32.8581	1099
32.8605	1100
32.868	1101
32.8731	1102
32.8782	1103
32.8833	1104
32.8883	1105
32.8934	1106
32.8985	1107
32.9036	1108
32.9086	1109
32.9137	1110
32.9188	1111
32.9239	1112
32.9289	1113
32.934	1114
32.9391	1115
32.9442	1116
32.9492	1117
32.9543	1118
32.9594	1119
32.9645	1120
32.9696	1121
32.9746	1122
32.9797	1123
32.9848	1124
32.9899	1125
32.9949	1126
33	1127
33.0051	1128
33.0102	1129
33.0152	1130
33.0203	1131
33.0254	1132
33.0305	1133
33.0355	1134
33.0406	1135
33.0457	1136
33.0508	1137
33.0558	1138
33.0609	1139
33.0661	1140
33.0713	1141
33.0765	1142
33.0817	1143
33.0869	1144
33.0921	1145
33.0973	1146
33.1025	1147
33.1077	1148
33.1129	1149
33.1181	1150
33.1233	1151
33.1285	1152
33.1337	1153
33.1389	1154
33.1441	1155
33.1493	1156
33.1545	1157
33.1597	1158
33.1649	1159
33.1701	1160
33.1753	1161
33.1805	1162
33.1857	1163
33.1909	1164
33.1961	1165
33.2013	1166
33.2065	1167
33.2117	1168
33.2169	1169
33.2221	1170
33.2273	1171
33.2325	1172
33.2377	1173
33.2429	1174
33.2481	1175
33.2533	1176
33.2586	1177
33.264	1178
33.2694	1179
33.2748	1180
33.2802	1181
33.2856	1182
33.291	1183
33.2964	1184
33.3017	1185
33.3071	1186
33.3125	1187
33.3179	1188
33.3233	1189
33.3287	1190
33.3341	1191
33.3395	1192
33.3449	1193
33.3503	1194
33.3556	1195
33.361	1196
33.3664	1197
33.3718	1198
33.3772	1199
33.3826	1200
33.388	1201
33.3934	1202
33.3988	1203
33.4042	1204
33.4095	1205
33.4149	1206
33.4203	1207
33.4257	1208
33.4311	1209
33.4365	1210
33.4419	1211
33.4473	1212
33.4526	1213
33.4579	1214
33.4633	1215
33.4686	1216
33.4739	1217
33.4792	1218
33.4846	1219
33.4899	1220
33.4952	1221
33.5006	1222
33.5059	1223
33.5112	1224
33.5166	1225
33.5219	1226
33.5272	1227
33.5325	1228
33.5379	1229
33.5432	1230
33.5485	1231
33.5539	1232
33.5592	1233
33.5645	1234
33.5699	1235
33.5752	1236
33.5805	1237
33.5858	1238
33.5912	1239
33.5965	1240
33.6018	1241
33.6072	1242
33.6125	1243
33.6178	1244
33.6232	1245
33.6285	1246
33.6338	1247
33.6391	1248
33.6443	1249
33.6496	1250
33.6548	1251
33.66	1252
33.6653	1253
33.6705	1254
33.6757	1255
33.681	1256
33.6862	1257
33.6914	1258
33.6967	1259
33.7019	1260
33.7071	1261
33.7124	1262
33.7176	1263
33.7228	1264
33.7281	1265
33.7333	1266
33.7386	1267
33.7438	1268
33.749	1269
33.7543	1270
33.7595	1271
33.7647	1272
33.77	1273
33.7752	1274
33.7804	1275
33.7857	1276
33.7909	1277
33.7961	1278
33.8014	1279
33.8066	1280
33.8118	1281
33.8171	1282
33.8223	1283
33.8275	1284
33.8326	1285
33.8377	1286
33.8428	1287
33.8479	1288
33.8531	1289
33.8582	1290
33.8633	1291
33.8684	1292
33.8735	1293
33.8786	1294
33.8838	1295
33.8889	1296
33.894	1297
33.8991	1298
33.9042	1299
33.9093	1300
33.9145	1301
33.9196	1302
33.9247	1303
33.9298	1304
33.9349	1305
33.94	1306
33.9452	1307
33.9503	1308
33.9554	1309
33.9605	1310
33.9656	1311
33.9707	1312
33.9759	1313
33.981	1314
33.9861	1315
33.9912	1316
33.9963	1317
34.0014	1318
34.0066	1319
34.0117	1320
34.0168	1321
34.0219	1322
34.027	1323
34.0321	1324
34.0372	1325
34.0423	1326
34.0474	1327
34.0525	1328
34.0576	1329
34.0627	1330
34.0678	1331
34.0729	1332
34.078	1333
34.0831	1334
34.0882	1335
34.0934	1336
34.0985	1337
34.1036	1338
34.1087	1339
34.1138	1340
34.1189	1341
34.124	1342
34.1291	1343
34.1342	1344
34.1393	1345
34.1444	1346
34.1495	1347
34.1546	1348
34.1597	1349
34.1648	1350
34.1699	1351
34.175	1352
34.1801	1353
34.1852	1354
34.1903	1355
34.1954	1356
34.2005	1357
34.2056	1358
34.2107	1359
34.2159	1360
34.2211	1361
34.2263	1362
34.2315	1363
34.2366	1364
34.2418	1365
34.247	1366
34.2522	1367
34.2574	1368
34.2625	1369
34.2677	1370
34.2729	1371
34.2781	1372
34.2833	1373
34.2884	1374
34.2936	1375
34.2988	1376
34.304	1377
34.3092	1378
34.3143	1379
34.3195	1380
34.3247	1381
34.3299	1382
34.3351	1383
34.3403	1384
34.3454	1385
34.3506	1386
34.3558	1387
34.361	1388
34.3662	1389
34.3713	1390
34.3765	1391
34.3817	1392
34.3869	1393
34.3921	1394
34.3972	1395
34.4024	1396
34.4076	1397
34.4129	1398
34.4182	1399
34.4235	1400
34.4288	1401
34.4341	1402
34.4394	1403
34.4447	1404
34.45	1405
34.4553	1406
34.4606	1407
34.4658	1408
34.4711	1409
34.4764	1410
34.4817	1411
34.487	1412
34.4923	1413
34.4976	1414
34.5029	1415
34.5082	1416
34.5135	1417
34.5188	1418
34.5241	1419
34.5294	1420
34.5347	1421
34.54	1422
34.5453	1423
34.5506	1424
34.5559	1425
34.5612	1426
34.5665	1427
34.5718	1428
34.5771	1429
34.5823	1430
34.5876	1431
34.5929	1432
34.5982	1433
34.6035	1434
34.6091	1435
34.6119	1436
34.6176	1437
34.6204	1438
34.626	1439
34.6288	1440
34.6344	1441
34.6372	1442
34.6428	1443
34.6456	1444
34.6512	1445
34.654	1446
34.6596	1447
34.6624	1448
34.6681	1449
34.6709	1450
34.6765	1451
34.6793	1452
34.6849	1453
34.6877	1454
34.6933	1455
34.6961	1456
34.7017	1457
34.7045	1458
34.7101	1459
34.7129	1460
34.7186	1461
34.7214	1462
34.727	1463
34.7298	1464
34.7354	1465
34.7382	1466
34.7438	1467
34.7466	1468
34.7522	1469
34.755	1470
34.7606	1471
34.7634	1472
34.769	1473
34.7719	1474
34.7775	1475
34.7803	1476
34.7859	1477
34.7887	1478
34.7943	1479
34.7971	1480
34.8027	1481
34.8055	1482
34.8112	1483
34.814	1484
34.8196	1485
34.8225	1486
34.8281	1487
34.8309	1488
34.8366	1489
34.8394	1490
34.845	1491
34.8479	1492
34.8535	1493
34.8563	1494
34.862	1495
34.8648	1496
34.8704	1497
34.8732	1498
34.8789	1499
34.8817	1500
34.8873	1501
34.8902	1502
34.8958	1503
34.8986	1504
34.9043	1505
34.9071	1506
34.9127	1507
34.9155	1508
34.9212	1509
34.924	1510
34.9296	1511
34.9325	1512
34.9381	1513
34.9409	1514
34.9466	1515
34.9494	1516
34.955	1517
34.9578	1518
34.9635	1519
34.9663	1520
34.9719	1521
34.9748	1522
34.9804	1523
34.9832	1524
34.9889	1525
34.9917	1526
34.9973	1527
35.0001	1528
35.0057	1529
35.0085	1530
35.0141	1531
35.0169	1532
35.0225	1533
35.0253	1534
35.0309	1535
35.0337	1536
35.0393	1537
35.0421	1538
35.0477	1539
35.0505	1540
35.0562	1541
35.059	1542
35.0646	1543
35.0674	1544
35.073	1545
35.0758	1546
35.0814	1547
35.0842	1548
35.0898	1549
35.0926	1550
35.0982	1551
35.101	1552
35.1066	1553
35.1094	1554
35.115	1555
35.1178	1556
35.1234	1557
35.1262	1558
35.1318	1559
35.1346	1560
35.1402	1561
35.143	1562
35.1486	1563
35.1514	1564
35.1571	1565
35.1599	1566
35.1655	1567
35.1683	1568
35.1739	1569
35.1767	1570
35.1823	1571
35.1851	1572
35.1906	1573
35.1933	1574
35.1988	1575
35.2016	1576
35.2071	1577
35.2099	1578
35.2154	1579
35.2181	1580
35.2236	1581
35.2264	1582
35.2319	1583
35.2346	1584
35.2401	1585
35.2429	1586
35.2484	1587
35.2512	1588
35.2567	1589
35.2594	1590
35.2649	1591
35.2677	1592
35.2732	1593
35.2759	1594
35.2814	1595
35.2842	1596
35.2897	1597
35.2924	1598
35.298	1599
35.3007	1600
35.3062	1601
35.309	1602
35.3145	1603
35.3172	1604
35.3227	1605
35.3255	1606
35.331	1607
35.3337	1608
35.3392	1609
35.342	1610
35.3475	1611
35.3503	1612
35.3558	1613
35.3585	1614
35.364	1615
35.3668	1616
35.3723	1617
35.375	1618
35.3805	1619
35.3833	1620
35.3888	1621
35.3915	1622
35.397	1623
35.3997	1624
35.4052	1625
35.408	1626
35.4134	1627
35.4162	1628
35.4217	1629
35.4244	1630
35.4299	1631
35.4326	1632
35.4381	1633
35.4408	1634
35.4463	1635
35.4491	1636
35.4545	1637
35.4573	1638
35.4628	1639
35.4655	1640
35.471	1641
35.4737	1642
35.4792	1643
35.482	1644
35.4874	1645
35.4902	1646
35.4957	1647
35.4984	1648
35.5039	1649
35.5066	1650
35.5121	1651
35.5149	1652
35.5203	1653
35.5231	1654
35.5286	1655
35.5313	1656
35.5368	1657
35.5395	1658
35.545	1659
35.5477	1660
35.5532	1661
35.556	1662
35.5614	1663
35.5642	1664
35.5697	1665
35.5724	1666
35.5779	1667
35.5806	1668
35.5862	1669
35.5889	1670
35.5945	1671
35.5973	1672
35.6028	1673
35.6056	1674
35.6111	1675
35.6139	1676
35.6194	1677
35.6222	1678
35.6277	1679
35.6305	1680
35.636	1681
35.6388	1682
35.6444	1683
35.6471	1684
35.6527	1685
35.6554	1686
35.661	1687
35.6637	1688
35.6693	1689
35.6721	1690
35.6776	1691
35.6804	1692
35.6859	1693
35.6887	1694
35.6942	1695
35.697	1696
35.7025	1697
35.7053	1698
35.7108	1699
35.7136	1700
35.7191	1701
35.7219	1702
35.7275	1703
35.7302	1704
35.7358	1705
35.7385	1706
35.7441	1707
35.7468	1708
35.7524	1709
35.7552	1710
35.7607	1711
35.7635	1712
35.769	1713
35.7718	1714
35.7773	1715
35.7801	1716
35.7857	1717
35.7886	1718
35.7943	1719
35.7971	1720
35.8028	1721
35.8057	1722
35.8114	1723
35.8142	1724
35.8199	1725
35.8228	1726
35.8285	1727
35.8313	1728
35.837	1729
35.8399	1730
35.8456	1731
35.8485	1732
35.8542	1733
35.857	1734
35.8627	1735
35.8656	1736
35.8713	1737
35.8741	1738
35.8798	1739
35.8827	1740
35.8884	1741
35.8912	1742
35.8969	1743
35.8998	1744
35.9055	1745
35.9083	1746
35.9141	1747
35.9169	1748
35.9226	1749
35.9255	1750
35.9312	1751
35.934	1752
35.9397	1753
35.9426	1754
35.9483	1755
35.9511	1756
35.9568	1757
35.9597	1758
35.9654	1759
35.9682	1760
35.9739	1761
35.9768	1762
35.9825	1763
35.9853	1764
35.9911	1765
35.994	1766
35.9999	1767
36.0028	1768
36.0087	1769
36.0116	1770
36.0174	1771
36.0203	1772
36.0262	1773
36.0291	1774
36.0349	1775
36.0379	1776
36.0437	1777
36.0466	1778
36.0525	1779
36.0554	1780
36.0612	1781
36.0642	1782
36.07	1783
36.0729	1784
36.0788	1785
36.0817	1786
36.0875	1787
36.0905	1788
36.0963	1789
36.0992	1790
36.1051	1791
36.108	1792
36.1138	1793
36.1168	1794
36.1226	1795
36.1255	1796
36.1314	1797
36.1343	1798
36.1401	1799
36.143	1800
36.1489	1801
36.1518	1802
36.1577	1803
36.1606	1804
36.1664	1805
36.1693	1806
36.1752	1807
36.1781	1808
36.1839	1809
36.1869	1810
36.1927	1811
36.1957	1812
36.2016	1813
36.2046	1814
36.2106	1815
36.2135	1816
36.2195	1817
36.2225	1818
36.2284	1819
36.2314	1820
36.2374	1821
36.2403	1822
36.2463	1823
36.2493	1824
36.2552	1825
36.2582	1826
36.2641	1827
36.2671	1828
36.2731	1829
36.276	1830
36.282	1831
36.285	1832
36.2909	1833
36.2939	1834
36.2998	1835
36.3028	1836
36.3088	1837
36.3117	1838
36.3177	1839
36.3207	1840
36.3266	1841
36.3296	1842
36.3356	1843
36.3385	1844
36.3445	1845
36.3475	1846
36.3534	1847
36.3564	1848
36.3623	1849
36.3653	1850
36.3713	1851
36.3742	1852
36.3802	1853
36.3832	1854
36.3891	1855
36.3921	1856
36.398	1857
36.4013	1858
36.4077	1859
36.4109	1860
36.4173	1861
36.4206	1862
36.427	1863
36.4302	1864
36.4366	1865
36.4398	1866
36.4463	1867
36.4495	1868
36.4559	1869
36.4591	1870
36.4656	1871
36.4688	1872
36.4752	1873
36.4784	1874
36.4849	1875
36.4881	1876
36.4945	1877
36.4977	1878
36.5042	1879
36.5074	1880
36.5138	1881
36.517	1882
36.5235	1883
36.5267	1884
36.5331	1885
36.5363	1886
36.5427	1887
36.546	1888
36.5524	1889
36.5556	1890
36.562	1891
36.5653	1892
36.5717	1893
36.5749	1894
36.5813	1895
36.5845	1896
36.591	1897
36.5942	1898
36.6006	1899
36.6038	1900
36.6103	1901
36.6135	1902
36.6199	1903
36.6231	1904
36.6295	1905
36.6327	1906
36.6391	1907
36.6424	1908
36.6488	1909
36.652	1910
36.6584	1911
36.6616	1912
36.668	1913
36.6712	1914
36.6777	1915
36.6809	1916
36.6873	1917
36.6905	1918
36.6969	1919
36.7001	1920
36.7066	1921
36.7098	1922
36.7162	1923
36.7194	1924
36.7258	1925
36.729	1926
36.7354	1927
36.7386	1928
36.7451	1929
36.7483	1930
36.7547	1931
36.7579	1932
36.7643	1933
36.7675	1934
36.774	1935
36.7772	1936
36.7836	1937
36.7868	1938
36.7932	1939
36.7964	1940
36.8028	1941
36.8061	1942
36.8124	1943
36.8156	1944
36.822	1945
36.8252	1946
36.8316	1947
36.8348	1948
36.8412	1949
36.8444	1950
36.8508	1951
36.854	1952
36.8604	1953
36.8636	1954
36.8699	1955
36.8731	1956
36.8795	1957
36.8827	1958
36.8891	1959
36.8923	1960
36.8987	1961
36.9019	1962
36.9083	1963
36.9115	1964
36.9179	1965
36.9211	1966
36.9274	1967
36.9306	1968
36.937	1969
36.9402	1970
36.9466	1971
36.9498	1972
36.9562	1973
36.9594	1974
36.9658	1975
36.9687	1976
36.9746	1977
36.9775	1978
36.9833	1979
36.9862	1980
36.9921	1981
36.995	1982
37.0009	1983
37.0038	1984
37.0096	1985
37.0126	1986
37.0184	1987
37.0213	1988
37.0272	1989
37.0301	1990
37.0359	1991
37.0389	1992
37.0447	1993
37.0476	1994
37.0535	1995
37.0564	1996
37.0623	1997
37.0652	1998
37.071	1999
37.074	2000
37.0798	2001
37.0827	2002
37.0886	2003
37.0915	2004
37.0973	2005
37.1003	2006
37.1032	2007
37.1061	2008
37.112	2009
37.1149	2010
37.1178	2011
37.1203	2012
37.1227	2013
37.1252	2014
37.1277	2015
37.1326	2016
37.135	2017
37.1375	2018
37.1424	2019
37.1449	2020
37.1473	2021
37.1523	2022
37.1547	2023
37.1572	2024
37.1621	2025
37.1646	2026
37.167	2027
37.172	2028
37.1744	2029
37.1769	2030
37.1818	2031
37.1843	2032
37.1867	2033
37.1916	2034
37.1941	2035
37.1966	2036
37.2015	2037
37.204	2038
37.2064	2039
37.2113	2040
37.2138	2041
37.2163	2042
37.2212	2043
37.2236	2044
37.2261	2045
37.231	2046
37.2335	2047
37.2359	2048
37.2409	2049
37.2433	2050
37.2458	2051
37.2507	2052
37.2532	2053
37.2556	2054
37.2606	2055
37.263	2056
37.2655	2057
37.2704	2058
37.2729	2059
37.2754	2060
37.2804	2061
37.2829	2062
37.2853	2063
37.2878	2064
37.2903	2065
37.2928	2066
37.2978	2067
37.3003	2068
37.3028	2069
37.3078	2070
37.3103	2071
37.3128	2072
37.3178	2073
37.3203	2074
37.3228	2075
37.3278	2076
37.3303	2077
37.3328	2078
37.3378	2079
37.3403	2080
37.3428	2081
37.3478	2082
37.3503	2083
37.3528	2084
37.3553	2085
37.3578	2086
37.3603	2087
37.3653	2088
37.3677	2089
37.3702	2090
37.3753	486
37.5501	487
37.6901	488
37.6926	489
37.695	490
37.6975	491
37.6999	492
37.7024	493
37.7048	494
37.7073	495
37.7097	496
37.7146	345
38.4182	346
38.4189	347
38.4204	348
38.4219	349
38.4234	350
38.4856	351
38.5397	352
38.5955	353
38.6465	354
38.6942	355
38.7389	356
38.7739	357
38.8137	358
38.8585	249
39.2423	250
39.2431	251
39.2446	252
39.2969	253
39.3567	254
39.391	255
39.4352	256
39.4809	257
39.5259	258
39.5707	259
39.6099	260
39.6477	261
39.6876	262
39.7263	263
39.7671	264
39.8073	265
39.8491	266
39.89	267
39.9355	268
39.9807	269
40.0222	270
40.0723	271
40.1174	272
40.1679	273
40.2184	274
40.2664	275
40.3217	276
40.3749	277
40.4222	278
40.4844	279
40.5449	280
40.5957	281
40.651	282
40.7015	283
40.7528	284
40.8043	285
40.866	286
40.9296	287
40.9912	288
41.0541	289
41.1172	290
41.184	291
41.2707	292
41.3547	293
41.4579	294
41.5631	295
41.6709	296
41.7827	297
41.8965	298
42.0128	299
42.1354	300
42.3314	301
42.4644	302
42.6771	303
42.9323	304
45.646	305
45.9999	306
46.2474	307
46.4441	308
46.6096	309
46.7553	310
46.8863	311
47.0043	312
47.1126	313
47.2139	314
47.3072	315
47.3969	316
47.4805	317
47.5597	318
47.6368	319
47.67	221
48.0836	222
48.0845	223
48.0862	224
48.0879	225
48.0897	226
48.0914	227
48.1001	228
48.1228	229
48.1436	230
48.1663	231
48.1889	232
48.2133	233
48.2585	234
48.3055	235
48.3508	236
48.4013	237
48.4431	238
48.4779	239
48.511	240
48.5458	241
48.5806	242
48.6067	243
48.6346	244
48.6642	245
48.6938	246
48.7251	247
48.7547	248
48.786	249
48.8156	250
48.847	251
48.8766	252
48.9079	253
48.9392	254
48.9706	255
49.0019	256
49.0315	257
49.0564	258
49.0813	259
49.1075	260
49.1324	261
49.16	262
49.1876	263
49.2186	264
49.2489	265
49.2792	266
49.3095	267
49.3406	268
49.3712	269
49.4018	270
49.4351	271
49.4705	272
49.5085	273
49.5427	274
49.583	275
49.6225	276
49.6635	277
49.6983	278
49.7388	279
49.7814	280
49.8239	281
49.8665	282
49.909	283
49.9553	284
50.0031	285
50.0516	286
50.1036	198
50.3159	199
50.3165	200
50.3176	201
50.3489	202
50.3899	203
50.4293	204
50.4984	205
50.5495	206
50.5985	207
50.6498	208
50.7015	209
50.7508	210
50.8039	211
50.857	212
50.9066	213
50.9599	214
51.0028	215
51.0524	216
51.107	217
51.1633	218
51.2135	219
51.2672	220
51.3248	221
51.3758	222
51.4314	223
51.4887	224
51.5424	225
51.6116	226
51.6843	227
51.7403	228
51.825	229
51.9086	230
51.9947	231
52.0804	232
52.1672	233
52.2526	234
52.34	235
52.4356	236
52.5652	237
52.6902	238
52.8671	239
53.0451	240
53.223	241
53.4006	242
53.6748	243
56.3884	244
56.742	245
56.9897	246
57.1864	247
57.3519	248
57.4973	249
57.6279	250
57.7462	251
57.855	252
57.9553	253
58.0507	254
58.1393	255
58.2224	256
58.3032	257
58.3793	258
58.4513	259
58.5217	260
58.588	261
58.6535	262
58.7154	263
58.7758	264
58.8346	265
58.8906	266
58.947	267
59.0001	268
59.0524	269
59.1033	270
59.1532	271
59.2158	188
59.6425	189
59.6435	190
59.6455	191
59.6475	192
59.6515	193
59.7032	194
59.753	195
59.7948	196
59.8347	197
59.8725	198
59.9123	199
59.9382	200
59.972	201
60.0039	202
60.0378	203
60.0696	204
60.1035	205
60.1373	206
60.1672	207
60.1951	208
60.2289	209
60.2588	210
60.2887	211
60.3203	212
60.3482	213
60.3745	214
60.4024	215
60.4288	216
60.4567	217
60.4847	218
60.5188	219
60.5468	220
60.5817	221
60.6166	222
60.6526	223
60.6889	224
60.7252	225
60.7638	226
60.8021	227
60.8398	228
60.8787	229
60.9168	230
60.9557	231
60.9946	232
61.0341	233
61.0738	234
61.1143	235
61.1557	236
61.1954	237
61.2385	238
61.2817	239
61.3293	240
61.3777	241
61.4307	242
61.4776	243
61.5326	244
61.5877	245
61.6457	246
61.7011	247
61.7582	248
61.8136	249
61.8697	250
61.9257	251
61.9812	252
62.0357	253
62.1042	254
62.1655	255
62.2395	256
62.3144	257
62.3884	258
62.4657	259
62.5421	260
62.6278	261
62.7365	262
62.8288	263
62.9556	264
63.0834	265
63.2101	266
63.3367	267
63.4929	268
63.7029	269
63.9433	270
64.1919	271
66.8091	272
67.1608	273
67.4088	274
67.6052	275
67.7717	276
67.9166	277
68.047	278
68.1663	279
68.274	280
68.3753	281
68.4386	195
68.8028	196
68.8037	197
68.8054	198
68.8072	199
68.8089	200
68.8106	201
68.8332	202
68.8592	203
68.8835	204
68.9074	205
68.9334	206
68.9577	207
68.9836	208
69.0355	209
69.0614	210
69.1156	211
69.154	212
69.2002	213
69.2469	214
69.283	215
69.319	216
69.357	217
69.3948	218
69.4285	219
69.4587	220
69.4893	221
69.5212	222
69.5518	223
69.585	224
69.6188	225
69.6499	226
69.6827	227
69.7156	228
69.7493	229
69.7839	230
69.8195	231
69.8544	232
69.8901	233
69.9268	234
69.9634	235
70	236
70.0406	237
70.0788	238
70.1188	239
70.157	240
70.1998	241
70.2433	242
70.2834	243
70.3283	244
70.3723	245
70.4142	246
70.4616	247
70.5119	248
70.5516	249
70.6007	250
70.6497	251
70.6969	252
70.7449	253
70.7918	254
70.8382	255
70.8846	256
70.9383	257
70.9923	258
71.0529	259
71.1136	260
71.1752	261
71.2399	262
71.303	263
71.3679	264
71.4364	265
71.505	266
71.5755	267
71.6636	268
71.7363	269
71.8301	270
71.9228	271
72.0171	272
72.1111	273
72.216	274
72.3442	275
72.4824	276
72.6214	277
72.7613	278
72.9716	279
73.214	280
73.5311	281
76.0394	282
76.3919	283
76.6397	284
76.8356	285
77.0027	286
77.1479	287
77.2783	288
77.3971	289
77.5061	290
77.6068	291
77.7016	292
77.7888	293
77.8744	294
77.9537	295
78.102	296
78.2324	297
78.3479	298
78.4347	299
78.5215	300
78.596	301
78.6666	302
78.7397	303
78.7926	210
79.07	211
79.0708	212
79.0725	213
79.0742	214
79.0927	215
79.1352	216
79.1835	217
79.2235	218
79.2598	219
79.2888	220
79.3215	221
79.3538	222
79.3842	223
79.4092	224
79.4378	225
79.4664	226
79.4949	227
79.5237	228
79.554	229
79.5842	230
79.6144	231
79.6447	232
79.6768	233
79.707	234
79.7357	235
79.7445	163
80.0624	164
80.0635	165
80.1118	166
80.1732	167
80.2325	168
80.2939	169
80.3553	170
80.4124	171
80.4628	172
80.5111	173
80.5726	174
80.6208	175
80.6845	176
80.7481	177
80.7985	178
80.8622	179
80.928	180
80.9949	181
81.0618	182
81.1288	183
81.1968	184
81.2658	185
81.3248	186
81.3992	187
81.4789	188
81.5604	189
81.6469	190
81.7351	191
81.8356	192
81.9669	193
82.0903	194
82.2701	195
82.4494	196
82.6314	197
82.8139	198
83.0759	199
85.7895	200
86.1426	201
86.3895	202
86.586	203
86.7529	204
86.8989	205
87.0284	206
87.146	207
87.2552	208
87.3562	209
87.4507	210
87.5397	211
87.6243	212
87.7032	213
87.7803	214
87.8529	215
87.9227	216
87.9886	217
88.0544	218
88.1173	219
88.1763	220
88.2343	221
88.2914	222
88.3464	223
88.4006	224
88.4521	225
88.5036	226
88.602	227
88.6488	228
88.7288	229
88.8103	230
88.8726	231
88.9328	232
88.9952	233
89.0345	234
89.0822	235
89.1321	236
89.1842	237
89.2255	238
89.2679	239
89.3093	240
89.3528	241
89.3969	242
89.4362	243
89.4755	244
89.5147	245
89.5563	246
89.5933	247
89.6266	248
89.6358	172
89.8823	173
89.8834	174
89.8856	175
89.8878	176
89.9255	177
89.9743	178
90.017	179
90.0573	180
90.0903	181
90.1234	182
90.1553	183
90.1865	184
90.2176	185
90.2537	186
90.2914	187
90.3272	188
90.3568	189
90.3894	190
90.4224	191
90.4538	192
90.4865	193
90.5182	194
90.5531	195
90.5825	196
90.622	197
90.6556	198
90.6929	199
90.7259	200
90.7626	201
90.8006	202
90.839	203
90.8745	204
90.9154	205
90.9567	206
90.9902	207
91.0305	208
91.0719	209
91.1128	210
91.1556	211
91.1985	212
91.2423	213
91.2867	214
91.333	215
91.3814	216
91.4277	217
91.4775	218
91.5247	219
91.5741	220
91.6235	221
91.6729	222
91.7222	223
91.7758	224
91.8349	225
91.8831	226
91.9431	227
92.0031	228
92.0618	229
92.1227	230
92.1814	231
92.2485	232
92.3218	233
92.4035	234
92.4868	235
92.5282	163
92.8305	164
92.8317	165
92.8544	166
92.9361	167
92.9837	168
93.0428	169
93.1036	170
93.1596	171
93.2156	172
93.2677	173
93.3167	174
93.3685	175
93.4248	176
93.481	177
93.54	178
93.5962	179
93.6543	180
93.7134	181
93.7811	182
93.8523	183
93.9189	184
94.0066	185
94.0939	186
94.1565	187
94.2494	188
94.341	189
94.4333	190
94.5238	191
94.62	192
94.7349	193
94.8793	194
94.997	195
95.1897	196
95.3861	197
95.586	198
95.8428	199
98.5578	200
98.9114	201
99.1584	202
99.3545	203
99.5218	204
99.6669	205
99.797	206
99.9145	207
100.023	208
100.126	209
100.218	210
100.308	211
100.392	212
100.471	213
100.548	214
100.621	215
100.691	216
100.758	217
100.822	218
100.885	219
100.945	220
101.004	221
101.06	222
101.115	223
101.2	224
101.322	225
101.373	226
101.459	227
101.525	228
101.593	229
101.645	230
101.699	231
101.753	232
101.804	233
101.842	234
101.888	235
101.933	236
101.98	237
102.024	238
102.064	239
102.104	240
102.144	241
102.185	242
102.225	243
102.266	244
102.298	245
102.334	246
102.37	247
102.402	171
102.65	172
102.651	173
102.653	174
102.656	175
102.692	176
102.747	177
102.781	178
102.822	179
102.858	180
102.888	181
102.92	182
102.952	183
102.987	184
103.025	185
103.064	186
103.094	187
103.126	188
103.157	189
103.19	190
103.222	191
103.253	192
103.287	193
103.317	194
103.354	195
103.389	196
103.424	197
103.46	198
103.494	199
103.531	200
103.571	201
103.606	202
103.645	203
103.683	204
103.724	205
103.762	206
103.805	207
103.847	208
103.887	209
103.93	210
103.976	211
104.022	212
104.071	213
104.112	214
104.162	215
104.211	216
104.263	217
104.313	218
104.364	219
104.414	220
104.465	221
104.517	222
104.568	223
104.619	224
104.668	225
104.731	226
104.782	227
104.844	228
104.905	229
104.969	230
105.031	231
105.096	232
105.174	161
105.484	162
105.485	163
105.501	164
105.554	165
105.63	166
105.684	167
105.737	168
105.792	169
105.848	170
105.906	171
105.962	172
106.02	173
106.078	174
106.136	175
106.193	176
106.254	177
106.314	178
106.371	179
106.433	180
106.507	181
106.583	182
106.646	183
106.736	184
106.83	185
106.923	186
107.015	187
107.112	188
107.208	189
107.304	190
107.402	191
107.533	192
107.701	193
107.804	194
108.006	195
108.21	196
108.497	197
111.212	198
111.565	199
111.811	200
112.008	201
112.175	202
112.321	203
112.45	204
112.569	205
112.676	206
112.777	207
112.872	208
112.962	209
113.045	210
113.126	211
113.202	212
113.274	213
113.344	214
113.411	215
113.477	216
113.537	217
113.598	218
113.658	219
113.715	220
113.823	221
113.876	222
113.962	223
114.05	224
114.117	225
114.185	226
114.252	227
114.293	228
114.349	229
114.402	230
114.457	231
114.496	232
114.539	233
114.586	234
114.635	235
114.683	236
114.719	237
114.76	238
114.805	239
114.849	240
114.888	241
114.929	242
114.969	243
115.01	244
115.047	245
115.078	246
115.111	247
115.143	248
115.178	249
115.205	250
115.234	251
115.259	252
115.288	253
115.316	254
115.344	255
115.373	256
115.4	257
115.429	258
115.457	259
115.486	260
115.515	261
115.546	262
115.573	263
115.602	264
115.627	265
115.653	266
115.68	267
115.707	268
115.733	269
115.76	270
115.788	271
115.815	272
115.844	273
115.867	274
115.892	275
115.916	276
115.943	277
115.968	278
115.994	279
116.018	280
116.044	281
116.069	282
116.092	283
116.116	284
116.143	285
116.166	286
116.192	287
116.216	288
116.24	289
116.264	290
116.288	291
116.314	292
116.337	293
116.36	294
116.383	295
116.408	296
116.432	297
116.455	298
116.476	299
116.5	300
116.525	301
116.549	302
116.568	303
116.591	304
116.613	305
116.638	306
116.66	307
116.683	308
116.705	309
116.727	310
116.748	311
116.768	312
116.787	313
116.81	314
116.829	315
116.851	316
116.869	317
116.889	318
116.907	319
116.926	320
116.945	321
116.964	322
116.983	323
117.003	324
117.022	325
117.041	326
117.059	327
117.078	328
117.097	329
117.113	330
117.132	331
117.148	332
117.167	333
117.183	334
117.202	335
117.217	336
117.235	337
117.254	338
117.27	339
117.289	340
117.305	341
117.324	342
117.34	343
117.359	344
117.372	345
117.39	346
117.407	347
117.425	348
117.442	349
117.46	350
117.475	351
117.491	352
117.507	353
117.524	354
117.541	355
117.558	356
117.575	357
117.592	358
117.609	359
117.614	249
118.041	250
118.042	251
118.044	252
118.045	253
118.087	254
118.13	255
118.167	256
118.198	257
118.229	258
118.26	259
118.285	260
118.312	261
118.34	262
118.368	263
118.395	264
118.42	265
118.447	266
118.472	267
118.499	268
118.524	269
118.551	270
118.578	271
118.606	272
118.633	273
118.656	274
118.684	275
118.709	276
118.733	277
118.76	278
118.785	279
118.812	280
118.839	281
118.866	282
118.894	283
118.921	284
118.95	197
119.195	198
119.196	199
119.198	200
119.266	201
119.329	202
119.384	203
119.432	204
119.478	205
119.521	206
119.559	207
119.611	208
119.657	209
119.702	210
119.753	211
119.803	212
119.852	213
119.907	214
119.956	215
120.016	216
120.059	217
120.118	218
120.182	219
120.241	220
120.301	221
120.364	222
120.426	223
120.487	224
120.552	225
120.615	226
120.683	227
120.768	228
120.84	229
120.939	230
121.038	231
121.139	232
121.241	233
121.343	234
121.445	235
121.553	236
121.721	237
121.852	238
122.055	239
122.263	240
122.518	241
125.232	242
125.585	243
125.831	244
126.029	245
126.195	246
126.341	247
126.471	248
126.56	172
126.878	173
126.879	174
126.881	175
126.883	176
126.885	177
126.895	178
126.922	179
126.949	180
126.975	181
127.002	182
127.031	183
127.059	184
127.086	185
127.115	186
127.143	187
127.172	188
127.203	189
127.231	190
127.262	191
127.293	192
127.324	193
127.354	194
127.418	195
127.481	196
127.529	197
127.583	198
127.617	199
127.652	200
127.692	201
127.732	202
127.772	203
127.812	204
127.856	205
127.901	206
127.945	207
127.989	208
128.034	209
128.072	210
128.117	211
128.162	212
128.2	213
128.247	214
128.292	215
128.339	216
128.386	217
128.433	218
128.48	219
128.527	220
128.575	221
128.624	222
128.672	223
128.722	224
128.772	225
128.831	226
128.892	227
128.959	228
129.013	229
129.084	230
129.155	231
129.228	232
129.299	233
129.372	234
129.444	235
129.517	236
129.591	237
129.692	238
129.767	239
129.872	240
129.981	241
130.09	242
130.202	243
130.36	244
130.552	245
130.794	246
131.028	247
131.253	248
133.872	249
134.225	250
134.473	251
134.671	252
134.835	253
134.981	254
135.112	255
135.23	256
135.337	257
135.439	258
135.534	259
135.623	260
135.707	261
135.787	262
135.863	263
135.888	182
136.245	183
136.246	184
136.248	185
136.25	186
136.252	187
136.256	188
136.281	189
136.308	190
136.334	191
136.386	192
136.411	193
136.465	194
136.518	195
136.561	196
136.605	197
136.634	198
136.666	199
136.705	200
136.74	201
136.777	202
136.813	203
136.842	204
136.875	205
136.907	206
136.94	207
136.973	208
137.005	209
137.034	210
137.073	211
137.105	212
137.142	213
137.177	214
137.215	215
137.247	216
137.286	217
137.325	218
137.36	219
137.399	220
137.44	221
137.481	222
137.521	223
137.562	224
137.604	225
137.648	226
137.69	227
137.735	228
137.778	229
137.826	230
137.873	231
137.921	232
137.969	233
138.017	234
138.066	235
138.114	236
138.165	237
138.213	238
138.263	239
138.321	240
138.372	241
138.431	242
138.491	243
138.55	244
138.609	245
138.667	246
138.734	247
138.805	248
138.884	249
138.963	250
139.047	251
139.103	174
139.344	175
139.345	176
139.354	177
139.439	178
139.485	179
139.554	180
139.619	181
139.665	182
139.715	183
139.763	184
139.814	185
139.867	186
139.92	187
139.975	188
140.032	189
140.092	190
140.152	191
140.207	192
140.279	193
140.338	194
140.412	195
140.488	196
140.545	197
140.622	198
140.699	199
140.776	200
140.85	201
140.911	202
140.995	203
141.081	204
141.169	205
141.256	206
141.369	207
141.514	208
141.633	209
141.828	210
142.025	211
142.223	212
142.478	213
145.192	214
145.545	215
145.793	216
145.99	217
146.156	218
146.301	219
146.431	220
146.55	221
146.658	222
146.759	223
146.854	224
146.942	225
147.027	226
147.106	227
147.182	228
147.255	229
147.325	230
147.391	231
147.457	232
147.519	233
147.58	234
147.638	235
147.695	236
147.75	237
147.804	238
147.908	239
148.006	240
148.063	241
148.146	242
148.199	243
148.266	244
148.32	245
148.372	246
148.425	247
148.476	248
148.514	249
148.555	250
148.598	251
148.64	252
148.684	253
148.728	254
148.769	255
148.804	256
148.823	177
149.139	178
149.14	179
149.142	180
149.154	181
149.205	182
149.233	183
149.274	184
149.311	185
149.339	186
149.37	187
149.407	188
149.443	189
149.477	190
149.508	191
149.538	192
149.567	193
149.599	194
149.629	195
149.659	196
149.689	197
149.721	198
149.754	199
149.786	200
149.817	201
149.851	202
149.884	203
149.916	204
149.953	205
149.989	206
150.021	207
150.059	208
150.096	209
150.128	210
150.17	211
150.203	212
150.243	213
150.285	214
150.327	215
150.37	216
150.404	217
150.45	218
150.495	219
150.541	220
150.583	221
150.632	222
150.681	223
150.724	224
150.773	225
150.823	226
150.875	227
150.925	228
150.978	229
151.027	230
151.076	231
151.126	232
151.175	233
151.23	234
151.284	235
151.344	236
151.406	237
151.466	238
151.527	239
151.586	240
151.66	241
151.694	167
152.019	168
152.02	169
152.044	170
152.115	171
152.166	172
152.216	173
152.272	174
152.326	175
152.384	176
152.44	177
152.494	178
152.553	179
152.609	180
152.665	181
152.725	182
152.783	183
152.84	184
152.9	185
152.96	186
153.018	187
153.082	188
153.159	189
153.226	190
153.321	191
153.412	192
153.475	193
153.567	194
153.66	195
153.754	196
153.85	197
153.964	198
154.11	199
154.239	200
154.44	201
154.64	202
154.841	203
155.073	204
157.787	205
158.14	206
158.388	207
158.585	208
158.751	209
158.896	210
159.026	211
159.146	212
159.254	213
159.355	214
159.449	215
159.538	216
159.622	217
159.702	218
159.776	219
159.85	220
159.92	221
159.988	222
160.052	223
160.114	224
160.176	225
160.232	226
160.289	227
160.348	228
160.475	229
160.561	230
160.645	231
160.708	232
160.774	233
160.826	234
160.879	235
160.933	236
160.986	237
161.032	238
161.076	239
161.123	240
161.169	241
161.216	242
161.257	243
161.297	244
161.338	245
161.378	246
161.41	170
161.668	171
161.669	172
161.671	173
161.685	174
161.719	175
161.767	176
161.816	177
161.85	178
161.882	179
161.916	180
161.95	181
161.982	182
162.014	183
162.046	184
162.083	185
162.113	186
162.144	187
162.175	188
162.204	189
162.239	190
162.273	191
162.306	192
162.338	193
162.373	194
162.405	195
162.442	196
162.476	197
162.513	198
162.55	199
162.581	200
162.622	201
162.661	202
162.702	203
162.737	204
162.778	205
162.82	206
162.864	207
162.906	208
162.951	209
162.994	210
163.039	211
163.084	212
163.13	213
163.18	214
163.229	215
163.28	216
163.329	217
163.381	218
163.43	219
163.481	220
163.532	221
163.583	222
163.633	223
163.683	224
163.746	225
163.807	226
163.868	227
163.929	228
163.989	229
164.052	230
164.114	231
164.197	232
164.258	233
164.326	161
164.592	162
164.593	163
164.606	164
164.677	165
164.739	166
164.786	167
164.833	168
164.882	169
164.934	170
164.992	171
165.047	172
165.103	173
165.161	174
165.218	175
165.274	176
165.333	177
165.393	178
165.448	179
165.513	180
165.583	181
165.657	182
165.72	183
165.809	184
165.896	185
165.962	186
166.054	187
166.147	188
166.24	189
166.335	190
166.431	191
166.537	192
166.681	193
166.82	194
167.02	195
167.219	196
167.42	197
167.645	198
170.36	199
170.714	200
170.959	201
171.157	202
171.324	203
171.47	204
171.6	205
171.716	206
171.827	207
171.927	208
172.02	209
172.111	210
172.194	211
172.275	212
172.35	213
172.423	214
172.493	215
172.561	216
172.624	217
172.688	218
172.746	219
172.805	220
172.864	221
172.948	222
173.074	223
173.125	224
173.207	225
173.272	226
173.338	227
173.4	228
173.443	229
173.495	230
173.551	231
173.605	232
173.645	233
173.685	234
173.733	235
173.779	236
173.829	237
173.866	238
173.908	239
173.952	240
173.994	241
174.012	167
174.324	168
174.325	169
174.328	170
174.344	171
174.395	172
174.436	173
174.479	174
174.511	175
174.542	176
174.575	177
174.606	178
174.646	179
174.681	180
174.718	181
174.747	182
174.781	183
174.812	184
174.846	185
174.877	186
174.91	187
174.94	188
174.978	189
175.01	190
175.048	191
175.082	192
175.112	193
175.149	194
175.191	195
175.231	196
175.267	197
175.307	198
175.348	199
175.384	200
175.426	201
175.47	202
175.514	203
175.552	204
175.597	205
175.642	206
175.691	207
175.738	208
175.787	209
175.835	210
175.884	211
175.933	212
175.983	213
176.032	214
176.08	215
176.131	216
176.18	217
176.23	218
176.291	219
176.337	220
176.401	221
176.461	222
176.523	223
176.583	224
176.646	225
176.721	226
176.795	227
176.869	157
177.105	158
177.106	159
177.108	160
177.195	161
177.263	162
177.311	163
177.361	164
177.412	165
177.465	166
177.518	167
177.575	168
177.63	169
177.689	170
177.748	171
177.813	172
177.876	173
177.943	174
178.005	175
178.086	176
178.153	177
178.241	178
178.305	179
178.397	180
178.488	181
178.58	182
178.672	183
178.767	184
178.86	185
178.967	186
179.113	187
179.244	188
179.44	189
179.639	190
179.839	191
180.075	192
182.791	193
183.144	194
183.391	195
183.588	196
183.755	197
183.899	198
184.03	199
184.147	200
184.256	201
184.357	202
184.452	203
184.541	204
184.624	205
184.705	206
184.779	207
184.853	208
184.923	209
184.99	210
185.054	211
185.117	212
185.179	213
185.236	214
185.294	215
185.348	216
185.456	217
185.554	218
185.63	219
185.697	220
185.763	221
185.831	222
185.874	223
185.925	224
185.979	225
186.036	226
186.076	227
186.118	228
186.165	229
186.212	230
186.259	231
186.299	232
186.341	233
186.38	234
186.423	235
186.462	236
186.501	237
186.536	238
186.562	165
186.969	166
186.97	167
186.973	168
186.989	169
187.046	170
187.092	171
187.138	172
187.184	173
187.222	174
187.26	175
187.301	176
187.339	177
187.379	178
187.409	179
187.442	180
187.474	181
187.509	182
187.544	183
187.58	184
187.615	185
187.65	186
187.685	187
187.72	188
187.756	189
187.791	190
187.829	191
187.864	192
187.903	193
187.94	194
187.979	195
188.018	196
188.059	197
188.101	198
188.143	199
188.182	200
188.227	201
188.274	202
188.32	203
188.366	204
188.414	205
188.461	206
188.507	207
188.555	208
188.602	209
188.649	210
188.697	211
188.747	212
188.797	213
188.852	214
188.911	215
188.972	216
189.03	217
189.091	218
189.15	219
189.21	220
189.272	221
189.347	222
189.424	223
189.498	224
189.575	225
189.653	226
189.73	227
189.827	228
189.913	229
190.017	230
190.121	231
190.228	232
190.388	233
190.492	234
190.653	235
190.832	236
191.135	237
191.459	238
193.897	239
194.252	240
194.497	241
194.696	242
194.861	243
195.006	244
195.138	245
195.257	246
195.364	247
195.465	248
195.559	249
195.648	250
195.732	251
195.887	252
195.992	253
196.098	254
196.175	255
196.27	256
196.343	257
196.418	258
196.493	259
196.554	179
196.852	180
196.853	181
196.856	182
196.863	183
196.928	184
196.959	185
197.002	186
197.037	187
197.072	188
197.105	189
197.139	190
197.171	191
197.198	192
197.229	193
197.26	194
197.29	195
197.322	196
197.353	197
197.384	198
197.418	199
197.452	200
197.483	201
197.517	202
197.548	203
197.581	204
197.616	205
197.652	206
197.687	207
197.722	208
197.757	209
197.793	210
197.829	211
197.869	212
197.907	213
197.946	214
197.984	215
198.023	216
198.065	217
198.107	218
198.148	219
198.189	220
198.231	221
198.274	222
198.315	223
198.359	224
198.401	225
198.445	226
198.485	227
198.528	228
198.578	229
198.63	230
198.68	231
198.731	232
198.782	233
198.832	234
198.883	235
198.934	236
198.987	237
199.044	164
199.413	165
199.414	166
199.438	167
199.506	168
199.57	169
199.617	170
199.664	171
199.717	172
199.774	173
199.829	174
199.888	175
199.945	176
200.003	177
200.063	178
200.121	179
200.18	180
200.241	181
200.3	182
200.36	183
200.42	184
200.488	185
200.563	186
200.636	187
200.726	188
200.791	189
200.885	190
200.978	191
201.076	192
201.173	193
201.272	194
201.371	195
201.513	196
201.677	197
201.877	198
201.985	199
202.188	200
202.478	201
205.191	202
205.544	203
205.792	204
205.989	205
206.154	206
206.301	207
206.43	208
206.549	209
206.657	210
206.758	211
206.854	212
206.943	213
207.026	214
207.106	215
207.181	216
207.254	217
207.324	218
207.391	219
207.457	220
207.518	221
207.579	222
207.639	223
207.694	224
207.803	225
207.879	226
207.967	227
208.052	228
208.098	229
208.167	230
208.231	231
208.277	232
208.333	233
208.388	234
208.437	235
208.484	236
208.531	237
208.58	238
208.626	239
208.667	240
208.71	241
208.753	242
208.796	243
208.838	244
208.879	245
208.921	246
208.962	247
208.996	248
209.027	249
209.059	250
209.092	251
209.123	252
209.15	253
209.178	254
209.206	255
209.236	256
209.264	257
209.291	258
209.319	259
209.347	260
209.374	261
209.404	262
209.431	263
209.461	264
209.489	265
209.519	266
209.548	267
209.577	268
209.605	269
209.634	270
209.66	271
209.687	272
209.715	273
209.741	274
209.769	275
209.795	276
209.823	277
209.848	278
209.874	279
209.898	280
209.925	281
209.949	282
209.975	283
209.999	284
210.027	285
210.048	286
210.074	287
210.098	288
210.123	289
210.149	290
210.175	291
210.197	292
210.222	293
210.247	294
210.273	295
210.298	296
210.321	297
210.347	298
210.369	299
210.394	300
210.418	301
210.442	302
210.466	303
210.491	304
210.51	305
210.535	306
210.557	307
210.581	308
210.603	309
210.624	310
210.646	311
210.667	312
210.689	313
210.711	314
210.731	315
210.75	316
210.772	317
210.791	318
210.812	319
210.831	320
210.849	321
210.868	322
210.887	323
210.906	324
210.927	325
210.946	326
210.965	327
210.983	328
211.001	329
211.02	330
211.038	331
211.056	332
211.074	333
211.093	334
211.109	335
211.127	336
211.145	337
211.163	338
211.181	339
211.199	340
211.217	341
211.234	342
211.25	343
211.268	344
211.284	345
211.303	346
211.318	347
211.336	348
211.352	349
211.371	350
211.387	351
211.405	352
211.422	353
211.441	354
211.455	355
211.471	356
211.488	357
211.505	358
211.518	249
211.937	250
211.937	251
211.939	252
211.941	253
211.981	254
212.024	255
212.062	256
212.094	257
212.125	258
212.154	259
212.185	260
212.214	261
212.24	262
212.268	263
212.296	264
212.326	265
212.352	266
212.377	267
212.402	268
212.429	269
212.454	270
212.481	271
212.508	272
212.534	273
212.562	274
212.589	275
212.617	276
212.644	277
212.672	278
212.698	279
212.726	280
212.751	281
212.78	282
212.794	196
213.091	197
213.092	198
213.14	199
213.205	200
213.263	201
213.306	202
213.351	203
213.4	204
213.45	205
213.499	206
213.55	207
213.598	208
213.649	209
213.7	210
213.75	211
213.792	212
213.833	213
213.885	214
213.927	215
213.98	216
214.035	217
214.095	218
214.154	219
214.216	220
214.278	221
214.339	222
214.4	223
214.473	224
214.553	225
214.617	226
214.712	227
214.806	228
214.902	229
214.999	230
215.097	231
215.197	232
215.297	233
215.424	234
215.59	235
215.701	236
215.903	237
216.102	238
216.388	239
219.101	240
219.455	241
219.701	242
219.899	243
220.066	244
220.211	245
220.34	246
220.459	247
220.569	248
220.668	249
220.763	250
220.852	251
220.936	252
221.017	253
221.091	254
221.165	255
221.234	256
221.302	257
221.366	258
221.429	259
221.489	260
221.548	261
221.605	262
221.66	263
221.766	264
221.817	265
221.87	266
221.962	267
222.008	268
222.078	269
222.142	270
222.185	271
222.235	272
222.293	273
222.347	274
222.386	275
222.417	191
222.648	192
222.649	193
222.651	194
222.653	195
222.712	196
222.758	197
222.796	198
222.831	199
222.867	200
222.898	201
222.928	202
222.956	203
222.983	204
223.012	205
223.043	206
223.074	207
223.104	208
223.136	209
223.168	210
223.197	211
223.23	212
223.26	213
223.292	214
223.324	215
223.357	216
223.388	217
223.42	218
223.452	219
223.484	220
223.519	221
223.551	222
223.582	223
223.616	224
223.647	225
223.68	226
223.715	227
223.75	228
223.783	229
223.816	230
223.85	231
223.891	232
223.925	233
223.967	234
224.008	235
224.049	236
224.093	237
224.137	238
224.183	239
224.226	240
224.274	241
224.315	242
224.365	243
224.415	244
224.464	245
224.517	246
224.566	247
224.618	248
224.667	249
224.716	250
224.762	251
224.809	252
224.867	253
224.923	254
224.977	255
225.033	256
225.089	257
225.145	258
225.22	259
225.295	260
225.373	261
225.45	262
225.536	263
225.571	182
225.884	183
225.885	184
225.915	185
225.982	186
226.035	187
226.096	188
226.15	189
226.201	190
226.246	191
226.293	192
226.343	193
226.392	194
226.441	195
226.494	196
226.547	197
226.604	198
226.66	199
226.704	200
226.766	201
226.832	202
226.894	203
226.958	204
227.023	205
227.087	206
227.15	207
227.215	208
227.284	209
227.356	210
227.446	211
227.528	212
227.634	213
227.741	214
227.845	215
227.95	216
228.052	217
228.154	218
228.308	219
228.459	220
228.672	221
228.895	222
229.124	223
231.334	153
231.66	154
231.661	155
231.663	156
231.666	157
231.668	158
231.695	159
231.723	160
231.753	161
231.78	162
231.81	163
231.84	164
231.868	165
231.899	166
231.93	167
231.961	168
231.992	169
232.023	170
232.054	171
232.12	172
232.187	173
232.22	174
232.275	175
232.327	176
232.366	177
232.411	178
232.454	179
232.5	180
232.549	181
232.59	182
232.63	183
232.668	184
232.713	185
232.753	186
232.8	187
232.839	188
232.885	189
232.936	190
232.976	191
233.027	192
233.077	193
233.13	194
233.182	195
233.234	196
233.286	197
233.342	198
233.396	199
233.452	200
233.509	201
233.566	202
233.623	203
233.679	204
233.737	205
233.805	206
233.874	207
233.951	208
234.03	209
234.107	210
234.186	211
234.266	212
234.345	213
234.438	214
234.548	215
234.673	216
234.807	217
234.942	218
235.078	219
235.216	220
235.443	221
235.615	222
235.884	223
238.509	224
238.863	225
239.11	226
239.307	227
239.475	228
239.62	229
239.749	230
239.869	231
239.976	232
240.077	233
240.17	234
240.259	235
240.345	236
240.424	237
240.5	238
240.644	239
240.71	240
240.836	241
240.925	242
241.014	243
241.098	244
241.173	245
241.243	246
241.314	247
241.377	248
241.436	249
241.499	250
241.55	251
241.604	252
241.659	253
241.711	254
241.757	255
241.804	256
241.852	257
241.901	258
241.944	259
241.985	260
242.028	261
242.071	262
242.118	263
242.158	264
242.199	183
242.49	184
242.491	185
242.493	186
242.514	187
242.553	188
242.605	189
242.645	190
242.687	191
242.722	192
242.756	193
242.791	194
242.825	195
242.86	196
242.89	197
242.921	198
242.953	199
242.985	200
243.016	201
243.048	202
243.079	203
243.111	204
243.144	205
243.175	206
243.208	207
243.239	208
243.272	209
243.304	210
243.341	211
243.377	212
243.414	213
243.452	214
243.489	215
243.506	149
243.752	150
243.753	151
243.788	152
243.846	153
243.934	154
243.983	155
244.037	156
244.088	157
244.146	158
244.203	159
244.261	160
244.32	161
244.383	162
244.445	163
244.515	164
244.584	165
244.644	166
244.731	167
244.813	168
244.877	169
244.967	170
245.053	171
245.146	172
245.235	173
245.326	174
245.415	175
245.537	176
245.686	177
245.785	178
245.973	179
246.162	180
246.353	181
246.648	182
249.362	183
249.715	184
249.961	185
250.158	186
250.325	187
250.47	188
250.6	189
250.72	190
250.827	191
250.93	192
251.023	193
251.111	194
251.195	195
251.275	196
251.351	197
251.424	198
251.495	199
251.562	200
251.627	201
251.69	202
251.749	203
251.807	204
251.865	205
251.919	206
251.975	207
252.071	208
252.176	209
252.235	210
252.314	211
252.36	212
252.423	213
252.486	214
252.526	215
252.581	216
252.633	217
252.684	218
252.725	219
252.773	220
252.82	221
252.867	222
252.903	223
252.942	224
252.984	225
253.026	226
253.068	227
253.104	228
253.141	229
253.178	230
253.215	231
253.251	232
253.289	233
253.319	234
253.354	235
253.39	236
253.425	237
253.461	238
253.488	239
253.523	165
253.875	166
253.877	167
253.879	168
253.906	169
253.959	170
254.004	171
254.045	172
254.073	173
254.107	174
254.141	175
254.175	176
254.211	177
254.247	178
254.28	179
254.312	180
254.343	181
254.375	182
254.406	183
254.44	184
254.474	185
254.506	186
254.541	187
254.573	188
254.61	189
254.646	190
254.681	191
254.715	192
254.756	193
254.792	194
254.831	195
254.87	196
254.91	197
254.95	198
254.988	199
255.034	200
255.076	201
255.119	202
255.165	203
255.21	204
255.25	205
255.302	206
255.345	207
255.394	208
255.445	209
255.494	210
255.545	211
255.594	212
255.643	213
255.693	214
255.743	215
255.794	216
255.852	217
255.906	218
255.969	219
255.997	151
256.439	152
256.441	153
256.487	154
256.563	155
256.62	156
256.675	157
256.727	158
256.78	159
256.833	160
256.888	161
256.941	162
256.999	163
257.057	164
257.115	165
257.174	166
257.232	167
257.292	168
257.358	169
257.431	170
257.501	171
257.586	172
257.654	173
257.746	174
257.837	175
257.931	176
258.024	177
258.119	178
258.212	179
258.312	180
258.457	181
258.604	182
258.806	183
259.01	184
259.211	185
259.422	186
262.136	187
262.489	188
262.735	189
262.933	190
263.099	191
263.244	192
263.375	193
263.494	194
263.601	195
263.702	196
263.796	197
263.887	198
263.969	199
264.049	200
264.127	201
264.199	202
264.269	203
264.336	204
264.401	205
264.463	206
264.524	207
264.582	208
264.639	209
264.746	210
264.812	211
264.901	212
264.99	213
265.059	214
265.124	215
265.18	216
265.233	217
265.289	218
265.343	219
265.38	220
265.426	221
265.474	222
265.522	223
265.57	224
265.607	225
265.65	226
265.694	227
265.737	228
265.778	229
265.813	230
265.852	231
265.892	232
265.928	161
266.172	162
266.173	163
266.175	164
266.201	165
266.251	166
266.293	167
266.333	168
266.375	169
266.413	170
266.45	171
266.487	172
266.522	173
266.558	174
266.592	175
266.627	176
266.658	177
266.691	178
266.721	179
266.758	180
266.793	181
266.825	182
266.864	183
266.896	184
266.935	185
266.973	186
267.006	187
267.048	188
267.088	189
267.128	190
267.168	191
267.203	192
267.248	193
267.292	194
267.337	195
267.379	196
267.425	197
267.474	198
267.513	199
267.56	200
267.609	201
267.659	202
267.707	203
267.757	204
267.804	205
267.855	206
267.903	207
267.954	208
268.006	209
268.063	210
268.125	211
268.187	212
268.251	213
268.312	214
268.377	215
268.439	216
268.505	217
268.583	218
268.654	151
268.877	152
268.878	153
268.88	154
268.956	155
269.024	156
269.101	157
269.152	158
269.205	159
269.258	160
269.315	161
269.37	162
269.429	163
269.49	164
269.553	165
269.615	166
269.684	167
269.754	168
269.824	169
269.904	170
269.972	171
270.065	172
270.153	173
270.248	174
270.31	175
270.403	176
270.497	177
270.591	178
270.707	179
270.853	180
270.976	181
271.173	182
271.374	183
271.577	184
271.817	185
274.531	186
274.884	187
275.13	188
275.328	189
275.495	190
275.64	191
275.769	192
275.888	193
275.996	194
276.097	195
276.192	196
276.28	197
276.364	198
276.445	199
276.52	200
276.593	201
276.663	202
276.73	203
276.796	204
276.858	205
276.919	206
276.976	207
277.033	208
277.107	209
277.237	210
277.324	211
277.392	212
277.455	213
277.526	214
277.572	215
277.62	216
277.675	217
277.732	218
277.778	219
277.825	220
277.872	221
277.918	222
277.965	223
278.002	224
278.04	225
278.082	226
278.125	227
278.166	228
278.206	229
278.239	230
278.277	231
278.314	232
278.351	233
278.391	234
278.427	235
278.464	236
278.469	163
278.716	164
278.717	165
278.718	166
278.733	167
278.783	168
278.831	169
278.864	170
278.906	171
278.945	172
278.981	173
279.016	174
279.051	175
279.087	176
279.125	177
279.156	178
279.189	179
279.222	180
279.253	181
279.287	182
279.32	183
279.352	184
279.391	185
279.424	186
279.455	187
279.493	188
279.532	189
279.567	190
279.608	191
279.644	192
279.686	193
279.721	194
279.764	195
279.805	196
279.846	197
279.89	198
279.93	199
279.974	200
280.022	201
280.07	202
280.111	203
280.16	204
280.208	205
280.257	206
280.309	207
280.358	208
280.409	209
280.458	210
280.509	211
280.56	212
280.61	213
280.665	214
280.724	215
280.786	216
280.851	217
280.915	218
280.979	219
281.044	220
281.069	152
281.379	153
281.38	154
281.426	155
281.501	156
281.551	157
281.606	158
281.658	159
281.71	160
281.764	161
281.816	162
281.875	163
281.932	164
281.989	165
282.049	166
282.106	167
282.165	168
282.228	169
282.297	170
282.372	171
282.434	172
282.524	173
282.61	174
282.677	175
282.77	176
282.863	177
282.957	178
283.05	179
283.147	180
283.251	181
283.396	182
283.541	183
283.744	184
283.946	185
284.149	186
284.362	187
287.076	188
287.428	189
287.676	190
287.873	191
288.039	192
288.184	193
288.315	194
288.432	195
288.542	196
288.641	197
288.737	198
288.826	199
288.91	200
288.99	201
289.066	202
289.137	203
289.208	204
289.274	205
289.34	206
289.402	207
289.462	208
289.522	209
289.579	210
289.686	211
289.782	212
289.87	213
289.936	214
290.004	215
290.07	216
290.125	217
290.179	218
290.237	219
290.283	220
290.328	221
290.375	222
290.422	223
290.472	224
290.51	225
290.547	226
290.589	227
290.631	228
290.673	229
290.716	230
290.753	231
290.791	232
290.832	161
291.223	162
291.224	163
291.227	164
291.281	165
291.334	166
291.378	167
291.414	168
291.453	169
291.489	170
291.518	171
291.551	172
291.581	173
291.612	174
291.644	175
291.677	176
291.709	177
291.743	178
291.775	179
291.809	180
291.845	181
291.879	182
291.915	183
291.95	184
291.984	185
292.024	186
292.057	187
292.099	188
292.139	189
292.175	190
292.219	191
292.254	192
292.297	193
292.341	194
292.385	195
292.432	196
292.478	197
292.526	198
292.564	199
292.61	200
292.659	201
292.709	202
292.759	203
292.809	204
292.858	205
292.911	206
292.961	207
293.014	208
293.065	209
293.12	210
293.183	211
293.248	212
293.313	213
293.38	214
293.445	215
293.512	216
293.579	217
293.647	218
293.726	219
293.806	220
293.901	221
293.993	222
294.025	154
294.248	155
294.249	156
294.281	157
294.328	158
294.375	159
294.444	160
294.523	161
294.577	162
294.631	163
294.684	164
294.741	165
294.801	166
294.861	167
294.924	168
294.987	169
295.055	170
295.12	171
295.198	172
295.273	173
295.335	174
295.431	175
295.522	176
295.618	177
295.713	178
295.812	179
295.908	180
296.008	181
296.11	182
296.224	183
296.391	184
296.518	185
296.725	186
296.931	187
297.187	188
299.901	189
300.255	190
300.503	191
300.698	192
300.866	193
301.01	194
301.142	195
301.258	196
301.369	197
301.469	198
301.563	199
301.652	200
301.736	201
301.816	202
301.892	203
301.964	204
302.035	205
302.103	206
302.167	207
302.228	208
302.289	209
302.347	210
302.46	211
302.514	212
302.608	213
302.7	214
302.771	215
302.841	216
302.898	217
302.953	218
303.011	219
303.066	220
303.113	221
303.161	222
303.211	223
303.258	224
303.301	225
303.344	226
303.386	227
303.43	228
303.473	229
303.512	230
303.549	231
303.583	160
303.935	161
303.936	162
303.938	163
303.984	164
304.029	165
304.07	166
304.111	167
304.141	168
304.17	169
304.201	170
304.24	171
304.276	172
304.313	173
304.349	174
304.385	175
304.422	176
304.454	177
304.488	178
304.519	179
304.557	180
304.59	181
304.628	182
304.662	183
304.694	184
304.733	185
304.772	186
304.812	187
304.848	188
304.891	189
304.927	190
304.971	191
305.016	192
305.054	193
305.1	194
305.146	195
305.185	196
305.234	197
305.281	198
305.331	199
305.38	200
305.428	201
305.478	202
305.527	203
305.576	204
305.624	205
305.675	206
305.724	207
305.775	208
305.832	209
305.884	210
305.948	211
306.01	212
306.075	213
306.138	214
306.197	148
306.495	149
306.496	150
306.531	151
306.586	152
306.656	153
306.726	154
306.778	155
306.832	156
306.888	157
306.944	158
307.002	159
307.064	160
307.127	161
307.185	162
307.257	163
307.328	164
307.394	165
307.477	166
307.538	167
307.63	168
307.72	169
307.814	170
307.903	171
307.996	172
308.088	173
308.181	174
308.281	175
308.427	176
308.561	177
308.756	178
308.953	179
309.153	180
309.389	181
312.106	182
312.458	183
312.704	184
312.902	185
313.068	186
313.214	187
313.344	188
313.461	189
313.572	190
313.672	191
313.766	192
313.855	193
313.94	194
314.019	195
314.095	196
314.169	197
314.238	198
314.303	199
314.369	200
314.432	201
314.493	202
314.55	203
314.607	204
314.664	205
314.768	206
314.87	207
314.926	208
315.01	209
315.059	210
315.127	211
315.19	212
315.24	213
315.296	214
315.349	215
315.39	216
315.437	217
315.485	218
315.533	219
315.576	220
315.615	221
315.657	222
315.697	223
315.739	224
315.783	225
315.813	226
315.851	227
315.888	228
315.925	229
315.963	230
316	231
316.032	232
316.061	233
316.097	234
316.131	235
316.146	163
316.475	164
316.476	165
316.48	166
316.511	167
316.563	168
316.596	169
316.639	170
316.678	171
316.707	172
316.738	173
316.775	174
316.813	175
316.85	176
316.887	177
316.922	178
316.954	179
316.986	180
317.02	181
317.052	182
317.088	183
317.122	184
317.155	185
317.193	186
317.227	187
317.266	188
317.301	189
317.34	190
317.377	191
317.418	192
317.455	193
317.498	194
317.537	195
317.581	196
317.622	197
317.668	198
317.707	199
317.756	200
317.797	201
317.848	202
317.898	203
317.947	204
317.998	205
318.047	206
318.099	207
318.149	208
318.201	209
318.249	210
318.3	211
318.352	212
318.403	213
318.465	214
318.517	215
318.579	216
318.645	217
318.71	218
318.73	151
319.072	152
319.073	153
319.115	154
319.194	155
319.246	156
319.297	157
319.354	158
319.408	159
319.462	160
319.523	161
319.577	162
319.633	163
319.694	164
319.751	165
319.811	166
319.878	167
319.948	168
320.018	169
320.097	170
320.166	171
320.26	172
320.321	173
320.415	174
320.505	175
320.601	176
320.695	177
320.79	178
320.903	179
321.048	180
321.18	181
321.38	182
321.582	183
321.785	184
322.012	185
324.726	186
325.079	187
325.326	188
325.524	189
325.689	190
325.835	191
325.964	192
326.084	193
326.192	194
326.292	195
326.387	196
326.476	197
326.559	198
326.64	199
326.716	200
326.788	201
326.859	202
326.926	203
326.991	204
327.052	205
327.112	206
327.172	207
327.228	208
327.337	209
327.418	210
327.507	211
327.585	212
327.638	213
327.707	214
327.767	215
327.815	216
327.872	217
327.927	218
327.973	219
328.02	220
328.067	221
328.114	222
328.161	223
328.195	224
328.238	225
328.28	226
328.323	227
328.366	228
328.403	229
328.441	230
328.48	231
328.518	232
328.559	233
328.585	161
328.988	162
328.989	163
328.991	164
329.044	165
329.085	166
329.128	167
329.163	168
329.196	169
329.229	170
329.264	171
329.303	172
329.339	173
329.372	174
329.403	175
329.435	176
329.468	177
329.5	178
329.534	179
329.563	180
329.601	181
329.634	182
329.671	183
329.707	184
329.738	185
329.778	186
329.811	187
329.852	188
329.892	189
329.929	190
329.97	191
330.009	192
330.054	193
330.094	194
330.133	195
330.178	196
330.224	197
330.267	198
330.316	199
330.364	200
330.407	201
330.457	202
330.506	203
330.556	204
330.606	205
330.654	206
330.705	207
330.753	208
330.804	209
330.851	210
330.913	211
330.964	212
331.029	213
331.092	214
331.157	215
331.219	216
331.245	149
331.524	150
331.525	151
331.562	152
331.643	153
331.699	154
331.748	155
331.8	156
331.852	157
331.906	158
331.963	159
332.019	160
332.075	161
332.136	162
332.198	163
332.263	164
332.33	165
332.394	166
332.472	167
332.542	168
332.628	169
332.693	170
332.781	171
332.875	172
332.967	173
333.06	174
333.151	175
333.246	176
333.354	177
333.5	178
333.629	179
333.824	180
334.024	181
334.227	182
334.463	183
337.177	184
337.53	185
337.778	186
337.974	187
338.141	188
338.288	189
338.418	190
338.535	191
338.644	192
338.744	193
338.839	194
338.928	195
339.011	196
339.091	197
339.169	198
339.24	199
339.31	200
339.377	201
339.442	202
339.504	203
339.564	204
339.624	205
339.679	206
339.761	207
339.889	208
339.977	209
340.044	210
340.112	211
340.173	212
340.218	213
340.272	214
340.327	215
340.381	216
340.428	217
340.473	218
340.52	219
340.567	220
340.611	221
340.648	222
340.689	223
340.728	224
340.77	225
340.813	226
340.853	227
340.887	228
340.925	229
340.962	230
341	231
341.039	232
341.074	233
341.106	234
341.142	235
341.175	236
341.198	163
341.414	164
341.415	165
341.417	166
341.423	167
341.479	168
341.529	169
341.567	170
341.61	171
341.646	172
341.68	173
341.714	174
341.75	175
341.787	176
341.825	177
341.857	178
341.887	179
341.919	180
341.951	181
341.985	182
342.019	183
342.053	184
342.085	185
342.123	186
342.156	187
342.194	188
342.229	189
342.268	190
342.306	191
342.34	192
342.383	193
342.419	194
342.464	195
342.506	196
342.543	197
342.588	198
342.626	199
342.676	200
342.722	201
342.764	202
342.814	203
342.863	204
342.911	205
342.962	206
343.011	207
343.062	208
343.11	209
343.161	210
343.211	211
343.261	212
343.311	213
343.365	214
343.421	215
343.485	216
343.549	217
343.613	218
343.646	151
343.97	152
343.971	153
344.004	154
344.075	155
344.144	156
344.195	157
344.246	158
344.298	159
344.352	160
344.406	161
344.464	162
344.523	163
344.582	164
344.645	165
344.708	166
344.774	167
344.846	168
344.92	169
344.982	170
345.071	171
345.159	172
345.225	173
345.316	174
345.407	175
345.501	176
345.594	177
345.689	178
345.801	179
345.945	180
346.072	181
346.269	182
346.469	183
346.672	184
346.908	185
349.624	186
349.977	187
350.225	188
350.421	189
350.587	190
350.732	191
350.862	192
350.981	193
351.09	194
351.19	195
351.285	196
351.373	197
351.457	198
351.538	199
351.615	200
351.687	201
351.756	202
351.822	203
351.889	204
351.95	205
352.011	206
352.069	207
352.127	208
352.196	209
352.325	210
352.413	211
352.484	212
352.545	213
352.618	214
352.674	215
352.73	216
352.788	217
352.829	218
352.874	219
352.922	220
352.97	221
353.018	222
353.06	223
353.1	224
353.143	225
353.184	226
353.226	227
353.266	228
353.3	229
353.337	230
353.372	231
353.41	232
353.451	233
353.488	234
353.521	235
353.555	236
353.592	163
353.983	164
353.984	165
353.986	166
354.042	167
354.071	168
354.114	169
354.154	170
354.184	171
354.214	172
354.248	173
354.285	174
354.322	175
354.36	176
354.393	177
354.425	178
354.457	179
354.489	180
354.521	181
354.556	182
354.588	183
354.621	184
354.657	185
354.691	186
354.723	187
354.764	188
354.796	189
354.837	190
354.875	191
354.91	192
354.951	193
354.991	194
355.033	195
355.076	196
355.115	197
355.156	198
355.202	199
355.244	200
355.292	201
355.334	202
355.385	203
355.428	204
355.476	205
355.526	206
355.578	207
355.627	208
355.678	209
355.726	210
355.776	211
355.826	212
355.876	213
355.933	214
355.99	215
356.052	216
356.118	217
356.182	218
356.195	151
356.463	152
356.464	153
356.515	154
356.588	155
356.637	156
356.688	157
356.739	158
356.792	159
356.844	160
356.899	161
356.956	162
357.015	163
357.074	164
357.137	165
357.202	166
357.267	167
357.339	168
357.412	169
357.471	170
357.564	171
357.651	172
357.714	173
357.809	174
357.901	175
357.993	176
358.087	177
358.182	178
358.293	179
358.437	180
358.566	181
358.768	182
358.971	183
359.173	184
359.401	185
362.115	186
362.47	187
362.716	188
362.914	189
363.079	190
363.226	191
363.355	192
363.473	193
363.582	194
363.683	195
363.777	196
363.866	197
363.95	198
364.03	199
364.106	200
364.178	201
364.25	202
364.317	203
364.381	204
364.443	205
364.504	206
364.561	207
364.618	208
364.727	209
364.78	210
364.881	211
364.929	212
365.02	213
365.09	214
365.156	215
365.2	216
365.257	217
365.313	218
365.361	219
365.408	220
365.456	221
365.503	222
365.55	223
365.587	224
365.625	225
365.667	226
365.71	227
365.752	228
365.792	229
365.825	230
365.862	231
365.899	232
365.939	233
365.977	234
366.012	235
366.046	236
366.08	237
366.093	164
366.357	165
366.358	166
366.36	167
366.415	168
366.445	169
366.488	170
366.529	171
366.558	172
366.591	173
366.624	174
366.656	175
366.689	176
366.728	177
366.765	178
366.799	179
366.83	180
366.863	181
366.894	182
366.929	183
366.961	184
366.996	185
367.032	186
367.062	187
367.102	188
367.136	189
367.171	190
367.212	191
367.246	192
367.286	193
367.324	194
367.366	195
367.405	196
367.442	197
367.49	198
367.527	199
367.573	200
367.619	201
367.663	202
367.711	203
367.749	204
367.799	205
367.85	206
367.899	207
367.95	208
367.999	209
368.05	210
368.1	211
368.151	212
368.201	213
368.25	214
368.307	215
368.362	216
368.426	217
368.49	218
368.555	219
368.581	151
368.929	152
368.93	153
368.967	154
369.05	155
369.098	156
369.155	157
369.207	158
369.259	159
369.313	160
369.365	161
369.421	162
369.48	163
369.537	164
369.594	165
369.653	166
369.712	167
369.777	168
369.849	169
369.919	170
369.997	171
370.07	172
370.161	173
370.221	174
370.315	175
370.406	176
370.5	177
370.593	178
370.689	179
370.8	180
370.946	181
371.08	182
371.282	183
371.483	184
371.685	185
371.911	186
374.625	187
374.978	188
375.226	189
375.422	190
375.588	191
375.734	192
375.863	193
375.981	194
376.091	195
376.191	196
376.286	197
376.375	198
376.458	199
376.538	200
376.614	201
376.688	202
376.758	203
376.824	204
376.89	205
376.951	206
377.013	207
377.071	208
377.128	209
377.237	210
377.287	211
377.389	212
377.468	213
377.535	214
377.605	215
377.665	216
377.717	217
377.771	218
377.83	219
377.872	220
377.912	221
377.959	222
378.009	223
378.056	224
378.097	225
378.139	226
378.181	227
378.223	228
378.265	229
378.302	230
378.339	231
378.376	232
378.417	233
378.441	161
378.748	162
378.75	163
378.752	164
378.81	165
378.839	166
378.881	167
378.922	168
378.952	169
378.981	170
379.014	171
379.048	172
379.086	173
379.122	174
379.158	175
379.193	176
379.227	177
379.26	178
379.294	179
379.326	180
379.361	181
379.395	182
379.431	183
379.466	184
379.499	185
379.54	186
379.572	187
379.611	188
379.652	189
379.686	190
379.73	191
379.772	192
379.811	193
379.855	194
379.893	195
379.938	196
379.986	197
380.024	198
380.071	199
380.121	200
380.169	201
380.219	202
380.268	203
380.315	204
380.365	205
380.413	206
380.464	207
380.512	208
380.561	209
380.609	210
380.672	211
380.721	212
380.786	213
380.848	214
380.912	215
380.975	216
381.04	217
381.072	150
381.309	151
381.311	152
381.343	153
381.421	154
381.485	155
381.534	156
381.585	157
381.638	158
381.691	159
381.746	160
381.802	161
381.861	162
381.923	163
381.984	164
382.045	165
382.116	166
382.186	167
382.255	168
382.334	169
382.4	170
382.492	171
382.581	172
382.675	173
382.766	174
382.859	175
382.951	176
383.045	177
383.14	178
383.285	179
383.427	180
383.625	181
383.823	182
384.023	183
384.249	184
386.963	185
387.316	186
387.564	187
387.761	188
387.927	189
388.073	190
388.202	191
388.32	192
388.43	193
388.529	194
388.625	195
388.713	196
388.797	197
388.877	198
388.953	199
389.027	200
389.096	201
389.164	202
389.227	203
389.29	204
389.35	205
389.41	206
389.465	207
389.557	208
389.677	209
389.73	210
389.817	211
389.883	212
389.95	213
390.003	214
390.056	215
390.112	216
390.165	217
390.211	218
390.258	219
390.304	220
390.35	221
390.397	222
390.433	223
390.471	224
390.513	225
390.555	226
390.598	227
390.64	228
390.671	229
390.708	230
390.746	231
390.783	232
390.821	233
390.86	234
390.891	235
390.926	236
390.961	237
390.997	238
391.036	239
391.065	240
391.101	241
391.136	242
391.168	243
391.198	244
391.226	245
391.252	246
391.277	247
391.304	248
391.329	249
391.352	250
391.378	251
391.405	252
391.429	253
391.452	254
391.477	255
391.503	256
391.526	257
391.552	258
391.575	259
391.601	260
391.624	261
391.649	262
391.673	263
391.698	264
391.724	265
391.75	266
391.775	267
391.799	268
391.822	269
391.845	270
391.869	271
391.892	272
391.916	273
391.939	274
391.963	275
391.986	276
392.008	277
392.031	278
392.052	279
392.076	280
392.097	281
392.121	282
392.142	283
392.166	284
392.187	285
392.21	286
392.233	287
392.255	288
392.278	289
392.299	290
392.323	291
392.344	292
392.367	293
392.388	294
392.409	295
392.43	296
392.452	297
392.475	298
392.497	299
392.519	300
392.539	301
392.561	302
392.581	303
392.603	304
392.621	305
392.642	306
392.665	307
392.685	308
392.706	309
392.727	310
392.747	311
392.768	312
392.786	313
392.807	314
392.825	315
392.846	316
392.864	317
392.884	318
392.902	319
392.922	320
392.939	321
392.96	322
392.975	323
392.993	324
393.011	325
393.029	326
393.046	327
393.064	328
393.081	329
393.099	330
393.115	331
393.132	332
393.15	333
393.167	334
393.183	335
393.2	336
393.217	337
393.234	338
393.251	339
393.268	340
393.283	341
393.298	342
393.314	343
393.329	344
393.346	345
393.361	346
393.378	347
393.392	348
393.41	349
393.425	350
393.442	351
393.457	352
393.474	353
393.488	354
393.505	355
393.52	356
393.537	357
393.552	358
393.57	359
393.582	360
393.597	361
393.612	362
393.628	363
393.642	364
393.661	365
393.673	366
393.689	367
393.705	368
393.72	369
393.736	370
393.751	371
393.761	258
394.095	259
394.095	260
394.097	261
394.099	262
394.143	263
394.193	264
394.227	265
394.261	266
394.296	267
394.326	268
394.354	269
394.385	270
394.408	271
394.434	272
394.462	273
394.491	274
394.519	275
394.542	276
394.567	277
394.594	278
394.618	279
394.645	280
394.671	281
394.697	282
394.723	283
394.749	284
394.775	285
394.801	286
394.827	287
394.854	288
394.882	289
394.909	290
394.936	291
394.962	292
394.989	293
395.016	294
395.044	295
395.068	205
395.342	206
395.343	207
395.351	208
395.428	209
395.466	210
395.533	211
395.588	212
395.636	213
395.687	214
395.726	215
395.768	216
395.809	217
395.852	218
395.899	219
395.947	220
395.992	221
396.047	222
396.1	223
396.145	224
396.208	225
396.265	226
396.32	227
396.382	228
396.448	229
396.497	230
396.563	231
396.629	232
396.697	233
396.763	234
396.833	235
396.902	236
396.972	237
397.051	238
397.144	239
397.221	240
397.329	241
397.435	242
397.54	243
397.645	244
397.751	245
397.915	246
398.07	247
398.295	248
398.527	249
398.757	250
401.426	251
401.778	252
402.025	253
402.224	254
402.389	255
402.451	177
402.699	178
402.7	179
402.702	180
402.704	181
402.706	182
402.724	183
402.75	184
402.777	185
402.805	186
402.831	187
402.857	188
402.885	189
402.913	190
402.94	191
402.968	192
402.998	193
403.026	194
403.054	195
403.085	196
403.115	197
403.145	198
403.199	199
403.267	200
403.315	201
403.364	202
403.398	203
403.432	204
403.471	205
403.514	206
403.558	207
403.604	208
403.642	209
403.68	210
403.718	211
403.755	212
403.793	213
403.834	214
403.875	215
403.912	216
403.958	217
403.995	218
404.041	219
404.088	220
404.134	221
404.175	222
404.221	223
404.269	224
404.32	225
404.37	226
404.419	227
404.468	228
404.518	229
404.572	230
404.623	231
404.677	232
404.731	233
404.786	234
404.841	235
404.907	236
404.97	237
405.044	238
405.119	239
405.19	240
405.264	241
405.335	242
405.407	243
405.48	244
405.575	245
405.659	246
405.77	247
405.882	248
405.999	249
406.119	250
406.242	251
406.44	252
406.613	253
406.85	254
407.08	255
409.755	256
410.108	257
410.354	258
410.552	259
410.718	260
410.863	261
410.993	262
411.112	263
411.221	264
411.322	265
411.416	266
411.505	267
411.589	268
411.619	186
411.969	187
411.97	188
411.973	189
411.975	190
411.977	191
411.99	192
412.017	193
412.041	194
412.067	195
412.094	196
412.118	197
412.171	198
412.227	199
412.28	200
412.309	201
412.35	202
412.392	203
412.425	204
412.458	205
412.493	206
412.526	207
412.564	208
412.599	209
412.635	210
412.668	211
412.698	212
412.73	213
412.764	214
412.798	215
412.833	216
412.863	217
412.901	218
412.935	219
412.973	220
413.007	221
413.047	222
413.08	223
413.123	224
413.157	225
413.201	226
413.242	227
413.279	228
413.322	229
413.368	230
413.406	231
413.451	232
413.497	233
413.543	234
413.59	235
413.638	236
413.684	237
413.733	238
413.779	239
413.827	240
413.874	241
413.921	242
413.968	243
414.02	244
414.072	245
414.131	246
414.188	247
414.247	248
414.307	249
414.366	250
414.425	251
414.494	252
414.57	253
414.654	254
414.684	176
414.93	177
414.931	178
414.95	179
414.992	180
415.074	181
415.14	182
415.205	183
415.261	184
415.312	185
415.359	186
415.412	187
415.464	188
415.516	189
415.573	190
415.625	191
415.688	192
415.74	193
415.794	194
415.847	195
415.904	196
415.959	197
416.015	198
416.085	199
416.16	200
416.222	201
416.312	202
416.403	203
416.494	204
416.587	205
416.678	206
416.772	207
416.865	208
416.966	209
417.111	210
417.245	211
417.44	212
417.637	213
417.834	214
418.074	215
420.789	216
421.141	217
421.389	218
421.586	219
421.753	220
421.899	221
422.028	222
422.145	223
422.255	224
422.355	225
422.451	226
422.538	227
422.624	228
422.703	229
422.779	230
422.851	231
422.921	232
422.99	233
423.053	234
423.115	235
423.176	236
423.234	237
423.293	238
423.346	239
423.401	240
423.524	241
423.608	242
423.692	243
423.754	244
423.818	245
423.872	246
423.92	247
423.969	248
424.021	249
424.071	250
424.115	251
424.157	252
424.202	253
424.208	175
424.501	176
424.502	177
424.504	178
424.528	179
424.58	180
424.61	181
424.648	182
424.687	183
424.715	184
424.743	185
424.777	186
424.81	187
424.848	188
424.882	189
424.916	190
424.945	191
424.977	192
425.005	193
425.038	194
425.07	195
425.102	196
425.133	197
425.165	198
425.2	199
425.232	200
425.265	201
425.303	202
425.336	203
425.366	204
425.405	205
425.445	206
425.476	207
425.515	208
425.556	209
425.592	210
425.635	211
425.675	212
425.715	213
425.755	214
425.795	215
425.839	216
425.881	217
425.924	218
425.965	219
426.009	220
426.057	221
426.105	222
426.152	223
426.201	224
426.25	225
426.299	226
426.35	227
426.399	228
426.455	229
426.513	230
426.577	231
426.627	232
426.689	233
426.751	234
426.812	235
426.871	236
426.929	237
427.009	238
427.07	239
427.151	240
427.233	241
427.317	242
427.377	168
427.612	169
427.613	170
427.636	171
427.691	172
427.77	173
427.817	174
427.864	175
427.912	176
427.962	177
428.014	178
428.066	179
428.119	180
428.177	181
428.235	182
428.289	183
428.352	184
428.412	185
428.478	186
428.544	187
428.613	188
428.688	189
428.763	190
428.821	191
428.913	192
429.005	193
429.097	194
429.19	195
429.283	196
429.375	197
429.47	198
429.567	199
429.713	200
429.854	201
430.052	202
430.251	203
430.449	204
430.677	205
433.391	206
433.743	207
433.991	208
434.188	209
434.355	210
434.5	211
434.629	212
434.749	213
434.857	214
434.958	215
435.053	216
435.142	217
435.225	218
435.305	219
435.382	220
435.455	221
435.524	222
435.59	223
435.656	224
435.718	225
435.779	226
435.837	227
435.893	228
435.949	229
436.055	230
436.132	231
436.219	232
436.299	233
436.353	234
436.421	235
436.477	236
436.53	237
436.586	238
436.636	239
436.677	240
436.72	241
436.765	242
436.811	243
436.857	244
436.896	245
436.935	246
436.977	247
437.016	248
437.058	249
437.099	250
437.13	173
437.409	174
437.41	175
437.412	176
437.437	177
437.48	178
437.521	179
437.562	180
437.598	181
437.628	182
437.659	183
437.691	184
437.726	185
437.764	186
437.798	187
437.828	188
437.859	189
437.89	190
437.922	191
437.953	192
437.985	193
438.017	194
438.047	195
438.082	196
438.117	197
438.149	198
438.185	199
438.216	200
438.254	201
438.287	202
438.328	203
438.363	204
438.402	205
438.441	206
438.475	207
438.516	208
438.559	209
438.6	210
438.641	211
438.685	212
438.721	213
438.767	214
438.815	215
438.866	216
438.906	217
438.956	218
439.005	219
439.056	220
439.108	221
439.159	222
439.209	223
439.259	224
439.309	225
439.359	226
439.409	227
439.462	228
439.521	229
439.581	230
439.644	231
439.704	232
439.767	233
439.832	234
439.896	235
439.948	163
440.182	164
440.183	165
440.209	166
440.275	167
440.346	168
440.393	169
440.441	170
440.492	171
440.542	172
440.595	173
440.65	174
440.705	175
440.764	176
440.822	177
440.878	178
440.941	179
441.006	180
441.073	181
441.143	182
441.205	183
441.292	184
441.357	185
441.446	186
441.541	187
441.631	188
441.726	189
441.818	190
441.916	191
442.01	192
442.106	193
442.242	194
442.402	195
442.604	196
442.805	197
443.005	198
443.206	199
445.92	200
446.273	201
446.52	202
446.717	203
446.885	204
447.03	205
447.159	206
447.279	207
447.386	208
447.487	209
447.581	210
447.67	211
447.754	212
447.834	213
447.911	214
447.983	215
448.052	216
448.12	217
448.185	218
448.248	219
448.306	220
448.367	221
448.422	222
448.532	223
448.583	224
448.684	225
448.749	226
448.827	227
448.881	228
448.948	229
449.002	230
449.057	231
449.112	232
449.165	233
449.206	234
449.249	235
449.298	236
449.345	237
449.391	238
449.428	239
449.47	240
449.513	241
449.555	242
449.598	243
449.63	244
449.67	245
449.711	246
449.752	247
449.786	248
449.823	249
449.854	250
449.888	251
449.919	252
449.953	253
449.982	254
450.01	255
450.039	256
450.067	257
450.094	258
450.122	259
450.15	260
450.178	261
450.208	262
450.236	263
450.26	264
450.287	265
450.312	266
450.338	267
450.365	268
450.391	269
450.417	270
450.443	271
450.471	272
450.498	273
450.526	274
450.552	275
450.578	276
450.602	277
450.628	278
450.652	279
450.678	280
450.703	281
450.729	282
450.753	283
450.779	284
450.799	285
450.823	286
450.845	287
450.87	288
450.896	289
450.922	290
450.946	291
450.968	292
450.992	293
451.016	294
451.04	295
451.063	296
451.086	297
451.112	298
451.135	299
451.16	300
451.183	301
451.205	302
451.228	303
451.251	304
451.275	305
451.296	306
451.321	307
451.343	308
451.367	309
451.386	310
451.407	311
451.429	312
451.451	313
451.473	314
451.492	315
451.514	316
451.534	317
451.555	318
451.575	319
451.594	320
451.613	321
451.632	322
451.652	323
451.673	324
451.692	325
451.711	326
451.729	327
451.748	328
451.767	329
451.785	330
451.804	331
451.823	332
451.839	333
451.858	334
451.874	335
451.892	336
451.911	337
451.929	338
451.947	339
451.963	340
451.979	341
451.998	342
452.013	343
452.031	344
452.047	345
452.066	346
452.082	347
452.1	348
452.116	349
452.135	350
452.151	351
452.169	352
452.186	353
452.198	354
452.215	355
452.231	356
452.247	357
452.263	358
452.28	359
452.297	360
452.314	361
452.33	362
452.346	363
452.363	364
452.38	365
452.396	366
452.413	367
452.43	368
452.434	256
452.761	257
452.762	258
452.763	259
452.765	260
452.807	261
452.852	262
452.889	263
452.924	264
452.953	265
452.983	266
453.012	267
453.039	268
453.068	269
453.095	270
453.12	271
453.147	272
453.174	273
453.201	274
453.228	275
453.256	276
453.283	277
453.306	278
453.33	279
453.355	280
453.378	281
453.403	282
453.428	283
453.453	284
453.478	285
453.504	286
453.529	287
453.557	288
453.583	289
453.611	290
453.641	291
453.647	202
453.977	203
453.978	204
454.025	205
454.079	206
454.141	207
454.182	208
454.228	209
454.279	210
454.329	211
454.38	212
454.43	213
454.48	214
454.519	215
454.56	216
454.6	217
454.64	218
454.684	219
454.735	220
454.789	221
454.84	222
454.9	223
454.948	224
455.011	225
455.071	226
455.134	227
455.197	228
455.259	229
455.321	230
455.387	231
455.452	232
455.516	233
455.597	234
455.68	235
455.781	236
455.851	237
455.954	238
456.059	239
456.161	240
456.266	241
456.384	242
456.55	243
456.677	244
456.882	245
457.094	246
457.346	247
460.062	248
460.414	249
460.662	250
460.859	251
461.026	252
461.17	253
461.3	254
461.348	176
461.58	177
461.581	178
461.583	179
461.585	180
461.587	181
461.606	182
461.632	183
461.659	184
461.686	185
461.713	186
461.74	187
461.767	188
461.794	189
461.821	190
461.85	191
461.879	192
461.906	193
461.935	194
461.966	195
461.994	196
462.024	197
462.056	198
462.127	199
462.18	200
462.235	201
462.279	202
462.321	203
462.363	204
462.405	205
462.451	206
462.485	207
462.524	208
462.561	209
462.598	210
462.637	211
462.672	212
462.715	213
462.751	214
462.797	215
462.834	216
462.88	217
462.925	218
462.96	219
463.01	220
463.057	221
463.102	222
463.149	223
463.197	224
463.246	225
463.295	226
463.344	227
463.392	228
463.444	229
463.494	230
463.546	231
463.595	232
463.657	233
463.721	234
463.774	235
463.846	236
463.918	237
463.991	238
464.062	239
464.136	240
464.208	241
464.28	242
464.355	243
464.455	244
464.53	245
464.638	246
464.75	247
464.861	248
464.978	249
465.124	250
465.321	251
465.468	252
465.701	253
465.926	254
468.636	255
468.989	256
469.236	257
469.433	258
469.6	259
469.745	260
469.875	261
469.993	262
470.101	263
470.202	264
470.298	265
470.386	266
470.443	184
470.83	185
470.831	186
470.833	187
470.835	188
470.837	189
470.853	190
470.877	191
470.903	192
470.928	193
470.954	194
470.98	195
471.005	196
471.032	197
471.087	198
471.113	199
471.169	200
471.204	201
471.254	202
471.294	203
471.338	204
471.373	205
471.411	206
471.447	207
471.485	208
471.52	209
471.557	210
471.592	211
471.625	212
471.658	213
471.694	214
471.726	215
471.763	216
471.797	217
471.835	218
471.869	219
471.908	220
471.943	221
471.984	222
472.016	223
472.058	224
472.1	225
472.141	226
472.185	227
472.227	228
472.271	229
472.314	230
472.36	231
472.405	232
472.45	233
472.496	234
472.541	235
472.589	236
472.634	237
472.681	238
472.727	239
472.774	240
472.823	241
472.879	242
472.936	243
472.994	244
473.052	245
473.111	246
473.169	247
473.229	248
473.289	249
473.355	250
473.429	251
473.512	252
473.596	253
473.688	254
473.781	255
473.875	256
473.971	257
474.063	258
474.16	259
474.29	260
474.419	261
474.545	262
474.671	263
474.916	264
475.078	265
475.373	266
477.983	267
478.336	268
478.583	269
478.781	270
478.948	271
479.093	272
479.223	273
479.34	274
479.45	275
479.551	276
479.645	277
479.734	278
479.819	279
479.897	280
479.974	281
480.064	282
480.227	283
480.334	284
480.43	285
480.497	286
480.578	287
480.648	288
480.715	289
480.786	290
480.841	201
481.103	202
481.103	203
481.105	204
481.107	205
481.141	206
481.183	207
481.23	208
481.265	209
481.303	210
481.337	211
481.366	212
481.396	213
481.428	214
481.458	215
481.491	216
481.521	217
481.55	218
481.578	219
481.606	220
481.636	221
481.665	222
481.695	223
481.723	224
481.753	225
481.785	226
481.816	227
481.849	157
482.107	158
482.108	159
482.137	160
482.223	161
482.28	162
482.34	163
482.399	164
482.459	165
482.521	166
