10.1242	4.69059
10.1883	11.0469
10.2539	8.23547
10.3163	14.2207
10.3765	10.9676
10.4382	9.33808
10.5088	11.3884
10.5799	11.6443
10.65	11.6477
10.72	11.819
10.7911	12.1506
10.8622	12.3194
10.9323	12.3328
11.0023	12.3328
11.0729	12.7511
11.144	12.8256
11.2151	12.9944
11.2852	13.018
11.3553	13.018
11.4253	13.018
11.4959	13.4312
11.5561	15.7359
11.6204	8.02761
11.6976	12.4314
11.778	11.9439
11.8384	14.8974
11.9078	7.96033
11.9682	13.7056
12.047	7.76652
12.1074	12.3152
12.1983	7.65825
12.2586	10.7349
12.3257	8.94728
12.3861	10.5275
12.4464	7.96755
12.5105	8.98729
12.5709	8.73981
12.6318	9.45215
12.6927	8.27063
12.7553	9.59777
12.8178	8.63799
12.8792	9.37136
12.9397	8.73981
13.0001	8.73981
13.0605	9.73298
13.1209	8.73981
13.1813	8.73981
13.2417	9.33571
13.3032	9.37136
13.3652	8.90478
13.4266	8.98089
13.4881	9.17613
13.5485	9.13708
13.6089	8.93845
13.6693	9.13708
13.7303	9.05831
13.7917	8.98089
13.8527	9.05831
13.9147	9.09836
13.9756	8.86857
14.0359	8.75561
14.1003	8.93757
14.1609	8.90525
14.2214	8.73981
14.2823	9.45215
14.3432	8.86139
14.4042	9.05831
14.4656	8.78565
14.5282	9.21386
14.5886	9.33571
14.6495	8.86139
14.712	9.02191
14.7735	8.98089
14.8344	9.05831
14.8959	9.17613
14.9563	8.93845
15.0172	9.25523
15.0798	9.02191
15.1407	9.45215
15.2016	9.05831
15.262	9.13708
15.3225	8.93845
15.3839	8.78565
15.4464	9.40582
15.5074	9.05831
15.5683	9.45215
15.6293	9.25523
15.6902	9.05831
15.7511	9.45215
15.8115	9.33571
15.872	8.93845
15.9329	9.45215
15.9933	9.33571
16.0548	9.17613
16.1168	9.29194
16.1787	8.90478
16.2392	9.73298
16.2996	8.93845
16.36	9.33571
16.4204	9.33571
16.4813	9.05831
16.5423	9.45215
16.6027	9.33571
16.6642	8.78565
16.7246	9.73298
16.785	8.93845
16.8454	9.33571
16.9058	9.33571
16.9667	9.05831
17.0277	9.45215
17.0881	9.33571
17.1496	8.78565
17.21	9.73298
17.2704	8.93845
17.3308	9.33571
17.3912	9.33571
17.4522	9.05831
17.5131	9.45215
17.5735	9.33571
17.635	8.78565
17.6954	9.73298
17.7558	8.93845
17.8162	9.33571
17.8766	9.33571
17.9376	9.05831
17.9985	9.45215
18.0589	9.13708
18.1209	8.90478
18.1813	9.33571
18.2428	9.17613
18.3037	9.05831
18.3647	9.05831
18.4251	9.33571
18.486	9.25523
18.5464	9.13708
18.6079	9.5666
18.6704	9.21386
18.7319	9.17613
18.7923	9.73298
18.8527	9.33571
18.9131	9.13708
18.974	9.45215
19.0355	9.5666
19.097	9.5666
19.1595	9.21386
19.2204	9.45215
19.2808	9.93161
19.3433	9.40582
19.4038	9.73298
19.4642	9.53434
19.5256	9.5666
19.5871	9.76184
19.6474	10.7393
19.7079	12.1166
19.7688	11.2244
19.8308	12.97
19.8912	11.5207
19.9516	11.7193
20.012	11.9179
20.0735	12.1047
20.1339	11.9179
20.1948	11.8152
20.2553	11.9179
20.3157	11.9179
20.3766	11.8152
20.438	11.5329
20.4994	11.1362
20.5599	11.5097
20.6201	10.9544
20.6814	10.9736
20.7418	11.322
20.8027	11.4213
20.8631	10.7261
20.9236	10.9248
20.984	11.1234
21.0449	10.6337
21.1053	10.9248
21.4208	1.25503
21.6913	0.0887311
21.7635	0.831507
21.8346	1.51883
21.9053	3.56269
21.9758	7.65856
22.0362	12.9111
22.0966	15.1146
22.1637	14.8404
22.2241	15.2947
22.2845	16.8837
22.3449	17.0824
22.4054	15.6919
22.4658	15.8906
22.5267	15.5693
22.5871	17.281
22.6475	17.0824
22.7079	17.6783
22.7694	17.9618
22.8303	17.5259
22.8907	17.4796
22.9511	17.4796
23.0115	17.0893
23.0719	16.1089
23.1321	16.9296
23.1927	17.0265
23.2534	16.3994
23.3136	16.9567
23.3739	16.7136
23.4342	17.1287
23.4945	16.9113
24.0445	0.480009
24.3145	0.0888702
24.3856	0.843793
24.4562	1.53013
24.5277	3.52353
24.5993	7.5468
24.6595	16.5327
24.7199	18.2816
24.7807	17.5685
24.8416	20.0858
24.9021	19.0687
24.9625	19.6646
25.0229	20.0618
25.0833	19.0687
25.1437	19.2673
25.2041	19.0687
25.2656	19.3284
25.3265	19.2981
25.388	19.1332
25.4484	19.2673
25.5093	18.9043
25.5698	19.0687
25.6302	19.2673
25.6911	18.912
25.7514	19.8794
25.8119	20.6577
25.8723	20.2605
25.9327	20.0618
25.9931	19.6646
26.0534	18.8932
26.1139	20.0618
26.1743	19.6646
26.2347	19.6646
26.2951	19.466
26.3555	19.6646
26.4159	19.6646
26.4761	19.5437
26.5367	18.5974
26.5982	18.7427
26.6586	18.8701
26.719	18.8701
26.7794	18.8701
26.8404	18.9043
26.9008	19.2673
26.9612	18.8701
27.0227	18.938
27.0836	18.9043
27.144	19.2673
27.2044	19.2673
27.2649	18.8701
27.3263	18.938
27.3867	19.2673
27.4471	19.2673
27.5076	18.8701
27.568	19.2673
27.6284	19.2673
27.6888	18.8701
27.7492	19.2673
27.8096	19.2673
27.87	19.2673
27.9305	19.2673
27.9909	19.2673
28.0513	18.8701
28.1117	19.2673
28.1721	19.2673
28.2325	19.2673
28.2929	19.2673
28.3533	19.2673
28.4138	19.2673
28.4752	18.938
28.5356	19.2673
28.596	19.2673
28.6565	19.2673
28.7169	19.2673
28.7773	19.2673
28.8387	18.938
28.8992	19.2673
28.9596	19.2673
29.02	19.2673
29.0804	19.2673
29.1408	19.2673
29.2012	19.2673
29.2622	18.9043
29.3226	19.0687
29.383	19.2673
29.4445	18.5475
29.5049	18.8701
29.5653	18.8701
29.6257	18.8701
29.6861	18.6714
29.7465	18.8701
29.8075	18.5105
29.8679	18.8701
29.9283	18.6714
29.9887	18.4728
30.0491	18.4728
30.1095	18.2742
30.171	18.157
30.2314	18.4728
30.2918	18.2742
30.3522	18.0755
30.4126	18.0755
30.4731	17.8769
30.5335	18.0755
30.5949	17.5713
30.6553	17.6783
30.7158	17.4796
30.7762	17.6783
30.8366	17.4796
30.897	16.8975
30.9572	17.1343
31.0174	17.3294
31.0778	17.4796
31.1383	17.4796
31.1987	17.281
31.2591	17.0824
31.3195	17.281
31.3799	17.4796
31.4403	16.8837
31.5007	17.0824
31.5611	17.281
31.6216	16.8837
31.682	17.4796
31.7424	16.8837
31.8028	16.8837
31.8643	16.7904
31.9247	17.281
31.9851	16.8837
32.0455	17.281
32.1059	17.281
32.1663	17.0824
32.2267	16.8837
32.2872	16.8837
32.3486	16.9856
32.4096	16.9351
32.47	17.0824
32.5314	16.9856
32.5924	16.9351
32.6528	17.281
32.7132	16.8837
32.7736	17.281
32.834	17.281
32.8944	17.281
32.9548	16.8837
33.0153	17.281
33.0757	17.281
33.1361	17.281
33.1965	17.0824
33.2568	16.7056
33.3171	16.935
33.3774	17.4942
33.4378	17.0824
33.4983	17.2787
33.5587	17.0824
33.6196	16.9351
33.68	17.0824
33.7404	16.8837
33.8009	16.6851
33.8613	16.8837
33.9217	16.6851
33.9821	16.4865
34.0425	16.8837
34.1029	16.2878
34.1633	16.4865
34.2238	16.4865
34.2852	16.5951
34.3467	16.3999
34.4071	16.4865
34.4686	16.2046
34.5295	16.3443
34.5904	16.1474
34.6508	16.4865
34.7123	16.2046
34.7727	16.4865
34.8331	16.4865
34.8936	16.2878
34.955	16.2046
35.016	16.1474
35.0774	16.2046
35.1378	16.2878
35.1993	16.0094
35.2597	16.0892
35.3201	16.0892
35.3805	16.2878
35.4418	16.0723
35.5029	16.084
35.5639	16.1474
35.6248	16.1474
35.6858	16.1474
35.7467	16.1474
35.8076	16.1474
35.868	16.4865
35.9285	16.0892
35.9899	16.2046
36.0509	16.1474
36.1113	16.4865
36.1717	16.0892
36.2321	16.2878
36.2925	16.2878
36.3534	16.1474
36.4139	16.4865
36.4748	16.1474
36.5363	16.2046
36.5967	16.4865
36.6571	16.0892
36.718	16.1474
36.7784	16.4865
36.8389	16.0892
36.8993	16.2878
36.9597	16.2878
37.0206	16.1474
37.081	16.4865
37.1414	16.0892
37.2019	16.0892
37.2623	16.4865
37.3227	16.0892
37.3836	16.1474
37.444	16.4865
37.5045	16.0892
37.5659	16.2046
37.6274	16.0094
37.6878	16.4865
37.7482	16.0892
37.8091	16.1474
37.8696	16.4865
37.93	16.0892
37.9904	16.2878
38.0513	15.7536
38.1123	15.7536
38.1727	16.0892
38.2331	15.8906
38.294	15.7536
38.3544	16.0892
38.4149	15.8906
38.4758	15.7536
38.5367	15.7536
38.5977	15.5567
38.6581	15.8906
38.7201	15.4866
38.7805	15.6919
38.8409	15.6919
38.9018	14.5898
38.9622	13.507
39.0226	13.3084
39.083	13.507
39.1434	13.7056
39.2049	13.2761
39.2653	13.507
39.3257	13.3084
39.3861	13.3084
39.4465	13.7056
39.5069	13.3084
39.5674	13.507
39.6278	13.1097
39.6882	13.3084
39.7486	12.9164
39.81	11.1374
39.8709	12.4059
39.9313	11.1234
39.9923	10.4367
40.0532	10.8306
40.1147	10.5428
40.1751	10.7261
40.2355	10.3289
40.2959	10.7261
40.3563	10.5275
40.4167	10.1302
40.4771	9.93566
40.5391	8.5244
40.5992	11.1701
40.6594	9.36948
40.7198	9.73298
40.7824	10.5575
40.8433	9.25523
40.9037	10.5275
40.9641	9.13708
41.0266	10.3656
41.0881	9.37136
41.1485	10.5275
41.21	8.98089
41.2704	10.3289
41.3329	9.40582
41.3944	9.37136
41.4553	10.2398
41.5168	9.37136
41.5782	9.5666
41.6386	9.93161
41.6996	9.45215
41.761	9.37136
41.8215	9.73298
41.8824	9.25523
41.9428	9.33571
42.0032	9.73298
42.0652	9.48553
42.1256	9.53434
42.1871	9.37136
42.2486	9.37136
42.309	9.73298
42.3704	9.17613
42.4324	9.29194
42.4928	9.53434
42.5548	9.29194
42.6168	9.29194
42.6772	9.33571
42.7382	9.05831
42.7986	9.33571
42.859	9.13708
42.921	9.29194
42.9814	9.33571
43.0439	9.02191
43.1059	9.29194
43.1679	9.29194
43.2283	9.33571
43.2908	9.02191
43.3528	9.29194
43.4148	9.29194
43.4752	9.33571
43.5377	9.02191
43.5997	9.29194
43.6617	9.29194
43.7221	9.13708
43.7831	9.05831
43.844	9.05831
43.9049	9.05831
43.9653	9.33571
44.0268	8.78565
44.0883	8.98089
44.1487	9.13708
44.2096	9.05831
44.2706	9.05831
44.332	8.98089
44.3935	8.98089
44.4544	9.05831
44.5148	9.33571
44.5758	8.86139
44.6372	8.98089
44.6987	9.17613
44.7596	9.25523
44.8201	9.13708
44.8815	9.17613
44.9425	9.05831
45.0039	9.17613
45.0643	9.33571
45.1247	9.33571
45.1852	9.33571
45.2456	9.33571
45.306	9.53434
45.3669	9.45215
45.4273	9.33571
45.4878	9.53434
45.5492	9.5666
45.6096	9.73298
45.6789	8.14497
45.7391	10.1577
45.8001	9.64907
45.8605	8.93845
45.9214	10.2398
45.9818	9.13708
46.0449	10.0889
46.1053	9.33571
46.1662	10.0429
46.2266	8.73981
46.287	10.5275
46.3496	9.21386
46.4105	10.0429
46.4709	10.1302
46.5313	9.13708
46.5923	9.84599
46.6532	10.0429
46.7136	9.73298
46.7756	9.67911
46.8371	9.76184
46.8975	9.93161
46.9579	9.73298
47.0194	9.76184
47.0803	9.84599
47.1418	9.95707
47.2022	9.73298
47.2626	9.73298
47.323	9.73298
47.3834	9.73298
47.4459	9.78973
47.5063	10.1302
47.5678	9.5666
47.6293	9.76184
47.6913	9.67911
47.7527	9.95707
47.8137	9.84599
47.8757	9.67911
47.9361	10.1302
47.9965	9.53824
48.0574	11.229
48.1183	12.6029
48.1808	11.1334
48.2412	11.1234
48.3016	12.3152
48.3631	10.9333
48.4235	11.322
48.4839	11.5207
48.5449	10.8306
48.6053	10.7261
48.6662	11.0275
48.7277	10.9333
48.7892	10.5428
48.8501	10.6337
48.9116	10.5428
48.9725	10.6337
49.034	10.5428
49.0949	10.2398
49.1553	10.3289
49.2162	10.2398
49.2767	10.3289
49.3376	10.2398
49.3991	10.1523
49.4595	10.1302
49.5209	9.95707
49.5819	10.0429
49.6423	10.1302
49.7027	10.1302
49.7636	9.65298
49.8241	10.1261
49.885	9.84599
49.9454	10.1302
50.0058	9.73695
50.0667	8.08025
50.1271	10.7296
50.1891	9.09836
50.2505	9.95707
50.3109	10.7261
50.3724	9.5666
50.4334	10.8306
50.4938	10.1302
50.5542	10.5275
50.6146	9.93161
50.675	10.9248
50.7354	9.93161
50.7958	10.5275
50.8568	10.6337
50.9172	10.3289
50.9786	11.1285
51.0396	10.2398
51.1	10.7261
51.1625	10.5575
51.2229	10.5275
51.2839	11.0275
51.3443	10.5318
51.4052	10.4325
51.4656	10.9248
51.526	10.9248
51.5865	10.5275
51.6469	10.9248
51.7078	11.2244
51.7682	10.7261
51.8286	10.7261
51.8896	10.6337
51.951	10.738
52.0114	10.9248
52.0719	10.9248
52.1333	10.738
52.1937	10.9248
52.2542	10.9248
52.3151	11.0275
52.3755	10.9248
52.437	10.738
52.4979	11.0275
52.5588	11.0275
52.6193	10.9248
52.6807	10.738
52.7417	11.0275
52.8031	10.9333
52.8646	10.9333
52.925	10.9248
52.9854	10.9248
53.0458	10.9248
53.1062	10.9248
53.1667	10.9248
53.2271	10.9248
53.2875	10.9248
53.3479	10.9248
53.4083	10.9248
53.4687	10.9248
53.5291	10.9248
53.5895	10.9248
53.65	10.9248
53.7104	10.9248
53.7708	10.9248
53.8312	10.9248
53.8916	10.9248
53.952	10.9248
54.0124	10.9248
54.0729	10.9248
54.1333	10.7261
54.1942	11.0275
54.2546	10.9248
54.315	10.9248
54.3754	10.9248
54.4359	10.9248
54.4963	10.9248
54.5567	10.9248
54.6171	10.9248
54.6775	10.9248
54.7379	10.7261
54.7989	11.0275
54.8603	10.738
54.9207	10.9248
54.9827	10.647
55.0437	10.6337
55.1041	10.9248
55.165	10.6337
55.2254	10.7261
55.2858	10.7261
55.3468	10.8306
55.4072	10.7261
55.4676	10.9248
55.5285	10.441
55.5899	12.1144
55.6503	10.7261
55.7104	10.9954
55.7718	10.5428
55.8323	10.7261
55.8927	11.1234
55.9547	10.4534
56.0161	10.9333
56.0765	10.7261
56.1369	10.9248
56.1979	10.8306
56.2583	10.3289
56.3198	11.1285
56.3807	10.8306
56.4411	10.5275
56.5015	11.1234
56.5619	10.9248
56.6234	10.5428
56.6838	10.9248
56.7448	10.8306
56.8062	10.738
56.8677	10.9333
56.9281	10.9248
56.9885	10.9248
57.0489	10.7261
57.1099	10.6337
57.1703	10.9248
57.2307	10.7261
57.2921	10.738
57.3526	10.9248
57.414	10.9333
57.475	10.6337
57.5359	10.8306
57.5963	10.7261
57.6578	10.738
57.7192	10.7423
57.7796	12.3253
57.841	12.8856
57.9025	12.4952
57.9629	13.9043
58.0239	12.7998
58.0843	12.5138
58.1457	13.2761
58.2062	12.5138
58.2666	12.5138
58.327	13.1097
58.3879	12.209
58.4483	12.3152
58.5087	12.9111
58.5692	12.1166
58.6296	12.3152
58.69	12.1166
58.7514	12.2999
58.8129	12.1047
58.8733	12.1166
58.9348	12.2999
58.9952	12.1166
59.0561	12.0121
59.1171	12.0121
59.178	12.0121
59.239	11.8152
59.2994	12.1166
59.3598	11.7193
59.4202	11.9179
59.4811	11.8152
59.5415	12.1166
59.602	11.7193
59.6624	12.1166
59.7228	11.7193
59.7832	12.1166
59.8436	11.7193
59.904	12.1166
59.9644	11.7193
60.0249	12.1166
60.0853	11.7193
60.1457	12.1166
60.2066	11.8152
60.267	12.1166
60.3274	11.7193
60.3879	11.9179
60.4483	11.7193
60.5087	11.7193
60.5691	11.7193
60.6306	11.519
60.691	11.7193
60.7514	11.7193
60.8128	11.9094
60.8738	11.8152
60.9347	11.8152
60.9957	11.8152
61.0561	12.1166
61.1165	12.1166
61.1769	11.7193
61.2373	12.1166
61.2983	12.209
61.3587	12.1166
61.4196	12.209
61.48	12.1166
61.541	12.209
61.6014	12.5138
61.6623	12.017
61.7232	10.6466
61.7838	11.879
61.8438	11.9852
61.904	11.5699
61.9652	11.7646
62.0256	11.9179
62.086	11.1234
62.147	11.6183
62.2074	11.7193
62.2678	10.7261
62.3282	11.7193
62.6844	1.54955
62.9554	0.0885604
63.0278	0.82927
63.0984	1.5299
63.169	3.57031
63.2398	7.61873
63.3008	12.7998
63.3611	13.9213
63.4221	12.7998
63.4825	15.096
63.5445	14.9058
63.6049	13.7056
63.6653	16.6851
63.7262	14.5721
63.7866	14.6988
63.847	14.8974
63.9075	15.2947
63.9679	14.3015
64.0283	14.8974
64.0887	14.8974
64.1491	15.096
64.2101	14.5721
64.2705	14.8974
64.3309	14.6988
64.3913	14.8974
64.4528	15.0332
64.5132	14.8974
64.5735	15.1084
64.6338	14.944
64.6944	14.6533
64.7548	15.2947
64.8152	14.8974
64.8756	14.8974
64.936	15.4933
64.9964	14.5001
65.0568	15.096
65.1172	14.5001
65.1777	15.2947
65.2386	14.5721
65.299	15.4933
65.3594	14.1029
65.4209	15.0332
65.4813	14.8974
65.5417	14.6988
65.6021	14.8974
65.6636	14.6428
65.7245	14.9659
65.7849	14.8974
65.8454	15.2947
65.9058	14.6988
65.9662	14.5001
66.0276	15.0332
66.0886	14.5721
66.1495	14.5721
66.2105	14.9659
66.2714	14.769
66.3318	14.6988
66.3922	14.8974
66.4537	14.6428
66.5141	14.8974
66.5745	14.8974
66.6349	14.8974
66.6953	14.8974
66.7558	14.8974
66.8162	14.8974
66.8766	14.8974
66.937	14.8974
66.9974	14.8974
67.0589	14.6428
67.1198	14.9659
67.1808	14.9659
67.2412	14.8974
67.3016	14.8974
67.362	14.8974
67.4224	14.8974
67.4828	14.8974
67.5443	14.6428
67.6052	14.9659
67.6656	14.8974
67.726	14.8974
67.7865	14.8974
67.8469	14.8974
67.9073	14.8974
67.9688	14.6428
68.0297	14.9659
68.0901	14.8974
68.1505	14.8974
68.2109	14.8974
68.2713	14.8974
68.3318	14.8974
68.3922	14.8974
68.4526	14.8974
68.513	14.6988
68.5734	14.8974
68.6338	14.8974
68.6953	14.6428
68.7562	14.9659
68.8166	14.8974
68.877	14.8974
68.9375	14.6988
68.9979	14.6988
69.0593	14.4475
69.1198	14.8974
69.1802	14.5001
69.2406	14.3015
69.3015	14.5721
69.3619	14.8974
69.4229	14.3751
69.4833	14.5001
69.5442	14.3751
69.6052	14.1782
69.6656	14.5001
69.726	14.3015
69.7869	14.1782
69.8484	14.057
69.9099	14.2523
69.9713	14.057
70.0317	14.1029
70.0932	14.057
70.1536	14.1029
70.215	13.4822
70.2752	14.147
70.3357	14.501
70.3964	14.81
70.4572	14.0183
70.5176	14.3015
70.5786	13.9813
70.639	13.9043
70.6994	14.1029
70.7598	13.9043
70.8202	14.1029
70.8817	13.6666
70.9421	14.1029
71.0025	13.9043
71.0629	13.7056
71.1238	13.9813
71.1843	14.1029
71.2457	13.6666
71.3061	14.1029
71.3671	13.7844
71.4275	13.9043
71.489	13.8618
71.5494	13.9043
71.6103	13.7844
71.6718	13.8618
71.7327	13.7844
71.7931	14.1029
71.8535	13.7056
71.9139	13.7056
71.9754	13.6666
72.0364	13.9813
72.0978	14.057
72.1582	14.1029
72.2186	13.9043
72.2795	13.8011
72.3399	15.4933
72.4003	17.281
72.4607	15.096
72.5212	15.096
72.5816	16.0892
72.642	15.8906
72.7024	15.096
72.7628	15.2947
72.8243	15.2285
72.8852	15.3597
72.9467	14.838
73.0076	14.9659
73.068	15.096
73.129	14.5721
73.1894	14.6988
73.2498	14.8974
73.3107	14.3751
73.3717	14.5721
73.4321	14.5001
73.493	14.3751
73.5534	14.5001
73.6138	14.5001
73.6743	14.3015
73.7352	14.1782
73.7956	14.5001
73.856	14.1029
73.9175	14.0627
73.9832	13.6986
74.0435	14.5186
74.1037	14.5408
74.164	15.1383
74.2249	14.5721
74.2859	15.1628
74.3468	15.5567
74.4072	14.8974
74.4682	15.3597
74.5291	15.1628
74.59	15.5567
74.6504	15.6919
74.7114	15.3597
74.7718	16.0892
74.8322	15.2947
74.8926	16.0892
74.953	16.0892
75.0142	18.6499
75.0742	18.9761
75.1345	18.7237
75.1946	18.5766
75.2546	19.7751
75.3149	18.9229
75.3751	16.931
75.4361	15.7536
75.4965	14.6988
75.5569	14.3015
75.6184	13.4713
75.6787	12.7228
75.74	8.61808
75.8004	11.7193
75.8608	10.7261
75.9217	8.86498
75.9825	7.10349
76.044	7.419
76.1047	6.12868
76.1659	5.88439
76.2263	5.76033
76.2883	5.80747
76.3487	5.76269
76.4096	5.70836
76.47	5.5617
76.5315	5.66187
76.593	5.66187
76.6544	5.46663
76.7154	5.51375
76.7758	5.5617
76.8373	5.46663
76.8992	5.4203
76.9949	3.38875
77.2337	0.0502352
77.3146	0.889975
77.405	3.18735
77.4654	7.74982
77.5573	4.17919
77.6177	6.95213
77.6781	7.94853
77.7384	5.37064
77.8067	5.79743
77.8787	6.00391
77.9401	6.05234
78.0026	5.75866
78.0667	5.99153
78.1298	5.90103
78.1902	5.95896
78.2506	6.1576
78.311	5.76033
78.3719	6.10451
78.4329	5.90759
78.4943	5.8571
78.5558	5.8571
78.6178	5.80747
78.6803	5.75866
78.7412	6.10451
78.8038	6.14257
78.8642	6.1576
78.9246	6.1576
78.9871	5.75866
79.048	6.30143
79.1085	6.1576
79.1699	5.66187
79.2303	5.95896
79.2907	6.1576
79.3512	5.76033
79.4131	6.19463
79.4741	5.90759
79.5345	6.1576
79.5949	5.95896
79.658	5.52032
79.7194	5.8571
79.7804	6.10451
79.8439	5.66348
79.9043	6.1576
79.9679	5.85226
80.0299	5.80747
80.0903	6.1576
80.1512	5.90759
80.2127	5.66414
80.2747	6.19217
80.3367	5.80747
80.3976	5.90759
80.458	6.1576
80.5184	5.95896
80.5794	5.90759
80.6403	5.90759
80.7023	6.00105
80.7632	5.90759
80.8242	5.90759
80.8851	5.90999
80.9482	6.089
81.0091	5.90759
81.07	5.90759
81.131	6.10451
81.194	5.90103
81.255	5.90759
81.3159	5.90999
81.3763	5.95896
81.4372	5.9052
81.4992	5.80747
81.5602	5.90759
81.6222	5.80747
81.6842	5.80747
81.7451	5.90759
81.8087	6.22983
81.8717	6.09139
81.9337	6.19463
81.9941	6.55486
82.0571	6.09139
82.1191	6.19463
82.1795	6.55486
82.2426	6.09139
82.303	6.95213
82.3634	6.55486
82.4243	6.69527
82.4858	6.44281
82.5473	6.83329
82.6093	6.96896
82.6723	7.04317
82.7343	6.96896
82.7947	6.95213
82.8562	7.02852
82.9166	7.34939
82.977	7.54802
83.039	7.16254
83.102	7.42678
83.1629	8.86498
83.2233	9.53434
83.2853	9.87269
83.3457	9.13708
83.4061	10.3289
83.4681	9.48553
83.5301	9.29194
83.5905	9.93161
83.652	9.76184
83.7129	10.0429
83.7739	9.64907
83.8353	9.95707
83.8957	9.93972
83.9561	11.3267
84.0176	10.1381
84.0792	10.3329
84.1412	9.87269
84.2021	10.6337
84.2625	10.1302
84.3245	10.647
84.3849	10.5275
84.4454	10.3289
84.5068	10.3475
84.5672	10.9248
84.6276	10.3289
84.6896	10.8406
84.7516	10.2599
84.8126	11.0275
84.873	10.5275
84.9334	10.9248
84.9948	10.9333
85.0553	10.5275
85.1157	10.5275
85.1761	10.9248
85.2386	10.7495
85.3006	10.8406
85.3621	11.1285
85.423	11.0275
85.4834	10.9248
85.5438	10.7261
85.6048	11.0275
85.6652	10.9248
85.7256	10.9248
85.786	10.9248
85.8464	10.9248
85.9068	10.9248
85.9678	11.0275
86.0282	10.9248
86.0896	11.1285
86.1501	10.9248
86.2105	10.9248
86.2714	11.0275
86.3323	11.0275
86.3933	11.0275
86.4537	10.9248
86.5141	10.9248
86.575	11.0275
86.636	11.0275
86.6969	11.0275
86.7584	10.9333
86.8188	10.9248
86.8792	10.9248
86.9396	10.9248
87	10.9248
87.061	11.0275
87.1219	11.0275
87.1823	10.9248
87.2438	10.738
87.3047	11.0275
87.3657	11.0275
87.4261	10.9248
87.4875	10.738
87.5485	11.0275
87.6094	11.0275
87.6698	10.9248
87.7308	10.8306
87.7917	11.2244
87.8521	11.322
87.9136	11.1285
87.9745	11.0275
88.0349	11.322
88.0964	11.1285
88.1568	11.322
88.2172	10.9248
88.2776	11.322
88.3391	11.1285
88.3995	11.322
88.4599	10.9248
88.5204	11.322
88.5818	11.1285
88.6422	11.1234
88.7032	11.0275
88.7636	10.9248
88.825	10.738
88.8865	10.9333
88.9474	11.0275
89.0084	11.0275
89.0693	10.8306
89.1297	10.9248
89.1901	10.7261
89.2506	10.7261
89.3109	10.7349
89.3726	9.34626
89.4335	11.6183
89.4944	10.8306
89.5559	10.738
89.6174	11.3237
89.6783	10.4367
89.7387	11.5207
89.7991	10.5275
89.8595	11.5207
89.92	10.7261
89.9809	10.6337
90.0413	11.5207
90.1017	10.7261
90.1621	10.9248
90.2225	11.1234
90.284	10.738
90.3449	10.8306
90.4059	11.0275
90.4663	11.1234
90.5278	10.738
90.5887	11.0275
90.6491	11.1234
90.7106	10.738
90.771	10.9248
90.8314	10.9248
90.8923	10.8306
90.9528	11.1234
91.0147	10.8406
91.0762	11.1285
91.1366	10.9248
91.197	10.9248
91.2585	10.9333
91.3194	10.8306
91.3809	10.738
91.4418	10.8306
91.5028	11.0275
91.5642	10.9376
91.6246	12.1314
91.6891	9.84722
91.7506	11.9126
91.8111	11.5004
91.8715	10.7222
91.9326	12.1851
91.993	12.3152
92.0534	11.5207
92.1138	12.5138
92.1743	11.9179
92.2357	12.4952
92.2961	12.7125
92.3574	12.9211
92.4177	13.3456
92.4788	14.1347
92.5389	13.9824
92.5991	14.5408
92.6602	14.1347
92.7203	14.9811
92.7804	14.3819
92.8406	14.3416
92.9012	15.4453
92.9613	14.9811
93.0216	15.1383
93.0843	14.1622
93.1445	14.74
93.2075	11.9924
93.2695	8.91542
93.3304	6.89498
93.3924	10.8406
93.4591	10.7918
93.5195	11.1234
93.5815	9.87269
93.6429	11.3237
93.7034	11.9179
93.7654	9.09836
93.8258	12.1166
93.8862	12.1166
93.9464	9.76025
94.0081	12.0678
94.0702	12.5449
94.1305	12.7481
94.1921	10.9
94.2522	12.9837
94.3175	12.4907
94.3778	12.7481
94.4379	11.1859
94.4979	13.3831
94.5582	13.9432
94.6183	10.5867
94.6794	13.5457
94.7396	9.95944
94.8	11.1234
94.8603	8.16392
94.9326	3.48555
94.993	7.74665
95.0802	4.67862
95.1406	7.15076
95.2011	8.34255
95.2887	3.69625
95.3611	5.64023
95.4358	6.41961
95.5088	6.57344
95.5693	6.95213
95.6312	5.61388
95.6974	6.52649
95.7594	5.61388
95.8225	6.4721
95.8839	5.8571
95.948	5.99153
96.009	6.49835
96.073	5.99153
96.1335	6.35623
96.1986	6.26332
96.2595	6.30143
96.32	6.75349
96.3814	5.66187
96.4455	6.74047
96.5085	5.71067
96.57	6.63805
96.632	5.80747
96.6924	6.1576
96.7555	6.28174
96.8174	5.80747
96.8779	6.35623
96.9383	6.1576
96.9992	5.71067
97.0596	6.35623
97.1216	5.80747
97.182	6.1576
97.243	6.10451
97.3044	5.8571
97.3648	6.1576
97.4279	5.90103
97.4883	5.95896
97.5487	6.1576
97.6112	5.95062
97.6716	5.95896
97.732	5.95896
97.7951	6.09139
97.856	5.90759
97.9191	6.09139
97.9795	6.1576
98.0404	5.90759
98.1029	5.95062
98.1633	6.1576
98.2238	5.76033
98.2842	6.1576
98.3477	5.85226
98.4082	6.1576
98.4696	6.05234
98.5316	5.80747
98.5957	5.99153
98.6587	6.09139
98.7191	6.1576
98.7817	5.95062
98.8426	5.90759
98.9035	5.90759
98.9655	6.19463
99.028	5.95062
99.089	6.30143
99.1499	6.30143
99.2119	6.58179
99.2728	6.30143
99.3348	6.19463
99.3984	6.60739
99.4588	6.55486
99.5192	6.1576
99.5812	6.58179
99.6416	6.55486
99.7036	6.58179
99.7656	6.96896
99.8276	6.77538
99.8906	6.4721
99.9511	6.95213
100.012	6.91948
100.073	6.86512
100.134	6.89219
100.195	7.28603
100.257	6.77538
100.317	7.34939
100.378	7.34939
100.44	7.29431
100.501	7.28603
100.561	7.54802
100.623	7.54971
100.685	7.35612
100.746	7.74665
100.806	8.3562
100.867	6.49835
100.935	7.61423
100.995	8.93845
101.057	6.24758
101.131	7.72148
101.192	8.14392
101.255	7.17374
101.316	8.34255
101.38	7.79995
101.441	7.74665
101.505	8.5428
101.567	7.419
101.628	7.419
101.691	9.02191
101.752	7.419
101.813	7.87679
101.874	8.46755
101.937	7.67822
101.998	7.87679
102.058	7.94529
102.119	8.27063
102.18	7.67987
102.242	7.74329
102.302	8.14392
102.363	7.87679
102.424	8.07371
102.486	7.93687
102.547	7.87679
102.608	7.87679
102.67	8.00471
102.73	8.07698
102.791	9.25898
102.852	9.33571
102.912	10.3289
102.974	9.17613
103.034	9.13708
103.097	10.3656
103.157	8.93845
103.218	10.0429
103.278	9.13708
103.339	9.73298
103.4	9.25523
103.462	8.90478
103.522	10.1302
103.584	8.7112
103.645	8.93845
103.705	9.73298
103.765	8.93845
103.827	8.78565
103.888	9.37136
103.95	8.90478
104.011	8.73981
104.072	9.25523
104.132	9.13708
104.192	8.77472
104.252	8.78124
104.314	8.78565
104.375	9.05831
104.435	8.93845
104.497	8.78565
104.557	8.73981
104.617	8.93845
104.68	8.63799
104.74	8.93845
104.801	8.73981
104.863	8.7112
104.923	8.93845
104.984	8.66447
105.046	8.78565
105.106	8.93845
105.166	8.73981
105.227	8.73981
105.288	8.78565
105.35	8.78565
105.411	8.98089
105.473	8.98089
105.534	9.05831
105.594	8.93845
105.654	8.93845
105.715	9.05831
105.777	9.17613
105.839	8.90478
105.9	9.05831
105.961	9.17613
106.022	9.45215
106.084	9.29194
106.145	9.25523
106.207	9.29194
106.269	9.29194
106.329	9.33571
106.391	9.67911
106.453	9.5666
106.513	9.53434
106.574	9.84599
106.636	9.48553
106.698	9.95707
106.759	9.84599
106.819	9.73695
106.88	11.82
106.94	13.3084
107.001	11.6183
107.064	11.5173
107.125	13.1936
107.186	11.6183
107.246	11.7193
107.307	12.3152
107.367	12.7998
107.428	12.0121
107.489	12.1166
107.55	12.0121
107.61	12.1215
107.671	10.5361
107.737	12.1465
107.798	12.6029
107.859	12.0121
107.919	13.7056
107.979	11.1234
108.044	12.8142
108.105	12.4059
108.165	13.3084
108.226	12.0121
108.287	13.3084
108.348	12.209
108.408	12.5138
108.469	13.507
108.529	12.209
108.59	12.9111
108.651	12.9967
108.711	12.7125
108.773	12.6904
108.833	13.3084
108.894	12.6029
108.955	13.0809
109.016	13.3084
109.077	12.7998
109.137	12.9111
109.198	12.9967
109.259	12.9967
109.32	13.3084
109.38	12.9967
109.441	12.9967
109.502	13.3084
109.563	12.9967
109.623	13.3084
109.684	13.3084
109.744	13.3084
109.804	12.9111
109.865	13.3084
109.925	13.3084
109.987	13.0809
110.047	13.3084
110.109	13.0809
110.169	13.3084
110.229	13.3084
110.29	13.3084
110.351	13.0809
110.412	13.3084
110.472	13.3084
110.533	13.1097
110.593	13.3905
110.654	13.1097
110.714	13.3084
110.775	12.9967
110.836	13.3084
110.896	13.3084
110.958	13.0809
111.018	13.3084
111.079	13.1322
111.139	13.1719
111.2	13.3084
111.261	13.0809
111.322	13.3084
111.382	13.3084
111.442	13.3084
111.503	12.9967
111.564	13.1936
111.625	13.3084
111.685	12.9111
111.746	13.3084
111.806	12.9111
111.866	13.3084
111.927	13.1936
111.988	13.1097
112.049	12.9967
112.11	12.9967
112.171	13.2761
112.231	12.9111
112.292	12.9111
112.352	12.9111
112.413	12.7125
112.473	12.9111
112.534	12.9111
112.594	12.7125
112.654	12.7125
112.715	12.7125
112.776	12.7006
112.837	12.3202
112.897	12.7125
112.957	10.9248
113.019	14.057
113.079	12.3152
113.144	11.8856
113.205	13.8618
113.266	11.6183
113.327	13.7056
113.387	11.9179
113.448	12.1166
113.509	13.2761
113.57	12.209
113.63	13.1097
113.691	12.6029
113.752	12.6029
113.813	12.4059
113.874	12.7998
113.935	12.5138
113.995	12.6029
114.057	12.8856
114.118	12.6029
114.179	12.6904
114.241	12.4952
114.301	12.9111
114.362	12.6029
114.423	12.6029
114.485	12.4952
114.545	12.9111
114.606	12.6029
114.667	12.6029
114.727	12.7125
114.788	12.7125
114.848	12.7125
114.908	12.5138
114.969	12.6029
115.03	12.6029
115.091	12.6029
115.152	12.9164
115.212	14.512
115.272	14.3015
115.333	15.096
115.395	14.5187
115.455	14.1029
115.516	14.3751
115.577	14.6988
115.637	14.1029
115.698	13.9813
115.759	14.1782
115.819	13.9043
115.881	13.6666
115.941	13.7056
116.002	13.507
116.062	13.7056
116.122	13.7056
116.183	13.3084
116.243	13.507
116.304	13.1097
116.364	13.3084
116.425	13.3084
116.486	13.2761
116.547	12.9967
116.607	13.1097
116.668	12.9967
116.729	13.3084
116.789	12.9111
116.85	12.9967
116.91	13.1097
116.971	12.9111
117.032	12.6904
117.093	12.9967
117.154	12.9111
117.215	12.6904
117.275	12.5292
117.336	13.9043
117.396	12.7125
117.458	12.2999
117.519	12.4059
117.579	12.9111
117.641	12.2999
117.701	12.9111
117.762	12.4059
117.823	12.6029
117.884	12.4059
117.945	12.7998
118.006	12.209
118.067	12.7998
118.128	12.6029
118.188	12.5138
118.248	12.7125
118.309	12.5138
118.369	12.7125
118.43	12.5138
118.49	12.9111
118.552	12.4952
118.612	12.5138
118.673	12.6029
118.733	12.7125
118.794	12.5138
118.854	12.9111
118.915	12.5138
118.975	12.6029
119.036	12.4059
119.097	12.6029
119.158	12.9111
119.218	12.5138
119.279	12.5138
119.34	12.6029
119.4	12.7125
119.461	12.6029
119.522	12.6029
119.583	12.6029
119.644	12.6904
119.705	12.728
119.765	12.582
119.825	13.5979
119.885	12.2771
119.945	13.744
120.006	13.1465
120.066	13.9043
120.127	14.1029
120.187	13.3905
120.248	14.3015
120.308	14.1029
120.369	13.9043
120.43	14.769
120.491	13.7844
120.551	14.6988
120.611	14.9392
120.671	17.1784
120.732	15.7359
120.792	16.8314
120.853	17.4255
120.913	16.931
120.974	17.0295
121.034	17.2275
121.094	18.1262
121.155	16.5411
121.215	15.9948
121.276	13.507
121.336	11.5254
121.398	10.9464
121.458	8.73981
121.522	8.61282
121.587	10.0285
121.649	8.44604
121.71	8.86139
121.771	9.64907
121.836	9.28565
121.896	8.73981
121.957	8.34937
122.021	7.6796
122.081	9.13708
122.144	8.06213
122.208	8.98729
122.269	9.25523
122.33	8.66447
122.4	8.69386
122.461	9.05831
122.522	8.98089
122.584	9.17613
122.644	9.13708
122.705	8.54118
122.765	9.73298
122.825	8.34255
122.888	9.78973
122.948	8.54118
123.009	9.93161
123.072	8.37566
123.132	8.93845
123.195	9.40582
123.256	8.59042
123.317	9.45215
123.379	8.7112
123.441	9.37136
123.503	9.29194
123.563	8.93845
123.623	9.53434
123.684	8.93845
123.744	8.93845
123.805	9.33571
123.865	8.93845
123.927	8.78565
123.989	9.29194
124.049	9.05831
124.11	8.93845
124.172	9.02191
124.233	9.33571
124.294	8.78565
124.355	9.05831
124.416	9.05831
124.478	8.90478
124.539	9.33571
124.599	8.93845
124.661	8.90478
124.722	9.05831
124.783	9.05831
124.844	9.05831
124.904	9.33571
124.966	8.78565
125.027	9.17613
125.088	9.33571
125.149	9.17613
125.211	8.90478
125.272	9.05831
125.333	9.64907
125.394	8.86139
125.455	9.05831
125.515	9.33571
125.577	9.17613
125.638	9.05831
125.698	9.05831
125.76	9.29194
125.821	9.05831
125.882	9.05831
125.943	9.33571
126.004	9.17613
126.065	9.05831
126.126	9.05831
126.187	9.33571
126.247	9.13708
126.307	8.93845
126.368	9.05831
126.43	9.17613
126.49	9.33571
126.552	9.17613
126.612	9.73298
126.673	8.86139
126.733	9.33571
126.795	9.29194
126.857	9.37136
126.919	9.02191
126.98	9.73298
127.041	9.45215
127.102	9.37136
127.163	9.45215
127.224	9.45215
127.285	9.25523
127.346	9.95707
127.407	9.45215
127.468	9.53434
127.53	9.40582
127.591	9.14828
127.651	6.95213
127.713	7.61423
127.773	7.94529
127.835	7.35612
127.896	7.67987
127.956	7.74665
128.019	8.06213
128.079	7.94529
128.141	7.61423
128.203	7.93687
128.264	7.8126
128.326	11.1285
128.388	9.21386
128.448	10.3289
128.509	10.0429
128.57	9.53434
128.63	10.7261
128.692	9.76184
128.754	9.67911
128.814	9.93161
128.875	10.0429
128.937	9.76184
128.997	9.53434
129.057	9.73298
129.118	9.93161
129.179	9.45215
129.239	9.53434
129.301	9.48553
129.362	9.73298
129.422	8.87216
129.483	8.16532
129.553	9.37573
129.613	10.9248
129.676	9.59777
129.737	8.27063
129.799	10.647
129.859	9.33571
129.924	9.21077
129.985	10.3289
130.045	8.73981
130.106	10.5275
130.166	8.93845
130.227	10.1302
130.289	8.82995
130.349	9.93161
130.41	9.33571
130.47	9.73298
130.531	9.93161
130.591	8.93845
130.653	10.0663
130.715	9.17613
130.776	9.76184
130.836	9.73298
130.897	9.05831
130.959	10.0663
131.02	9.45215
131.081	10.1302
131.142	9.64907
131.203	9.45215
131.263	9.73298
131.324	9.5666
131.386	9.29194
131.447	9.84599
131.508	9.73298
131.568	9.33571
131.629	9.73298
131.691	9.40582
131.752	9.73298
131.813	9.5666
131.874	9.45215
131.934	9.53434
131.996	9.76184
132.057	9.45215
132.118	9.45215
132.179	9.84599
132.241	9.29194
132.301	9.73298
132.363	9.5666
132.423	9.45215
132.484	9.53434
132.545	9.76184
132.606	9.45598
132.667	9.53045
132.728	9.76184
132.789	9.45215
132.85	9.45215
132.912	9.67911
132.973	9.45598
133.033	9.53045
133.094	9.73298
133.154	9.33571
133.215	9.73298
133.276	9.5666
133.337	9.45215
133.397	9.73298
133.459	9.5666
133.52	9.45215
133.58	9.73298
133.643	9.40582
133.703	9.73298
133.764	9.33571
133.824	9.73298
133.884	9.73298
133.945	9.33571
134.005	9.73298
134.066	9.73298
134.128	9.78973
134.19	9.76184
134.251	9.84599
134.311	9.84599
134.372	9.73298
134.433	9.95707
134.495	9.76184
134.555	10.1302
134.616	9.84599
134.677	10.0429
134.738	10.1302
134.798	9.84599
134.859	9.93161
134.919	10.1302
134.981	10.1523
135.041	9.94379
135.102	11.9179
135.162	9.93161
135.222	10.3289
135.283	10.4367
135.344	9.61754
135.406	10.8406
135.467	9.93161
135.528	10.5428
135.59	9.76184
135.651	10.738
135.714	9.98168
135.774	10.3289
135.835	10.5275
135.896	9.95707
135.957	10.5428
136.018	10.3289
136.078	10.3289
136.139	10.2398
136.2	10.2398
136.263	10.3656
136.324	10.3475
136.386	10.5428
136.448	10.0663
136.508	10.5275
136.569	10.1523
136.63	10.2398
136.691	10.3289
136.751	10.1302
136.813	10.4534
136.874	10.5275
136.934	10.1302
136.994	10.3289
137.055	10.2398
137.117	10.3475
137.178	10.4367
137.238	10.3289
137.299	10.1302
137.36	10.1564
137.42	11.9277
137.482	11.9094
137.542	13.1097
137.604	12.1047
137.664	11.9179
137.725	12.9967
137.787	11.7142
137.848	11.7142
137.908	12.3152
137.969	11.5207
138.03	11.4213
138.09	11.5207
138.151	11.8152
138.212	11.1234
138.273	11.3237
138.333	11.322
138.394	11.2244
138.455	11.0275
138.516	11.1234
138.577	11.0275
138.638	10.8306
138.698	10.9248
138.758	10.9248
138.819	10.7261
138.879	10.9248
138.94	10.6337
139.001	10.7261
139.062	10.6337
139.123	10.6337
139.184	10.5428
139.245	10.6337
139.306	10.5428
139.367	10.6337
139.428	9.6608
139.489	7.87679
139.551	9.37136
139.612	8.19994
139.672	8.54118
139.733	8.86139
139.794	8.66447
139.856	8.78565
139.917	8.78565
139.979	9.17613
140.04	9.05831
140.101	9.17613
140.162	9.33571
140.222	9.33571
140.282	9.33571
140.343	9.33571
140.405	9.59777
140.467	9.5666
140.528	9.45215
140.588	9.77185
140.648	9.57954
140.708	10.1302
140.769	9.73298
140.83	9.5666
140.891	10.1302
140.952	9.84599
141.012	10.1427
141.072	12.9111
141.133	11.7193
141.193	12.9111
141.254	11.5207
141.316	11.4213
141.377	12.1047
141.438	11.5207
141.499	11.3237
141.56	11.519
141.621	11.5207
141.682	11.2244
141.743	11.519
141.805	11.3237
141.866	10.9333
141.927	11.322
141.987	11.1234
142.047	10.9248
142.109	10.9333
142.169	10.9248
142.23	10.7261
142.29	10.9248
142.351	10.7261
142.411	10.638
142.472	10.9203
142.533	10.738
142.594	10.5318
142.655	10.4325
142.715	10.5275
142.776	10.2523
142.837	9.07218
142.898	11.1285
142.959	10.7261
143.019	9.33571
143.08	11.5207
143.14	10.1302
143.201	10.9333
143.262	10.5275
143.322	11.1234
143.383	10.1302
143.444	11.4213
143.504	10.3289
143.565	11.519
143.626	10.4367
143.687	11.4213
143.748	10.6337
143.809	10.9248
143.869	11.322
143.93	10.9248
143.99	11.1234
144.05	11.322
144.111	10.9248
144.171	11.322
144.232	11.322
144.293	11.1285
144.354	11.0275
144.414	11.5207
144.475	11.1234
144.536	11.2244
144.596	11.322
144.657	11.322
144.718	11.2244
144.778	11.2244
144.839	11.322
144.9	11.4213
144.961	11.4213
145.021	11.7193
145.083	11.1285
145.144	11.4213
145.205	11.4213
145.265	11.5207
145.325	11.5207
145.386	11.4213
145.447	11.322
145.508	11.4213
145.569	11.519
145.63	11.4213
145.69	11.322
145.751	11.4213
145.813	11.519
145.874	11.4213
145.935	11.3237
145.996	11.5207
146.057	11.4213
146.117	11.5207
146.178	11.3237
146.24	11.3237
146.301	11.4213
146.362	11.4213
146.423	11.4213
146.484	11.4213
146.545	11.4213
146.606	11.4213
146.667	11.4213
146.727	11.4213
146.788	11.4213
146.849	11.4213
146.91	11.4213
146.971	11.4213
147.032	11.4213
147.093	11.4213
147.154	11.4213
147.215	11.4213
147.276	11.519
147.337	11.4213
147.399	11.3237
147.459	11.322
147.521	11.1285
147.581	11.322
147.642	11.1234
147.703	11.1285
147.763	11.1234
147.824	11.0275
147.885	11.0275
147.947	11.1285
148.007	11.1234
148.068	11.322
148.129	10.8306
148.19	10.9376
148.251	8.87576
148.312	11.2179
148.372	9.78597
148.432	8.73621
148.499	9.71051
148.561	10.3928
148.621	9.19859
148.684	9.21386
148.744	10.3289
148.805	8.46755
148.867	9.5666
148.928	9.76184
148.989	8.14392
149.05	9.84599
149.219	0.779389
149.489	0.0888702
149.56	0.843793
149.631	1.53013
149.702	3.532
149.774	7.52072
149.835	11.2244
149.895	11.9179
149.958	10.5659
150.019	9.37136
150.079	9.93161
150.141	9.76184
150.202	9.45215
150.262	9.73298
150.323	10.1302
150.383	10.1302
150.444	10.0429
150.505	10.0429
150.566	10.1523
150.627	10.2398
150.688	10.4367
150.749	10.3289
150.809	10.5275
150.87	10.6337
150.931	10.6337
150.992	10.738
151.053	10.9248
151.114	10.6337
151.175	10.738
151.236	11.0364
151.297	12.9164
151.358	13.7844
151.418	12.6029
151.479	13.507
151.54	12.7998
151.601	12.4952
151.662	12.9111
151.722	13.1097
151.783	12.3152
151.843	12.5138
151.903	12.3152
151.964	12.3152
152.025	12.2999
152.087	12.1047
152.148	12.209
152.209	12.0121
152.27	12.1047
152.331	12.209
152.392	12.209
152.452	11.9179
152.513	11.8152
152.574	11.7289
152.634	11.2582
152.695	11.7241
152.755	11.1156
152.816	12.6029
152.877	11.6183
152.939	12.2999
153.001	12.2851
153.064	11.7093
153.124	12.9111
153.187	11.5173
153.247	12.9111
153.308	12.0121
153.368	12.5138
153.429	12.5138
153.489	11.7241
153.55	12.7946
153.611	12.209
153.671	12.5138
153.732	12.9111
153.792	12.1166
153.853	12.4059
153.914	12.6029
153.976	12.2999
154.036	12.9111
154.096	12.3152
154.157	12.5138
154.218	12.6904
154.279	12.6029
154.34	12.6029
154.401	12.6029
154.462	12.9111
154.522	12.9111
154.582	12.5138
154.643	12.9111
154.703	12.5138
154.764	12.9111
154.824	12.9111
154.885	12.6904
154.946	12.9111
155.006	12.9111
155.067	12.9967
155.128	12.9111
155.188	12.9111
155.248	12.9111
155.309	12.9111
155.369	12.9111
155.43	12.9111
155.49	12.9111
155.551	12.9111
155.611	12.9111
155.671	12.9111
155.732	12.9111
155.792	12.9111
155.853	12.9111
155.913	12.9111
155.973	12.9111
156.034	12.9111
156.094	12.9111
156.155	12.9111
156.215	12.9111
156.275	12.9111
156.336	12.9111
156.396	12.7125
156.458	12.6904
156.518	12.9111
156.579	12.5138
156.64	12.6904
156.701	12.6029
156.762	12.6029
156.822	12.9111
156.884	12.6904
156.944	12.7125
157.005	12.7125
157.066	12.6029
157.126	12.7125
157.187	12.6029
157.248	12.6029
157.308	12.7125
157.369	12.7125
157.429	12.3152
157.49	12.6029
157.55	12.5138
157.611	12.3152
157.672	12.2999
157.733	12.5138
157.793	12.3152
157.854	12.1166
157.915	12.2999
157.975	12.1314
158.037	12.1705
158.097	12.0594
158.158	12.4404
158.218	12.9111
158.279	11.9179
158.339	12.7125
158.4	11.9179
158.46	12.5138
158.52	11.9179
158.581	12.5138
158.641	12.3152
158.703	11.9094
158.763	12.7125
158.825	11.8085
158.886	12.1166
158.946	12.6029
159.007	12.0121
159.068	12.209
159.129	12.3152
159.189	12.1166
159.25	12.5138
159.311	12.209
159.372	12.1047
159.432	12.5138
159.494	12.1047
159.555	12.209
159.616	12.209
159.677	12.2999
159.738	12.3152
159.798	12.1166
159.858	12.5138
159.92	11.9142
159.981	12.2041
160.042	12.209
160.102	12.3152
160.163	12.1166
160.224	12.209
160.285	11.9286
160.346	12.3327
160.408	12.2999
160.468	12.5138
160.529	12.3152
160.59	12.1047
160.65	12.3152
160.712	12.2999
160.772	12.3152
160.834	12.3893
160.895	11.9179
160.955	12.7125
161.016	12.1166
161.076	12.3152
161.137	12.209
161.198	12.1047
161.26	12.2999
161.32	12.3152
161.381	12.209
161.442	12.0121
161.503	12.5138
161.563	12.5138
161.624	12.0121
161.685	12.209
161.746	12.2999
161.807	12.1166
161.867	12.3152
161.928	12.209
161.989	12.209
162.049	12.3152
162.11	12.209
162.172	12.2999
162.232	12.3152
162.294	12.1047
162.355	12.209
162.416	12.0121
162.476	12.3152
162.537	11.9142
162.598	10.9292
162.658	12.1414
162.718	12.9111
162.779	11.9179
162.839	12.7125
162.9	12.1166
162.962	12.3893
163.022	12.1166
163.083	12.6029
163.144	11.6183
163.204	13.3084
163.265	11.5207
163.325	12.3152
163.386	12.6029
163.447	11.9179
163.507	12.1166
163.568	12.8856
163.629	12.1166
163.689	12.1166
163.75	12.0121
163.811	12.5138
163.871	12.5138
163.932	12.0121
163.993	12.2999
164.054	12.1166
164.114	12.3152
164.175	12.1166
164.235	12.5138
164.296	12.209
164.358	12.1047
164.418	12.209
164.48	12.2999
164.54	12.1166
164.601	12.1166
164.662	12.209
164.723	12.1047
164.784	12.1166
164.844	12.5241
164.905	13.8674
164.966	15.096
165.026	14.3015
165.087	13.507
165.148	14.4475
165.209	14.1782
165.269	13.9043
165.33	13.3905
165.391	13.9043
165.451	13.507
165.513	13.2761
165.574	13.3905
165.635	13.2761
165.695	13.3084
165.756	13.1097
165.816	12.9111
165.877	13.1097
165.937	12.9111
165.997	12.9627
166.058	12.6621
166.118	12.9111
166.18	12.6904
166.24	12.7125
166.301	12.6029
166.362	12.6029
166.424	12.4952
166.485	12.6029
166.545	12.6029
166.606	12.5138
166.667	12.4059
166.728	12.6029
166.789	12.209
166.849	12.3152
166.909	12.3152
166.97	12.5138
167.03	11.7337
167.091	9.64907
167.152	10.7261
167.215	10.2792
167.275	10.5275
167.335	10.9248
167.396	10.2398
167.458	10.738
167.518	11.322
167.579	10.9248
167.639	10.9248
167.7	10.9248
167.76	11.6183
167.821	11.2244
167.882	11.322
167.942	11.322
168.003	11.7193
168.064	11.519
168.125	11.4213
168.185	11.7193
168.246	12.1166
168.307	11.519
168.369	11.9094
168.429	11.7193
168.49	11.8152
168.551	12.209
168.613	11.7142
168.673	11.8152
168.735	11.9094
168.796	11.8152
168.857	11.8152
168.918	11.8152
168.979	11.5329
169.039	9.94827
169.101	11.1919
169.162	11.5741
169.223	10.6298
169.284	10.9867
169.344	11.322
169.405	10.5275
169.465	10.7261
169.527	10.9333
169.587	10.1302
169.648	10.738
169.962	1.76176
170.233	0.0886348
170.304	0.843793
170.375	1.51561
170.446	3.53387
170.516	7.69139
170.577	12.1166
170.637	13.9156
170.698	12.6182
170.758	13.9043
170.819	16.8837
170.881	14.5886
170.942	14.769
171.003	15.6919
171.064	15.0332
171.125	15.4933
171.185	14.8974
171.245	14.6988
171.306	14.7108
171.366	13.7313
171.427	14.9659
171.487	14.8974
171.548	15.096
171.608	14.8974
171.669	15.096
171.73	15.0332
171.791	14.8974
171.852	14.9659
171.912	14.6988
171.972	15.2947
172.033	14.8974
172.093	15.2947
172.154	14.769
172.215	14.8974
172.275	14.8974
172.335	14.8974
172.396	14.8974
172.457	14.6428
172.518	15.096
172.578	14.8974
172.638	15.2947
172.699	14.8974
172.759	14.8974
172.82	15.2947
172.88	14.8974
172.941	15.2947
173.001	14.8974
173.061	14.6988
173.122	15.2947
173.182	14.8974
173.243	14.5001
173.303	15.2947
173.365	14.6428
173.425	14.8974
173.485	14.8974
173.546	14.8974
173.607	14.6428
173.668	15.2947
173.729	14.6428
173.79	14.8974
173.85	14.8974
173.91	14.8974
173.972	14.6428
174.032	15.2947
174.094	14.6428
174.154	14.8974
174.214	14.8974
174.275	14.8974
174.335	14.8974
174.396	14.8974
174.457	14.6428
174.518	14.9659
174.579	14.9659
174.639	14.8974
174.7	14.8974
174.76	14.8974
174.822	14.6428
174.883	14.9659
174.944	14.9659
175.004	14.8974
175.064	14.8974
175.125	14.8974
175.186	14.6428
175.247	14.9659
175.308	14.8974
175.369	14.6428
175.43	15.2947
175.491	14.6428
175.551	14.6988
175.612	14.9659
175.673	14.8974
175.733	14.8974
175.794	14.769
175.855	14.6988
175.916	14.4475
175.976	14.8974
176.037	14.3015
176.097	14.5001
176.158	14.3751
176.219	14.5721
176.28	14.5001
176.34	14.3015
176.4	14.5001
176.461	14.3015
176.521	14.1029
176.583	14.057
176.644	14.2523
176.705	14.3015
176.765	13.9043
176.825	14.1029
176.887	13.6721
176.947	15.9036
177.007	12.9473
177.068	14.6988
177.128	13.507
177.189	14.1782
177.25	14.3015
177.31	13.507
177.37	14.1029
177.432	14.057
177.492	13.7056
177.553	13.9043
177.614	13.8618
177.675	13.9813
177.736	14.1029
177.796	13.507
177.857	13.8618
177.918	13.9043
177.979	13.9162
178.039	13.9702
178.1	13.9043
178.16	13.7056
178.22	14.1029
178.282	13.6666
178.343	13.8618
178.404	13.7844
178.465	13.7844
178.526	14.1029
178.586	13.507
178.647	13.7844
178.708	13.8618
178.769	14.1782
178.83	14.1029
178.891	13.5875
178.951	14.1029
179.012	13.7224
179.072	13.3179
179.134	14.1677
179.194	13.7112
179.255	13.8986
179.315	13.507
179.376	13.5875
179.436	13.7056
179.497	13.507
179.558	13.3905
179.618	13.507
179.68	13.4713
179.74	13.1097
179.8	13.3084
179.862	13.2761
179.922	13.3084
179.983	13.507
180.043	12.9111
180.105	13.0809
180.165	12.9967
180.226	13.1097
180.287	13.0809
180.349	13.2761
180.41	12.9967
180.471	12.9967
180.531	12.9111
180.592	13.1097
180.652	12.9111
180.712	12.9111
180.773	12.9967
180.834	12.9967
180.895	12.9111
180.956	12.7998
181.016	12.9111
181.077	12.7998
181.137	12.7125
181.198	12.9111
181.258	12.5138
181.319	12.9111
181.38	12.6904
181.44	12.7125
181.501	12.7125
181.561	12.9111
181.622	12.6029
181.683	12.9111
181.744	12.6904
181.805	12.9967
181.865	12.9111
181.926	12.9111
181.986	12.9111
182.047	12.9111
182.107	12.9111
182.168	12.9111
182.228	12.9111
182.288	12.9111
182.349	12.9111
182.409	12.9111
182.47	12.9111
182.53	12.9111
182.59	12.9111
182.651	12.9111
182.711	12.9111
182.772	12.9967
182.833	12.9111
182.893	12.9111
182.953	12.9111
183.014	12.9111
183.074	12.9111
183.135	12.9111
183.195	12.9111
183.255	12.9111
183.316	12.9111
183.376	12.9111
183.437	12.9111
183.497	12.9111
183.558	12.9111
183.618	12.9111
183.679	12.8856
183.74	12.9967
183.801	12.9111
183.861	12.7125
183.923	12.6904
183.984	13.0809
184.045	12.9111
184.106	12.6904
184.166	13.1097
184.227	12.7998
184.288	12.7125
184.349	13.0809
184.41	12.9967
184.471	13.1151
184.531	14.512
184.592	14.769
184.652	15.6919
184.713	15.096
184.774	14.838
184.835	15.096
184.895	14.9659
184.956	14.769
185.017	14.6988
185.078	14.6428
185.14	14.838
185.2	14.5001
185.262	14.2695
185.322	13.4266
185.384	15.4237
185.445	14.3751
185.506	15.0332
185.567	15.2947
185.627	14.3015
185.688	15.3597
185.748	14.8974
185.809	15.096
185.869	14.8974
185.93	14.5001
185.99	15.4933
186.051	14.6428
186.112	15.2947
186.172	15.2947
186.234	14.838
186.294	15.2947
186.355	14.9659
186.416	14.8974
186.476	15.2947
186.536	15.2947
186.597	15.096
186.657	14.8974
186.719	15.4237
186.78	15.3597
186.84	15.2947
186.901	14.9659
186.961	15.6919
187.022	15.2947
187.083	15.4237
187.144	15.3597
187.205	15.6919
187.265	15.2947
187.325	15.2947
187.386	15.6919
187.447	15.4237
187.508	15.6919
187.568	15.2947
187.629	15.6919
187.689	15.6919
187.75	15.4237
187.811	15.6919
187.871	15.2947
187.932	15.6919
187.992	15.6919
188.053	15.3597
188.113	15.6919
188.175	15.4237
188.235	15.6919
188.297	15.4237
188.357	15.6919
188.419	15.4237
188.479	15.6919
188.541	15.4237
188.601	15.6919
188.661	15.2947
188.722	15.7536
188.783	15.6919
188.843	15.6919
188.904	15.6919
188.964	15.6919
189.024	15.6919
189.085	15.6919
189.145	15.6919
189.206	15.6919
189.266	15.6919
189.326	15.6919
189.387	15.4933
189.447	15.2947
189.508	15.2947
189.568	15.2947
189.63	15.2285
189.69	15.6919
189.75	15.2947
189.811	15.2947
189.871	15.2947
189.932	15.096
189.992	15.2947
190.052	14.8974
190.113	14.7168
190.179	14.7575
190.239	14.8974
190.3	15.0746
190.362	15.293
190.423	15.096
190.483	14.8974
190.544	14.9659
190.605	15.096
190.665	14.5001
190.725	15.096
190.786	14.8974
190.846	14.6988
190.907	15.2947
190.967	14.5001
191.027	14.6988
191.088	15.2947
191.149	14.5721
191.21	14.769
191.27	14.8974
191.332	15.0332
191.392	14.6988
191.453	14.6428
191.515	15.0332
191.576	14.9659
191.637	14.838
191.699	14.6428
191.759	14.8974
191.82	14.8974
191.88	14.8974
191.94	14.6988
192.001	14.5721
192.062	14.8974
192.122	14.8974
192.183	14.8974
192.244	14.9659
192.304	14.8974
192.365	14.9659
192.425	14.8974
192.486	14.8974
192.546	14.8974
192.607	15.2947
192.667	14.7108
192.732	13.5628
192.793	15.4933
192.854	14.4475
192.915	15.8906
192.976	14.1782
193.037	15.1628
193.097	14.8974
193.158	15.1628
193.218	14.5001
193.28	15.2285
193.34	14.5001
193.401	15.4933
193.462	14.6428
193.523	14.3751
193.583	15.2947
193.644	14.8974
193.704	14.8974
193.765	14.6988
193.826	14.9659
193.886	14.6988
193.947	14.6428
194.008	14.9659
194.07	15.0332
194.13	14.6988
194.191	14.8974
194.251	14.8974
194.313	14.6428
194.373	14.8974
194.434	14.5721
194.494	14.6988
194.555	14.8974
194.616	14.9659
194.676	14.8974
194.737	14.8974
194.797	14.8974
194.857	14.8974
194.919	15.0332
194.98	14.9659
195.04	14.6988
195.101	14.7108
195.161	14.7447
195.221	15.3375
195.281	14.6988
195.342	15.096
195.402	14.8974
195.463	14.6988
195.524	14.6428
195.585	14.6988
195.645	14.3015
195.705	14.5001
195.766	14.3751
195.827	14.5721
195.888	14.5001
195.948	13.9043
196.008	14.5001
196.069	14.3015
196.129	14.1029
196.191	14.2523
196.251	13.9043
196.312	14.1029
196.372	14.5001
196.433	13.5875
196.494	14.1782
196.554	14.1029
196.615	13.7844
196.677	14.057
196.737	14.1029
196.799	13.8618
196.859	14.1029
196.919	14.1029
196.98	13.9813
197.041	14.1029
197.102	13.5875
197.163	13.7844
197.224	13.6666
197.285	13.7844
197.345	14.1029
197.406	13.5875
197.468	13.6666
197.529	13.7844
197.59	13.7844
197.651	13.7844
197.711	13.7056
197.771	13.7056
197.832	13.7844
197.893	13.7844
197.954	14.1029
198.014	13.7056
198.075	13.7056
198.135	13.7056
198.195	13.7056
198.256	13.7844
198.317	13.7056
198.378	13.7844
198.439	13.7844
198.5	13.7844
198.56	13.7056
198.62	13.7056
198.681	13.7844
198.742	13.7844
198.803	13.7844
198.864	13.7056
198.924	13.7056
198.985	13.7844
199.046	13.7844
199.107	13.7844
199.167	13.7056
199.228	13.7844
199.289	13.7056
199.35	13.8618
199.411	14.1029
199.471	13.7056
199.531	14.1029
199.592	13.7056
199.652	14.1029
199.713	13.7056
199.773	13.9043
199.834	13.7844
199.894	14.1029
199.955	13.7844
200.016	14.1029
200.077	13.5875
200.138	13.8618
200.199	13.7844
200.26	13.7844
200.32	14.1029
200.381	13.507
200.442	13.7844
200.503	13.8618
200.564	13.9043
200.658	3.79045
