110.248	1.05822
110.379	1.65794
110.52	3.06842
110.679	5.41011
110.741	23.2299
110.879	2.09246
110.94	11.9496
111.094	3.12698
111.889	0.407165
111.99	0.11876
112.091	1.06884
112.192	2.969
112.294	8.907
112.395	9.57129
112.496	9.97739
112.597	10.4525
112.716	9.41971
112.83	10.3572
112.891	13.7056
112.965	5.34616
113.025	12.5138
113.105	6.80743
113.166	11.7142
113.252	7.38209
113.313	11.2244
113.408	7.99494
113.468	9.53434
113.571	9.09046
113.631	8.34255
113.743	9.69737
113.804	7.87679
113.924	9.91854
113.986	7.16254
114.046	20.8564
114.112	0.362583
114.175	6.4721
114.236	20.4591
114.309	2.44743
114.372	5.90103
114.548	5.95119
114.608	12.9111
114.695	6.05469
114.756	11.919
114.846	6.6027
114.907	11.9179
115.001	6.85281
115.062	11.9179
115.161	7.04722
115.221	11.322
115.324	7.45884
115.384	11.1234
115.493	7.76208
115.554	10.6337
115.667	8.07463
115.73	10.4696
115.845	8.13576
115.909	10.4852
116.026	8.09226
116.087	10.6337
116.212	8.12397
116.273	10.3289
116.401	8.29796
116.463	10.1523
116.596	8.39672
116.659	10.0889
116.793	8.29832
116.854	10.0429
116.915	17.5259
116.993	1.23474
117.053	10.1302
117.114	16.7382
117.195	2.07661
117.256	9.73298
117.316	16.2878
117.401	2.97948
117.463	0.968133
117.523	16.2945
117.607	2.5858
117.667	15.6933
117.75	3.75916
117.811	15.558
117.899	3.9667
117.959	16.4865
118.047	3.67115
118.108	16.7382
118.198	3.60674
118.259	16.9351
118.352	3.61353
118.413	16.9351
118.508	3.78608
118.569	16.9351
118.667	3.90891
118.728	16.9351
118.828	4.08764
118.888	16.4865
118.991	4.42869
119.052	16.5413
119.156	4.38395
119.217	16.5413
119.322	4.56854
119.383	15.9505
119.491	4.88988
119.551	15.7663
119.662	5.19644
119.723	15.6919
119.833	5.19644
119.894	15.3597
120.007	5.33708
120.068	15.5567
120.181	5.31226
120.242	15.3597
120.356	5.26329
120.417	15.5567
120.531	5.26329
120.591	15.3597
120.708	5.37475
120.769	15.3597
120.884	5.39918
120.945	15.3597
121.061	5.37475
121.122	15.3597
121.239	5.35054
121.3	15.3597
121.416	5.35054
121.477	15.3597
121.594	5.35054
121.655	15.3597
121.771	5.35054
121.832	15.3597
121.949	5.35054
122.01	15.3597
122.126	5.35054
122.187	15.3597
122.304	5.35054
122.365	15.3597
122.482	5.35054
122.543	15.3597
122.606	11.2977
122.667	20.6577
122.727	5.16444
122.789	10.8406
122.85	10.6337
122.912	5.03314
122.974	10.8406
123.036	11.0342
123.098	5.03314
123.16	10.8406
123.232	8.60739
123.294	7.35612
123.355	11.2244
123.416	7.87679
123.478	7.74329
123.54	11.2278
123.616	6.18656
123.678	10.8406
123.74	10.8406
123.8	4.9658
123.861	11.0275
123.923	10.8406
123.984	5.31683
124.046	10.8406
124.108	11.1285
124.169	5.11991
124.231	10.8406
124.292	11.2244
124.352	6.35623
124.415	10.0889
124.482	9.81522
124.543	8.27063
124.604	9.64907
124.666	9.95707
124.726	8.34255
124.787	9.5666
124.849	9.87269
124.911	8.51762
124.973	9.48553
125.036	9.78973
125.097	8.86139
125.157	9.33571
125.219	9.95707
125.281	9.09836
125.343	9.02191
125.405	9.87269
125.468	9.40582
125.529	9.25523
125.589	9.73298
125.65	9.73298
125.712	9.02191
125.774	9.76184
125.834	9.73298
125.894	9.73298
125.955	9.25523
126.018	10.1736
126.079	9.37136
126.14	9.25523
126.202	9.87269
126.263	9.93566
126.365	3.39759
126.425	10.1376
126.504	9.59393
126.565	9.93333
126.638	11.1756
126.699	8.46755
126.759	14.9659
126.82	5.31683
126.881	10.4367
126.942	10.6337
127.004	7.61423
127.066	14.5886
127.127	6.49835
127.19	8.37566
127.253	12.7538
127.316	7.99494
127.377	12.9111
127.439	8.32403
127.5	8.07371
127.562	13.8208
127.623	7.67987
127.686	8.1853
127.749	12.861
127.811	8.63799
127.872	9.25523
127.934	11.519
127.996	9.09836
128.057	9.95707
128.118	10.3475
128.179	9.25523
128.242	9.78973
128.302	10.5275
128.363	9.25523
128.424	9.73298
128.485	10.1523
128.547	9.5666
128.608	9.5666
128.669	9.93161
128.731	9.78973
128.792	9.37136
128.856	10.0889
128.916	10.0429
128.978	9.37136
129.041	10.0889
129.103	10.1736
129.165	9.76184
129.225	10.1302
129.286	10.3289
129.348	10.0663
129.41	10.2599
129.471	10.2398
129.532	10.2398
129.592	10.5265
129.654	10.1533
129.717	10.2792
129.777	10.5275
129.839	10.0663
129.9	10.1523
129.962	10.647
130.023	9.93161
130.085	10.0663
130.147	10.0663
130.209	10.1736
130.271	10.0663
130.332	9.93161
130.392	10.3289
130.454	10.1523
130.516	9.98168
130.577	10.2398
130.638	10.6337
130.7	10.4534
130.761	10.5428
130.824	10.6599
130.885	10.6337
130.947	10.8406
131.008	10.7261
131.068	10.7261
131.129	10.7261
131.19	10.6337
131.251	10.6337
131.311	10.6337
131.373	10.4534
131.436	10.3656
131.496	10.3289
131.557	10.2398
131.618	10.2398
131.679	10.2398
131.741	10.0663
131.802	10.2398
131.863	10.2398
131.925	10.1523
131.985	10.3289
132.047	10.4534
132.11	10.2792
132.17	10.7261
132.232	10.5428
132.293	10.6337
132.355	10.8406
132.417	10.8406
132.479	10.8406
132.541	10.7495
132.602	10.7261
132.664	10.8406
132.725	10.6337
132.787	10.4534
132.848	10.6337
132.908	10.4367
132.969	10.2398
133.032	10.3656
133.093	10.1523
133.155	10.0663
133.217	10.0663
133.278	10.4367
133.339	10.2398
133.401	10.1523
133.461	10.7261
133.523	10.647
133.585	10.4534
133.646	10.638
133.708	11.0298
133.771	10.7495
133.831	11.0275
133.892	11.2244
133.953	11.0275
134.014	10.9248
134.076	10.8406
134.138	11.0342
134.2	10.8406
134.261	10.738
134.323	10.5428
134.384	10.8306
134.446	10.4534
134.509	10.4696
134.571	10.647
134.631	10.3289
134.692	10.8306
134.753	10.8306
134.813	10.5275
134.874	11.0275
134.936	10.738
134.998	11.0342
135.059	11.519
135.12	11.2244
135.182	11.519
135.242	11.7193
135.303	11.9094
135.365	11.8085
135.427	11.9094
135.487	11.7193
135.549	11.9562
135.609	11.9744
135.67	11.3237
135.731	11.7193
135.791	11.5207
135.851	11.5207
135.912	11.6183
135.974	11.5329
136.046	1.32538
136.107	11.3303
136.167	11.9228
136.227	8.34327
136.288	11.8162
136.351	10.9424
136.411	12.7125
136.472	12.7998
136.534	11.6149
136.595	12.6029
136.655	11.5207
136.716	11.2244
136.778	11.7142
136.84	10.647
136.902	10.7495
136.963	10.9248
137.024	10.1523
137.085	10.5275
137.147	10.8406
137.209	10.2599
137.27	10.2998
137.332	10.8907
137.393	10.4367
137.455	10.2599
137.517	10.8406
137.578	10.3475
137.64	10.2599
137.702	10.738
137.762	13.9043
137.823	21.8495
137.883	16.5855
137.943	14.8974
138.005	13.8618
138.066	12.2999
138.128	12.6904
138.189	12.0121
138.251	11.2278
138.312	11.519
138.372	11.322
138.435	10.9415
138.497	10.8406
138.557	10.9248
138.618	10.835
138.702	2.56932
138.763	11.137
138.823	11.9179
138.885	8.59042
138.945	10.4385
139.006	10.8315
139.067	9.64907
139.128	10.9248
139.189	9.76184
139.25	10.1302
139.311	11.6183
139.373	9.09836
139.433	10.0416
139.495	11.0356
139.558	9.32743
139.619	12.5138
139.679	8.54118
139.74	9.93161
139.801	12.2999
139.863	8.39518
139.923	10.1302
139.985	11.9094
140.045	8.73981
140.107	9.79359
140.169	11.9047
140.231	8.51762
140.292	10.4367
140.355	11.6117
140.416	8.59042
140.477	12.1166
140.538	9.84599
140.6	9.02191
140.661	12.3152
140.724	9.32743
140.784	9.13708
140.846	12.0021
140.908	9.48553
140.969	9.05831
141.03	12.209
141.09	9.33571
141.151	9.05831
141.212	11.9179
141.273	9.64907
141.334	8.98089
141.395	11.8152
141.456	10.0429
141.517	8.98089
141.578	11.4213
141.641	9.98168
141.703	9.09836
141.764	11.4213
141.826	10.0663
141.886	9.13708
141.947	11.0275
142.008	10.3289
142.068	9.13708
142.129	10.2398
142.19	10.9333
142.252	9.29194
142.313	9.45215
142.375	11.7142
142.437	9.29194
142.498	9.37136
142.56	11.6149
142.622	9.29194
142.684	9.29194
142.745	11.8152
142.807	9.29194
142.869	9.29194
142.931	11.6149
142.993	9.29194
143.055	9.29194
143.116	11.8152
143.178	9.29194
143.24	9.29194
143.302	11.6149
143.364	9.29194
143.426	9.29194
143.488	11.6149
143.549	9.45215
143.611	9.29194
143.673	11.6149
143.735	9.29194
143.797	9.29194
143.859	11.6149
143.92	9.45215
143.982	9.29194
144.044	11.6149
144.106	9.29194
144.168	9.29194
144.23	11.6149
144.292	9.29194
144.353	9.45215
144.415	11.8085
144.477	9.29194
144.539	9.29194
144.6	11.6601
144.662	9.33486
144.724	9.37136
144.785	11.9094
144.846	9.37136
144.907	9.13708
144.969	11.6149
145.031	9.87269
145.093	9.29194
145.155	11.2278
145.217	10.2599
145.277	9.13708
145.339	10.8406
145.4	10.8306
145.462	9.29194
145.523	10.1302
145.584	11.3237
145.646	9.5666
145.708	9.67911
145.769	11.9094
145.829	9.53434
145.89	9.64907
145.951	12.0121
146.012	9.53434
146.073	9.64907
146.135	11.7093
146.196	9.84599
146.258	9.95707
146.318	10.8306
146.379	10.9248
146.441	9.67911
146.502	10.3475
146.565	11.3254
146.626	10.0429
146.687	9.95707
146.748	11.7193
146.808	10.1302
146.869	10.0429
146.945	2.53855
147.005	10.3322
147.066	10.2398
147.126	4.76717
147.187	12.1176
147.254	11.7801
147.315	11.3237
147.377	13.0809
147.439	9.02191
147.501	12.4952
147.563	9.78973
147.624	11.2244
147.685	11.5207
147.745	10.5275
147.806	11.5207
147.866	10.9248
147.926	15.096
147.989	17.3762
148.049	19.2673
148.109	14.1284
148.171	14.4475
148.232	12.2999
148.295	11.3254
148.355	12.1166
148.417	10.2599
148.479	10.647
148.54	10.9248
148.602	10.2599
148.662	10.9248
148.723	10.738
148.784	10.0429
148.845	10.9248
148.905	10.9229
148.966	10.132
149.027	10.8306
149.088	10.5428
149.149	10.3475
149.211	10.738
149.271	10.5275
149.333	10.4529
149.396	10.5575
149.459	10.7611
149.521	10.5428
149.581	10.5275
149.642	10.7261
149.704	10.2599
149.765	10.4367
149.826	10.5428
149.888	10.647
149.95	10.1523
150.01	10.5275
150.072	10.8406
150.133	10.738
150.194	11.0275
150.256	11.1285
150.317	10.5428
150.379	11.2278
150.44	11.2244
150.502	10.9333
150.562	11.1234
150.623	11.0275
150.685	11.1285
150.745	11.0275
150.806	11.0275
150.867	11.1234
150.929	10.8406
150.991	11.0342
151.053	10.8406
151.113	10.7261
151.175	10.8406
151.236	10.6337
151.297	10.7261
151.359	10.8406
151.419	10.6337
151.481	10.9333
151.541	10.7261
151.603	10.9333
151.664	11.0275
151.725	11.0275
151.787	11.2278
151.849	11.2278
151.91	11.4213
151.971	11.4213
152.033	11.2278
152.093	11.4213
152.154	11.4213
152.215	11.4213
152.277	11.2278
152.339	11.2278
152.401	11.2278
152.462	11.0261
152.523	11.1248
152.584	10.9333
152.646	10.8406
152.707	11.0275
152.769	10.8406
152.831	10.8406
152.893	10.8406
152.955	10.8406
153.016	11.0275
153.077	11.0275
153.138	11.0275
153.199	11.0275
153.26	11.4213
153.322	11.2278
153.384	11.2278
153.446	11.6149
153.507	11.4213
153.568	11.4213
153.628	11.4213
153.689	11.6183
153.751	11.2278
153.813	11.2278
153.874	11.4213
153.935	11.1234
153.995	11.1234
154.056	11.2244
154.117	11.0275
154.178	11.0275
154.239	10.9333
154.301	11.1285
154.362	10.9333
154.423	11.0275
154.484	11.6183
154.545	11.0275
154.606	11.1234
154.667	11.519
154.729	11.2278
154.789	11.7193
154.85	11.5207
154.911	11.6183
154.971	11.5207
155.033	11.8085
155.095	11.6149
155.157	11.519
155.219	11.8085
155.28	11.8152
155.341	11.6183
155.401	11.7193
155.462	11.3237
155.523	12.0121
155.584	11.322
155.644	11.7193
155.705	11.5207
155.765	11.7193
155.826	11.519
155.888	11.8132
155.949	11.7193
156.01	11.9094
156.117	4.95203
156.177	15.096
156.265	8.94497
156.325	15.096
156.385	13.1097
156.446	11.5207
156.507	12.209
156.568	11.7142
156.629	12.7998
156.69	12.4059
156.75	11.322
156.811	11.5207
156.871	11.322
156.932	11.5207
156.994	11.0342
157.055	11.3237
157.117	10.647
157.179	11.1285
157.24	11.4213
157.302	10.647
157.363	11.1285
157.425	11.2278
157.486	10.738
157.548	11.0342
157.609	10.9248
157.671	11.2278
157.732	11.1285
157.794	10.738
157.856	11.0342
157.917	11.1285
157.979	10.738
158.039	11.322
158.101	10.647
158.162	13.3084
158.222	21.8581
158.282	20.1823
158.343	15.1628
158.404	14.769
158.466	13.4708
158.526	12.3157
158.588	12.6904
158.649	12.2999
158.711	11.7142
158.772	11.6183
158.834	11.8085
158.894	11.1234
158.954	11.322
159.016	11.2278
159.104	3.41992
159.166	11.3283
159.226	11.322
159.286	10.3331
159.348	11.2306
159.409	10.8306
159.471	10.738
159.532	11.519
159.593	10.1302
159.653	11.322
159.714	11.1285
159.775	10.5275
159.837	11.3254
159.898	10.1302
159.958	10.7261
160.02	12.1047
160.08	9.93161
160.141	11.322
160.202	11.1285
160.262	10.5275
160.324	11.519
160.386	9.98168
160.448	10.647
160.51	11.9094
160.571	9.76184
160.632	10.9248
160.692	12.1166
160.753	9.53434
160.814	11.1285
160.877	11.9924
160.937	9.53434
160.998	10.9248
161.06	11.9012
161.121	10.0429
161.182	10.3289
161.243	11.8152
161.303	10.1302
161.364	10.6337
161.425	11.4213
161.486	10.3475
161.547	11.1234
161.608	10.6337
161.67	10.5575
161.731	11.4213
161.793	10.4534
161.854	10.4367
161.916	11.3237
161.979	10.2792
162.04	10.6337
162.101	11.519
162.162	10.2398
162.223	10.6337
162.283	11.1234
162.346	10.3656
162.407	10.5428
162.469	11.2278
162.53	10.3289
162.592	10.4534
162.654	11.2278
162.717	10.2792
162.779	10.4534
162.841	11.2278
162.903	10.3656
162.964	10.3289
163.026	11.2278
163.088	10.4534
163.148	10.3289
163.208	11.1234
163.27	10.5428
163.33	10.3289
163.391	11.0275
163.452	10.6337
163.515	10.3656
163.576	10.9333
163.637	10.7261
163.697	10.3289
163.759	10.8406
163.821	10.8406
163.882	10.2398
163.944	10.8406
164.006	10.8406
164.067	10.2398
164.129	10.8406
164.191	10.8406
164.252	10.2398
164.314	10.8406
164.375	10.9333
164.437	10.1523
164.499	10.8406
164.56	11.0275
164.622	10.0663
164.684	10.8406
164.745	11.0275
164.807	10.0663
164.869	11.0342
164.929	11.0275
164.991	10.0663
165.052	11.0275
165.113	11.0275
165.175	10.2599
165.237	10.9333
165.298	11.0275
165.36	10.0663
165.421	11.2244
165.482	11.0275
165.544	10.0663
165.604	11.1234
165.665	11.2244
165.726	10.2398
165.788	11.0342
165.848	11.1234
165.909	10.2398
165.971	11.0342
166.034	11.1334
166.095	10.4367
166.157	10.8406
166.218	11.519
166.28	10.647
166.342	10.4534
166.404	11.519
166.464	10.6337
166.526	10.738
166.587	11.2244
166.649	11.0342
166.71	10.6337
166.772	11.0342
166.834	11.0342
166.894	10.9248
166.955	10.9248
167.015	11.322
167.078	10.9415
167.138	10.8306
167.201	11.3254
167.261	10.9248
167.322	10.9248
167.383	11.1285
167.444	11.2244
167.506	11.0386
167.587	2.38905
167.647	11.5207
167.729	10.7673
167.791	12.1067
167.862	12.5971
167.924	10.4534
167.985	14.3751
168.046	8.46755
168.109	9.59777
168.17	14.838
168.233	9.02191
168.293	13.507
168.356	19.1451
168.416	17.8769
168.476	15.3359
168.537	14.5721
168.6	13.1346
168.663	10.2129
168.725	10.9916
168.786	11.9094
168.848	10.8406
168.909	11.7193
168.971	11.0342
169.031	10.9248
169.092	12.0121
169.153	10.8306
169.215	10.738
169.275	12.1166
169.335	10.9248
169.397	10.738
169.459	11.8085
169.52	11.2244
169.583	10.4678
169.644	12.0142
169.706	11.0342
169.767	10.8306
169.829	11.0342
169.89	12.0121
169.951	10.5428
170.013	10.738
170.075	12.1957
170.136	10.4534
170.197	10.8306
170.258	11.8152
170.32	10.647
170.381	11.2244
170.442	11.4213
170.504	11.1285
170.564	11.1234
170.625	11.7193
170.686	11.3237
170.746	11.1234
170.808	11.8085
170.87	11.8085
170.932	11.2278
170.994	11.6149
171.055	11.5207
171.117	11.8085
171.177	11.5207
171.238	11.4213
171.3	11.8085
171.362	11.3237
171.423	11.4213
171.484	11.6149
171.546	11.2278
171.608	11.519
171.669	11.4213
171.731	11.6149
171.791	11.1234
171.852	11.4213
171.914	11.6149
171.975	11.4213
172.036	11.4213
172.097	11.5207
172.157	11.9179
172.218	11.7142
172.279	11.8152
172.341	12.0021
172.403	12.0021
172.464	11.8152
172.526	12.0021
172.588	12.0021
172.65	12.0021
172.711	11.8152
172.772	11.8152
172.833	11.8152
172.894	11.8152
172.955	11.4213
173.016	11.8152
173.077	11.4213
173.139	11.6149
173.201	11.6149
173.262	11.4213
173.324	11.6149
173.386	11.6196
173.448	11.6103
173.509	11.7142
173.571	11.7142
173.632	11.8152
173.692	11.8152
173.753	11.8152
173.814	11.8152
173.875	11.8152
173.937	12.0021
173.999	12.0021
174.06	11.8152
174.122	12.0021
174.184	12.0021
174.245	11.8152
174.306	12.0121
174.367	11.8152
174.428	11.8152
174.489	11.8152
174.551	11.6149
174.612	11.7189
174.673	12.1116
174.733	11.5207
174.795	11.6149
174.857	11.6149
174.919	12.1957
174.981	11.6149
175.042	11.8152
175.102	12.1166
175.163	11.8152
175.224	11.8152
175.285	12.4059
175.346	11.9179
175.408	12.1957
175.469	12.209
175.529	12.1166
175.59	12.209
175.651	12.2999
175.712	12.209
175.774	12.2999
175.836	12.0021
175.897	12.4059
175.958	12.2999
176.02	12.0021
176.082	12.1957
176.143	12.5138
176.203	12.1166
176.264	12.4059
176.326	12.0488
176.386	12.174
176.447	12.4059
176.508	12.2999
176.57	12.6904
176.631	12.2999
176.692	12.7998
176.754	12.6904
176.814	12.5138
176.874	12.9111
176.936	12.6904
176.996	12.9103
177.058	12.6912
177.119	12.8856
177.181	12.97
177.242	13.3084
177.303	13.0809
177.364	13.3905
177.424	12.9111
177.487	13.2449
177.547	13.3084
177.631	3.4272
177.692	13.1128
177.752	13.507
177.813	6.95213
177.873	13.1109
177.934	14.45
177.996	11.6149
178.058	13.7443
178.119	11.4213
178.18	13.3905
178.242	12.4952
178.303	11.4213
178.365	11.8085
178.426	11.7142
178.487	11.0275
178.548	14.3015
178.608	21.8495
178.67	20.6398
178.73	15.096
178.792	14.7122
178.853	13.5875
178.915	13.1636
178.976	12.7998
179.038	11.8085
179.1	12.3893
179.161	11.9094
179.222	11.2244
179.284	11.519
179.386	4.47582
179.446	11.1325
179.507	11.426
179.567	11.322
179.628	11.322
179.689	11.2273
179.751	11.3254
179.812	11.322
179.873	11.1285
179.934	11.1285
179.996	11.519
180.056	11.322
180.117	11.2244
180.178	10.9248
180.239	11.519
180.3	11.322
180.36	10.9248
180.421	11.1285
180.483	11.8085
180.544	11.322
180.604	11.1234
180.666	11.1285
180.726	11.322
180.788	11.519
180.85	10.4534
180.911	11.519
180.973	11.519
181.034	11.519
181.096	11.2278
181.157	10.738
181.219	11.7142
181.28	11.2244
181.34	10.3289
181.402	11.9094
181.464	11.2278
181.525	10.4367
181.585	11.9179
181.645	11.322
181.706	10.2398
181.769	11.9012
181.831	11.4213
181.892	10.2398
181.954	12.0021
182.015	11.229
182.075	11.1189
182.138	11.5173
182.199	10.8306
182.261	11.2278
182.322	11.4213
182.382	10.7261
182.444	11.2278
182.504	11.7193
182.566	10.8406
182.627	11.1234
182.688	11.3237
182.749	11.0275
182.81	11.0275
182.872	11.3237
182.932	11.1234
182.994	10.8406
183.055	11.4213
183.116	11.0275
183.178	10.8406
183.239	11.4213
183.299	11.1234
183.361	10.9333
183.423	11.2278
183.485	11.2278
183.547	10.8406
183.609	11.2278
183.671	11.2278
183.733	10.8406
183.795	11.2278
183.857	11.2278
183.919	10.8406
183.981	11.2278
184.043	11.2278
184.104	10.9333
184.164	11.1234
184.225	11.4213
184.287	10.8406
184.348	11.0275
184.409	11.4213
184.471	10.8406
184.532	11.0275
184.593	11.4213
184.655	10.8449
184.716	11.023
184.777	11.4213
184.838	11.0275
184.9	10.8406
184.961	11.4213
185.022	11.0275
185.084	10.8406
185.145	11.4213
185.205	11.2689
185.267	10.8907
185.329	11.3237
185.391	11.2278
185.452	10.9333
185.514	11.2278
185.575	11.519
185.637	10.9333
185.699	11.2278
185.759	11.1234
185.821	11.1285
185.882	11.3237
185.944	11.2278
186.006	11.1285
186.068	11.2278
186.13	11.2278
186.19	11.322
186.251	11.0275
186.313	11.4213
186.374	11.3237
186.436	11.0342
186.498	11.3237
186.56	11.4213
186.621	10.9333
186.683	11.519
186.744	11.0275
186.805	11.2244
186.866	11.519
186.928	11.2278
186.99	11.1285
187.051	11.519
187.113	11.4213
187.175	11.1285
187.235	11.5207
187.295	11.322
187.357	11.0342
187.419	11.519
187.48	11.519
187.541	11.2244
187.603	11.0771
187.665	11.8631
187.726	11.2244
187.787	11.2244
187.848	11.7142
187.911	11.3254
187.971	11.322
188.031	11.7193
188.093	11.3283
188.154	11.6183
188.214	11.7231
188.276	0.387164
188.337	16.4865
188.42	7.95207
188.481	16.0094
188.555	9.8823
188.616	14.3015
188.678	12.3893
188.738	19.2981
188.799	14.4607
188.86	21.9882
188.92	12.5138
188.981	15.1628
189.042	12.209
189.104	12.97
189.166	12.7764
189.227	12.0121
189.288	12.9967
189.348	12.5138
189.41	12.1957
189.472	11.7117
189.533	11.5214
189.595	11.8085
189.657	11.519
189.719	11.6149
189.78	11.519
189.841	11.519
189.902	11.6183
189.963	11.322
190.023	11.7193
190.084	11.322
190.146	11.4213
190.208	11.4213
190.269	11.519
190.331	11.4213
190.393	11.4213
190.456	11.3254
190.518	11.2278
190.578	11.7193
190.638	11.322
190.7	11.519
190.761	11.3237
190.823	11.8085
190.885	11.519
190.946	11.7142
191.007	12.0121
191.068	11.4213
191.129	12.1166
191.189	12.1166
191.25	11.7142
191.312	12.0021
191.373	12.1166
191.435	12.0021
191.495	12.1166
191.556	11.8152
191.617	11.9179
191.679	12.1957
191.739	11.8152
191.802	11.9012
191.864	11.8085
191.925	11.8152
191.986	11.8152
192.046	11.5207
192.107	12.4059
192.168	11.8152
192.23	11.6149
192.292	12.2999
192.353	12.209
192.413	11.8152
192.474	12.3152
192.535	12.209
192.596	12.209
192.657	12.209
192.719	12.3893
192.78	12.209
192.84	12.3152
192.9	12.3152
192.962	12.4952
193.022	12.3152
193.084	12.3893
193.146	12.3893
193.208	12.3893
193.269	12.209
193.331	12.3893
193.393	12.3893
193.454	12.209
193.515	12.209
193.576	12.209
193.637	12.209
193.698	12.209
193.759	12.209
193.82	12.209
193.881	12.209
193.942	12.209
194.003	12.209
194.064	12.6029
194.126	12.3893
194.186	12.6029
194.247	12.6029
194.309	12.7764
194.37	12.6029
194.432	12.7764
194.493	12.6029
194.555	12.7764
194.616	12.6029
194.677	12.6029
194.739	12.3893
194.801	12.3893
194.863	12.3893
194.925	12.4952
194.985	12.3152
195.046	12.4059
195.106	12.3152
195.167	12.209
195.228	12.209
195.29	12.3893
195.352	12.5828
195.414	12.3893
195.475	12.6029
195.536	12.3152
195.596	12.7998
195.658	12.7764
195.719	12.6029
195.781	12.4952
195.843	12.97
195.905	12.7764
195.966	12.6904
196.028	12.8856
196.089	12.6029
196.151	12.5828
196.213	12.7764
196.274	12.6904
196.335	12.6029
196.397	12.6904
196.457	12.7998
196.518	12.3152
196.58	12.97
196.641	12.4952
196.703	12.6904
196.764	13.1936
196.825	12.6904
196.886	12.7125
196.948	13.3572
197.008	12.9111
197.068	12.9627
197.128	13.3714
197.189	13.1097
197.25	13.4713
197.312	13.4713
197.372	13.3084
197.434	13.4713
197.495	13.6666
197.556	13.5875
197.617	13.5875
197.677	13.7056
197.738	13.3084
197.799	13.2761
197.86	13.5875
197.922	13.4713
197.982	13.3084
198.043	13.4713
198.127	3.16136
198.187	13.3115
198.249	13.4713
198.31	7.61729
198.371	13.5038
198.44	13.3259
198.5	14.5001
198.561	14.5721
198.623	12.2999
198.683	13.9043
198.744	11.9179
198.805	12.209
198.865	12.7125
198.926	11.2244
198.987	22.6458
199.047	20.3822
199.108	16.0094
199.169	14.5721
199.231	14.2523
199.292	13.2761
199.353	12.7998
199.414	12.4059
199.475	12.209
199.538	11.7093
199.601	11.6117
199.663	11.6149
199.725	11.4259
199.839	5.26257
199.9	10.9376
199.961	12.0121
200.022	5.31683
200.082	17.2825
200.143	9.45377
200.205	14.2523
200.267	11.0342
200.327	10.1302
200.389	12.6904
200.45	9.17613
200.513	14.0127
200.58	9.81522
200.641	11.519
200.703	11.9094
200.766	9.70815
200.827	13.9813
200.891	10.2979
200.952	10.8306
201.012	12.5138
201.074	9.76184
201.135	12.7998
201.195	10.9248
201.256	9.64907
201.319	13.896
201.381	10.3656
201.442	10.0429
201.503	13.3084
201.563	9.93161
201.625	11.4213
201.688	12.0932
201.748	9.93161
201.809	12.5138
201.87	11.4213
201.93	9.73298
201.992	13.5508
202.052	10.7261
202.114	9.48553
202.176	13.2761
202.238	10.7495
202.3	10.738
202.361	12.1047
202.423	10.8406
202.484	11.2244
202.546	11.7142
202.608	10.8406
202.668	11.322
202.729	11.4213
202.79	11.0275
202.852	11.2278
202.913	11.3237
202.974	11.2244
203.036	11.2278
203.098	11.2278
203.159	11.0275
203.22	11.1234
203.282	11.2278
203.343	11.0275
203.406	11.0406
203.467	11.4213
203.527	11.0275
203.589	11.2278
203.651	11.2278
203.712	11.0275
203.774	11.2278
203.835	11.0275
203.897	11.2278
203.959	11.2278
204.02	11.0275
204.082	11.2278
204.144	11.2278
204.205	11.0275
204.266	11.1234
204.327	11.3237
204.388	11.0275
204.449	11.032
204.51	11.4167
204.571	11.0275
204.632	11.0275
204.693	11.4213
204.754	11.0275
204.815	11.0275
204.875	11.4213
204.936	11.0275
204.997	11.0275
205.058	11.4213
205.119	11.0275
205.18	11.0275
205.241	11.4213
205.302	11.0275
205.363	11.0275
205.424	11.4213
205.485	11.0275
205.546	11.0275
205.607	11.4213
205.668	11.2244
205.729	11.0275
205.79	11.3237
205.852	11.3237
205.913	10.9333
205.975	11.2278
206.036	11.6183
206.097	11.0275
206.158	11.0275
206.219	11.4213
206.28	11.1285
206.341	11.0275
206.403	11.6149
206.464	11.2244
206.526	10.9333
206.588	11.6149
206.648	11.2244
206.71	10.9333
206.771	11.6183
206.833	11.2278
206.894	11.1285
206.955	11.4213
207.018	11.3244
207.08	11.2288
207.14	11.322
207.201	11.6183
207.263	10.9333
207.325	11.4213
207.386	11.519
207.447	11.0275
207.508	11.519
207.57	11.519
207.632	11.4213
207.694	11.1334
207.756	11.519
207.816	11.322
207.877	11.6183
207.938	11.322
207.998	11.322
208.058	11.322
208.119	11.7193
208.179	11.322
208.241	11.519
208.302	11.8152
208.363	11.6183
208.423	11.7193
208.483	11.7193
208.546	11.7093
208.607	11.7142
208.669	11.8085
208.73	12.0121
208.792	11.9094
208.852	12.3152
208.913	12.0121
208.974	12.1166
209.036	12.2851
209.098	12.1957
209.158	13.1097
209.219	22.4489
209.28	22.4489
209.341	16.1537
209.402	15.1569
209.465	15.3564
209.526	13.2761
209.588	13.0809
209.649	13.3905
209.77	6.13763
209.831	12.5102
209.892	13.3356
209.952	9.73298
210.012	12.7136
210.074	12.1977
210.137	10.7495
210.197	12.1166
210.258	10.6337
210.319	12.3152
210.381	11.8085
210.597	2.32153
210.698	0
