10.0346	1
10.0346	2
10.0346	3
10.0346	4
10.0346	5
10.0346	6
10.0346	7
10.0346	8
10.0346	9
10.0346	10
11.0346	0
11.0346	1
13.0346	0
13.0346	1
17.0346	0
17.0346	1
25.0346	0
25.0346	1
25.077	0
25.077	1
25.077	2
25.1201	0
25.1201	1
25.1201	2
25.1621	0
25.1621	1
25.1621	2
25.202	0
25.202	1
25.202	2
25.244	0
25.244	1
25.244	2
25.287	0
25.287	1
25.287	2
25.3295	0
25.3295	1
25.3295	2
25.3715	0
25.3715	1
25.3715	2
25.4141	0
25.4141	1
25.4141	2
25.4576	0
25.4576	1
25.4576	2
25.498	0
25.498	1
25.498	2
25.538	0
25.538	1
25.538	2
25.538	3
25.5784	1
25.5784	2
25.5784	3
25.6199	1
25.6199	2
25.6199	3
25.6625	1
25.6625	2
25.6625	3
25.7055	1
25.7055	2
25.7055	3
25.749	1
25.749	2
25.749	3
25.7904	2
25.7904	3
25.791	2
25.791	3
25.8319	1
25.8319	2
25.8325	1
25.8325	2
25.8734	1
25.8734	2
25.8734	3
25.9155	1
25.9155	2
25.9155	3
25.959	1
25.959	2
25.959	3
26.001	2
26.001	3
26.0015	2
26.0015	3
26.0425	1
26.0425	2
26.043	1
26.043	2
26.0819	1
26.0819	2
26.0819	3
26.1213	1
26.1213	2
26.1213	3
26.1612	1
26.1612	2
26.1612	3
26.2027	1
26.2027	2
26.2027	3
26.2447	1
26.2447	2
26.2447	3
26.2873	1
26.2873	2
26.2873	3
26.3298	1
26.3298	2
26.3298	3
26.3729	1
26.3729	2
26.3729	3
26.4158	2
26.4158	3
26.4163	2
26.4163	3
26.4572	1
26.4572	2
26.4578	1
26.4578	2
26.4993	1
26.4993	2
26.4993	3
26.5408	1
26.5408	2
26.5408	3
26.5812	1
26.5812	2
26.5812	3
26.6227	1
26.6227	2
26.6227	3
26.6658	1
26.6658	2
26.6658	3
26.7077	1
26.7077	2
26.7077	3
26.7498	1
26.7498	2
26.7498	3
26.7918	1
26.7918	2
26.7918	3
26.8338	1
26.8338	2
26.8338	3
26.8753	1
26.8753	2
26.8753	3
26.9184	1
26.9184	2
26.9184	3
26.9608	1
26.9608	2
26.9608	3
27.0039	1
27.0039	2
27.0039	3
27.0453	2
27.0453	3
27.0459	2
27.0459	3
27.0874	1
27.0874	2
27.0879	1
27.0879	2
27.1304	1
27.1304	2
27.1304	3
27.1734	1
27.1734	2
27.1734	3
27.2159	1
27.2159	2
27.2159	3
27.2574	1
27.2574	2
27.2574	3
27.2978	1
27.2978	2
27.2978	3
27.3388	1
27.3388	2
27.3388	3
27.3803	1
27.3803	2
27.3803	3
27.4223	1
27.4223	2
27.4223	3
27.4653	1
27.4653	2
27.4653	3
27.5083	1
27.5083	2
27.5083	3
27.5513	1
27.5513	2
27.5513	3
27.5917	1
27.5917	2
27.5917	3
27.6317	1
27.6317	2
27.6317	3
27.6732	1
27.6732	2
27.6732	3
27.7152	1
27.7152	2
27.7152	3
27.7582	1
27.7582	2
27.7582	3
27.8012	1
27.8012	2
27.8012	3
27.8442	1
27.8442	2
27.8442	3
27.8873	2
27.8873	3
27.8878	2
27.8878	3
27.9293	1
27.9293	2
27.9298	1
27.9298	2
27.9723	1
27.9723	2
27.9723	3
28.0143	1
28.0143	2
28.0143	3
28.0569	1
28.0569	2
28.0569	3
28.0999	1
28.0999	2
28.0999	3
28.1397	2
28.1397	3
28.1403	2
28.1403	3
28.1791	1
28.1791	2
28.1797	1
28.1797	2
28.218	1
28.218	2
28.218	3
28.2574	1
28.2574	2
28.2574	3
28.2979	1
28.2979	2
28.2979	3
28.3409	1
28.3409	2
28.3409	3
28.3839	2
28.3839	3
28.3844	2
28.3844	3
28.4269	1
28.4269	2
28.4274	1
28.4274	2
28.4699	1
28.4699	2
28.4699	3
28.5103	1
28.5103	2
28.5103	3
28.5492	1
28.5492	2
28.5492	3
28.5876	1
28.5876	2
28.5876	3
28.6264	1
28.6264	2
28.6264	3
28.6669	1
28.6669	2
28.6669	3
28.7073	1
28.7073	2
28.7073	3
28.7473	1
28.7473	2
28.7473	3
28.7888	1
28.7888	2
28.7888	3
28.8318	1
28.8318	2
28.8318	3
28.8748	1
28.8748	2
28.8748	3
28.9147	1
28.9147	2
28.9147	3
28.9577	1
28.9577	2
28.9577	3
28.9986	1
28.9986	2
28.9986	3
29.0391	1
29.0391	2
29.0391	3
29.078	1
29.078	2
29.078	3
29.1179	1
29.1179	2
29.1179	3
29.1583	1
29.1583	2
29.1583	3
29.1993	1
29.1993	2
29.1993	3
29.2424	1
29.2424	2
29.2424	3
29.2853	1
29.2853	2
29.2853	3
29.3283	1
29.3283	2
29.3283	3
29.3687	1
29.3687	2
29.3687	3
29.4086	1
29.4086	2
29.4086	3
29.4491	1
29.4491	2
29.4491	3
29.4911	1
29.4911	2
29.4911	3
29.5342	1
29.5342	2
29.5342	3
29.5771	1
29.5771	2
29.5771	3
29.6201	1
29.6201	2
29.6201	3
29.6584	1
29.6584	2
29.6584	3
29.6963	1
29.6963	2
29.6963	3
29.7351	1
29.7351	2
29.7351	3
29.7751	1
29.7751	2
29.7751	3
29.816	1
29.816	2
29.816	3
29.8581	1
29.8581	2
29.8581	3
29.9011	1
29.9011	2
29.9011	3
29.944	1
29.944	2
29.944	3
29.9839	1
29.9839	2
29.9839	3
30.0218	1
30.0218	2
30.0218	3
30.0601	1
30.0601	2
30.0601	3
30.099	1
30.099	2
30.099	3
30.1394	1
30.1394	2
30.1394	3
30.1809	1
30.1809	2
30.1809	3
30.2219	1
30.2219	2
30.2219	3
30.2629	1
30.2629	2
30.2629	3
30.3049	1
30.3049	2
30.3049	3
30.348	1
30.348	2
30.348	3
30.3909	1
30.3909	2
30.3909	3
30.4339	1
30.4339	2
30.4339	3
30.4754	1
30.4754	2
30.4754	3
30.5174	1
30.5174	2
30.5174	3
30.5604	1
30.5604	2
30.5604	3
30.6019	1
30.6019	2
30.6019	3
30.6444	1
30.6444	2
30.6444	3
30.687	1
30.687	2
30.687	3
30.729	1
30.729	2
30.729	3
30.771	1
30.771	2
30.771	3
30.8136	1
30.8136	2
30.8136	3
30.8566	1
30.8566	2
30.8566	3
30.8996	1
30.8996	2
30.8996	3
30.9426	2
30.9426	3
30.9431	2
30.9431	3
30.9846	1
30.9846	2
30.9851	1
30.9851	2
31.0234	1
31.0234	2
31.0234	3
31.0628	1
31.0628	2
31.0628	3
31.1022	1
31.1022	2
31.1022	3
31.1422	1
31.1422	2
31.1422	3
31.1826	1
31.1826	2
31.1826	3
31.2236	1
31.2236	2
31.2236	3
31.2656	1
31.2656	2
31.2656	3
31.3086	1
31.3086	2
31.3086	3
31.3521	1
31.3521	2
31.3521	3
31.3931	2
31.3931	3
31.3936	2
31.3936	3
31.434	1
31.434	2
31.4346	1
31.4346	2
31.4771	1
31.4771	2
31.4771	3
31.5191	1
31.5191	2
31.5191	3
31.5621	1
31.5621	2
31.5621	3
31.6051	2
31.6051	3
31.6481	2
31.6481	3
31.6896	1
31.6896	2
31.7306	1
31.7306	2
31.7715	0
31.7715	1
31.7715	2
31.8136	1
31.8136	2
31.8136	3
31.856	1
31.856	2
31.856	3
31.8991	1
31.8991	2
31.8991	3
31.94	1
31.94	2
31.94	3
31.9815	1
31.9815	2
31.9815	3
32.0225	1
32.0225	2
32.0225	3
32.0655	1
32.0655	2
32.0655	3
32.1075	1
32.1075	2
32.1075	3
32.15	1
32.15	2
32.15	3
32.1925	1
32.1925	2
32.1925	3
32.234	1
32.234	2
32.234	3
32.275	1
32.275	2
32.275	3
32.317	1
32.317	2
32.317	3
32.358	1
32.358	2
32.358	3
32.3995	1
32.3995	2
32.3995	3
32.442	1
32.442	2
32.442	3
32.4841	1
32.4841	2
32.4841	3
32.5261	1
32.5261	2
32.5261	3
32.5261	4
32.5691	2
32.5691	3
32.5691	4
32.6116	2
32.6116	3
32.6116	4
32.6121	3
32.6121	4
32.6546	2
32.6546	3
32.6551	2
32.6557	1
32.6557	2
32.6961	1
32.6961	2
32.6961	3
32.7371	1
32.7371	2
32.7371	3
32.778	1
32.778	2
32.778	3
32.819	1
32.819	2
32.819	3
32.861	1
32.861	2
32.861	3
32.9041	1
32.9041	2
32.9041	3
32.9466	1
32.9466	2
32.9466	3
32.9896	1
32.9896	2
32.9896	3
33.032	1
33.032	2
33.032	3
33.032	4
33.0751	2
33.0751	3
33.0751	4
33.115	2
33.115	3
33.115	4
33.1155	3
33.1155	4
33.1565	2
33.1565	3
33.157	2
33.1575	1
33.1575	2
33.1969	1
33.1969	2
33.1969	3
33.2405	1
33.2405	2
33.2405	3
33.2829	2
33.2829	3
33.2835	2
33.2835	3
33.326	1
33.326	2
33.3265	1
33.3265	2
33.3674	1
33.3674	2
33.4105	0
33.4105	1
33.4105	2
33.4509	0
33.4509	1
33.4509	2
33.4919	0
33.4919	1
33.4919	2
33.5349	0
33.5349	1
33.5349	2
33.5784	0
33.5784	1
33.5784	2
33.6189	0
33.6189	1
33.6189	2
33.6588	0
33.6588	1
33.6588	2
33.6998	0
33.6998	1
33.6998	2
33.7407	0
33.7407	1
33.7407	2
33.7833	0
33.7833	1
33.7833	2
33.8258	0
33.8258	1
33.8258	2
33.8693	0
33.8693	1
33.8693	2
33.9097	0
33.9097	1
33.9097	2
33.9496	0
33.9496	1
33.9496	2
33.989	0
33.989	1
33.989	2
34.03	0
34.03	1
34.03	2
34.072	0
34.072	1
34.072	2
34.1146	0
34.1146	1
34.1146	2
34.1576	0
34.1576	1
34.1576	2
34.2006	0
34.2006	1
34.2006	2
34.2415	0
34.2415	1
34.2415	2
34.283	0
34.283	1
34.283	2
34.3245	0
34.3245	1
34.3245	2
34.3676	0
34.3676	1
34.3676	2
34.4111	0
34.4111	1
34.4111	2
34.4525	0
34.4525	1
34.4525	2
34.4945	0
34.4945	1
34.4945	2
34.5376	0
34.5376	1
34.5376	2
34.5791	0
34.5791	1
34.5791	2
34.6211	0
34.6211	1
34.6211	2
34.6637	0
34.6637	1
34.6637	2
34.7067	0
34.7067	1
34.7067	2
34.7067	3
34.7496	1
34.7496	2
34.7496	3
34.7916	2
34.7916	3
34.7921	2
34.7921	3
34.8341	1
34.8341	2
34.8346	1
34.8346	2
34.8751	1
34.8751	2
34.8751	3
34.9166	1
34.9166	2
34.9166	3
34.9586	1
34.9586	2
34.9586	3
35.0016	1
35.0016	2
35.0016	3
35.0446	2
35.0446	3
35.0861	2
35.0861	3
35.1286	1
35.1286	2
35.1716	1
35.1716	2
35.2141	0
35.2141	1
35.2141	2
35.2566	1
35.2566	2
35.2566	3
35.2991	1
35.2991	2
35.2991	3
35.3416	1
35.3416	2
35.3416	3
35.3831	1
35.3831	2
35.3831	3
35.4246	1
35.4246	2
35.4246	3
35.4672	1
35.4672	2
35.4672	3
35.5092	1
35.5092	2
35.5092	3
35.5512	1
35.5512	2
35.5512	3
35.5938	1
35.5938	2
35.5938	3
35.6368	1
35.6368	2
35.6368	3
35.6788	1
35.6788	2
35.6788	3
35.7218	1
35.7218	2
35.7218	3
35.7638	1
35.7638	2
35.7638	3
35.8068	1
35.8068	2
35.8068	3
35.8493	1
35.8493	2
35.8493	3
35.8903	1
35.8903	2
35.8903	3
35.9307	1
35.9307	2
35.9307	3
35.9712	1
35.9712	2
35.9712	3
36.0127	1
36.0127	2
36.0127	3
36.0547	1
36.0547	2
36.0547	3
36.0973	1
36.0973	2
36.0973	3
36.1403	1
36.1403	2
36.1403	3
36.1823	1
36.1823	2
36.1823	3
36.2253	1
36.2253	2
36.2253	3
36.2678	1
36.2678	2
36.2678	3
36.3098	1
36.3098	2
36.3098	3
36.3528	1
36.3528	2
36.3528	3
36.3932	1
36.3932	2
36.3932	3
36.4337	1
36.4337	2
36.4337	3
36.4731	1
36.4731	2
36.4731	3
36.513	1
36.513	2
36.513	3
36.5545	1
36.5545	2
36.5545	3
36.5971	1
36.5971	2
36.5971	3
36.64	1
36.64	2
36.64	3
36.683	1
36.683	2
36.683	3
36.7261	1
36.7261	2
36.7261	3
36.7686	1
36.7686	2
36.7686	3
36.8106	1
36.8106	2
36.8106	3
36.8526	1
36.8526	2
36.8526	3
36.8956	1
36.8956	2
36.8956	3
36.9375	1
36.9375	2
36.9375	3
36.979	1
36.979	2
36.979	3
37.0211	1
37.0211	2
37.0211	3
37.0626	1
37.0626	2
37.0626	3
37.1046	1
37.1046	2
37.1046	3
37.1477	1
37.1477	2
37.1477	3
37.1896	1
37.1896	2
37.1896	3
37.2327	1
37.2327	2
37.2327	3
37.2742	1
37.2742	2
37.2742	3
37.3172	1
37.3172	2
37.3172	3
37.3603	1
37.3603	2
37.3603	3
37.4022	1
37.4022	2
37.4022	3
37.4453	1
37.4453	2
37.4453	3
37.4878	2
37.4878	3
37.4883	2
37.4883	3
37.5304	1
37.5304	2
37.5309	1
37.5309	2
37.5733	1
37.5733	2
37.5733	3
37.6154	1
37.6154	2
37.6154	3
37.6584	1
37.6584	2
37.6584	3
37.7009	1
37.7009	2
37.7009	3
37.7439	1
37.7439	2
37.7439	3
37.7864	1
37.7864	2
37.7864	3
37.8268	1
37.8268	2
37.8268	3
37.8673	1
37.8673	2
37.8673	3
37.9083	1
37.9083	2
37.9083	3
37.9492	1
37.9492	2
37.9492	3
37.9913	1
37.9913	2
37.9913	3
38.0338	1
38.0338	2
38.0338	3
38.0768	1
38.0768	2
38.0768	3
38.1193	1
38.1193	2
38.1193	3
38.1623	1
38.1623	2
38.1623	3
38.2033	1
38.2033	2
38.2033	3
38.2448	1
38.2448	2
38.2448	3
38.2847	1
38.2847	2
38.2847	3
38.3241	1
38.3241	2
38.3241	3
38.3641	1
38.3641	2
38.3641	3
38.4045	1
38.4045	2
38.4045	3
38.4455	1
38.4455	2
38.4455	3
38.4875	1
38.4875	2
38.4875	3
38.5305	1
38.5305	2
38.5305	3
38.573	1
38.573	2
38.573	3
38.616	1
38.616	2
38.616	3
38.6585	1
38.6585	2
38.6585	3
38.7015	1
38.7015	2
38.7015	3
38.7425	1
38.7425	2
38.7425	3
38.7835	1
38.7835	2
38.7835	3
38.8265	1
38.8265	2
38.8265	3
38.869	1
38.869	2
38.869	3
38.9121	1
38.9121	2
38.9121	3
38.954	1
38.954	2
38.954	3
38.9961	1
38.9961	2
38.9961	3
39.037	1
39.037	2
39.037	3
39.0791	1
39.0791	2
39.0791	3
39.1221	1
39.1221	2
39.1221	3
39.1646	1
39.1646	2
39.1646	3
39.2071	1
39.2071	2
39.2071	3
39.2496	1
39.2496	2
39.2496	3
39.2917	1
39.2917	2
39.2917	3
39.3337	1
39.3337	2
39.3337	3
39.3763	1
39.3763	2
39.3763	3
39.3763	4
39.4188	2
39.4188	3
39.4188	4
39.4613	2
39.4613	3
39.4613	4
39.4618	3
39.4618	4
39.5039	2
39.5039	3
39.5044	2
39.5049	1
39.5049	2
39.5468	1
39.5468	2
39.5468	3
39.5888	1
39.5888	2
39.5888	3
39.6288	1
39.6288	2
39.6288	3
39.6697	1
39.6697	2
39.6697	3
39.7097	1
39.7097	2
39.7097	3
39.7501	1
39.7501	2
39.7501	3
39.7911	1
39.7911	2
39.7911	3
39.8326	1
39.8326	2
39.8326	3
39.8741	1
39.8741	2
39.8741	3
39.8741	4
39.9171	2
39.9171	3
39.9171	4
39.9596	2
39.9596	3
39.9596	4
39.9601	3
39.9601	4
40.0026	2
40.0026	3
40.0031	2
40.0037	1
40.0037	2
40.0446	1
40.0446	2
40.0446	3
40.0856	1
40.0856	2
40.0856	3
40.1266	1
40.1266	2
40.1266	3
40.167	1
40.167	2
40.167	3
40.2075	1
40.2075	2
40.2075	3
40.2505	1
40.2505	2
40.2505	3
40.2935	1
40.2935	2
40.2935	3
40.336	1
40.336	2
40.336	3
40.3769	1
40.3769	2
40.3769	3
40.3769	4
40.4174	2
40.4174	3
40.4174	4
40.4184	2
40.4184	3
40.4184	4
40.4589	2
40.4589	3
40.4589	4
40.4599	2
40.4599	3
40.4599	4
40.5019	2
40.5019	3
40.5019	4
40.503	2
40.503	3
40.503	4
40.5449	2
40.5449	3
40.5449	4
40.546	2
40.546	3
40.546	4
40.5874	2
40.5874	3
40.5874	4
40.5885	2
40.5885	3
40.5885	4
40.6305	2
40.6305	3
40.6305	4
40.6315	2
40.6315	3
40.6315	4
40.673	2
40.673	3
40.673	4
40.674	2
40.674	3
40.674	4
40.716	2
40.716	3
40.716	4
40.7171	2
40.7171	3
40.7171	4
40.758	2
40.758	3
40.758	4
40.7591	2
40.7591	3
40.7591	4
40.8005	2
40.8005	3
40.8005	4
40.8015	2
40.8015	3
40.8015	4
40.843	2
40.843	3
40.843	4
40.844	2
40.844	3
40.844	4
40.8834	2
40.8834	3
40.8834	4
40.8844	2
40.8844	3
40.8844	4
40.9233	2
40.9233	3
40.9233	4
40.9244	2
40.9244	3
40.9244	4
40.9643	2
40.9643	3
40.9643	4
40.9653	2
40.9653	3
40.9653	4
41.0058	2
41.0058	3
41.0058	4
41.0069	2
41.0069	3
41.0069	4
41.0489	2
41.0489	3
41.0489	4
41.0499	2
41.0499	3
41.0499	4
41.0918	2
41.0918	3
41.0918	4
41.0929	2
41.0929	3
41.0929	4
41.1348	2
41.1348	3
41.1348	4
41.1359	2
41.1359	3
41.1359	4
41.1752	2
41.1752	3
41.1752	4
41.1763	2
41.1763	3
41.1763	4
41.2146	2
41.2146	3
41.2146	4
41.2157	2
41.2157	3
41.2157	4
41.2556	2
41.2556	3
41.2556	4
41.2567	2
41.2567	3
41.2567	4
41.2955	2
41.2955	3
41.2955	4
41.2966	2
41.2966	3
41.2966	4
41.3381	2
41.3381	3
41.3381	4
41.3391	2
41.3391	3
41.3391	4
41.3806	2
41.3806	3
41.3806	4
41.3816	2
41.3816	3
41.3816	4
41.4236	2
41.4236	3
41.4236	4
41.4247	2
41.4247	3
41.4247	4
41.4661	2
41.4661	3
41.4661	4
41.4672	2
41.4672	3
41.4672	4
41.5081	2
41.5081	3
41.5081	4
41.5092	2
41.5092	3
41.5092	4
41.5486	2
41.5486	3
41.5486	4
41.5496	2
41.5496	3
41.5496	4
41.5896	2
41.5896	3
41.5896	4
41.5906	2
41.5906	3
41.5906	4
41.6321	2
41.6321	3
41.6321	4
41.6332	2
41.6332	3
41.6332	4
41.6752	2
41.6752	3
41.6752	4
41.6762	2
41.6762	3
41.6762	4
41.7182	2
41.7182	3
41.7182	4
41.7192	2
41.7192	3
41.7192	4
41.7606	2
41.7606	3
41.7606	4
41.7617	2
41.7617	3
41.7617	4
41.8005	2
41.8005	3
41.8005	4
41.8016	2
41.8016	3
41.8016	4
41.8405	2
41.8405	3
41.8405	4
41.8415	2
41.8415	3
41.8415	4
41.882	2
41.882	3
41.882	4
41.883	2
41.883	3
41.883	4
41.925	2
41.925	3
41.925	4
41.9261	2
41.9261	3
41.9261	4
41.968	2
41.968	3
41.968	4
41.969	2
41.969	3
41.969	4
42.011	2
42.011	3
42.011	4
42.012	2
42.012	3
42.012	4
42.054	2
42.054	3
42.054	4
42.0551	2
42.0551	3
42.0551	4
42.0929	2
42.0929	3
42.0929	4
42.0939	2
42.0939	3
42.0939	4
42.1323	2
42.1323	3
42.1323	4
42.1333	2
42.1333	3
42.1333	4
42.1733	2
42.1733	3
42.1733	4
42.1743	2
42.1743	3
42.1743	4
42.2143	2
42.2143	3
42.2143	4
42.2153	2
42.2153	3
42.2153	4
42.2552	2
42.2552	3
42.2552	4
42.2563	2
42.2563	3
42.2563	4
42.2967	2
42.2967	3
42.2967	4
42.2978	2
42.2978	3
42.2978	4
42.3398	2
42.3398	3
42.3398	4
42.3408	2
42.3408	3
42.3408	4
42.3828	2
42.3828	3
42.3828	4
42.3838	2
42.3838	3
42.3838	4
42.4258	2
42.4258	3
42.4258	4
42.4268	2
42.4268	3
42.4268	4
42.4682	2
42.4682	3
42.4682	4
42.4693	2
42.4693	3
42.4693	4
42.5097	2
42.5097	3
42.5097	4
42.5108	2
42.5108	3
42.5108	4
42.5518	2
42.5518	3
42.5518	4
42.5528	2
42.5528	3
42.5528	4
42.5943	2
42.5943	3
42.5943	4
42.5954	2
42.5954	3
42.5954	4
42.6369	2
42.6369	3
42.6369	4
42.6379	2
42.6379	3
42.6379	4
42.6799	2
42.6799	3
42.6799	4
42.6809	2
42.6809	3
42.6809	4
42.7229	2
42.7229	3
42.7229	4
42.7239	2
42.7239	3
42.7239	4
42.7622	2
42.7622	3
42.7622	4
42.7633	2
42.7633	3
42.7633	4
42.8016	2
42.8016	3
42.8016	4
42.8027	2
42.8027	3
42.8027	4
42.8394	2
42.8394	3
42.8394	4
42.8405	2
42.8405	3
42.8405	4
42.8773	2
42.8773	3
42.8773	4
42.8783	2
42.8783	3
42.8783	4
42.9161	2
42.9161	3
42.9161	4
42.9172	2
42.9172	3
42.9172	4
42.9566	2
42.9566	3
42.9566	4
42.9576	2
42.9576	3
42.9576	4
42.9965	2
42.9965	3
42.9965	4
42.9976	2
42.9976	3
42.9976	4
43.0385	2
43.0385	3
43.0385	4
43.0396	2
43.0396	3
43.0396	4
43.0816	2
43.0816	3
43.0816	4
43.0816	5
43.0826	3
43.0826	4
43.0826	5
43.1245	3
43.1245	4
43.1245	5
43.1256	3
43.1256	4
43.1256	5
43.166	3
43.166	4
43.166	5
43.167	3
43.167	4
43.167	5
43.2085	3
43.2085	4
43.2085	5
43.2096	3
43.2096	4
43.2096	5
43.2506	3
43.2506	4
43.2506	5
43.2516	3
43.2516	4
43.2516	5
43.2931	3
43.2931	4
43.2931	5
43.2942	3
43.2942	4
43.2942	5
43.3362	3
43.3362	4
43.3362	5
43.3372	4
43.3372	5
43.3377	4
43.3377	5
43.3792	3
43.3792	4
43.3797	3
43.3802	2
43.3807	1
43.3807	2
43.4227	1
43.4227	2
43.4227	3
43.4637	1
43.4637	2
43.4637	3
43.4637	4
43.5047	2
43.5047	3
43.5047	4
43.5057	2
43.5057	3
43.5057	4
43.5462	2
43.5462	3
43.5462	4
43.5472	2
43.5472	3
43.5472	4
43.5892	2
43.5892	3
43.5892	4
43.5903	2
43.5903	3
43.5903	4
43.6317	2
43.6317	3
43.6317	4
43.6327	2
43.6327	3
43.6327	4
43.6747	2
43.6747	3
43.6747	4
43.6758	2
43.6758	3
43.6758	4
43.7161	2
43.7161	3
43.7161	4
43.7172	2
43.7172	3
43.7172	4
43.7566	2
43.7566	3
43.7566	4
43.7576	2
43.7576	3
43.7576	4
43.7976	2
43.7976	3
43.7976	4
43.7986	2
43.7986	3
43.7986	4
43.8391	2
43.8391	3
43.8391	4
43.8401	2
43.8401	3
43.8401	4
43.8806	2
43.8806	3
43.8806	4
43.8816	2
43.8816	3
43.8816	4
43.9236	2
43.9236	3
43.9236	4
43.9247	2
43.9247	3
43.9247	4
43.9661	2
43.9661	3
43.9661	4
43.9671	2
43.9671	3
43.9671	4
44.0076	2
44.0076	3
44.0076	4
44.0076	5
44.0086	3
44.0086	4
44.0086	5
44.0501	3
44.0501	4
44.0501	5
44.0512	3
44.0512	4
44.0512	5
44.0915	3
44.0915	4
44.0915	5
44.0926	3
44.0926	4
44.0926	5
44.1341	3
44.1341	4
44.1341	5
44.1351	3
44.1351	4
44.1351	5
44.1756	3
44.1756	4
44.1756	5
44.1766	3
44.1766	4
44.1766	5
44.2171	3
44.2171	4
44.2171	5
44.2181	3
44.2181	4
44.2181	5
44.2602	3
44.2602	4
44.2602	5
44.2612	4
44.2612	5
44.2617	4
44.2617	5
44.3031	3
44.3031	4
44.3036	3
44.3042	2
44.3047	1
44.3047	2
44.3462	1
44.3462	2
44.3462	3
44.3871	1
44.3871	2
44.3871	3
44.4281	1
44.4281	2
44.4281	3
44.4675	1
44.4675	2
44.4675	3
44.5074	1
44.5074	2
44.5074	3
44.5489	1
44.5489	2
44.5489	3
44.5925	1
44.5925	2
44.5925	3
44.5925	4
44.635	3
44.635	4
44.6355	3
44.6355	4
44.6785	2
44.6785	3
44.6791	2
44.7195	1
44.7195	2
44.7573	0
44.7573	1
44.7573	2
44.7946	1
44.7946	2
44.7946	3
44.8329	1
44.8329	2
44.8329	3
44.8723	1
44.8723	2
44.8723	3
44.9149	1
44.9149	2
44.9149	3
44.9574	1
44.9574	2
44.9574	3
45.001	1
45.001	2
45.001	3
45.0419	2
45.0419	3
45.0424	2
45.0424	3
45.085	1
45.085	2
45.0855	1
45.0855	2
45.129	1
45.129	2
45.1699	1
45.1699	2
45.2104	1
45.2104	2
45.2534	1
45.2534	2
45.2964	1
45.2964	2
45.3384	1
45.3384	2
45.3814	1
45.3814	2
45.4235	1
45.4235	2
45.466	1
45.466	2
45.5091	1
45.5091	2
45.551	1
45.551	2
45.5941	1
45.5941	2
45.6356	1
45.6356	2
45.6771	1
45.6771	2
45.7201	1
45.7201	2
45.7621	1
45.7621	2
45.8046	1
45.8046	2
45.8455	1
45.8455	2
45.8865	1
45.8865	2
45.9275	1
45.9275	2
45.9695	1
45.9695	2
46.001	0
46.001	1
46.0441	0
46.0441	1
46.2866	0
46.2866	1
46.2866	2
46.5291	1
46.5291	2
46.5291	3
46.5716	2
46.5716	3
46.6146	2
46.6146	3
46.6565	1
46.6565	2
46.698	1
46.698	2
46.7395	0
46.7395	1
46.7395	2
46.7825	1
46.7825	2
46.7825	3
46.8251	1
46.8251	2
46.8251	3
46.868	1
46.868	2
46.868	3
46.9106	1
46.9106	2
46.9106	3
46.9526	1
46.9526	2
46.9526	3
46.9951	1
46.9951	2
46.9951	3
47.0387	1
47.0387	2
47.0387	3
47.0812	2
47.0812	3
47.0817	2
47.0817	3
47.1241	1
47.1241	2
47.1247	1
47.1247	2
47.1651	1
47.1651	2
47.1651	3
47.2061	1
47.2061	2
47.2061	3
47.2476	1
47.2476	2
47.2476	3
47.2875	1
47.2875	2
47.2875	3
47.3295	1
47.3295	2
47.3295	3
47.3726	1
47.3726	2
47.3726	3
47.415	1
47.415	2
47.415	3
47.4585	1
47.4585	2
47.4585	3
47.4974	2
47.4974	3
47.4979	2
47.4979	3
47.5363	1
47.5363	2
47.5368	1
47.5368	2
47.5767	1
47.5767	2
47.5767	3
47.6187	1
47.6187	2
47.6187	3
47.6618	1
47.6618	2
47.6618	3
47.7048	1
47.7048	2
47.7048	3
47.7468	1
47.7468	2
47.7468	3
47.7888	1
47.7888	2
47.7888	3
47.8313	1
47.8313	2
47.8313	3
47.8733	1
47.8733	2
47.8733	3
47.9154	1
47.9154	2
47.9154	3
47.9574	1
47.9574	2
47.9574	3
47.9999	1
47.9999	2
47.9999	3
48.043	1
48.043	2
48.043	3
48.0859	2
48.0859	3
48.1263	2
48.1263	3
48.1657	1
48.1657	2
48.2025	1
48.2025	2
48.2392	0
48.2392	1
48.2392	2
48.2765	1
48.2765	2
48.2765	3
48.3159	1
48.3159	2
48.3159	3
48.3569	1
48.3569	2
48.3569	3
48.4	1
48.4	2
48.4	3
48.4429	1
48.4429	2
48.4429	3
48.4849	2
48.4849	3
48.4854	2
48.4854	3
48.5275	1
48.5275	2
48.528	1
48.528	2
48.5695	1
48.5695	2
48.5695	3
48.6125	1
48.6125	2
48.6125	3
48.6555	1
48.6555	2
48.6555	3
48.698	1
48.698	2
48.698	3
48.7405	1
48.7405	2
48.7405	3
48.7831	1
48.7831	2
48.7831	3
48.8256	1
48.8256	2
48.8256	3
48.8681	1
48.8681	2
48.8681	3
48.9096	1
48.9096	2
48.9096	3
48.9522	1
48.9522	2
48.9522	3
48.9952	1
48.9952	2
48.9952	3
49.0382	1
49.0382	2
49.0382	3
49.0811	2
49.0811	3
49.1221	2
49.1221	3
49.1625	1
49.1625	2
49.2035	1
49.2035	2
49.245	0
49.245	1
49.245	2
49.288	1
49.288	2
49.288	3
49.331	2
49.331	3
49.3714	2
49.3714	3
49.4114	1
49.4114	2
49.4529	1
49.4529	2
49.4944	0
49.4944	1
49.4944	2
49.5369	1
49.5369	2
49.5369	3
49.5799	1
49.5799	2
49.5799	3
49.6229	2
49.6229	3
49.6654	2
49.6654	3
49.7074	1
49.7074	2
49.7494	1
49.7494	2
49.7919	0
49.7919	1
49.7919	2
49.8349	1
49.8349	2
49.8349	3
49.8779	1
49.8779	2
49.8779	3
49.9203	1
49.9203	2
49.9203	3
49.9618	1
49.9618	2
49.9618	3
50.0033	1
50.0033	2
50.0033	3
50.0459	1
50.0459	2
50.0459	3
50.0889	1
50.0889	2
50.0889	3
50.1319	1
50.1319	2
50.1319	3
50.1754	2
50.1754	3
50.2169	2
50.2169	3
50.2579	1
50.2579	2
50.2988	1
50.2988	2
50.3403	0
50.3403	1
50.3403	2
50.3839	1
50.3839	2
50.3839	3
50.4269	2
50.4269	3
50.4688	2
50.4688	3
50.5092	1
50.5092	2
50.5507	1
50.5507	2
50.5938	0
50.5938	1
50.5938	2
50.6367	1
50.6367	2
50.6367	3
50.6802	1
50.6802	2
50.6802	3
50.7196	2
50.7196	3
50.7201	2
50.7201	3
50.7611	1
50.7611	2
50.7616	1
50.7616	2
50.801	1
50.801	2
50.801	3
50.8425	1
50.8425	2
50.8425	3
50.8856	1
50.8856	2
50.8856	3
50.9285	1
50.9285	2
50.9285	3
50.9694	1
50.9694	2
50.9694	3
51.0109	1
51.0109	2
51.0109	3
51.054	1
51.054	2
51.054	3
51.097	1
51.097	2
51.097	3
51.1379	1
51.1379	2
51.1379	3
51.18	1
51.18	2
51.18	3
51.2209	1
51.2209	2
51.2209	3
51.2619	1
51.2619	2
51.2619	3
51.3039	1
51.3039	2
51.3039	3
51.347	1
51.347	2
51.347	3
51.3895	1
51.3895	2
51.3895	3
51.432	1
51.432	2
51.432	3
51.475	1
51.475	2
51.475	3
51.5165	1
51.5165	2
51.5165	3
51.557	1
51.557	2
51.557	3
51.6	1
51.6	2
51.6	3
51.6425	1
51.6425	2
51.6425	3
51.6856	1
51.6856	2
51.6856	3
51.7275	1
51.7275	2
51.7275	3
51.768	1
51.768	2
51.768	3
51.8095	1
51.8095	2
51.8095	3
51.852	1
51.852	2
51.852	3
51.8941	1
51.8941	2
51.8941	3
51.9371	1
51.9371	2
51.9371	3
51.9796	1
51.9796	2
51.9796	3
52.0226	1
52.0226	2
52.0226	3
52.063	1
52.063	2
52.063	3
52.104	1
52.104	2
52.104	3
52.1449	1
52.1449	2
52.1449	3
52.1849	1
52.1849	2
52.1849	3
52.2264	1
52.2264	2
52.2264	3
52.2689	1
52.2689	2
52.2689	3
52.3114	1
52.3114	2
52.3114	3
52.3544	1
52.3544	2
52.3544	3
52.3974	1
52.3974	2
52.3974	3
52.4393	1
52.4393	2
52.4393	3
52.4393	4
52.4819	2
52.4819	3
52.4819	4
52.5239	2
52.5239	3
52.5239	4
52.5244	3
52.5244	4
52.567	2
52.567	3
52.568	2
52.6094	1
52.6094	2
52.6524	1
52.6524	2
52.6949	0
52.6949	1
52.6949	2
52.7369	1
52.7369	2
52.7369	3
52.779	1
52.779	2
52.779	3
52.822	1
52.822	2
52.822	3
52.865	1
52.865	2
52.865	3
52.908	1
52.908	2
52.908	3
52.9495	1
52.9495	2
52.9495	3
52.9905	1
52.9905	2
52.9905	3
53.0315	1
53.0315	2
53.0315	3
53.0315	4
53.074	2
53.074	3
53.074	4
53.1165	2
53.1165	3
53.1165	4
53.117	3
53.117	4
53.1595	2
53.1595	3
53.16	2
53.1606	1
53.1606	2
53.2025	1
53.2025	2
53.2025	3
53.2445	1
53.2445	2
53.2445	3
53.2865	1
53.2865	2
53.2865	3
53.3295	1
53.3295	2
53.3295	3
53.371	1
53.371	2
53.371	3
53.414	1
53.414	2
53.414	3
53.4566	1
53.4566	2
53.4566	3
53.4996	1
53.4996	2
53.4996	3
53.4996	4
53.5425	2
53.5425	3
53.5425	4
53.5834	2
53.5834	3
53.5834	4
53.584	3
53.584	4
53.6244	2
53.6244	3
53.6249	2
53.6255	1
53.6255	2
53.6664	1
53.6664	2
53.6664	3
53.709	1
53.709	2
53.709	3
53.752	1
53.752	2
53.752	3
54.752	0
54.752	1
54.995	0
54.995	1
54.995	2
55.0371	0
55.0371	1
55.0371	2
55.0791	0
55.0791	1
55.0791	2
55.0791	3
55.1217	1
55.1217	2
55.1217	3
55.1217	4
55.1647	2
55.1647	3
55.1647	4
55.2076	3
55.2076	4
55.2491	3
55.2491	4
55.2874	1
55.2874	2
55.3242	1
55.3242	2
55.3641	1
55.3641	2
55.4056	0
55.4056	1
55.4056	2
55.4471	1
55.4471	2
55.4471	3
55.4901	1
55.4901	2
55.4901	3
55.5331	1
55.5331	2
55.5331	3
55.5756	1
55.5756	2
55.5756	3
55.617	1
55.617	2
55.617	3
55.6575	1
55.6575	2
55.6575	3
55.699	1
55.699	2
55.699	3
55.741	1
55.741	2
55.741	3
55.741	4
55.7841	2
55.7841	3
55.7841	4
55.8276	2
55.8276	3
55.8276	4
55.868	3
55.868	4
55.8685	2
55.8685	3
55.909	1
55.909	2
55.9095	1
55.9095	2
55.95	1
55.95	2
55.95	3
55.9925	1
55.9925	2
55.9925	3
56.0355	1
56.0355	2
56.0355	3
56.0785	1
56.0785	2
56.0785	3
56.1204	1
56.1204	2
56.1204	3
56.1593	1
56.1593	2
56.1593	3
56.1992	1
56.1992	2
56.1992	3
56.2407	1
56.2407	2
56.2407	3
56.2407	4
56.2837	2
56.2837	3
56.2837	4
56.3268	2
56.3268	3
56.3268	4
56.3693	3
56.3693	4
56.3698	2
56.3698	3
56.4122	1
56.4122	2
56.4128	1
56.4128	2
56.4548	1
56.4548	2
56.4548	3
56.4983	1
56.4983	2
56.4983	3
56.5387	2
56.5387	3
56.5392	2
56.5392	3
56.5792	1
56.5792	2
56.5797	1
56.5797	2
56.6201	1
56.6201	2
56.6616	0
56.6616	1
56.6616	2
56.7047	0
56.7047	1
56.7047	2
56.7477	0
56.7477	1
56.7477	2
56.7912	0
56.7912	1
56.7912	2
56.8327	0
56.8327	1
56.8327	2
56.8742	0
56.8742	1
56.8742	2
56.9157	0
56.9157	1
56.9157	2
56.9587	0
56.9587	1
56.9587	2
57.0007	0
57.0007	1
57.0007	2
57.0422	0
57.0422	1
57.0422	2
57.0832	0
57.0832	1
57.0832	2
57.1247	0
57.1247	1
57.1247	2
57.1667	0
57.1667	1
57.1667	2
57.2092	0
57.2092	1
57.2092	2
57.2522	0
57.2522	1
57.2522	2
57.2957	0
57.2957	1
57.2957	2
57.3362	0
57.3362	1
57.3362	2
57.3761	0
57.3761	1
57.3761	2
57.415	0
57.415	1
57.415	2
57.4549	0
57.4549	1
57.4549	2
57.4969	0
57.4969	1
57.4969	2
57.5399	0
57.5399	1
57.5399	2
57.5829	0
57.5829	1
57.5829	2
57.6249	0
57.6249	1
57.6249	2
57.6664	0
57.6664	1
57.6664	2
57.7089	0
57.7089	1
57.7089	2
57.7519	0
57.7519	1
57.7519	2
57.7949	0
57.7949	1
57.7949	2
57.8378	0
57.8378	1
57.8378	2
57.8804	0
57.8804	1
57.8804	2
57.9234	0
57.9234	1
57.9234	2
57.9665	0
57.9665	1
57.9665	2
57.9665	3
58.0089	1
58.0089	2
58.0089	3
58.0494	1
58.0494	2
58.0494	3
58.0924	1
58.0924	2
58.0924	3
58.1344	1
58.1344	2
58.1344	3
58.1764	1
58.1764	2
58.1764	3
58.2194	1
58.2194	2
58.2194	3
58.2624	1
58.2624	2
58.2624	3
58.3049	1
58.3049	2
58.3049	3
58.3049	4
58.347	2
58.347	3
58.347	4
58.348	2
58.348	3
58.348	4
58.39	2
58.39	3
58.39	4
58.3911	2
58.3911	3
58.3911	4
58.433	2
58.433	3
58.433	4
58.4341	2
58.4341	3
58.4341	4
58.476	2
58.476	3
58.476	4
58.477	2
58.477	3
58.477	4
58.5175	2
58.5175	3
58.5175	4
58.5185	2
58.5185	3
58.5185	4
58.56	2
58.56	3
58.56	4
58.56	5
58.5611	3
58.5611	4
58.5611	5
58.6026	3
58.6026	4
58.6026	5
58.6036	3
58.6036	4
58.6036	5
58.6445	3
58.6445	4
58.6445	5
58.6456	3
58.6456	4
58.6456	5
58.6875	3
58.6875	4
58.6875	5
58.6886	3
58.6886	4
58.6886	5
58.7305	3
58.7305	4
58.7305	5
58.7316	3
58.7316	4
58.7316	5
58.7735	4
58.7735	5
58.7741	4
58.7741	5
58.7746	3
58.7746	4
58.816	3
58.8166	2
58.8171	1
58.8171	2
58.8575	0
58.8575	1
58.8575	2
58.8985	1
58.8985	2
58.8985	3
58.9405	1
58.9405	2
58.9405	3
58.9836	1
58.9836	2
58.9836	3
59.0266	1
59.0266	2
59.0266	3
59.0695	1
59.0695	2
59.0695	3
59.1126	1
59.1126	2
59.1126	3
59.1126	4
59.154	2
59.154	3
59.154	4
59.1551	2
59.1551	3
59.1551	4
59.1966	2
59.1966	3
59.1966	4
59.1976	2
59.1976	3
59.1976	4
59.2376	2
59.2376	3
59.2376	4
59.2386	2
59.2386	3
59.2386	4
59.2796	2
59.2796	3
59.2796	4
59.2806	2
59.2806	3
59.2806	4
59.3226	2
59.3226	3
59.3226	4
59.3236	2
59.3236	3
59.3236	4
59.3656	2
59.3656	3
59.3656	4
59.3666	2
59.3666	3
59.3666	4
59.408	2
59.408	3
59.408	4
59.4091	2
59.4091	3
59.4091	4
59.4485	2
59.4485	3
59.4485	4
59.4495	2
59.4495	3
59.4495	4
59.4884	2
59.4884	3
59.4884	4
59.4884	5
59.4895	3
59.4895	4
59.4895	5
59.5278	3
59.5278	4
59.5278	5
59.5289	3
59.5289	4
59.5289	5
59.5693	3
59.5693	4
59.5693	5
59.5704	3
59.5704	4
59.5704	5
59.6113	3
59.6113	4
59.6113	5
59.6124	3
59.6124	4
59.6124	5
59.6543	3
59.6543	4
59.6543	5
59.6554	3
59.6554	4
59.6554	5
59.6973	3
59.6973	4
59.6973	5
59.6984	4
59.6984	5
59.6989	4
59.6989	5
59.7399	3
59.7399	4
59.7404	3
59.7409	2
59.7414	1
59.7414	2
59.7829	1
59.7829	2
59.7829	3
59.8254	1
59.8254	2
59.8254	3
59.8674	1
59.8674	2
59.8674	3
59.9094	1
59.9094	2
59.9094	3
59.9524	1
59.9524	2
59.9524	3
59.9949	2
59.9949	3
59.9955	2
59.9955	3
60.0364	1
60.0364	2
60.0369	1
60.0369	2
60.0769	1
60.0769	2
60.0769	3
60.1178	1
60.1178	2
60.1178	3
60.1609	1
60.1609	2
60.1609	3
60.2034	2
60.2034	3
60.2039	2
60.2039	3
60.2464	1
60.2464	2
60.2469	1
60.2469	2
60.2889	1
60.2889	2
60.2889	3
60.3298	1
60.3298	2
60.3298	3
60.3713	1
60.3713	2
60.3713	3
60.4139	1
60.4139	2
60.4139	3
60.4569	1
60.4569	2
60.4569	3
60.4999	2
60.4999	3
60.5004	2
60.5004	3
60.5429	1
60.5429	2
60.5434	1
60.5434	2
60.5843	1
60.5843	2
60.5843	3
60.6263	1
60.6263	2
60.6263	3
60.6694	1
60.6694	2
60.6694	3
60.7119	1
60.7119	2
60.7119	3
60.7549	1
60.7549	2
60.7549	3
60.7984	1
60.7984	2
60.7984	3
60.8399	2
60.8399	3
60.8404	2
60.8404	3
60.8814	1
60.8814	2
60.8819	1
60.8819	2
60.9224	1
60.9224	2
60.9224	3
60.9639	1
60.9639	2
60.9639	3
61.0059	1
61.0059	2
61.0059	3
61.0489	1
61.0489	2
61.0489	3
61.0919	1
61.0919	2
61.0919	3
61.1339	1
61.1339	2
61.1339	3
61.1754	1
61.1754	2
61.1754	3
61.2184	1
61.2184	2
61.2184	3
61.2604	2
61.2604	3
61.2609	2
61.2609	3
61.3029	1
61.3029	2
61.3034	1
61.3034	2
61.3459	1
61.3459	2
61.3459	3
61.3889	1
61.3889	2
61.3889	3
61.4319	1
61.4319	2
61.4319	3
61.4738	1
61.4738	2
61.4738	3
61.5153	1
61.5153	2
61.5153	3
61.5563	1
61.5563	2
61.5563	3
61.5973	1
61.5973	2
61.5973	3
61.6393	1
61.6393	2
61.6393	3
61.6819	1
61.6819	2
61.6819	3
61.7249	1
61.7249	2
61.7249	3
61.7679	1
61.7679	2
61.7679	3
61.8104	1
61.8104	2
61.8104	3
61.8519	1
61.8519	2
61.8519	3
61.8939	1
61.8939	2
61.8939	3
61.937	1
61.937	2
61.937	3
61.98	2
61.98	3
61.9805	2
61.9805	3
62.0229	1
62.0229	2
62.0235	1
62.0235	2
62.0649	1
62.0649	2
62.0649	3
62.107	1
62.107	2
62.107	3
62.149	1
62.149	2
62.149	3
62.1915	1
62.1915	2
62.1915	3
62.234	1
62.234	2
62.234	3
62.277	1
62.277	2
62.277	3
62.319	1
62.319	2
62.319	3
62.3605	1
62.3605	2
62.3605	3
62.4014	1
62.4014	2
62.4014	3
62.4429	1
62.4429	2
62.4429	3
62.4839	1
62.4839	2
62.4839	3
62.5265	1
62.5265	2
62.5265	3
62.569	1
62.569	2
62.569	3
62.6116	1
62.6116	2
62.6116	3
62.6546	1
62.6546	2
62.6546	3
62.6971	2
62.6971	3
62.6976	2
62.6976	3
62.7391	1
62.7391	2
62.7396	1
62.7396	2
62.7811	1
62.7811	2
62.7811	3
62.8231	1
62.8231	2
62.8231	3
62.8657	1
62.8657	2
62.8657	3
62.9087	1
62.9087	2
62.9087	3
62.9517	1
62.9517	2
62.9517	3
62.9926	1
62.9926	2
62.9926	3
63.0341	1
63.0341	2
63.0341	3
63.0772	1
63.0772	2
63.0772	3
63.1197	2
63.1197	3
63.1202	2
63.1202	3
63.1632	1
63.1632	2
63.1637	1
63.1637	2
63.2046	1
63.2046	2
63.2046	3
63.244	1
63.244	2
63.244	3
63.2845	1
63.2845	2
63.2845	3
63.3254	1
63.3254	2
63.3254	3
63.368	1
63.368	2
63.368	3
63.4105	1
63.4105	2
63.4105	3
63.4535	1
63.4535	2
63.4535	3
63.496	1
63.496	2
63.496	3
63.539	1
63.539	2
63.539	3
63.581	2
63.581	3
63.5815	2
63.5815	3
63.623	1
63.623	2
63.6235	1
63.6235	2
63.6645	1
63.6645	2
63.6645	3
63.7055	1
63.7055	2
63.7055	3
63.747	1
63.747	2
63.747	3
63.789	1
63.789	2
63.789	3
63.832	1
63.832	2
63.832	3
63.875	2
63.875	3
63.8755	2
63.8755	3
63.9164	1
63.9164	2
63.9169	1
63.9169	2
63.9574	1
63.9574	2
63.9574	3
63.9989	1
63.9989	2
63.9989	3
64.0409	1
64.0409	2
64.0409	3
64.0829	1
64.0829	2
64.0829	3
64.1255	1
64.1255	2
64.1255	3
64.1685	1
64.1685	2
64.1685	3
64.211	1
64.211	2
64.211	3
64.254	1
64.254	2
64.254	3
64.2965	2
64.2965	3
64.297	2
64.297	3
64.3374	1
64.3374	2
64.338	1
64.338	2
64.3779	1
64.3779	2
64.3779	3
64.4194	1
64.4194	2
64.4194	3
64.4609	1
64.4609	2
64.4609	3
64.5019	1
64.5019	2
64.5019	3
64.5428	1
64.5428	2
64.5428	3
64.5843	1
64.5843	2
64.5843	3
64.6258	1
64.6258	2
64.6258	3
64.6688	1
64.6688	2
64.6688	3
64.7118	1
64.7118	2
64.7118	3
64.7528	1
64.7528	2
64.7528	3
64.7948	1
64.7948	2
64.7948	3
64.8358	1
64.8358	2
64.8358	3
64.8767	1
64.8767	2
64.8767	3
64.9198	1
64.9198	2
64.9198	3
64.9628	2
64.9628	3
64.9633	2
64.9633	3
65.0058	1
65.0058	2
65.0063	1
65.0063	2
65.0482	1
65.0482	2
65.0482	3
65.0902	1
65.0902	2
65.0902	3
65.1311	1
65.1311	2
65.1311	3
65.1732	1
65.1732	2
65.1732	3
65.2157	1
65.2157	2
65.2157	3
65.2587	1
65.2587	2
65.2587	3
65.3017	1
65.3017	2
65.3017	3
65.3437	2
65.3437	3
65.3442	2
65.3442	3
65.3841	1
65.3841	2
65.3846	1
65.3846	2
65.4267	1
65.4267	2
65.4267	3
65.4682	1
65.4682	2
65.4682	3
65.5111	1
65.5111	2
65.5111	3
65.5541	1
65.5541	2
65.5541	3
65.5946	2
65.5946	3
65.5951	2
65.5951	3
65.6366	1
65.6366	2
65.6371	1
65.6371	2
65.6796	1
65.6796	2
65.6796	3
65.7226	1
65.7226	2
65.7226	3
65.7651	1
65.7651	2
65.7651	3
65.8071	1
65.8071	2
65.8071	3
65.8502	1
65.8502	2
65.8502	3
65.8932	2
65.8932	3
65.8937	2
65.8937	3
65.9357	1
65.9357	2
65.9362	1
65.9362	2
65.9787	1
65.9787	2
65.9787	3
66.0196	1
66.0196	2
66.0196	3
66.0627	1
66.0627	2
66.0627	3
66.1057	1
66.1057	2
66.1057	3
66.1471	1
66.1471	2
66.1471	3
66.1886	1
66.1886	2
66.1886	3
66.2306	1
66.2306	2
66.2306	3
66.2737	1
66.2737	2
66.2737	3
66.3162	1
66.3162	2
66.3162	3
66.3592	1
66.3592	2
66.3592	3
66.4011	1
66.4011	2
66.4011	3
66.4426	1
66.4426	2
66.4426	3
66.4841	1
66.4841	2
66.4841	3
66.5272	1
66.5272	2
66.5272	3
66.5697	1
66.5697	2
66.5697	3
66.5697	4
66.6127	2
66.6127	3
66.6127	4
66.6552	2
66.6552	3
66.6552	4
66.6557	3
66.6557	4
66.6967	2
66.6967	3
66.6972	2
66.6977	1
66.6977	2
66.7392	1
66.7392	2
66.7392	3
66.7807	1
66.7807	2
66.7807	3
66.8237	1
66.8237	2
66.8237	3
66.8658	1
66.8658	2
66.8658	3
66.9083	1
66.9083	2
66.9083	3
66.9514	1
66.9514	2
66.9514	3
66.9944	2
66.9944	3
67.0353	2
67.0353	3
67.0747	1
67.0747	2
67.1151	1
67.1151	2
67.1556	0
67.1556	1
67.1556	2
67.1971	1
67.1971	2
67.2401	0
67.2401	1
67.2401	2
67.2832	0
67.2832	1
67.2832	2
67.3256	0
67.3256	1
67.3256	2
67.3686	0
67.3686	1
67.3686	2
67.4107	0
67.4107	1
67.4107	2
67.4511	0
67.4511	1
67.4511	2
67.4926	0
67.4926	1
67.4926	2
67.5336	0
67.5336	1
67.5336	2
67.5751	0
67.5751	1
67.5751	2
67.6181	0
67.6181	1
67.6181	2
67.6601	0
67.6601	1
67.6601	2
67.7032	0
67.7032	1
67.7032	2
67.7457	0
67.7457	1
67.7457	2
67.7887	0
67.7887	1
67.7887	2
67.8291	0
67.8291	1
67.8291	2
67.8717	0
67.8717	1
67.8717	2
67.9146	0
67.9146	1
67.9146	2
67.9571	0
67.9571	1
67.9571	2
68.0007	0
68.0007	1
68.0007	2
68.0432	0
68.0432	1
68.0432	2
68.0863	0
68.0863	1
68.0863	2
68.1293	0
68.1293	1
68.1293	2
68.1728	0
68.1728	1
68.1728	2
68.2142	0
68.2142	1
68.2142	2
68.2536	0
68.2536	1
68.2536	2
68.2935	0
68.2935	1
68.2935	2
68.3335	0
68.3335	1
68.3335	2
68.3734	0
68.3734	1
68.3734	2
68.4149	0
68.4149	1
68.4149	2
68.4564	0
68.4564	1
68.4564	2
68.4989	0
68.4989	1
68.4989	2
68.5419	0
68.5419	1
68.5419	2
68.5419	3
68.5849	1
68.5849	2
68.5849	3
68.6264	1
68.6264	2
68.6264	3
68.6684	1
68.6684	2
68.6684	3
68.7083	1
68.7083	2
68.7083	3
68.7498	1
68.7498	2
68.7498	3
68.7913	1
68.7913	2
68.7913	3
68.8334	1
68.8334	2
68.8334	3
68.8764	1
68.8764	2
68.8764	3
68.8764	4
68.9194	2
68.9194	3
68.9194	4
68.9623	2
68.9623	3
68.9623	4
68.9629	3
68.9629	4
69.0028	2
69.0028	3
69.0033	2
69.0038	1
69.0038	2
69.0417	1
69.0417	2
69.0417	3
69.0821	1
69.0821	2
69.0821	3
69.1226	1
69.1226	2
69.1226	3
69.1646	1
69.1646	2
69.1646	3
69.2061	1
69.2061	2
69.2061	3
69.2481	1
69.2481	2
69.2481	3
69.2917	1
69.2917	2
69.2917	3
69.3337	2
69.3337	3
69.3342	2
69.3342	3
69.3761	1
69.3761	2
69.3767	1
69.3767	2
69.4166	1
69.4166	2
69.457	0
69.457	1
69.457	2
69.498	0
69.498	1
69.498	2
69.541	0
69.541	1
69.541	2
69.584	0
69.584	1
69.584	2
69.6265	0
69.6265	1
69.6265	2
69.6696	0
69.6696	1
69.6696	2
69.7121	0
69.7121	1
69.7121	2
69.7551	0
69.7551	1
69.7551	2
69.7981	0
69.7981	1
69.7981	2
69.8401	0
69.8401	1
69.8401	2
69.8836	0
69.8836	1
69.8836	2
69.9261	0
69.9261	1
69.9261	2
69.9681	0
69.9681	1
69.9681	2
70.0101	0
70.0101	1
70.0101	2
70.0521	0
70.0521	1
70.0521	2
70.0947	0
70.0947	1
70.0947	2
70.1382	0
70.1382	1
70.1382	2
70.1802	0
70.1802	1
70.1802	2
70.2216	0
70.2216	1
70.2216	2
70.2616	0
70.2616	1
70.2616	2
70.302	0
70.302	1
70.302	2
70.3441	0
70.3441	1
70.3441	2
70.3871	0
70.3871	1
70.3871	2
70.43	0
70.43	1
70.43	2
70.4715	0
70.4715	1
70.4715	2
70.512	0
70.512	1
70.512	2
70.5519	0
70.5519	1
70.5519	2
70.5934	0
70.5934	1
70.5934	2
70.6364	0
70.6364	1
70.6364	2
70.6794	0
70.6794	1
70.6794	2
70.7224	0
70.7224	1
70.7224	2
70.7639	0
70.7639	1
70.7639	2
70.7639	3
70.8059	1
70.8059	2
70.8059	3
70.8479	1
70.8479	2
70.8479	3
70.8899	1
70.8899	2
70.8899	3
70.9329	1
70.9329	2
70.9329	3
70.9759	1
70.9759	2
70.9759	3
71.0153	1
71.0153	2
71.0153	3
71.0557	1
71.0557	2
71.0557	3
71.0957	1
71.0957	2
71.0957	3
71.0957	4
71.1361	2
71.1361	3
71.1361	4
71.1372	2
71.1372	3
71.1372	4
71.1797	2
71.1797	3
71.1797	4
71.1807	2
71.1807	3
71.1807	4
71.2222	2
71.2222	3
71.2222	4
71.2232	2
71.2232	3
71.2232	4
71.2652	2
71.2652	3
71.2652	4
71.2663	2
71.2663	3
71.2663	4
71.3082	2
71.3082	3
71.3082	4
71.3092	2
71.3092	3
71.3092	4
71.3507	2
71.3507	3
71.3507	4
71.3507	5
71.3517	3
71.3517	4
71.3517	5
71.3917	3
71.3917	4
71.3917	5
71.3927	3
71.3927	4
71.3927	5
71.4321	3
71.4321	4
71.4321	5
71.4332	3
71.4332	4
71.4332	5
71.4731	3
71.4731	4
71.4731	5
71.4741	3
71.4741	4
71.4741	5
71.5156	3
71.5156	4
71.5156	5
71.5167	3
71.5167	4
71.5167	5
71.5586	3
71.5586	4
71.5586	5
71.5586	6
71.5597	4
71.5597	5
71.5597	6
71.6016	4
71.6016	5
71.6016	6
71.6026	4
71.6026	5
71.6026	6
71.6032	5
71.6032	6
71.6441	4
71.6441	5
71.6446	4
71.6451	3
71.6456	2
71.6462	1
71.6462	2
71.6845	1
71.6845	2
71.6845	3
71.7234	1
71.7234	2
71.7234	3
71.7622	1
71.7622	2
71.7622	3
71.8032	1
71.8032	2
71.8032	3
71.8462	1
71.8462	2
71.8462	3
71.8462	4
71.8897	2
71.8897	3
71.8897	4
71.9322	3
71.9322	4
71.9327	3
71.9327	4
71.9752	1
71.9752	2
71.9757	1
71.9757	2
72.0182	1
72.0182	2
72.0187	1
72.0187	2
72.0187	3
72.0602	1
72.0602	2
72.0602	3
72.1022	1
72.1022	2
72.1022	3
72.1442	1
72.1442	2
72.1442	3
72.1863	1
72.1863	2
72.1863	3
72.2293	1
72.2293	2
72.2293	3
72.2722	2
72.2722	3
72.3132	2
72.3132	3
72.3542	1
72.3542	2
72.3941	1
72.3941	2
72.4345	0
72.4345	1
72.4345	2
72.476	1
72.476	2
72.476	3
72.5185	1
72.5185	2
72.5185	3
72.5611	1
72.5611	2
72.5611	3
72.6036	1
72.6036	2
72.6036	3
72.6451	1
72.6451	2
72.6451	3
72.6876	1
72.6876	2
72.6876	3
72.7307	1
72.7307	2
72.7307	3
72.7731	1
72.7731	2
72.7731	3
72.8161	1
72.8161	2
72.8161	3
72.8576	1
72.8576	2
72.8576	3
72.8991	1
72.8991	2
72.8991	3
72.9411	1
72.9411	2
72.9411	3
72.9832	1
72.9832	2
72.9832	3
73.0262	1
73.0262	2
73.0262	3
73.0687	1
73.0687	2
73.0687	3
73.1117	1
73.1117	2
73.1117	3
73.1541	1
73.1541	2
73.1541	3
73.1967	1
73.1967	2
73.1967	3
73.2382	1
73.2382	2
73.2382	3
73.2812	1
73.2812	2
73.2812	3
73.3242	1
73.3242	2
73.3242	3
73.3672	1
73.3672	2
73.3672	3
73.3672	4
73.4101	2
73.4101	3
73.4101	4
73.45	2
73.45	3
73.45	4
73.4506	3
73.4506	4
73.49	2
73.49	3
73.4905	2
73.491	1
73.491	2
73.5299	1
73.5299	2
73.5299	3
73.5698	1
73.5698	2
73.5698	3
73.6124	1
73.6124	2
73.6124	3
73.6549	1
73.6549	2
73.6549	3
73.6974	1
73.6974	2
73.6974	3
73.7404	1
73.7404	2
73.7404	3
73.7818	1
73.7818	2
73.7818	3
73.8233	1
73.8233	2
73.8233	3
73.8658	1
73.8658	2
73.8658	3
73.8658	4
73.9088	2
73.9088	3
73.9088	4
73.9513	2
73.9513	3
73.9513	4
73.9518	3
73.9518	4
73.9944	2
73.9944	3
73.9949	2
73.9954	1
73.9954	2
74.0373	1
74.0373	2
74.0373	3
74.0793	1
74.0793	2
74.0793	3
74.1218	1
74.1218	2
74.1218	3
74.1649	1
74.1649	2
74.1649	3
74.2073	1
74.2073	2
74.2073	3
74.2494	1
74.2494	2
74.2494	3
74.2919	1
74.2919	2
74.2919	3
74.3339	1
74.3339	2
74.3339	3
74.3765	1
74.3765	2
74.3765	3
74.3765	4
74.419	2
74.419	3
74.419	4
74.462	2
74.462	3
74.462	4
74.4625	3
74.4625	4
74.505	2
74.505	3
74.5055	2
74.506	1
74.506	2
74.5465	1
74.5465	2
74.5465	3
74.589	1
74.589	2
74.589	3
74.63	1
74.63	2
74.63	3
74.672	1
74.672	2
74.672	3
74.715	1
74.715	2
74.715	3
74.758	2
74.758	3
74.7585	2
74.7585	3
74.8005	1
74.8005	2
74.8011	1
74.8011	2
74.8436	1
74.8436	2
74.8856	0
74.8856	1
74.8856	2
74.9265	0
74.9265	1
74.9265	2
74.9665	0
74.9665	1
74.9665	2
75.0074	0
75.0074	1
75.0074	2
75.0495	0
75.0495	1
75.0495	2
75.0925	0
75.0925	1
75.0925	2
75.1354	0
75.1354	1
75.1354	2
75.1759	0
75.1759	1
75.1759	2
75.2158	0
75.2158	1
75.2158	2
75.2578	0
75.2578	1
75.2578	2
75.3009	0
75.3009	1
75.3009	2
75.3433	0
75.3433	1
75.3433	2
75.3858	0
75.3858	1
75.3858	2
75.4288	0
75.4288	1
75.4288	2
75.4698	0
75.4698	1
75.4698	2
75.5113	0
75.5113	1
75.5113	2
75.5523	0
75.5523	1
75.5523	2
75.5943	0
75.5943	1
75.5943	2
75.6373	0
75.6373	1
75.6373	2
75.6803	0
75.6803	1
75.6803	2
75.7227	0
75.7227	1
75.7227	2
75.7657	0
75.7657	1
75.7657	2
75.8077	0
75.8077	1
75.8077	2
75.8503	0
75.8503	1
75.8503	2
75.8933	0
75.8933	1
75.8933	2
75.9363	0
75.9363	1
75.9363	2
75.9793	0
75.9793	1
75.9793	2
76.0213	0
76.0213	1
76.0213	2
76.0633	0
76.0633	1
76.0633	2
76.1043	0
76.1043	1
76.1043	2
76.1468	0
76.1468	1
76.1468	2
76.1888	0
76.1888	1
76.1888	2
76.1888	3
76.2318	1
76.2318	2
76.2318	3
76.2733	1
76.2733	2
76.2733	3
76.3143	1
76.3143	2
76.3143	3
76.3558	1
76.3558	2
76.3558	3
76.3962	1
76.3962	2
76.3962	3
76.4377	1
76.4377	2
76.4377	3
76.4798	1
76.4798	2
76.4798	3
76.5218	1
76.5218	2
76.5218	3
76.5218	4
76.5648	2
76.5648	3
76.5648	4
76.6068	3
76.6068	4
76.6073	3
76.6073	4
76.6498	1
76.6498	2
76.6503	1
76.6503	2
76.6918	1
76.6918	2
76.6923	1
76.6923	2
76.6923	3
76.7343	1
76.7343	2
76.7343	3
76.7758	1
76.7758	2
76.7758	3
76.8173	1
76.8173	2
76.8173	3
76.8583	1
76.8583	2
76.8583	3
76.9003	1
76.9003	2
76.9003	3
76.9439	1
76.9439	2
76.9439	3
76.9864	2
76.9864	3
76.9869	2
76.9869	3
77.0294	1
77.0294	2
77.0299	1
77.0299	2
77.0714	1
77.0714	2
77.1139	0
77.1139	1
77.1139	2
77.157	0
77.157	1
77.157	2
77.1999	0
77.1999	1
77.1999	2
77.2424	0
77.2424	1
77.2424	2
77.2849	0
77.2849	1
77.2849	2
77.3264	0
77.3264	1
77.3264	2
77.3685	0
77.3685	1
77.3685	2
77.4115	0
77.4115	1
77.4115	2
77.4545	0
77.4545	1
77.4545	2
77.4974	0
77.4974	1
77.4974	2
77.5394	0
77.5394	1
77.5394	2
77.5793	0
77.5793	1
77.5793	2
77.6177	0
77.6177	1
77.6177	2
77.6581	0
77.6581	1
77.6581	2
77.7001	0
77.7001	1
77.7001	2
77.7431	0
77.7431	1
77.7431	2
77.7861	0
77.7861	1
77.7861	2
77.827	0
77.827	1
77.827	2
77.8686	0
77.8686	1
77.8686	2
77.9101	0
77.9101	1
77.9101	2
77.9521	0
77.9521	1
77.9521	2
77.9946	0
77.9946	1
77.9946	2
78.0377	0
78.0377	1
78.0377	2
78.0377	3
78.0806	1
78.0806	2
78.0806	3
78.121	1
78.121	2
78.121	3
78.162	1
78.162	2
78.162	3
78.2035	1
78.2035	2
78.2035	3
78.245	1
78.245	2
78.245	3
78.2865	1
78.2865	2
78.2865	3
78.329	1
78.329	2
78.329	3
78.3721	1
78.3721	2
78.3721	3
78.4151	1
78.4151	2
78.4151	3
78.4576	1
78.4576	2
78.4576	3
78.4985	1
78.4985	2
78.4985	3
78.5406	1
78.5406	2
78.5406	3
78.5821	1
78.5821	2
78.5821	3
78.6241	1
78.6241	2
78.6241	3
78.6671	1
78.6671	2
78.6671	3
78.71	2
78.71	3
78.7106	2
78.7106	3
78.7515	1
78.7515	2
78.752	1
78.752	2
78.7924	1
78.7924	2
78.7924	3
78.8334	1
78.8334	2
78.8334	3
78.8744	1
78.8744	2
78.8744	3
78.9159	1
78.9159	2
78.9159	3
78.9584	1
78.9584	2
78.9584	3
79.001	1
79.001	2
79.001	3
79.044	1
79.044	2
79.044	3
79.0844	1
79.0844	2
79.0844	3
79.1254	1
79.1254	2
79.1254	3
79.1664	1
79.1664	2
79.1664	3
79.2079	1
79.2079	2
79.2079	3
79.2499	1
79.2499	2
79.2499	3
79.2919	1
79.2919	2
79.2919	3
79.3345	1
79.3345	2
79.3345	3
79.3775	1
79.3775	2
79.3775	3
79.4204	1
79.4204	2
79.4204	3
79.4609	1
79.4609	2
79.4609	3
79.5039	1
79.5039	2
79.5039	3
79.5464	2
79.5464	3
79.5469	2
79.5469	3
79.5894	1
79.5894	2
79.5899	1
79.5899	2
79.6314	1
79.6314	2
79.6314	3
79.6743	1
79.6743	2
79.6743	3
79.7168	1
79.7168	2
79.7168	3
79.7599	1
79.7599	2
79.7599	3
79.8028	1
79.8028	2
79.8028	3
79.8458	1
79.8458	2
79.8458	3
79.8862	1
79.8862	2
79.8862	3
79.9278	1
79.9278	2
79.9278	3
79.9703	1
79.9703	2
79.9703	3
80.0138	1
80.0138	2
80.0138	3
80.0563	2
80.0563	3
80.0568	2
80.0568	3
80.0998	1
80.0998	2
80.1003	1
80.1003	2
80.1423	1
80.1423	2
80.1423	3
80.1838	1
80.1838	2
80.1838	3
80.2253	1
80.2253	2
80.2253	3
80.2668	1
80.2668	2
80.2668	3
80.3098	1
80.3098	2
80.3098	3
80.3528	1
80.3528	2
80.3528	3
80.3958	1
80.3958	2
80.3958	3
80.4367	1
80.4367	2
80.4367	3
80.4782	1
80.4782	2
80.4782	3
80.5213	1
80.5213	2
80.5213	3
80.5622	1
80.5622	2
80.5622	3
80.6037	1
80.6037	2
80.6037	3
80.6447	1
80.6447	2
80.6447	3
80.6877	1
80.6877	2
80.6877	3
80.7303	1
80.7303	2
80.7303	3
80.7732	1
80.7732	2
80.7732	3
80.8152	1
80.8152	2
80.8152	3
80.8562	1
80.8562	2
80.8562	3
80.8993	1
80.8993	2
80.8993	3
80.9412	2
80.9412	3
80.9418	2
80.9418	3
80.9843	1
80.9843	2
80.9848	1
80.9848	2
81.0273	1
81.0273	2
81.0273	3
81.0693	1
81.0693	2
81.0693	3
81.1113	1
81.1113	2
81.1113	3
81.1543	1
81.1543	2
81.1543	3
81.1968	1
81.1968	2
81.1968	3
81.2393	1
81.2393	2
81.2393	3
81.2808	1
81.2808	2
81.2808	3
81.3218	1
81.3218	2
81.3218	3
81.3633	1
81.3633	2
81.3633	3
81.4053	1
81.4053	2
81.4053	3
81.4473	1
81.4473	2
81.4473	3
81.4899	1
81.4899	2
81.4899	3
81.5324	1
81.5324	2
81.5324	3
81.5754	1
81.5754	2
81.5754	3
81.6184	1
81.6184	2
81.6184	3
81.6619	1
81.6619	2
81.6619	3
81.7013	2
81.7013	3
81.7018	2
81.7018	3
81.7412	1
81.7412	2
81.7417	1
81.7417	2
81.7827	1
81.7827	2
81.7827	3
81.8247	1
81.8247	2
81.8247	3
81.8678	1
81.8678	2
81.8678	3
81.9108	1
81.9108	2
81.9108	3
81.9543	1
81.9543	2
81.9543	3
81.9963	2
81.9963	3
81.9968	2
81.9968	3
82.0373	1
82.0373	2
82.0378	1
82.0378	2
82.0798	1
82.0798	2
82.0798	3
82.1233	1
82.1233	2
82.1233	3
82.1658	2
82.1658	3
82.1663	2
82.1663	3
82.2067	1
82.2067	2
82.2073	1
82.2073	2
82.2482	1
82.2482	2
82.2482	3
82.2892	1
82.2892	2
82.2892	3
82.3307	1
82.3307	2
82.3307	3
82.3738	1
82.3738	2
82.3738	3
82.4167	2
82.4167	3
82.4173	2
82.4173	3
82.4597	1
82.4597	2
82.4602	1
82.4602	2
82.5012	1
82.5012	2
82.5012	3
82.5422	1
82.5422	2
82.5422	3
82.5842	1
82.5842	2
82.5842	3
82.6262	1
82.6262	2
82.6262	3
82.6697	1
82.6697	2
82.6697	3
82.7127	2
82.7127	3
82.7132	2
82.7132	3
82.7547	1
82.7547	2
82.7553	1
82.7553	2
82.7962	1
82.7962	2
82.7962	3
82.8377	1
82.8377	2
82.8377	3
82.8792	1
82.8792	2
82.8792	3
82.9218	1
82.9218	2
82.9218	3
82.9648	1
82.9648	2
82.9648	3
83.0077	1
83.0077	2
83.0077	3
83.0497	1
83.0497	2
83.0497	3
83.0901	1
83.0901	2
83.0901	3
83.1301	1
83.1301	2
83.1301	3
83.171	1
83.171	2
83.171	3
83.2136	1
83.2136	2
83.2136	3
83.2566	1
83.2566	2
83.2566	3
83.2996	1
83.2996	2
83.2996	3
83.3426	2
83.3426	3
83.3852	2
83.3852	3
83.4277	1
83.4277	2
83.4706	1
83.4706	2
83.5131	0
83.5131	1
83.5131	2
83.5546	1
83.5546	2
83.5546	3
83.5961	1
83.5961	2
83.5961	3
83.6391	1
83.6391	2
83.6391	3
83.6821	1
83.6821	2
83.6821	3
83.7251	1
83.7251	2
83.7251	3
83.7671	1
83.7671	2
83.7671	3
83.8102	1
83.8102	2
83.8102	3
83.8521	2
83.8521	3
83.8527	2
83.8527	3
83.8947	1
83.8947	2
83.8952	1
83.8952	2
83.9377	1
83.9377	2
83.9377	3
83.9797	1
83.9797	2
83.9797	3
84.0227	1
84.0227	2
84.0227	3
84.0631	1
84.0631	2
84.0631	3
84.1051	1
84.1051	2
84.1051	3
84.1466	1
84.1466	2
84.1466	3
84.1887	1
84.1887	2
84.1887	3
84.2312	1
84.2312	2
84.2312	3
84.2737	1
84.2737	2
84.2737	3
84.3163	1
84.3163	2
84.3163	3
84.3593	1
84.3593	2
84.3593	3
84.4018	2
84.4018	3
84.4023	2
84.4023	3
84.4448	1
84.4448	2
84.4453	1
84.4453	2
84.4878	1
84.4878	2
84.4878	3
84.5297	1
84.5297	2
84.5297	3
84.5712	1
84.5712	2
84.5712	3
84.6127	1
84.6127	2
84.6127	3
84.6537	1
84.6537	2
84.6537	3
84.6957	1
84.6957	2
84.6957	3
84.7378	1
84.7378	2
84.7378	3
84.7803	1
84.7803	2
84.7803	3
84.8233	1
84.8233	2
84.8233	3
84.8663	1
84.8663	2
84.8663	3
84.9078	1
84.9078	2
84.9078	3
84.9487	1
84.9487	2
84.9487	3
84.9913	1
84.9913	2
84.9913	3
85.0338	1
85.0338	2
85.0338	3
85.0773	1
85.0773	2
85.0773	3
85.1203	2
85.1203	3
85.1633	2
85.1633	3
85.2037	1
85.2037	2
85.2431	1
85.2431	2
85.2846	0
85.2846	1
85.2846	2
85.3272	1
85.3272	2
85.3272	3
85.3697	1
85.3697	2
85.3697	3
85.4127	1
85.4127	2
85.4127	3
85.4547	2
85.4547	3
85.4552	2
85.4552	3
85.4962	1
85.4962	2
85.4967	1
85.4967	2
85.5382	1
85.5382	2
85.5382	3
85.5807	1
85.5807	2
85.5807	3
85.5807	4
85.6238	2
85.6238	3
85.6238	4
85.6668	3
85.6668	4
85.7093	3
85.7093	4
85.7513	1
85.7513	2
85.7938	1
85.7938	2
85.8359	1
85.8359	2
85.8789	0
85.8789	1
85.8789	2
85.9214	1
85.9214	2
85.9214	3
85.9644	1
85.9644	2
85.9644	3
86.0064	2
86.0064	3
86.0069	2
86.0069	3
86.0484	1
86.0484	2
86.0489	1
86.0489	2
86.0904	1
86.0904	2
86.133	0
86.133	1
86.133	2
86.176	0
86.176	1
86.176	2
86.2191	0
86.2191	1
86.2191	2
86.2621	0
86.2621	1
86.2621	2
86.3041	0
86.3041	1
86.3041	2
86.3455	0
86.3455	1
86.3455	2
86.387	0
86.387	1
86.387	2
86.4285	0
86.4285	1
86.4285	2
86.4716	0
86.4716	1
86.4716	2
86.515	0
86.515	1
86.515	2
86.5565	0
86.5565	1
86.5565	2
86.599	0
86.599	1
86.599	2
86.6405	0
86.6405	1
86.6405	2
86.6825	0
86.6825	1
86.6825	2
86.7256	0
86.7256	1
86.7256	2
86.7681	0
86.7681	1
86.7681	2
86.8111	0
86.8111	1
86.8111	2
86.8521	0
86.8521	1
86.8521	2
86.8925	0
86.8925	1
86.8925	2
86.9335	0
86.9335	1
86.9335	2
86.9739	0
86.9739	1
86.9739	2
87.0149	0
87.0149	1
87.0149	2
87.0564	0
87.0564	1
87.0564	2
87.0984	0
87.0984	1
87.0984	2
87.141	0
87.141	1
87.141	2
87.184	0
87.184	1
87.184	2
87.2275	0
87.2275	1
87.2275	2
87.2694	0
87.2694	1
87.2694	2
87.3109	0
87.3109	1
87.3109	2
87.3529	0
87.3529	1
87.3529	2
87.3959	0
87.3959	1
87.3959	2
87.439	0
87.439	1
87.439	2
87.439	3
87.4804	1
87.4804	2
87.4804	3
87.5229	1
87.5229	2
87.5229	3
87.5634	1
87.5634	2
87.5634	3
87.6038	1
87.6038	2
87.6038	3
87.6448	1
87.6448	2
87.6448	3
87.6868	1
87.6868	2
87.6868	3
87.7298	1
87.7298	2
87.7298	3
87.7724	2
87.7724	3
87.7729	2
87.7729	3
87.8154	1
87.8154	2
87.8159	1
87.8159	2
87.8584	1
87.8584	2
87.8584	3
87.9009	1
87.9009	2
87.9009	3
87.9423	1
87.9423	2
87.9423	3
87.9843	1
87.9843	2
87.9843	3
88.0273	1
88.0273	2
88.0273	3
88.0708	2
88.0708	3
88.1128	2
88.1128	3
88.1553	1
88.1553	2
88.1973	1
88.1973	2
88.2393	0
88.2393	1
88.2393	2
88.2823	1
88.2823	2
88.2823	3
88.3248	1
88.3248	2
88.3248	3
88.3678	1
88.3678	2
88.3678	3
88.4088	1
88.4088	2
88.4088	3
88.4498	1
88.4498	2
88.4498	3
88.4918	1
88.4918	2
88.4918	3
88.5338	1
88.5338	2
88.5338	3
88.5768	1
88.5768	2
88.5768	3
88.6198	1
88.6198	2
88.6198	3
88.6628	1
88.6628	2
88.6628	3
88.7043	2
88.7043	3
88.7048	2
88.7048	3
88.7447	1
88.7447	2
88.7453	1
88.7453	2
88.7852	1
88.7852	2
88.7852	3
88.8267	1
88.8267	2
88.8267	3
88.8692	1
88.8692	2
88.8692	3
88.9122	1
88.9122	2
88.9122	3
88.9552	1
88.9552	2
88.9552	3
88.9961	1
88.9961	2
88.9961	3
89.0366	1
89.0366	2
89.0366	3
89.0776	1
89.0776	2
89.0776	3
89.1185	1
89.1185	2
89.1185	3
89.1606	1
89.1606	2
89.1606	3
89.2026	1
89.2026	2
89.2026	3
89.2446	1
89.2446	2
89.2446	3
89.2872	1
89.2872	2
89.2872	3
89.3302	1
89.3302	2
89.3302	3
89.3732	1
89.3732	2
89.3732	3
89.4152	1
89.4152	2
89.4152	3
89.4567	1
89.4567	2
89.4567	3
89.4976	1
89.4976	2
89.4976	3
89.5386	1
89.5386	2
89.5386	3
89.5806	1
89.5806	2
89.5806	3
89.6237	1
89.6237	2
89.6237	3
89.6662	1
89.6662	2
89.6662	3
89.7082	1
89.7082	2
89.7082	3
89.7502	1
89.7502	2
89.7502	3
89.7917	1
89.7917	2
89.7917	3
89.8343	1
89.8343	2
89.8343	3
89.8763	1
89.8763	2
89.8763	3
89.9183	1
89.9183	2
89.9183	3
89.9609	1
89.9609	2
89.9609	3
90.0039	1
90.0039	2
90.0039	3
90.0468	1
90.0468	2
90.0468	3
90.0893	1
90.0893	2
90.0893	3
90.1308	1
90.1308	2
90.1308	3
90.1738	1
90.1738	2
90.1738	3
90.2168	1
90.2168	2
90.2168	3
90.2598	1
90.2598	2
90.2598	3
90.3013	1
90.3013	2
90.3013	3
90.3439	1
90.3439	2
90.3439	3
90.3859	1
90.3859	2
90.3859	3
90.4284	1
90.4284	2
90.4284	3
90.4714	1
90.4714	2
90.4714	3
90.5144	1
90.5144	2
90.5144	3
90.5574	2
90.5574	3
90.5579	2
90.5579	3
90.6004	1
90.6004	2
90.6009	1
90.6009	2
90.6424	1
90.6424	2
90.6424	3
90.6812	1
90.6812	2
90.6812	3
90.7217	1
90.7217	2
90.7217	3
90.7616	1
90.7616	2
90.7616	3
90.8015	1
90.8015	2
90.8015	3
90.842	1
90.842	2
90.842	3
90.883	1
90.883	2
90.883	3
90.924	1
90.924	2
90.924	3
90.966	1
90.966	2
90.966	3
91.009	1
91.009	2
91.009	3
91.052	1
91.052	2
91.052	3
91.0944	1
91.0944	2
91.0944	3
91.137	1
91.137	2
91.137	3
91.1753	1
91.1753	2
91.1753	3
91.2142	1
91.2142	2
91.2142	3
91.2531	1
91.2531	2
91.2531	3
91.2941	1
91.2941	2
91.2941	3
91.3356	1
91.3356	2
91.3356	3
91.3776	1
91.3776	2
91.3776	3
91.4201	1
91.4201	2
91.4201	3
91.4632	1
91.4632	2
91.4632	3
91.5062	1
91.5062	2
91.5062	3
91.5492	1
91.5492	2
91.5492	3
91.5911	1
91.5911	2
91.5911	3
91.6332	1
91.6332	2
91.6332	3
91.6741	1
91.6741	2
91.6741	3
91.7167	1
91.7167	2
91.7167	3
91.7587	1
91.7587	2
91.7587	3
91.8017	1
91.8017	2
91.8017	3
91.8447	1
91.8447	2
91.8447	3
91.8861	1
91.8861	2
91.8861	3
91.9266	1
91.9266	2
91.9266	3
91.9681	1
91.9681	2
91.9681	3
92.0111	1
92.0111	2
92.0111	3
92.0541	1
92.0541	2
92.0541	3
92.0966	1
92.0966	2
92.0966	3
92.1386	1
92.1386	2
92.1386	3
92.179	1
92.179	2
92.179	3
92.2205	1
92.2205	2
92.2205	3
92.2615	1
92.2615	2
92.2615	3
92.303	1
92.303	2
92.303	3
92.346	1
92.346	2
92.346	3
92.389	1
92.389	2
92.389	3
92.4315	1
92.4315	2
92.4315	3
92.473	1
92.473	2
92.473	3
92.5134	1
92.5134	2
92.5134	3
92.5544	1
92.5544	2
92.5544	3
92.5544	4
92.5974	2
92.5974	3
92.5974	4
92.6409	3
92.6409	4
92.6829	3
92.6829	4
92.7244	1
92.7244	2
92.7674	1
92.7674	2
92.8094	1
92.8094	2
92.853	0
92.853	1
92.853	2
92.8955	1
92.8955	2
92.8955	3
92.9364	1
92.9364	2
92.9364	3
92.9768	1
92.9768	2
92.9768	3
93.0173	1
93.0173	2
93.0173	3
93.0593	1
93.0593	2
93.0593	3
93.1019	1
93.1019	2
93.1019	3
93.1443	1
93.1443	2
93.1443	3
93.1869	1
93.1869	2
93.1869	3
93.2284	1
93.2284	2
93.2284	3
93.2284	4
93.2699	2
93.2699	3
93.2699	4
93.2709	2
93.2709	3
93.2709	4
93.3134	2
93.3134	3
93.3134	4
93.3145	2
93.3145	3
93.3145	4
93.3564	2
93.3564	3
93.3564	4
93.3575	2
93.3575	3
93.3575	4
93.3989	2
93.3989	3
93.3989	4
93.3999	2
93.3999	3
93.3999	4
93.4419	2
93.4419	3
93.4419	4
93.443	2
93.443	3
93.443	4
93.4834	2
93.4834	3
93.4834	4
93.4844	2
93.4844	3
93.4844	4
93.5249	2
93.5249	3
93.5249	4
93.5259	2
93.5259	3
93.5259	4
93.5659	2
93.5659	3
93.5659	4
93.5674	2
93.5674	3
93.5674	4
93.6084	2
93.6084	3
93.6084	4
93.61	2
93.61	3
93.61	4
93.6509	2
93.6509	3
93.6509	4
93.6519	2
93.6519	3
93.6519	4
93.6934	2
93.6934	3
93.6934	4
93.6945	2
93.6945	3
93.6945	4
93.7364	2
93.7364	3
93.7364	4
93.7375	2
93.7375	3
93.7375	4
93.7794	2
93.7794	3
93.7794	4
93.7805	2
93.7805	3
93.7805	4
93.8214	2
93.8214	3
93.8214	4
93.8224	2
93.8224	3
93.8224	4
93.8639	2
93.8639	3
93.8639	4
93.865	2
93.865	3
93.865	4
93.9069	2
93.9069	3
93.9069	4
93.908	2
93.908	3
93.908	4
93.9495	2
93.9495	3
93.9495	4
93.9505	2
93.9505	3
93.9505	4
93.993	2
93.993	3
93.993	4
93.9941	2
93.9941	3
93.9941	4
94.0355	2
94.0355	3
94.0355	4
94.0365	2
94.0365	3
94.0365	4
94.0774	2
94.0774	3
94.0774	4
94.0785	2
94.0785	3
94.0785	4
94.1179	2
94.1179	3
94.1179	4
94.1189	2
94.1189	3
94.1189	4
94.1594	2
94.1594	3
94.1594	4
94.1604	2
94.1604	3
94.1604	4
94.2024	2
94.2024	3
94.2024	4
94.2035	2
94.2035	3
94.2035	4
94.2454	2
94.2454	3
94.2454	4
94.2465	2
94.2465	3
94.2465	4
94.2879	2
94.2879	3
94.2879	4
94.2889	2
94.2889	3
94.2889	4
94.3314	2
94.3314	3
94.3314	4
94.3713	2
94.3713	3
94.3713	4
94.3718	3
94.3718	4
94.4091	2
94.4091	3
94.4097	2
94.4102	1
94.4102	2
94.4485	1
94.4485	2
94.4485	3
94.4879	1
94.4879	2
94.4879	3
94.5299	1
94.5299	2
94.5299	3
94.5715	1
94.5715	2
94.5715	3
94.6145	1
94.6145	2
94.6145	3
94.6575	1
94.6575	2
94.6575	3
94.6995	2
94.6995	3
94.7	2
94.7	3
94.7425	1
94.7425	2
94.743	1
94.743	2
94.7845	1
94.7845	2
94.8276	0
94.8276	1
94.8276	2
94.8706	0
94.8706	1
94.8706	2
94.9131	0
94.9131	1
94.9131	2
94.9566	0
94.9566	1
94.9566	2
94.9991	0
94.9991	1
94.9991	2
95.0406	0
95.0406	1
95.0406	2
95.0815	0
95.0815	1
95.0815	2
95.1215	0
95.1215	1
95.1215	2
95.1614	0
95.1614	1
95.1614	2
95.2013	0
95.2013	1
95.2013	2
95.2423	0
95.2423	1
95.2423	2
95.2843	0
95.2843	1
95.2843	2
95.3268	0
95.3268	1
95.3268	2
95.3693	0
95.3693	1
95.3693	2
95.4124	0
95.4124	1
95.4124	2
95.4553	0
95.4553	1
95.4553	2
95.4973	0
95.4973	1
95.4973	2
95.5388	0
95.5388	1
95.5388	2
95.5803	0
95.5803	1
95.5803	2
95.6224	0
95.6224	1
95.6224	2
95.6654	0
95.6654	1
95.6654	2
95.7084	0
95.7084	1
95.7084	2
95.7514	0
95.7514	1
95.7514	2
95.7944	0
95.7944	1
95.7944	2
95.8369	0
95.8369	1
95.8369	2
95.8794	0
95.8794	1
95.8794	2
95.9214	0
95.9214	1
95.9214	2
95.9644	0
95.9644	1
95.9644	2
96.0074	0
96.0074	1
96.0074	2
96.0499	0
96.0499	1
96.0499	2
96.0909	0
96.0909	1
96.0909	2
96.0909	3
96.1318	1
96.1318	2
96.1318	3
96.1723	1
96.1723	2
96.1723	3
96.2138	1
96.2138	2
96.2138	3
96.2563	1
96.2563	2
96.2563	3
96.2994	1
96.2994	2
96.2994	3
96.3423	1
96.3423	2
96.3423	3
96.3853	1
96.3853	2
96.3853	3
96.4263	1
96.4263	2
96.4263	3
96.4668	1
96.4668	2
96.4668	3
96.4668	4
96.5067	2
96.5067	3
96.5067	4
96.5077	2
96.5077	3
96.5077	4
96.5477	2
96.5477	3
96.5477	4
96.5487	2
96.5487	3
96.5487	4
96.5902	2
96.5902	3
96.5902	4
96.5913	2
96.5913	3
96.5913	4
96.6323	2
96.6323	3
96.6323	4
96.6344	2
96.6344	3
96.6344	4
96.6752	2
96.6752	3
96.6752	4
96.6778	2
96.6778	3
96.6778	4
96.7182	2
96.7182	3
96.7182	4
96.7182	5
96.7208	3
96.7208	4
96.7208	5
96.7612	3
96.7612	4
96.7612	5
96.7638	3
96.7638	4
96.7638	5
96.8031	3
96.8031	4
96.8031	5
96.8058	3
96.8058	4
96.8058	5
96.8457	3
96.8457	4
96.8457	5
96.8478	3
96.8478	4
96.8478	5
96.8861	3
96.8861	4
96.8861	5
96.8888	3
96.8888	4
96.8888	5
96.9276	3
96.9276	4
96.9276	5
96.9276	6
96.9297	4
96.9297	5
96.9297	6
96.9707	4
96.9707	5
96.9707	6
96.9728	4
96.9728	5
96.9728	6
96.9733	5
96.9733	6
97.0137	4
97.0137	5
97.0142	4
97.0158	3
97.0163	2
97.0168	1
97.0168	2
97.0567	1
97.0567	2
97.0567	3
97.0982	1
97.0982	2
97.0982	3
97.1402	1
97.1402	2
97.1402	3
97.1832	1
97.1832	2
97.1832	3
97.2262	1
97.2262	2
97.2262	3
97.2262	4
97.2691	2
97.2691	3
97.2691	4
97.3101	2
97.3101	3
97.3101	4
97.3106	3
97.3106	4
97.3526	2
97.3526	3
97.3532	2
97.3537	1
97.3537	2
97.3952	1
97.3952	2
97.3952	3
97.4382	1
97.4382	2
97.4382	3
97.4817	1
97.4817	2
97.4817	3
97.5247	2
97.5247	3
97.5672	2
97.5672	3
97.6087	1
97.6087	2
97.6497	1
97.6497	2
97.6927	0
97.6927	1
97.6927	2
97.7352	1
97.7352	2
97.7352	3
97.7782	1
97.7782	2
97.7782	3
97.8212	1
97.8212	2
97.8212	3
97.8601	1
97.8601	2
97.8601	3
97.8984	1
97.8984	2
97.8984	3
97.9384	1
97.9384	2
97.9384	3
97.9804	1
97.9804	2
97.9804	3
98.0219	1
98.0219	2
98.0219	3
98.0639	1
98.0639	2
98.0639	3
98.1065	1
98.1065	2
98.1065	3
98.1495	1
98.1495	2
98.1495	3
98.1924	1
98.1924	2
98.1924	3
98.2344	1
98.2344	2
98.2344	3
98.2774	1
98.2774	2
98.2774	3
98.3205	1
98.3205	2
98.3205	3
98.363	2
98.363	3
98.3635	2
98.3635	3
98.404	1
98.404	2
98.4045	1
98.4045	2
98.446	1
98.446	2
98.446	3
98.489	1
98.489	2
98.489	3
98.5315	2
98.5315	3
98.532	2
98.532	3
98.5745	1
98.5745	2
98.575	1
98.575	2
98.616	1
98.616	2
98.616	3
98.658	1
98.658	2
98.658	3
98.699	1
98.699	2
98.699	3
98.7399	1
98.7399	2
98.7399	3
98.7814	1
98.7814	2
98.7814	3
98.824	1
98.824	2
98.824	3
98.867	1
98.867	2
98.867	3
98.91	1
98.91	2
98.91	3
98.953	1
98.953	2
98.953	3
98.995	1
98.995	2
98.995	3
99.0365	1
99.0365	2
99.0365	3
99.0795	1
99.0795	2
99.0795	3
99.121	1
99.121	2
99.121	3
99.164	1
99.164	2
99.164	3
99.207	1
99.207	2
99.207	3
99.2495	2
99.2495	3
99.25	2
99.25	3
99.292	1
99.292	2
99.2926	1
99.2926	2
99.3351	1
99.3351	2
99.3351	3
99.3781	1
99.3781	2
99.3781	3
99.4206	1
99.4206	2
99.4206	3
99.4636	1
99.4636	2
99.4636	3
99.5061	1
99.5061	2
99.5061	3
99.5465	1
99.5465	2
99.5465	3
99.5875	1
99.5875	2
99.5875	3
99.6285	1
99.6285	2
99.6285	3
99.6694	1
99.6694	2
99.6694	3
99.7115	1
99.7115	2
99.7115	3
99.7545	1
99.7545	2
99.7545	3
99.797	1
99.797	2
99.797	3
99.8369	1
99.8369	2
99.8369	3
99.8769	1
99.8769	2
99.8769	3
99.9178	1
99.9178	2
99.9178	3
99.9599	1
99.9599	2
99.9599	3
100.002	1
100.002	2
100.002	3
100.045	1
100.045	2
100.045	3
100.088	1
100.088	2
100.088	3
100.131	1
100.131	2
100.131	3
100.173	1
100.173	2
100.173	3
100.215	1
100.215	2
100.215	3
100.258	1
100.258	2
100.258	3
100.301	1
100.301	2
100.301	3
100.343	1
100.343	2
100.343	3
100.385	1
100.385	2
100.385	3
100.428	1
100.428	2
100.428	3
100.471	1
100.471	2
100.471	3
100.513	1
100.513	2
100.513	3
100.556	1
100.556	2
100.556	3
100.598	1
100.598	2
100.598	3
100.64	1
100.64	2
100.64	3
100.683	1
100.683	2
100.683	3
100.726	1
100.726	2
100.726	3
100.769	1
100.769	2
100.769	3
100.81	1
100.81	2
100.81	3
100.854	1
100.854	2
100.854	3
100.896	2
100.896	3
100.896	2
100.896	3
100.938	1
100.938	2
100.939	1
100.939	2
100.979	1
100.979	2
100.979	3
101.02	1
101.02	2
101.02	3
101.063	1
101.063	2
101.063	3
101.106	1
101.106	2
101.106	3
101.148	1
101.148	2
101.148	3
101.191	1
101.191	2
101.191	3
101.232	1
101.232	2
101.232	3
101.273	1
101.273	2
101.273	3
101.316	1
101.316	2
101.316	3
101.359	1
101.359	2
101.359	3
101.402	1
101.402	2
101.402	3
101.444	1
101.444	2
101.444	3
101.487	1
101.487	2
101.487	3
101.529	1
101.529	2
101.529	3
101.572	1
101.572	2
101.572	3
101.615	2
101.615	3
101.615	2
101.615	3
101.658	1
101.658	2
101.658	1
101.658	2
101.7	1
101.7	2
101.7	3
101.743	1
101.743	2
101.743	3
101.786	1
101.786	2
101.786	3
101.829	2
101.829	3
101.87	2
101.87	3
101.911	1
101.911	2
101.951	1
101.951	2
101.991	0
101.991	1
101.991	2
102.031	1
102.031	2
102.031	3
102.073	1
102.073	2
102.073	3
102.115	1
102.115	2
102.115	3
102.158	1
102.158	2
102.158	3
102.201	1
102.201	2
102.201	3
102.243	1
102.243	2
102.243	3
102.283	1
102.283	2
102.283	3
102.321	1
102.321	2
102.321	3
102.36	1
102.36	2
102.36	3
102.401	1
102.401	2
102.401	3
102.441	1
102.441	2
102.441	3
102.482	1
102.482	2
102.482	3
102.524	1
102.524	2
102.524	3
102.567	1
102.567	2
102.567	3
102.61	1
102.61	2
102.61	3
102.653	1
102.653	2
102.653	3
102.696	1
102.696	2
102.696	3
102.738	1
102.738	2
102.738	3
102.776	1
102.776	2
102.776	3
102.817	1
102.817	2
102.817	3
102.857	1
102.857	2
102.857	3
102.899	1
102.899	2
102.899	3
102.941	1
102.941	2
102.941	3
102.984	1
102.984	2
102.984	3
102.984	4
103.027	3
103.027	4
103.07	3
103.07	4
103.111	2
103.111	3
103.152	2
103.152	3
103.195	0
103.195	1
103.195	2
103.238	1
103.238	2
103.281	1
103.281	2
103.323	1
103.323	2
103.365	1
103.365	2
103.407	1
103.407	2
103.45	1
103.45	2
103.492	1
103.492	2
103.535	1
103.535	2
103.575	1
103.575	2
103.617	1
103.617	2
103.658	1
103.658	2
103.7	1
103.7	2
103.742	1
103.742	2
103.784	1
103.784	2
103.826	1
103.826	2
103.869	1
103.869	2
103.912	1
103.912	2
103.955	1
103.955	2
103.996	1
103.996	2
104.037	1
104.037	2
104.078	1
104.078	2
104.12	1
104.12	2
104.152	0
104.152	1
104.195	0
104.195	1
104.438	0
104.438	1
104.438	2
104.681	1
104.681	2
104.723	1
104.723	2
104.764	1
104.764	2
104.807	0
104.807	1
104.807	2
104.85	1
104.85	2
104.892	0
104.892	1
104.892	2
105.135	1
105.135	2
105.178	1
105.178	2
105.221	1
105.221	2
105.263	0
105.263	1
105.263	2
105.305	1
105.305	2
105.348	0
105.348	1
105.348	2
105.391	0
105.391	1
105.391	2
105.434	0
105.434	1
105.434	2
105.477	0
105.477	1
105.477	2
105.52	0
105.52	1
105.52	2
105.562	0
105.562	1
105.562	2
105.604	0
105.604	1
105.604	2
105.646	0
105.646	1
105.646	2
105.689	0
105.689	1
105.689	2
105.732	0
105.732	1
105.732	2
105.775	0
105.775	1
105.775	2
105.817	0
105.817	1
105.817	2
105.859	0
105.859	1
105.859	2
105.902	0
105.902	1
105.902	2
105.945	0
105.945	1
105.945	2
105.988	0
105.988	1
105.988	2
106.029	0
106.029	1
106.029	2
106.071	0
106.071	1
106.071	2
106.111	0
106.111	1
106.111	2
106.154	0
106.154	1
106.154	2
106.197	0
106.197	1
106.197	2
106.24	0
106.24	1
106.24	2
106.281	0
106.281	1
106.281	2
106.321	0
106.321	1
106.321	2
106.363	0
106.363	1
106.363	2
106.404	0
106.404	1
106.404	2
106.447	0
106.447	1
106.447	2
106.49	0
106.49	1
106.49	2
106.533	0
106.533	1
106.533	2
106.576	0
106.576	1
106.576	2
106.615	0
106.615	1
106.615	2
106.655	0
106.655	1
106.655	2
106.655	3
106.695	1
106.695	2
106.695	3
106.736	1
106.736	2
106.736	3
106.779	1
106.779	2
106.779	3
106.822	1
106.822	2
106.822	3
106.864	1
106.864	2
106.864	3
106.906	1
106.906	2
106.906	3
106.948	1
106.948	2
106.948	3
106.99	1
106.99	2
106.99	3
106.99	4
107.033	2
107.033	3
107.033	4
107.076	2
107.076	3
107.076	4
107.119	3
107.119	4
107.119	2
107.119	3
107.161	1
107.161	2
107.162	1
107.162	2
107.199	1
107.199	2
107.199	3
107.237	1
107.237	2
107.237	3
107.278	1
107.278	2
107.278	3
107.319	1
107.319	2
107.319	3
107.362	1
107.362	2
107.362	3
107.405	1
107.405	2
107.405	3
107.448	1
107.448	2
107.448	3
107.49	1
107.49	2
107.49	3
107.532	1
107.532	2
107.532	3
107.532	4
107.574	2
107.574	3
107.574	4
107.575	2
107.575	3
107.575	4
107.617	2
107.617	3
107.617	4
107.618	2
107.618	3
107.618	4
107.66	2
107.66	3
107.66	4
107.661	2
107.661	3
107.661	4
107.703	2
107.703	3
107.703	4
107.704	2
107.704	3
107.704	4
107.745	2
107.745	3
107.745	4
107.746	2
107.746	3
107.746	4
107.788	2
107.788	3
107.788	4
107.789	2
107.789	3
107.789	4
107.829	2
107.829	3
107.829	4
107.83	2
107.83	3
107.83	4
107.87	2
107.87	3
107.87	4
107.871	2
107.871	3
107.871	4
107.911	2
107.911	3
107.911	4
107.912	2
107.912	3
107.912	4
107.954	2
107.954	3
107.954	4
107.955	2
107.955	3
107.955	4
107.997	2
107.997	3
107.997	4
107.998	2
107.998	3
107.998	4
108.04	2
108.04	3
108.04	4
108.041	2
108.041	3
108.041	4
108.082	2
108.082	3
108.082	4
108.083	2
108.083	3
108.083	4
108.122	2
108.122	3
108.122	4
108.123	2
108.123	3
108.123	4
108.163	2
108.163	3
108.163	4
108.164	2
108.164	3
108.164	4
108.205	2
108.205	3
108.205	4
108.206	2
108.206	3
108.206	4
108.247	2
108.247	3
108.247	4
108.248	2
108.248	3
108.248	4
108.29	2
108.29	3
108.29	4
108.291	2
108.291	3
108.291	4
108.332	2
108.332	3
108.332	4
108.333	2
108.333	3
108.333	4
108.374	2
108.374	3
108.374	4
108.375	2
108.375	3
108.375	4
108.415	2
108.415	3
108.415	4
108.416	2
108.416	3
108.416	4
108.457	2
108.457	3
108.457	4
108.458	2
108.458	3
108.458	4
108.5	2
108.5	3
108.5	4
108.501	2
108.501	3
108.501	4
108.544	2
108.544	3
108.544	4
108.544	3
108.544	4
108.585	2
108.585	3
108.586	2
108.586	1
108.586	2
108.626	1
108.626	2
108.626	3
108.667	1
108.667	2
108.667	3
108.708	1
108.708	2
108.708	3
108.749	1
108.749	2
108.749	3
108.791	1
108.791	2
108.791	3
108.834	1
108.834	2
108.834	3
108.877	2
108.877	3
108.92	2
108.92	3
108.961	1
108.961	2
109.003	1
109.003	2
109.045	0
109.045	1
109.045	2
109.088	1
109.088	2
109.088	3
109.132	1
109.132	2
109.132	3
109.174	2
109.174	3
109.174	2
109.174	3
109.216	1
109.216	2
109.217	1
109.217	2
109.259	1
109.259	2
109.259	3
109.302	1
109.302	2
109.302	3
109.344	2
109.344	3
109.345	2
109.345	3
109.386	1
109.386	2
109.387	1
109.387	2
109.429	1
109.429	2
109.429	3
109.472	1
109.472	2
109.472	3
109.514	2
109.514	3
109.515	2
109.515	3
109.556	1
109.556	2
109.557	1
109.557	2
109.6	1
109.6	2
109.6	3
109.641	1
109.641	2
109.641	3
109.684	1
109.684	2
109.684	3
109.727	1
109.727	2
109.727	3
109.77	2
109.77	3
109.812	2
109.812	3
109.855	1
109.855	2
109.896	1
109.896	2
109.938	0
109.938	1
109.938	2
109.981	1
109.981	2
109.981	3
110.023	1
110.023	2
110.023	3
110.066	1
110.066	2
110.066	3
110.108	1
110.108	2
110.108	3
110.149	1
110.149	2
110.149	3
110.19	1
110.19	2
110.19	3
110.231	1
110.231	2
110.231	3
110.274	1
110.274	2
110.274	3
110.316	2
110.316	3
110.317	2
110.317	3
110.359	1
110.359	2
110.36	1
110.36	2
110.402	1
110.402	2
110.402	3
110.445	1
110.445	2
110.445	3
110.486	1
110.486	2
110.486	3
110.528	1
110.528	2
110.528	3
110.569	1
110.569	2
110.569	3
110.612	1
110.612	2
110.612	3
110.655	1
110.655	2
110.655	3
110.697	1
110.697	2
110.697	3
110.739	1
110.739	2
110.739	3
110.782	1
110.782	2
110.782	3
110.824	1
110.824	2
110.824	3
110.867	1
110.867	2
110.867	3
110.91	1
110.91	2
110.91	3
110.953	1
110.953	2
110.953	3
110.995	1
110.995	2
110.995	3
111.036	1
111.036	2
111.036	3
111.078	1
111.078	2
111.078	3
111.12	1
111.12	2
111.12	3
111.163	1
111.163	2
111.163	3
111.204	1
111.204	2
111.204	3
111.246	1
111.246	2
111.246	3
111.285	1
111.285	2
111.285	3
111.325	1
111.325	2
111.325	3
111.366	1
111.366	2
111.366	3
111.407	1
111.407	2
111.407	3
111.448	1
111.448	2
111.448	3
111.491	1
111.491	2
111.491	3
111.534	1
111.534	2
111.534	3
111.577	1
111.577	2
111.577	3
111.618	1
111.618	2
111.618	3
111.66	1
111.66	2
111.66	3
111.701	1
111.701	2
111.701	3
111.742	1
111.742	2
111.742	3
111.785	1
111.785	2
111.785	3
111.828	1
111.828	2
111.828	3
111.871	2
111.871	3
111.872	2
111.872	3
111.912	1
111.912	2
111.913	1
111.913	2
111.953	1
111.953	2
111.953	3
111.994	1
111.994	2
111.994	3
112.037	1
112.037	2
112.037	3
112.08	1
112.08	2
112.08	3
112.123	1
112.123	2
112.123	3
112.164	1
112.164	2
112.164	3
112.204	1
112.204	2
112.204	3
112.245	1
112.245	2
112.245	3
112.285	1
112.285	2
112.285	3
112.326	1
112.326	2
112.326	3
112.368	1
112.368	2
112.368	3
112.409	1
112.409	2
112.409	3
112.452	1
112.452	2
112.452	3
112.495	1
112.495	2
112.495	3
112.538	1
112.538	2
112.538	3
112.581	1
112.581	2
112.581	3
112.622	1
112.622	2
112.622	3
112.663	1
112.663	2
112.663	3
112.704	1
112.704	2
112.704	3
112.745	1
112.745	2
112.745	3
112.788	1
112.788	2
112.788	3
112.831	1
112.831	2
112.831	3
112.874	2
112.874	3
112.916	2
112.916	3
112.957	1
112.957	2
112.998	1
112.998	2
113.041	0
113.041	1
113.041	2
113.084	1
113.084	2
113.084	3
113.127	1
113.127	2
113.127	3
113.169	1
113.169	2
113.169	3
113.21	1
113.21	2
113.21	3
113.252	1
113.252	2
113.252	3
113.294	1
113.294	2
113.294	3
113.337	1
113.337	2
113.337	3
113.379	1
113.379	2
113.379	3
113.422	1
113.422	2
113.422	3
113.464	1
113.464	2
113.464	3
113.505	1
113.505	2
113.505	3
113.546	1
113.546	2
113.546	3
113.588	1
113.588	2
113.588	3
113.631	1
113.631	2
113.631	3
113.674	1
113.674	2
113.674	3
113.717	2
113.717	3
113.759	2
113.759	3
113.8	1
113.8	2
113.841	1
113.841	2
113.884	0
113.884	1
113.884	2
113.927	1
113.927	2
113.927	3
113.969	2
113.969	3
113.97	2
113.97	3
114.011	1
114.011	2
114.012	1
114.012	2
114.053	1
114.053	2
114.053	3
114.097	1
114.097	2
114.097	3
114.14	2
114.14	3
114.14	2
114.14	3
114.182	1
114.182	2
114.182	1
114.182	2
114.225	1
114.225	2
114.225	3
114.268	1
114.268	2
114.268	3
114.31	2
114.31	3
114.311	2
114.311	3
114.352	1
114.352	2
114.352	1
114.352	2
114.393	1
114.393	2
114.393	3
114.436	1
114.436	2
114.436	3
114.479	1
114.479	2
114.479	3
114.522	2
114.522	3
114.564	2
114.564	3
114.605	1
114.605	2
114.647	1
114.647	2
114.69	0
114.69	1
114.69	2
114.733	1
114.733	2
114.733	3
114.776	2
114.776	3
114.817	2
114.817	3
114.859	1
114.859	2
114.901	1
114.901	2
114.943	0
114.943	1
114.943	2
114.986	1
114.986	2
114.986	3
115.029	1
115.029	2
115.029	3
115.071	1
115.071	2
115.071	3
115.114	1
115.114	2
115.114	3
115.156	1
115.156	2
115.156	3
115.197	1
115.197	2
115.197	3
115.238	1
115.238	2
115.238	3
115.28	1
115.28	2
115.28	3
115.323	1
115.323	2
115.323	3
115.365	1
115.365	2
115.365	3
115.408	1
115.408	2
115.408	3
115.451	2
115.451	3
115.452	2
115.452	3
115.494	1
115.494	2
115.495	1
115.495	2
115.535	1
115.535	2
115.535	3
115.577	1
115.577	2
115.577	3
115.618	1
115.618	2
115.618	3
115.66	1
115.66	2
115.66	3
115.703	1
115.703	2
115.703	3
115.746	1
115.746	2
115.746	3
115.789	1
115.789	2
115.789	3
115.831	1
115.831	2
115.831	3
115.872	1
115.872	2
115.872	3
115.915	1
115.915	2
115.915	3
115.958	1
115.958	2
115.958	3
116.001	2
116.001	3
116.002	2
116.002	3
116.044	1
116.044	2
116.044	1
116.044	2
116.087	1
116.087	2
116.087	3
116.129	1
116.129	2
116.129	3
116.171	1
116.171	2
116.171	3
116.213	1
116.213	2
116.213	3
116.257	1
116.257	2
116.257	3
116.3	2
116.3	3
116.3	2
116.3	3
116.342	1
116.342	2
116.342	1
116.342	2
116.383	1
116.383	2
116.383	3
116.425	1
116.425	2
116.425	3
116.467	1
116.467	2
116.467	3
116.51	1
116.51	2
116.51	3
116.553	1
116.553	2
116.553	3
116.595	2
116.595	3
116.596	2
116.596	3
116.636	1
116.636	2
116.637	1
116.637	2
116.679	1
116.679	2
116.679	3
116.72	1
116.72	2
116.72	3
116.763	1
116.763	2
116.763	3
116.806	1
116.806	2
116.806	3
116.849	1
116.849	2
116.849	3
116.891	1
116.891	2
116.891	3
116.932	1
116.932	2
116.932	3
116.932	4
116.972	2
116.972	3
116.972	4
116.973	2
116.973	3
116.973	4
117.014	2
117.014	3
117.014	4
117.015	2
117.015	3
117.015	4
117.058	2
117.058	3
117.058	4
117.1	2
117.1	3
117.1	4
117.101	3
117.101	4
117.143	2
117.143	3
117.144	2
117.144	1
117.144	2
117.185	1
117.185	2
117.185	3
117.224	1
117.224	2
117.224	3
117.264	1
117.264	2
117.264	3
117.305	1
117.305	2
117.305	3
117.348	1
117.348	2
117.348	3
117.39	1
117.39	2
117.39	3
117.433	1
117.433	2
117.433	3
117.476	1
117.476	2
117.476	3
117.519	2
117.519	3
117.562	2
117.562	3
117.602	1
117.602	2
117.644	1
117.644	2
117.687	0
117.687	1
117.687	2
117.73	1
117.73	2
117.773	0
117.773	1
117.773	2
117.816	0
117.816	1
117.816	2
117.858	0
117.858	1
117.858	2
117.9	0
117.9	1
117.9	2
117.942	0
117.942	1
117.942	2
117.985	0
117.985	1
117.985	2
118.028	0
118.028	1
118.028	2
118.071	0
118.071	1
118.071	2
118.113	0
118.113	1
118.113	2
118.156	0
118.156	1
118.156	2
118.199	0
118.199	1
118.199	2
118.242	0
118.242	1
118.242	2
118.284	0
118.284	1
118.284	2
118.325	0
118.325	1
118.325	2
118.367	0
118.367	1
118.367	2
118.409	0
118.409	1
118.409	2
118.451	0
118.451	1
118.451	2
118.493	0
118.493	1
118.493	2
118.536	0
118.536	1
118.536	2
118.579	0
118.579	1
118.579	2
118.621	0
118.621	1
118.621	2
118.664	0
118.664	1
118.664	2
118.704	0
118.704	1
118.704	2
118.744	0
118.744	1
118.744	2
118.784	0
118.784	1
118.784	2
118.826	0
118.826	1
118.826	2
118.868	0
118.868	1
118.868	2
118.911	0
118.911	1
118.911	2
118.954	0
118.954	1
118.954	2
118.995	0
118.995	1
118.995	2
119.036	0
119.036	1
119.036	2
119.078	0
119.078	1
119.078	2
119.078	3
119.121	1
119.121	2
119.121	3
119.163	1
119.163	2
119.163	3
119.205	1
119.205	2
119.205	3
119.243	1
119.243	2
119.243	3
119.282	1
119.282	2
119.282	3
119.324	1
119.324	2
119.324	3
119.366	1
119.366	2
119.366	3
119.408	1
119.408	2
119.408	3
119.408	4
119.45	2
119.45	3
119.45	4
119.451	2
119.451	3
119.451	4
119.493	2
119.493	3
119.493	4
119.536	2
119.536	3
119.536	4
119.536	3
119.536	4
119.577	2
119.577	3
119.577	2
119.578	1
119.578	2
119.62	1
119.62	2
119.62	3
119.662	1
119.662	2
119.662	3
119.705	1
119.705	2
119.705	3
119.748	1
119.748	2
119.748	3
119.79	1
119.79	2
119.79	3
119.833	1
119.833	2
119.833	3
119.875	1
119.875	2
119.875	3
119.917	1
119.917	2
119.917	3
119.96	1
119.96	2
119.96	3
119.96	4
120.002	2
120.002	3
120.002	4
120.004	2
120.004	3
120.004	4
120.044	2
120.044	3
120.044	4
120.046	2
120.046	3
120.046	4
120.087	2
120.087	3
120.087	4
120.088	2
120.088	3
120.088	4
120.13	2
120.13	3
120.13	4
120.131	2
120.131	3
120.131	4
120.173	2
120.173	3
120.173	4
120.174	2
120.174	3
120.174	4
120.215	2
120.215	3
120.215	4
120.216	2
120.216	3
120.216	4
120.257	2
120.257	3
120.257	4
120.258	2
120.258	3
120.258	4
120.298	2
120.298	3
120.298	4
120.299	2
120.299	3
120.299	4
120.34	2
120.34	3
120.34	4
120.341	2
120.341	3
120.341	4
120.383	2
120.383	3
120.383	4
120.384	2
120.384	3
120.384	4
120.426	2
120.426	3
120.426	4
120.427	2
120.427	3
120.427	4
120.469	2
120.469	3
120.469	4
120.51	2
120.51	3
120.51	4
120.51	3
120.51	4
120.55	2
120.55	3
120.55	2
120.551	1
120.551	2
120.59	1
120.59	2
120.59	3
120.631	1
120.631	2
120.631	3
120.673	1
120.673	2
120.673	3
120.716	1
120.716	2
120.716	3
120.759	1
120.759	2
120.759	3
120.801	1
120.801	2
120.801	3
120.842	1
120.842	2
120.842	3
120.884	1
120.884	2
120.884	3
120.927	1
120.927	2
120.927	3
120.927	4
120.97	3
120.97	4
120.97	3
120.97	4
121.013	2
121.013	3
121.013	2
121.055	1
121.055	2
121.094	0
121.094	1
121.094	2
121.134	1
121.134	2
121.134	3
121.175	1
121.175	2
121.175	3
121.217	1
121.217	2
121.217	3
121.26	1
121.26	2
121.26	3
121.303	1
121.303	2
121.303	3
121.346	1
121.346	2
121.346	3
121.389	1
121.389	2
121.389	3
121.432	1
121.432	2
121.432	3
121.474	1
121.474	2
121.474	3
121.474	4
121.517	2
121.517	3
121.517	4
121.561	2
121.561	3
121.561	4
121.603	3
121.603	4
121.604	2
121.604	3
121.645	1
121.645	2
121.646	1
121.646	2
121.688	1
121.688	2
121.688	3
121.73	1
121.73	2
121.73	3
121.773	1
121.773	2
121.773	3
121.816	1
121.816	2
121.816	3
121.858	2
121.858	3
121.859	2
121.859	3
121.901	1
121.901	2
121.902	1
121.902	2
121.943	1
121.943	2
121.943	3
121.985	1
121.985	2
121.985	3
122.027	1
122.027	2
122.027	3
122.07	1
122.07	2
122.07	3
122.112	1
122.112	2
122.112	3
122.155	1
122.155	2
122.155	3
122.198	1
122.198	2
122.198	3
122.241	1
122.241	2
122.241	3
122.284	1
122.284	2
122.284	3
122.327	1
122.327	2
122.327	3
122.369	1
122.369	2
122.369	3
122.412	1
122.412	2
122.412	3
122.455	1
122.455	2
122.455	3
122.498	1
122.498	2
122.498	3
122.539	1
122.539	2
122.539	3
122.579	1
122.579	2
122.579	3
122.619	1
122.619	2
122.619	3
122.661	1
122.661	2
122.661	3
122.704	1
122.704	2
122.704	3
122.747	1
122.747	2
122.747	3
122.79	1
122.79	2
122.79	3
122.831	2
122.831	3
122.832	2
122.832	3
122.873	1
122.873	2
122.873	1
122.873	2
122.915	1
122.915	2
122.915	3
122.958	1
122.958	2
122.958	3
123.001	1
123.001	2
123.001	3
123.044	2
123.044	3
123.045	2
123.045	3
123.087	1
123.087	2
123.087	1
123.087	2
123.129	1
123.129	2
123.129	3
123.172	1
123.172	2
123.172	3
123.214	1
123.214	2
123.214	3
123.258	1
123.258	2
123.258	3
123.299	2
123.299	3
123.299	2
123.299	3
123.339	1
123.339	2
123.34	1
123.34	2
123.377	1
123.377	2
123.377	3
123.415	1
123.415	2
123.415	3
123.455	1
123.455	2
123.455	3
123.498	1
123.498	2
123.498	3
123.541	2
123.541	3
123.585	2
123.585	3
123.626	1
123.626	2
123.665	1
123.665	2
123.704	0
123.704	1
123.704	2
123.743	1
123.743	2
123.743	3
123.786	1
123.786	2
123.786	3
123.828	1
123.828	2
123.828	3
123.87	1
123.87	2
123.87	3
123.912	1
123.912	2
123.912	3
123.955	1
123.955	2
123.955	3
123.998	1
123.998	2
123.998	3
124.041	2
124.041	3
124.042	2
124.042	3
124.081	1
124.081	2
124.082	1
124.082	2
124.12	1
124.12	2
124.12	3
124.159	1
124.159	2
124.159	3
124.199	1
124.199	2
124.199	3
124.24	1
124.24	2
124.24	3
124.281	1
124.281	2
124.281	3
124.321	1
124.321	2
124.321	3
124.361	1
124.361	2
124.361	3
124.402	1
124.402	2
124.402	3
124.443	1
124.443	2
124.443	3
124.485	1
124.485	2
124.485	3
124.528	1
124.528	2
124.528	3
124.571	2
124.571	3
124.612	2
124.612	3
124.652	1
124.652	2
124.692	1
124.692	2
124.732	0
124.732	1
124.732	2
124.769	1
124.769	2
124.769	3
124.808	1
124.808	2
124.808	3
124.847	1
124.847	2
124.847	3
124.887	1
124.887	2
124.887	3
124.928	1
124.928	2
124.928	3
124.969	1
124.969	2
124.969	3
125.01	1
125.01	2
125.01	3
125.053	1
125.053	2
125.053	3
125.093	1
125.093	2
125.093	3
125.131	1
125.131	2
125.131	3
125.168	1
125.168	2
125.168	3
125.206	1
125.206	2
125.206	3
125.243	1
125.243	2
125.243	3
125.281	1
125.281	2
125.281	3
125.319	1
125.319	2
125.319	3
125.357	1
125.357	2
125.357	3
125.395	1
125.395	2
125.395	3
125.434	1
125.434	2
125.434	3
125.472	1
125.472	2
125.472	3
125.511	1
125.511	2
125.511	3
125.549	1
125.549	2
125.549	3
125.585	1
125.585	2
125.585	3
125.621	1
125.621	2
125.621	3
125.656	1
125.656	2
125.656	3
125.691	1
125.691	2
125.691	3
125.727	1
125.727	2
125.727	3
125.762	1
125.762	2
125.762	3
125.798	1
125.798	2
125.798	3
125.833	1
125.833	2
125.833	3
125.868	1
125.868	2
125.868	3
125.904	1
125.904	2
125.904	3
125.939	1
125.939	2
125.939	3
125.974	1
125.974	2
125.974	3
126.01	1
126.01	2
126.01	3
126.045	1
126.045	2
126.045	3
126.08	1
126.08	2
126.08	3
126.115	1
126.115	2
126.115	3
126.151	1
126.151	2
126.151	3
126.187	1
126.187	2
126.187	3
126.221	1
126.221	2
126.221	3
126.257	1
126.257	2
126.257	3
126.292	1
126.292	2
126.292	3
126.327	1
126.327	2
126.327	3
126.362	1
126.362	2
126.362	3
126.397	1
126.397	2
126.397	3
126.432	1
126.432	2
126.432	3
126.466	1
126.466	2
126.466	3
126.502	1
126.502	2
126.502	3
126.537	1
126.537	2
126.537	3
126.572	1
126.572	2
126.572	3
126.607	1
126.607	2
126.607	3
126.642	1
126.642	2
126.642	3
126.677	1
126.677	2
126.677	3
126.711	1
126.711	2
126.711	3
126.746	1
126.746	2
126.746	3
126.781	1
126.781	2
126.781	3
126.816	1
126.816	2
126.816	3
126.85	1
126.85	2
126.85	3
126.885	1
126.885	2
126.885	3
126.921	1
126.921	2
126.921	3
126.955	1
126.955	2
126.955	3
126.99	1
126.99	2
126.99	3
127.025	1
127.025	2
127.025	3
127.06	1
127.06	2
127.06	3
127.094	1
127.094	2
127.094	3
127.129	1
127.129	2
127.129	3
127.164	1
127.164	2
127.164	3
127.199	1
127.199	2
127.199	3
127.233	1
127.233	2
127.233	3
127.268	1
127.268	2
127.268	3
127.303	1
127.303	2
127.303	3
127.338	1
127.338	2
127.338	3
127.373	1
127.373	2
127.373	3
127.407	1
127.407	2
127.407	3
127.442	1
127.442	2
127.442	3
127.442	4
127.477	2
127.477	3
127.477	4
127.478	2
127.478	3
127.478	4
127.512	2
127.512	3
127.512	4
127.513	2
127.513	3
127.513	4
127.547	2
127.547	3
127.547	4
127.549	2
127.549	3
127.549	4
127.583	2
127.583	3
127.583	4
127.584	2
127.584	3
127.584	4
127.618	2
127.618	3
127.618	4
127.619	2
127.619	3
127.619	4
127.653	2
127.653	3
127.653	4
127.654	2
127.654	3
127.654	4
127.689	2
127.689	3
127.689	4
127.69	2
127.69	3
127.69	4
127.724	2
127.724	3
127.724	4
127.725	2
127.725	3
127.725	4
127.759	2
127.759	3
127.759	4
127.76	2
127.76	3
127.76	4
127.795	2
127.795	3
127.795	4
127.796	2
127.796	3
127.796	4
127.83	2
127.83	3
127.83	4
127.83	5
127.831	3
127.831	4
127.831	5
127.865	3
127.865	4
127.865	5
127.866	3
127.866	4
127.866	5
127.9	3
127.9	4
127.9	5
127.901	3
127.901	4
127.901	5
127.935	3
127.935	4
127.935	5
127.936	3
127.936	4
127.936	5
127.969	3
127.969	4
127.969	5
127.971	3
127.971	4
127.971	5
128.004	3
128.004	4
128.004	5
128.005	3
128.005	4
128.005	5
128.039	3
128.039	4
128.039	5
128.04	3
128.04	4
128.04	5
128.074	3
128.074	4
128.074	5
128.074	6
128.075	4
128.075	5
128.075	6
128.109	4
128.109	5
128.109	6
128.11	4
128.11	5
128.11	6
128.111	4
128.111	5
128.111	6
128.144	4
128.145	2
128.146	0
128.146	0
128.181	0
