10.112	2.00463
10.1832	0.674811
10.2527	0.690102
10.3228	0.685006
10.3923	0.69018
10.4666	0.807808
10.5419	1.27446
10.6146	1.48558
10.6842	1.5529
10.7585	1.93874
10.8317	2.13044
10.9018	2.05502
10.9713	2.07054
11.0492	2.31212
11.132	2.31801
11.2026	2.88945
11.2721	2.76072
11.3417	2.76072
11.4118	2.74002
11.4834	3.18221
11.5556	3.32531
11.6323	3.12914
11.71	3.08685
11.7893	3.02552
11.8697	3.13527
11.9496	3.00562
12.0294	3.00562
12.1093	3.00562
12.1891	3.00562
12.269	3.00562
12.3488	3.00562
12.4333	2.84009
12.5085	1.91544
12.5791	2.03972
12.6508	2.1773
12.7269	2.52057
12.8036	2.50331
12.8835	2.55478
12.9628	2.42042
13.0416	2.43655
13.1286	1.9306
13.1991	1.70251
13.2702	2.02466
13.3408	2.03972
13.4154	2.09123
13.4905	1.91687
13.5641	1.95795
13.6382	1.94406
13.7133	1.91687
13.7889	2.06219
13.8719	2.31318
13.9576	2.24223
14.0431	2.24417
14.1266	2.29864
14.2107	2.28427
14.2962	2.24546
14.3771	2.37327
14.4595	2.33071
14.533	2.61059
14.6071	2.59208
14.6822	2.55583
14.7563	2.59208
14.8325	2.52057
14.9165	2.28494
15.0004	2.4306
15.0711	2.71868
15.1427	2.67975
15.2157	2.62938
15.2956	2.40449
15.3801	2.27074
15.4641	2.28628
15.5466	2.32792
15.6311	2.27074
15.7146	1.43792
15.796	1.17898
15.878	1.31785
15.9619	1.71572
16.0396	1.85211
16.1195	1.95365
16.203	1.72398
16.2886	1.68264
16.3715	1.88217
16.445	1.46854
16.5217	1.25165
16.6037	1.17142
16.6872	1.14932
16.7706	1.29489
16.8552	1.70256
16.9402	1.69352
17.02	1.80449
17.1019	1.75978
17.1817	1.80393
17.2563	1.93037
17.3335	1.86471
17.4144	1.77995
17.4984	1.71421
17.5834	1.695
17.6627	1.81531
17.7431	1.79158
17.8287	1.68216
17.9127	1.71421
17.9972	1.70306
18.0827	1.6841
18.1594	1.87748
18.2351	1.90356
18.3149	1.80337
18.3989	1.71522
18.4818	1.15791
18.5544	0.991824
18.6311	1.25165
18.7109	1.20225
18.7929	1.17142
18.8789	1.11556
18.9577	1.37185
19.0333	1.26904
19.1126	1.21021
19.1951	1.16396
19.2807	1.12176
19.3646	1.28711
19.4429	0.766572
19.5284	0.561204
19.6082	0.752334
19.6927	1.13537
19.7751	1.165
19.8607	1.26198
19.9451	0.852524
20.026	0.741646
20.1064	1.19439
20.19	1.14932
20.2745	1.13504
20.36	1.12306
20.4419	1.17177
20.5228	1.18663
20.6084	1.12208
20.6871	1.21904
20.7638	1.25165
20.8442	1.19439
20.9303	1.11588
21.0127	1.165
21.0977	1.12836
21.1832	1.12273
21.2657	1.16431
21.3502	1.13537
21.4363	1.11588
21.5177	1.17934
21.6017	1.14213
21.6857	1.14348
21.7676	1.17142
21.8517	1.14213
21.9362	1.13537
22.0223	1.1162
22.1016	1.21059
22.183	1.17898
22.268	1.12869
22.3509	1.15866
22.4297	1.21828
22.5085	1.21828
22.5915	1.15659
22.6761	1.13504
22.7616	1.12176
22.8461	1.1367
22.9291	1.15659
23.0132	1.14213
23.0986	1.26374
23.181	0.582356
23.2572	1.10275
23.3376	1.19439
23.4201	1.16396
23.5041	1.14213
23.5902	1.11524
23.6731	1.15797
23.753	1.35253
23.8354	1.16396
23.9214	1.1162
24.0023	1.18736
24.0858	1.14932
24.1718	1.11652
24.2527	1.18663
24.3362	1.14932
24.4223	1.11582
24.5057	0.575196
24.584	0.613227
24.667	0.578296
24.7521	0.705226
24.8376	0.70127
24.9201	0.291164
25.002	0.439304
25.0875	0.561366
25.171	0.574829
25.2535	0.582154
25.3385	0.564672
25.423	0.567852
25.5064	0.575339
25.5873	0.593317
25.6709	0.574659
25.7568	0.558258
25.8403	0.574829
25.9239	0.574659
26.0094	0.561366
26.0908	0.589489
26.1712	0.597195
26.2552	0.571067
26.3403	0.564017
26.4263	0.558392
26.5087	0.582356
26.5907	0.58571
26.6752	0.567852
26.7592	0.571403
26.8427	0.574659
26.9278	0.564344
27.0133	0.561204
27.0968	0.574802
27.1828	0.558123
27.2668	0.571571
27.3482	0.589489
27.4318	0.574659
27.5177	0.558232
27.6007	0.57884
27.6821	0.589489
27.7676	0.561204
27.8531	0.561366
27.9382	0.564344
28.0227	0.567686
28.1082	0.561366
28.1881	0.601309
28.2663	0.613227
28.3504	0.571403
28.4363	0.558232
28.5198	0.575196
28.5981	0.613227
28.6779	0.601124
28.7578	0.601124
28.8423	0.709815
28.9257	0.719352
29.0097	0.571597
29.0864	0.625827
29.1668	0.597195
29.2508	0.571403
29.3367	0.69799
29.417	0.298766
29.4995	0.291004
29.586	0.693418
29.6658	0.601867
29.742	0.630143
29.8234	0.589489
29.9089	0.701505
29.9902	0.590326
30.0664	0.630209
30.1457	0.605105
30.2282	0.58198
30.3123	0.571067
30.3983	0.558098
30.4822	0.71464
30.5672	0.706077
30.6518	0.56752
30.7364	0.56752
30.8209	0.56752
30.9069	0.558098
30.9919	0.706012
31.0702	0.766572
31.1495	0.605105
31.231	0.589489
31.316	0.564672
31.3999	0.571907
31.4844	0.99374
31.5694	1.12934
31.6555	1.11588
31.7384	1.15694
31.8225	1.14213
31.908	1.12306
31.9904	1.16431
32.0744	1.14281
32.1589	1.1357
32.2429	1.14314
32.3259	1.15659
32.4084	1.16396
32.493	1.13504
32.578	1.12869
32.6635	1.12273
32.7465	1.15694
32.8279	1.17898
32.913	1.12836
32.9985	1.12338
33.084	1.12273
33.1664	1.16431
33.2499	1.15
33.3354	1.12306
33.4184	1.15728
33.5008	1.16396
33.5868	0.837348
33.6672	0.74653
33.7491	0.58571
33.8347	0.70127
33.9176	0.578984
33.9969	0.756418
34.0799	0.578296
34.166	0.557752
34.251	0.282323
34.3345	0.287343
34.4205	0.418573
34.504	0.287499
34.5885	0.425889
34.6742	0.280278
34.7596	0.421408
34.8446	0.564508
34.9276	0.578296
35.0137	0.557778
35.0982	0.568183
35.1832	0.564672
35.2676	0.568349
35.3527	0.564508
35.4362	0.574659
35.5202	0.571067
35.6048	0.56752
35.6903	0.561366
35.7738	0.574999
35.8593	0.561528
35.9407	0.589489
36.0227	0.58571
36.1072	0.709401
36.1917	0.568183
36.2762	0.568017
36.3617	0.561204
36.4432	0.589639
36.5225	0.605135
36.6076	0.564181
36.693	0.56169
36.7785	0.561204
36.8636	0.564181
36.9486	0.564974
37.0316	0.578324
37.1151	0.574659
37.2001	0.564508
37.2842	0.571235
37.3697	0.561204
37.4536	0.571739
37.5388	0.564017
37.6238	0.564672
37.7098	0.557752
37.7948	0.564862
37.8757	0.593317
37.9576	0.58571
38.0422	0.56752
38.1277	0.561366
38.2112	0.575169
38.2921	0.593317
38.3714	0.605105
38.4534	0.58571
38.5389	0.561042
38.6244	0.561204
38.7099	0.561502
38.7935	0.574686
38.8785	0.564508
38.9635	0.564672
39.0454	0.58571
39.1305	0.564508
39.2155	0.564508
39.299	0.574659
39.3836	0.56752
39.4692	0.56088
39.5542	0.564836
39.6351	0.593317
39.716	0.593317
39.7974	0.589489
39.8815	0.571067
39.967	0.561366
40.0509	0.571739
40.1329	0.58571
40.2148	0.58571
40.3008	0.557938
40.3848	0.571712
40.4673	0.582007
40.5538	0.554551
40.6389	0.564482
40.7244	0.56123
40.8094	0.564508
40.8923	0.578984
40.9738	1.03161
41.0583	1.1357
41.1442	1.11684
41.2241	1.20225
41.305	1.18663
41.39	1.12869
41.4745	1.13637
41.557	1.16396
41.6405	1.14932
41.7265	1.1162
41.8084	1.17248
41.8909	1.16396
41.9774	1.10942
42.063	1.12241
42.1412	1.22645
42.2237	1.16396
42.3062	1.16396
42.3922	1.11588
42.4772	1.13
42.5607	1.14932
42.6463	1.12111
42.7328	1.11005
42.8105	1.23513
42.8862	1.26904
42.9666	1.19439
43.049	1.16396
43.135	1.1162
43.2201	1.12869
43.3041	1.14213
43.3902	1.1162
43.4726	1.16431
43.5561	1.14932
43.6417	1.12241
43.7251	0.863222
43.806	0.741682
43.889	0.578296
43.9734	0.568349
44.058	0.567686
44.1409	0.578812
44.225	0.999368
44.3115	1.1091
44.3929	1.17934
44.4733	1.19439
44.5553	1.17142
44.6408	1.12273
44.7237	1.15797
44.7998	1.26029
44.8781	1.22645
44.9632	1.12836
45.0477	1.13603
45.1342	1.1091
45.2156	1.17969
45.3017	1.11588
45.3867	1.27014
45.4707	1.14213
45.5558	1.12902
45.6392	1.15
45.7238	1.1357
45.8082	1.1367
45.8897	1.17898
45.9732	1.14932
46.0577	1.1357
46.1416	1.14376
46.2236	0.585738
46.3092	0.561042
46.3946	0.561502
46.4787	0.571094
46.5647	0.418333
46.6497	0.565
46.7327	0.578296
46.8182	0.561204
46.9037	0.561366
46.9883	0.56752
47.0743	0.557938
47.1588	0.568349
47.2408	0.58571
47.3227	0.58571
47.4082	0.561204
47.4921	0.572075
47.5709	0.609139
47.656	0.564181
47.741	0.564836
47.8261	0.564181
47.908	0.732358
47.9926	0.56752
48.0791	0.554709
48.1583	0.605828
48.2319	0.652684
48.3086	0.625827
48.3926	0.571067
48.4781	0.42135
48.5616	0.287343
48.6476	0.418472
48.7326	0.564672
48.8177	0.564181
48.9012	0.574659
48.9868	0.561042
49.0727	0.558578
49.1541	0.589668
49.2366	0.58198
49.3231	0.554684
49.4029	0.601525
49.4859	0.578296
49.5715	0.561204
49.657	0.561528
49.7405	0.574659
49.8265	0.557938
49.9125	0.558418
49.9949	0.582126
50.0795	0.567547
50.1654	0.558578
50.2494	0.571403
50.3314	0.58571
50.4174	0.557912
50.5014	0.28594
50.5859	0.283939
50.6713	0.561878
50.7537	0.582328
50.8362	0.58198
50.9222	0.558098
51.0041	0.58624
51.0897	0.56088
51.1731	0.575169
51.2556	0.58198
51.3407	0.564181
51.4257	0.564508
51.5102	0.568157
51.5932	0.578324
51.6793	0.69699
51.7622	0.434109
51.8447	0.436506
51.9298	0.564181
52.0152	0.56169
52.0956	0.597532
52.177	0.442138
52.261	0.571067
52.3466	0.561204
52.4315	0.565328
52.516	0.567686
52.6016	0.561204
52.6876	0.557938
52.7716	0.571235
52.8571	0.561366
52.9416	0.568017
53.0241	0.58198
53.1086	0.568017
53.1946	0.557938
53.2786	0.571571
53.3631	0.568017
53.4487	0.561042
53.5347	0.697622
53.6176	0.578984
53.7027	0.564017
53.7887	0.558258
53.8732	0.709607
53.9593	1.11556
54.0433	1.14281
54.1289	1.26125
54.2144	1.12273
54.2984	0.857356
54.3819	0.574659
54.4668	0.565492
54.5472	0.597195
54.6281	1.0383
54.7116	1.14932
54.7981	1.10942
54.8784	1.19549
54.9583	1.35253
55.0408	1.16396
55.1259	1.12836
55.2123	1.11005
55.2906	0.92013
55.3689	0.613227
55.4524	0.574659
55.5384	0.558258
55.6223	0.71485
55.7043	0.732173
55.7893	0.564344
55.8733	0.571739
55.9552	0.58571
56.0408	0.561042
56.1257	0.565302
56.2045	0.609169
56.289	0.567852
56.375	0.558072
56.4605	0.56123
56.544	0.575311
56.6254	0.589518
56.7094	0.571235
56.7954	0.558418
56.8784	0.578296
56.9634	0.564344
57.0469	0.574999
57.1294	0.58198
57.214	0.56752
57.3005	0.555001
57.3798	0.302631
57.4586	0.304585
57.5436	0.564534
57.6285	0.42371
57.7126	0.285547
57.7985	0.418833
57.8841	0.420864
57.9701	0.278982
58.0536	0.431397
58.1386	0.564672
58.2236	0.564508
58.3091	0.561204
58.3947	0.560719
58.4802	0.70208
58.5642	0.713868
58.6498	0.561016
58.7358	0.558444
58.8213	0.420903
58.9032	0.58571
58.9883	0.564508
59.0737	0.561528
59.1588	0.564672
59.2428	0.571067
59.3278	0.564508
59.4133	0.56169
59.4937	0.597195
59.5751	0.589489
59.6601	0.564508
59.7456	0.561366
59.8301	0.568349
59.9141	0.571067
60.0002	0.557938
60.0805	0.597195
60.1646	0.714254
60.2506	0.558072
60.334	0.575026
60.4181	0.571067
60.5041	0.558098
60.5885	0.568515
60.6736	0.564344
60.7581	0.568183
60.843	0.564836
60.9255	0.58198
61.009	0.574659
61.095	0.558258
61.1796	0.567852
61.2646	0.564672
61.3501	0.561204
61.4361	0.558258
61.5196	0.574971
61.6015	0.585738
61.6861	0.56752
61.7721	0.557938
61.8561	0.571571
61.9411	0.564344
62.0271	0.558258
62.1112	0.571235
62.1957	0.56752
62.2812	0.56169
62.3647	0.574999
62.4471	0.58198
62.5307	0.574659
62.6158	0.564017
62.7013	0.561366
62.7853	0.571235
62.8699	0.56752
62.9559	0.558098
63.0383	0.582328
63.1239	0.561204
63.2088	0.565
63.2897	0.593317
63.3738	0.571067
63.4603	0.554551
63.5448	0.568323
63.6293	0.568044
63.7123	0.578296
63.7953	0.578296
63.8813	0.558258
63.9642	0.57864
64.0483	0.571067
64.1329	0.56752
64.2188	0.558258
64.3033	0.568349
64.3847	0.589489
64.4682	0.574659
64.5502	0.58571
64.6332	0.578296
64.7192	0.558258
64.8021	0.57864
64.8841	0.58571
64.9701	0.557778
65.0556	0.702315
65.1375	0.732764
65.222	0.567547
65.308	0.558258
65.3904	0.582502
65.475	0.56752
65.6755	0.119686
65.7604	0.565607
65.846	0.70093
65.9304	0.568515
66.0144	0.571544
66.1005	0.557643
66.1855	0.423627
66.27	0.567686
66.3555	0.561366
66.439	0.575169
66.5235	0.567686
66.6085	0.564836
66.693	0.568183
66.777	0.571067
66.8621	0.564344
66.9477	0.560719
67.0316	0.572075
67.1114	0.601124
67.1929	0.589489
67.2784	0.561042
67.3644	0.558098
67.4469	0.58198
67.5289	0.732138
67.6129	0.571067
67.6974	0.568017
67.7834	0.558258
67.8648	1.03161
67.9509	1.11588
68.0358	1.12967
68.1219	1.25428
68.2079	0.69799
68.2867	0.456877
68.3666	0.601124
68.4496	0.578296
68.5351	0.561042
68.6201	0.706217
68.702	0.58571
68.785	0.722905
68.8701	0.564181
68.956	0.558578
69.0354	0.605105
69.1157	0.597195
69.1998	0.571067
69.2854	0.56088
69.3698	0.568323
69.4507	0.593346
69.5342	0.574999
69.6192	0.565
69.7042	0.564344
69.7903	0.557752
69.8758	0.280751
69.9607	0.282431
70.0443	0.574686
70.1293	0.564344
70.2148	0.561204
70.2952	0.597349
70.3802	0.564371
70.4652	0.565
70.5466	0.589489
70.6307	0.571067
70.7167	0.558258
70.8001	0.575141
70.8847	0.567712
70.9707	0.558098
71.051	0.597561
71.1314	0.597195
71.2164	0.564672
71.3024	0.557752
71.3859	0.287656
71.4684	0.291004
71.5534	0.564534
71.6393	0.418775
71.7186	0.302661
71.7974	0.456877
71.8834	0.558098
71.9689	0.561826
72.0534	0.56821
72.1369	0.574659
72.2224	0.561042
72.3058	0.575652
72.3867	0.593346
72.4687	0.58571
72.5537	0.564344
72.6377	0.571403
72.7233	0.560719
72.8088	0.702112
72.8912	0.727875
72.9758	0.567547
73.0613	0.561366
73.1468	0.561528
73.2308	0.571235
73.3163	0.701707
73.4028	0.971528
73.4831	0.597407
73.5625	0.605105
73.6475	0.564344
73.7331	0.561042
73.816	0.72373
73.902	1.11556
73.9876	1.12241
74.0735	1.11684
74.1581	1.13537
74.2425	1.13637
74.3276	1.12836
74.4122	1.13504
74.4982	1.11684
74.5817	1.14966
74.6652	1.14932
74.7517	1.10942
74.8372	1.12241
74.9192	1.17177
75.0001	1.18663
75.0851	1.12902
75.1685	1.15102
75.2505	1.17142
75.336	1.12241
75.4215	1.12273
75.5039	1.16466
75.5869	1.15659
75.6729	1.1162
75.7589	1.1162
75.8434	1.13637
75.929	1.12241
76.0139	1.13
76.0974	1.14932
76.1815	1.14213
76.2665	1.12967
76.3489	1.16396
76.4309	1.17142
76.515	1.14213
76.5994	1.27841
76.6844	1.12934
76.7685	1.14213
76.851	1.16396
76.9355	1.56068
77.0215	1.67525
77.1065	1.69352
77.191	1.8466
77.2765	1.6841
77.36	2.15497
77.4461	2.23175
77.531	2.40264
77.6093	2.45291
77.6907	2.80007
77.7772	2.91222
77.8607	1.72551
77.9442	1.72398
78.0298	1.82234
78.1158	1.25638
78.1982	0.58198
78.2812	0.578296
78.3668	0.560719
78.4523	0.56169
78.5353	0.578296
78.6188	0.574659
78.7048	0.558258
78.7872	0.582677
78.8691	0.58571
78.9532	0.571067
79.0298	0.626607
79.3117	0.0851306
79.3979	0.696196
79.4798	1.31904
79.5642	2.55733
79.6507	1.66523
79.7347	1.71471
79.8222	1.78202
79.9046	1.31076
79.9892	1.13537
80.0746	1.12338
80.1602	1.12268
80.2426	0.582007
80.3277	0.987889
80.4136	1.11684
80.4971	1.14932
80.5811	1.14348
80.6636	1.16396
80.7486	1.12869
80.8336	1.12934
80.9192	1.12208
81.0047	1.12241
81.0887	1.14314
81.1737	1.12967
81.2587	1.12869
81.3412	1.16396
81.4247	1.14932
81.5098	1.12803
81.5958	1.1162
81.6808	1.13
81.7612	1.19439
81.8463	1.12803
81.9322	1.11684
82.0162	1.14281
82.1024	1.11492
82.1868	1.13703
82.2693	1.16396
82.3523	1.15659
82.4382	1.11684
82.5217	1.15034
82.6052	1.14932
82.6912	1.11588
82.7757	1.13603
82.8587	1.15659
82.9433	1.1357
83.0292	1.11684
83.109	1.20262
83.1915	1.16396
83.2771	1.26234
83.3615	1.13703
83.4471	1.12208
83.5336	0.832301
83.6171	0.718536
83.7031	1.1162
83.7881	1.12934
83.8726	1.1357
83.9581	1.12241
84.0426	1.13637
84.1251	1.16396
84.2086	1.29375
84.2932	1.13504
84.3787	1.12273
84.4642	1.12241
84.5481	1.14381
84.6301	1.17142
84.7147	1.13504
84.8002	1.12176
84.8857	1.12338
84.9687	1.15659
85.0548	1.11556
85.1407	1.11684
85.2216	1.187
85.3046	1.15659
85.3907	1.11487
85.4757	0.564862
85.5592	0.574659
85.6447	0.561204
85.7292	0.710196
85.8133	0.713868
85.8983	0.564508
85.9838	0.561502
86.0678	0.571094
86.1524	0.56752
86.2384	0.557938
86.3235	0.564344
86.4064	0.57864
86.492	0.561042
86.5775	0.561366
86.6605	0.57864
86.7455	0.564344
86.8295	0.571739
86.9114	0.58571
86.9934	0.58571
87.0759	0.58198
87.1614	0.56088
87.2474	0.558578
87.3314	0.714254
87.417	0.981495
87.503	0.557803
87.5849	0.586035
87.6663	0.442138
87.7519	0.561042
87.8379	0.557778
87.9223	0.568681
88.0069	0.567852
88.0918	0.565
88.1778	0.558098
88.2629	0.564181
88.3489	0.557938
88.433	0.571403
88.5165	0.574659
88.6025	0.557778
88.6869	0.568681
88.7673	0.597195
88.8508	0.574659
88.9369	0.558098
89.0198	0.723515
89.1002	0.597195
89.1837	0.574659
89.2683	0.56752
89.3543	0.69719
89.4383	0.285856
89.5208	0.291004
89.6053	0.709434
89.6903	0.564646
89.7738	0.431142
89.8579	0.571067
89.9425	0.56752
90.0285	0.557938
90.1124	0.571907
90.1969	0.568017
90.2819	0.565164
90.3659	0.571235
90.4515	0.560719
90.537	0.56169
90.6219	0.565164
90.7028	0.593317
90.7832	0.597195
90.8635	0.597195
90.946	0.58198
91.032	0.557938
91.117	0.706045
91.1948	0.61737
91.2752	0.597195
91.3587	0.574659
91.4433	0.56752
91.5292	0.69799
91.6137	0.710055
91.6967	0.578296
91.7818	0.564344
91.8667	0.565164
91.9492	0.58198
92.0347	0.701472
92.1207	0.697854
92.2011	0.597195
92.2841	0.578296
92.3696	0.561366
92.4541	0.568183
92.5339	1.05197
92.6194	1.12273
92.7044	1.12934
92.7895	1.12902
92.8745	1.12902
92.9574	1.15762
93.0383	1.18663
93.1239	1.12176
93.2079	1.14281
93.2909	1.15659
93.3769	1.1162
93.4624	1.12338
93.5448	1.16396
93.6309	1.11492
93.7155	1.1357
93.8014	1.11684
93.8855	1.14247
93.9705	1.12902
94.0564	1.11684
94.1389	1.16431
94.2234	1.1357
94.3094	1.11684
94.3902	1.18772
94.468	1.38908
94.5499	1.17142
94.6354	1.12273
94.7199	1.1357
94.8055	1.12208
94.891	1.12241
94.9766	1.12236
95.06	0.575366
95.1404	0.597195
95.2207	0.597195
95.3043	0.718324
95.3898	0.70127
95.4758	0.418813
95.5583	0.29099
95.6418	0.28733
95.7278	0.279049
95.8133	0.280845
95.8978	0.28376
95.9838	0.279129
96.0693	0.280683
96.1502	0.296658
96.2337	0.28733
96.3043	0.340324
96.5906	0.0838202
96.6763	0.700466
96.7627	1.11
96.8467	0.714254
96.9287	0.732173
97.0147	0.557938
97.0992	0.710229
97.1848	1.12208
97.2707	1.11684
97.3547	1.14247
97.4398	1.12902
97.5257	1.25644
97.6092	1.14966
97.6933	1.14247
97.7792	1.11646
97.8611	0.586091
97.9394	0.613227
98.023	0.574659
98.1075	0.709401
98.1935	0.69799
98.2785	0.564698
98.364	0.561204
98.447	0.578296
98.5325	0.561366
98.617	0.568183
98.7	0.578296
98.7825	0.58198
98.8681	0.560719
98.9541	0.558418
99.0375	0.574999
99.122	0.568017
99.208	0.558098
99.2931	0.564344
99.3791	0.557938
99.4647	0.561204
99.5476	0.578984
99.6295	0.58571
99.7125	0.578296
99.7981	0.561042
99.8779	0.601124
99.9609	0.578296
100.047	0.56088
100.132	0.564344
100.216	0.567852
100.302	0.561042
100.386	0.567852
100.472	0.56088
100.557	0.564672
100.641	0.567852
100.727	0.561042
100.811	0.568017
100.897	0.561204
100.98	0.723085
101.065	1.12902
101.15	1.13
101.234	1.14348
101.317	1.29298
101.403	1.12306
101.488	0.981778
101.573	0.709848
101.659	0.558098
101.744	0.56481
101.83	0.558283
101.911	0.589846
101.991	0.601124
102.074	0.58198
102.159	0.564508
102.244	0.561852
102.322	0.613614
102.402	0.605105
102.484	0.58571
102.568	0.56752
102.654	0.557938
102.739	0.568183
102.818	0.605105
102.9	0.58571
102.985	0.564508
103.07	0.561528
103.153	0.58198
103.239	0.557938
103.324	0.56481
103.407	0.574686
103.492	0.564836
103.576	0.575141
103.659	0.578324
103.742	0.574659
103.827	0.56752
103.912	0.561204
103.997	0.568183
104.079	0.58571
104.164	0.564344
104.249	0.56481
104.329	0.597407
104.413	0.571235
104.499	0.561366
104.585	0.558392
104.669	0.285688
104.752	0.287598
104.837	0.567878
104.923	0.557618
105.008	0.56134
105.091	0.582182
105.176	0.561042
105.261	0.564836
105.346	0.564508
105.431	0.564672
105.517	0.561178
105.601	0.567712
105.687	0.564181
105.772	0.56169
105.856	0.571208
105.942	0.558283
106.026	0.571571
106.108	0.58198
106.194	0.561042
106.278	0.568515
106.36	0.589489
106.444	0.567852
106.53	0.561366
106.613	0.578984
106.692	0.605105
106.777	0.567852
106.863	0.555184
106.947	0.571208
107.032	0.564207
107.118	0.702047
107.198	0.298979
107.277	0.609169
107.361	0.571235
107.447	0.558418
107.531	0.571403
107.616	0.705635
107.701	0.702282
107.786	0.564371
107.869	0.58198
107.953	0.567852
108.039	0.561502
108.121	0.436767
108.204	0.58198
108.289	0.561042
108.373	0.571403
108.456	0.578296
108.542	0.557778
108.626	0.575339
108.707	0.589489
108.791	0.574659
108.877	0.558098
108.961	0.571403
109.045	0.571067
109.131	0.554551
109.216	0.567852
109.302	0.557938
109.386	0.571739
109.471	0.7011
109.555	0.571403
109.64	0.564836
109.726	0.557752
109.811	0.56821
109.895	0.571403
109.979	0.567686
110.065	0.558392
110.148	0.28922
110.23	0.292869
110.315	0.564371
110.401	0.558258
110.485	0.571403
110.568	0.578296
110.654	0.561204
110.738	0.571376
110.823	0.564207
110.909	0.557938
110.994	0.568349
111.077	0.578296
111.162	0.561042
111.244	0.582328
111.324	0.601124
111.406	0.589489
111.49	0.571067
111.576	0.558258
111.659	0.574999
111.741	0.58571
111.827	0.557938
111.911	0.572075
111.993	0.58571
112.079	0.561042
112.163	0.568515
112.243	0.597195
112.325	0.589489
112.408	0.574659
112.494	0.560719
112.579	0.56169
112.662	0.582154
112.744	0.58571
112.829	0.56088
112.915	0.56169
112.997	0.58198
113.083	0.561204
113.168	0.565
113.251	0.578296
113.336	0.564181
113.422	0.558258
113.504	0.586035
113.587	0.574686
113.673	0.558258
113.758	0.564836
113.84	0.58571
113.926	0.557938
114.01	0.571739
114.095	0.988176
114.18	1.13033
114.266	1.11588
114.35	1.14314
114.434	1.14213
114.52	1.11652
114.604	1.15034
114.688	1.1357
114.775	1.10974
114.857	0.728093
114.942	0.567547
115.028	0.557938
115.113	0.56481
115.196	0.431142
115.28	0.574659
115.365	0.564181
115.451	0.558098
115.535	0.571739
115.618	0.578296
115.703	0.564672
115.788	0.56169
115.872	0.574659
115.958	0.557778
116.043	0.56169
116.129	0.561204
116.213	0.571067
116.299	0.555026
116.383	0.574999
116.466	0.574659
116.552	0.697222
116.635	0.578957
116.719	0.571094
116.805	0.561042
116.891	0.418655
116.972	0.296673
117.056	0.425909
117.142	0.558418
117.223	0.593679
117.304	0.593317
117.389	0.564181
117.475	0.558258
117.561	0.56169
117.643	0.58198
117.729	0.561366
117.814	0.561042
117.898	0.571235
117.984	0.56088
118.069	0.561366
118.155	0.561204
118.24	0.561204
118.324	0.574999
118.407	0.574659
118.492	0.56752
118.578	0.558072
118.663	0.280751
118.743	0.302567
118.824	0.589518
118.91	0.561204
118.993	0.575509
119.077	0.574659
119.162	0.56169
119.242	0.597195
119.323	0.597195
119.407	0.571067
119.492	0.564672
119.576	0.571907
119.661	0.561042
119.747	0.557752
119.832	0.568542
119.916	0.567686
120.001	0.564672
120.085	0.571067
120.171	0.558072
120.255	0.574856
120.338	0.578296
120.424	0.69739
120.508	0.71047
120.589	0.593317
120.672	0.58198
120.758	0.558098
120.841	0.57864
120.925	0.993161
121.011	1.11684
121.093	1.17969
121.173	1.19439
121.259	1.12241
121.344	1.12306
121.43	1.11588
121.516	1.12306
121.602	1.1162
121.686	1.13603
121.771	1.12803
121.857	1.12338
121.942	1.12967
122.026	1.14213
122.111	1.12836
122.197	1.11684
122.282	1.12176
122.368	1.12306
122.453	1.12241
122.537	1.14415
122.618	1.19439
122.702	1.13537
122.788	1.11652
122.871	1.15694
122.957	1.12208
123.043	1.1162
123.128	1.12836
123.213	1.12967
123.297	1.13637
123.376	1.22645
123.454	1.22645
123.539	1.12258
123.624	1.27889
123.701	1.23474
123.783	1.17142
123.868	1.14213
123.952	1.2774
124.039	1.66413
124.117	1.82856
124.196	1.9797
124.278	1.76847
124.358	1.78268
124.439	2.22444
124.524	2.25738
124.608	2.43418
124.687	2.58884
124.969	0.458178
