10.0342	34
10.0753	34
10.3586	39
10.3934	42
10.4287	46
10.4682	49
10.4692	48
10.5072	47
10.5082	46
10.544	45
10.5451	44
10.5825	43
10.5835	42
10.6173	46
10.6183	45
10.652	48
10.6531	46
10.6868	49
10.6879	47
10.6889	45
10.7253	45
10.7263	44
10.7274	43
10.7616	42
10.7627	41
10.7637	41
10.7969	40
10.798	39
10.799	39
10.8354	39
10.8364	39
10.8375	39
10.8701	43
10.8712	42
10.8722	41
10.9049	44
10.906	43
10.907	42
10.9397	45
10.9407	44
10.9418	43
10.9745	46
10.9755	45
10.9766	43
11.0113	47
11.0124	46
11.0134	45
11.0145	44
11.0534	43
11.0544	43
11.0555	43
11.0565	43
11.0969	43
11.0984	43
11.172	42
11.1731	41
11.2068	44
11.2078	43
11.2416	46
11.2426	45
11.2763	48
11.2774	46
11.3111	49
11.3122	47
11.3459	50
11.3469	48
11.3807	50
11.3817	49
11.416	51
11.417	49
11.4523	52
11.4534	50
11.4881	53
11.4892	51
11.524	53
11.525	51
11.5261	49
11.5608	48
11.5619	46
11.5629	45
11.5987	44
11.5997	43
11.6008	42
11.6375	42
11.6386	41
11.6396	41
11.6764	41
11.6775	40
11.6785	40
11.7153	40
11.7163	40
11.7174	40
11.7541	40
11.7552	39
11.7563	39
11.7946	39
11.7957	39
11.7967	39
11.8356	39
11.8366	40
11.8377	40
11.8755	40
11.8766	40
11.8776	40
11.9154	40
11.9165	40
11.9175	40
11.9554	40
11.9564	40
11.9575	40
11.9953	40
11.9963	40
11.9974	40
12.0352	40
12.0363	40
12.0373	40
12.0751	40
12.0762	40
12.0772	40
12.1151	40
12.1161	40
12.1172	40
12.155	39
12.156	39
12.1571	39
12.1949	39
12.196	39
12.197	39
12.2348	39
12.2359	39
12.2369	39
12.2748	39
12.2758	39
12.2769	39
12.3147	39
12.3157	39
12.3168	39
12.3546	39
12.3557	39
12.3567	39
12.3961	40
12.3972	40
12.3982	40
12.4391	40
12.4401	41
12.4412	41
12.4769	40
12.4779	40
12.479	39
12.5122	39
12.5132	39
12.5143	38
12.5475	38
12.5485	37
12.5496	37
12.5828	37
12.5838	36
12.5849	36
12.6181	36
12.6191	36
12.6202	36
12.655	36
12.656	36
12.6571	36
12.6928	36
12.6938	36
12.6949	36
12.7311	37
12.7322	37
12.7332	37
12.7695	37
12.7705	37
12.7716	37
12.8078	37
12.8089	37
12.8099	37
12.8478	38
12.8488	38
12.8499	38
12.8882	38
12.8893	39
12.8903	39
12.9276	39
12.9287	39
12.9297	39
12.9675	39
12.9686	39
12.9696	39
13.0069	39
13.008	39
13.009	39
13.0463	39
13.0474	39
13.0484	39
13.0898	39
13.0909	40
13.0919	40
13.1312	40
13.1323	40
13.1333	41
13.167	40
13.168	39
13.1691	39
13.2023	38
13.2033	38
13.2044	37
13.2381	37
13.2391	37
13.2402	37
13.2734	37
13.2744	36
13.2755	36
13.3087	36
13.3097	36
13.3108	36
13.344	35
13.345	35
13.3461	35
13.3823	36
13.3834	36
13.3844	36
13.4191	36
13.4202	36
13.4212	36
13.4575	36
13.4585	37
13.4596	37
13.4942	37
13.4953	37
13.4963	37
13.531	36
13.532	36
13.5331	36
13.5678	36
13.5688	36
13.5699	36
13.6045	36
13.6056	36
13.6066	36
13.6418	36
13.6434	37
13.6445	37
13.6791	37
13.6812	37
13.6823	37
13.717	37
13.7191	37
13.7201	37
13.7548	37
13.7569	37
13.7579	37
13.7931	37
13.7952	37
13.7963	37
13.8336	38
13.8357	38
13.8367	38
13.8761	39
13.8782	39
13.8793	40
13.9187	40
13.9208	40
13.9218	40
13.9618	40
13.9639	41
13.9649	41
14.0048	41
14.0069	41
14.0079	41
14.0473	42
14.0494	42
14.0505	42
14.0883	42
14.0909	42
14.092	41
14.1309	41
14.133	41
14.134	42
14.1724	42
14.1745	42
14.1755	41
14.2149	41
14.217	42
14.218	42
14.2574	47
14.2595	47
14.2605	46
14.2999	50
14.302	50
14.303	49
14.3398	53
14.3419	51
14.343	50
14.3808	53
14.3829	52
14.3839	51
14.4238	54
14.5015	52
14.5026	50
14.5383	48
14.5393	47
14.5751	50
14.5761	49
14.6118	51
14.6129	50
14.6502	53
14.6512	51
14.687	54
14.688	52
14.7237	54
14.7248	52
14.761	55
14.7621	53
14.7983	55
14.7994	53
14.8372	56
14.8383	54
14.8782	57
14.8792	55
14.9212	58
14.9223	56
15.1837	58
15.221	60
15.2604	62
15.3008	64
15.3423	66
15.3854	69
15.4274	71
15.4284	67
15.4699	64
15.4709	61
15.5103	59
15.5114	56
15.5524	54
15.5534	53
15.5933	51
15.5944	50
15.6364	49
15.6374	48
15.6773	47
15.6783	46
15.7183	46
15.7193	45
15.7582	44
15.7592	44
15.7992	48
15.8002	47
15.8396	51
15.8407	50
15.8816	54
15.8827	52
15.9247	56
15.9257	55
15.9656	58
15.9666	56
16.005	59
16.006	57
16.0433	59
16.0444	57
16.0833	59
16.0843	57
16.1237	60
16.1248	57
16.1647	60
16.1657	58
16.2072	61
16.2083	59
16.2498	62
16.2508	59
16.2928	62
16.2939	60
16.4855	62
16.5249	63
16.5259	60
16.5659	58
16.5669	56
16.6074	54
16.6084	52
16.6489	51
16.6499	50
16.6909	49
16.6919	48
16.7339	47
16.7349	46
16.7748	46
16.7759	45
16.8174	45
16.8184	44
16.8594	44
16.8604	44
16.9014	43
16.9025	43
16.9444	43
16.9455	43
16.9843	43
16.9854	42
17.0242	42
17.0253	42
17.0631	41
17.0642	41
17.1055	46
17.1066	45
17.147	50
17.1481	49
17.1854	53
17.1864	51
17.2227	54
17.2237	52
17.26	54
17.261	52
17.2983	55
17.2994	53
17.3372	56
17.3382	54
17.3787	57
17.3797	55
17.4181	58
17.4191	56
17.4591	59
17.4601	57
17.5021	60
17.5031	58
17.7063	60
17.7467	63
17.7893	65
17.8323	68
17.8743	70
17.9163	72
17.9584	73
17.9594	69
18.0014	66
18.0025	63
18.0445	60
18.0455	58
18.0869	56
18.088	54
18.1258	52
18.1269	51
18.1636	49
18.1647	48
18.2009	46
18.202	45
18.2393	44
18.2403	43
18.2787	43
18.2797	42
18.3186	47
18.3197	46
18.3596	50
18.3612	49
18.4026	53
18.557	56
18.5948	58
18.6337	60
18.6742	63
18.7136	65
18.7535	67
18.7955	68
18.7966	65
18.8386	62
18.8396	60
18.8816	58
18.8826	56
18.9225	54
18.9235	52
18.9613	50
18.9624	49
18.9992	48
19.0002	46
19.037	45
19.038	44
19.0753	43
19.0764	43
19.1163	42
19.1174	42
19.1568	42
19.1578	42
19.1983	47
19.1993	46
19.2408	51
19.2419	50
19.2838	54
19.4886	57
19.5316	61
19.6964	64
19.7383	66
19.7788	68
19.8208	70
19.8638	72
19.9063	73
19.9483	75
19.9893	76
20.0292	76
20.0691	77
20.1101	77
20.1516	78
20.1936	78
20.2357	79
20.2782	80
20.3207	80
20.3637	81
20.4046	81
20.4456	81
20.4855	81
20.5265	81
20.5691	81
20.612	82
20.6519	82
20.6908	81
20.7297	81
20.7675	80
20.8074	80
20.8489	80
20.892	81
20.935	81
21.1025	82
21.1455	82
21.3124	82
21.355	82
21.398	83
21.6904	83
21.7314	83
21.7724	83
21.8139	82
21.8564	83
21.8984	83
21.941	83
21.984	83
22.027	83
22.0674	83
22.1063	83
22.1462	82
22.1877	82
22.2297	82
22.2727	82
22.3157	83
22.3551	83
22.3945	82
22.4339	82
22.4728	81
22.5132	81
22.5547	81
22.5962	81
22.6388	81
22.6808	82
22.7233	82
22.7664	83
23.0609	83
23.1039	83
23.1453	83
23.1852	83
23.2236	82
23.2619	82
23.3013	81
23.3423	81
23.3833	81
23.4248	81
23.4668	81
23.5088	82
23.5514	82
23.5944	82
23.8837	82
23.9267	83
24.0916	83
24.1346	83
24.176	83
24.2165	83
24.2574	83
24.2995	83
24.3415	83
24.3845	83
24.5488	82
24.5882	82
24.6292	82
24.6712	82
24.7132	82
24.7563	82
24.7983	83
24.8413	83
25.0067	83
25.0502	83
25.2136	83
25.2566	82
25.2991	83
25.3421	83
25.3842	83
25.4267	83
25.4692	84
25.5096	83
25.5485	83
25.5905	82
25.6315	82
25.674	83
25.717	83
25.8855	83
25.927	83
25.9701	83
26.0125	83
26.054	83
26.094	83
26.1339	82
26.1743	82
26.2164	82
26.2584	82
26.3009	83
26.3435	83
26.3865	83
26.4294	83
26.4714	84
26.4725	78
26.5134	74
26.5145	70
26.555	66
26.556	63
26.5954	60
26.5965	58
26.6369	55
26.638	54
26.6799	52
26.681	51
26.7219	50
26.723	49
26.7639	48
26.765	47
26.806	46
26.807	46
26.8475	45
26.8485	45
26.8895	44
26.8905	44
26.9325	44
26.9336	44
26.975	43
26.9761	43
27.018	43
27.0191	43
27.0595	43
27.0606	43
27.1016	42
27.1026	42
27.1446	42
27.1456	42
27.1876	42
27.1886	42
27.2301	42
27.2311	42
27.2715	42
27.2726	42
27.312	42
27.313	42
27.353	41
27.354	41
27.3945	41
27.3955	41
27.4365	41
27.4375	41
27.4795	41
27.4805	42
27.5225	42
27.5235	42
27.5649	42
27.566	42
27.6054	42
27.6065	41
27.6453	41
27.6464	41
27.6868	41
27.6879	41
27.7294	41
27.7304	41
27.7724	41
27.7734	42
27.8154	42
27.8164	42
27.8579	42
27.8589	42
27.9009	42
27.9019	42
27.9434	42
27.9445	42
27.9854	42
27.9865	42
28.028	42
28.029	42
28.071	42
28.0721	42
28.114	42
28.1151	42
28.1534	42
28.1545	41
28.1933	41
28.1944	41
28.2317	41
28.2327	40
28.2716	40
28.2727	40
28.3131	40
28.3142	40
28.3561	41
28.3572	41
28.3991	41
28.4002	41
28.4421	41
28.4432	42
28.4846	42
28.4856	42
28.5256	41
28.5266	41
28.565	41
28.566	41
28.6038	40
28.6049	40
28.6432	40
28.6443	40
28.6837	40
28.6847	40
28.7236	40
28.7247	40
28.7635	40
28.7646	40
28.8056	40
28.8066	40
28.8486	40
28.8496	41
28.891	41
28.8921	41
28.932	41
28.9331	41
28.9734	46
28.9745	45
29.0149	50
29.016	49
29.0528	52
29.0538	51
29.0916	54
29.0927	52
29.1321	55
29.1331	54
29.172	57
29.1731	55
29.1741	53
29.214	52
29.2151	50
29.2161	49
29.257	48
29.2581	48
29.2591	47
29.3	46
29.3011	46
29.3021	46
29.343	45
29.344	45
29.3451	44
29.3839	44
29.385	44
29.386	43
29.4228	48
29.4239	47
29.4249	46
29.4627	49
29.4638	48
29.4648	47
29.5053	51
29.5063	50
29.5074	50
29.5483	54
29.5494	53
29.6332	51
29.6695	54
29.6705	52
29.7078	55
29.7089	53
29.7472	56
29.7483	54
29.7877	57
29.7887	55
29.8287	58
29.8297	56
29.8712	59
29.8728	57
29.9955	60
30.0333	62
30.0344	59
30.0722	56
30.0732	54
30.1116	52
30.1126	50
30.1526	49
30.1536	48
30.1941	47
30.1951	47
30.235	46
30.2361	45
30.2765	45
30.2776	44
30.3191	44
30.3201	44
30.3621	44
30.3632	43
30.4051	43
30.4061	43
30.4481	43
30.4491	43
30.4891	43
30.4901	42
30.5321	42
30.5332	42
30.574	42
30.5751	42
30.6161	47
30.6171	47
30.6586	51
30.6597	50
30.7006	54
30.7017	53
30.7427	56
30.7437	55
30.7847	58
30.7857	56
30.8272	60
30.8283	58
30.8703	61
30.9972	64
31.0371	66
31.0765	67
31.1159	69
31.1558	70
31.1963	71
31.2373	72
31.2383	69
31.2803	65
31.2814	62
31.3243	60
31.4487	63
31.4923	65
31.6623	68
31.7027	70
31.7442	71
31.7852	73
31.8282	74
31.8707	75
31.9137	76
31.9547	77
31.9957	78
32.0372	78
32.0802	79
32.1222	80
32.1647	80
32.2073	81
32.2487	81
32.2897	81
32.3317	81
32.3727	82
32.4142	82
32.4567	82
32.4988	82
32.5408	82
32.5843	83
32.7513	83
32.7917	82
32.8327	82
32.8747	82
32.9177	82
32.9602	83
33.0032	83
33.1717	83
33.2116	83
33.2546	83
33.2976	83
33.3401	83
33.3822	84
33.4231	83
33.4641	83
33.5066	83
33.5496	83
33.5921	84
33.633	84
33.6724	83
33.7134	83
33.7544	82
33.7974	83
33.84	83
33.883	83
33.9234	83
33.9623	83
34.0011	82
34.0421	82
34.0841	82
34.1272	82
34.1702	83
34.2126	83
34.2552	83
34.2962	83
34.3382	83
34.3812	83
34.4242	83
34.4657	83
34.5077	83
34.5507	83
34.5922	84
34.6348	84
34.6778	84
34.7208	84
34.7633	84
34.8063	84
34.8483	84
34.8898	84
34.9313	84
34.9744	84
35.0173	84
35.0598	84
35.1013	84
35.1433	84
35.1863	84
35.2288	84
35.2713	84
35.3984	84
35.4399	84
35.4819	84
35.5239	84
35.5659	84
35.6085	84
35.6515	84
35.694	84
35.7354	84
35.7365	79
35.778	74
35.779	70
35.821	67
35.822	64
35.8635	61
35.8645	59
35.9055	56
35.9066	55
35.9449	53
35.946	51
35.9859	50
35.9869	48
36.0269	47
36.0279	47
36.0689	46
36.0699	45
36.1119	45
36.113	45
36.1544	44
36.1555	44
36.1964	44
36.1975	44
36.2384	43
36.2395	43
36.2809	43
36.282	43
36.324	43
36.325	43
36.3665	43
36.3675	43
36.408	42
36.409	42
36.4479	42
36.4489	41
36.4873	41
36.4883	41
36.5272	41
36.5283	41
36.5692	41
36.5703	41
36.6123	41
36.6133	41
36.6553	41
36.6563	42
36.6977	42
36.6988	42
36.7408	42
36.7418	42
36.7833	42
36.7843	42
36.8258	42
36.8268	42
36.8694	42
36.8704	42
36.9124	42
36.9134	42
36.9544	42
36.9554	42
36.9959	42
36.9969	42
37.0374	42
37.0384	42
37.0789	42
37.0799	41
37.1209	41
37.1219	41
37.1639	42
37.165	42
37.2059	42
37.207	42
37.2474	42
37.2484	42
37.2899	42
37.291	42
37.3324	42
37.3335	42
37.3755	42
37.3765	42
37.418	42
37.4191	42
37.4605	42
37.4615	42
37.503	42
37.5041	42
37.5461	42
37.5471	42
37.5886	42
37.5896	42
37.6311	42
37.6322	42
37.6736	42
37.6746	42
37.7166	42
37.7177	42
37.7596	42
37.7607	42
37.8016	42
37.8027	42
37.8421	42
37.8431	42
37.8825	41
37.8836	41
37.9235	41
37.9246	41
37.9645	41
37.9655	41
38.0065	41
38.0076	41
38.0496	41
38.0506	41
38.092	42
38.0931	42
38.1351	42
38.1361	42
38.177	42
38.1781	42
38.218	42
38.2191	41
38.259	41
38.26	41
38.2989	41
38.3	41
38.3383	40
38.3394	40
38.3782	40
38.3793	40
38.4187	40
38.4197	40
38.4602	40
38.4612	40
38.5027	46
38.5038	45
38.5457	50
38.5468	49
38.5877	54
38.5888	52
38.6313	56
38.7577	59
38.7998	62
38.8008	60
38.8428	58
38.8439	56
38.8853	54
38.8864	53
38.9283	51
38.9293	50
38.9703	49
38.9714	48
39.0108	47
39.0118	46
39.0523	46
39.0533	45
39.0943	45
39.0953	44
39.1373	44
39.1384	44
39.1798	44
39.1809	43
39.2223	43
39.2234	43
39.2644	43
39.2654	43
39.3059	42
39.3069	42
39.3479	42
39.3489	42
39.3899	47
39.391	47
39.4329	51
39.434	50
39.4755	55
39.4765	53
39.5185	57
39.5196	55
39.5605	59
39.5615	57
39.6014	60
39.6025	58
39.6403	60
39.6414	58
39.6813	60
39.6824	58
39.7212	61
39.7223	58
39.7617	61
39.7627	58
39.8027	61
39.8037	58
39.8447	61
39.8457	59
39.8872	62
39.8883	60
39.9308	63
40.0572	65
40.0987	67
40.1397	69
40.1796	70
40.2216	72
40.2641	73
40.3071	75
40.3486	76
40.4725	77
40.5156	78
40.8147	78
40.8577	79
40.8976	80
40.9386	80
40.9795	80
41.021	80
41.064	81
41.107	81
41.1484	82
41.1884	81
41.2288	81
41.2693	81
41.3097	81
41.3528	81
41.3948	82
41.4378	82
41.4793	82
41.5218	82
41.5628	82
41.6038	82
41.6463	82
41.6893	83
41.9827	83
42.0252	83
42.0672	84
42.1066	83
42.146	83
42.1875	82
42.2284	82
42.2694	82
42.3109	82
42.3539	82
42.3969	83
42.4399	83
42.4814	83
42.5229	83
42.5649	83
42.6075	83
42.6505	84
42.694	84
42.8526	83
42.8904	82
42.9303	81
42.9713	81
43.0117	81
43.0538	81
43.0968	82
43.1397	82
43.1817	82
43.2243	83
43.2658	83
43.3084	83
43.3514	83
43.3944	84
43.4358	84
43.4773	83
43.5194	83
43.5614	83
43.6044	84
43.6469	84
43.6904	84
43.8527	83
43.8942	83
43.9373	83
44.1052	84
44.1467	83
44.1887	83
44.2307	83
44.2738	84
44.3162	84
44.3583	84
44.3977	83
44.4386	83
44.478	83
44.5185	82
44.561	82
44.604	83
44.6465	83
44.6901	83
44.8051	78
44.8434	77
44.8834	77
44.9259	78
44.9684	79
45.012	80
45.1794	80
45.2209	75
45.2639	71
45.3069	67
45.3494	64
45.3925	61
45.434	59
45.4765	57
45.5196	55
45.5615	53
45.6035	52
45.645	51
45.6865	49
45.7296	48
45.7715	48
45.814	47
45.855	46
45.8954	45
45.9369	45
45.979	44
46.021	44
46.0635	44
46.1065	44
46.1474	43
46.1873	43
46.2283	42
46.2709	42
46.3139	42
46.3569	42
46.3994	42
46.4419	42
46.4834	42
46.526	42
46.5684	47
46.6114	52
46.6534	56
46.6949	59
46.7364	62
46.7794	65
46.9494	67
46.992	69
47.035	71
47.078	73
47.3689	75
47.4119	76
47.4549	77
47.4942	78
47.5331	78
47.5736	78
47.6156	78
47.6586	79
47.7016	80
47.7436	80
47.7856	81
47.8282	81
47.8697	82
47.9112	82
47.9532	82
47.9957	82
48.0388	82
48.0817	83
48.1221	83
48.1615	82
48.1983	82
48.235	81
48.2723	80
48.3117	79
48.3527	79
48.3958	80
48.4387	80
48.4807	81
48.5227	81
48.5642	82
48.6073	82
48.6503	82
48.6927	83
48.7353	83
48.7778	83
48.8203	83
48.8629	83
48.9044	83
48.9469	83
48.9899	84
49.0329	84
49.0759	84
49.1168	84
49.1573	84
49.1983	83
49.2398	83
49.2828	83
49.3258	83
49.3662	83
49.4061	83
49.4476	83
49.4891	83
49.5316	83
49.5746	83
49.6176	83
49.6601	84
49.7021	84
49.7436	84
49.7867	84
49.8296	84
49.8726	84
49.9151	84
49.9566	84
49.9976	84
50.0396	84
50.0826	84
50.1256	84
50.2526	84
50.2936	84
50.3345	83
50.3776	83
50.4206	84
50.463	84
50.504	84
50.5455	83
50.5885	84
50.6315	84
50.7569	83
50.7979	83
50.8394	83
50.8824	83
50.9254	83
50.9663	83
51.0073	83
51.0503	83
51.0928	83
51.1348	83
51.2588	83
51.3008	83
51.3438	83
51.3863	83
51.4289	84
51.4719	84
51.5134	84
51.5538	83
51.5964	83
51.6394	84
51.7648	83
51.8058	83
51.8069	78
51.8484	73
51.8494	69
51.8904	66
51.8914	63
51.9334	60
51.9345	58
51.9759	56
51.977	54
52.0189	53
52.0199	51
52.0593	50
52.0604	49
52.1003	48
52.1013	47
52.1413	46
52.1423	45
52.1812	45
52.1822	44
52.2227	44
52.2237	43
52.2652	43
52.2663	43
52.3078	43
52.3088	43
52.3508	43
52.3518	43
52.3937	43
52.3948	43
52.4357	42
52.4367	42
52.4782	42
52.4793	42
52.5202	42
52.5213	42
52.5628	42
52.5638	42
52.6058	42
52.6068	42
52.6488	42
52.6498	42
52.6918	42
52.6928	42
52.7338	42
52.7348	42
52.7758	42
52.7769	42
52.8188	42
52.8199	42
52.8613	42
52.8624	42
52.9043	42
52.9054	42
52.9458	42
52.9469	42
52.9873	42
52.9884	42
53.0283	42
53.0294	41
53.0703	41
53.0714	41
53.1128	41
53.1139	41
53.1559	42
53.1569	42
53.1988	42
53.1999	42
53.2413	42
53.2424	42
53.2833	42
53.2844	42
53.3263	42
53.3274	42
53.3678	42
53.3689	42
53.4114	42
53.4125	42
53.4534	42
53.4545	42
53.4964	42
53.4975	42
53.5394	42
53.5404	42
53.5808	42
53.5819	42
53.6218	42
53.6228	41
53.6638	41
53.6649	41
53.7064	42
53.7074	42
53.7499	42
53.7509	42
53.7929	42
53.7939	42
53.8354	42
53.8365	42
53.878	42
53.879	42
53.9209	42
53.922	42
53.964	42
53.965	42
54.0055	42
54.0065	42
54.0475	42
54.0485	42
54.09	42
54.0911	42
54.1336	42
54.1347	42
54.1756	42
54.1766	42
54.2186	42
54.2196	42
54.2606	42
54.2616	42
54.3015	42
54.3026	42
54.3425	41
54.3436	41
54.3856	42
54.3866	42
54.4285	42
54.4296	42
54.47	42
54.471	42
54.5104	42
54.5115	41
54.5498	41
54.5509	41
54.5903	41
54.5913	41
54.6312	41
54.6323	41
54.6727	41
54.6738	41
54.7148	41
54.7158	41
54.7578	41
54.7588	41
54.8008	41
54.8018	42
54.8417	47
54.8427	46
54.8811	50
54.8821	49
54.922	53
54.9231	51
54.9609	55
54.962	53
55.0014	56
55.0024	54
55.0439	57
55.045	56
55.086	59
55.087	57
55.129	60
55.1301	58
55.172	62
55.173	59
55.2927	61
55.3305	63
55.3316	60
55.3715	57
55.3725	55
55.413	53
55.414	52
55.455	51
55.4561	50
55.498	49
55.4991	48
55.541	47
55.542	47
55.584	46
55.585	46
55.6249	45
55.626	44
55.6659	44
55.667	43
55.7069	43
55.7079	43
55.7489	48
55.75	47
55.7914	52
55.7925	51
55.8344	55
55.8354	53
55.8754	57
55.8764	55
55.9163	58
55.9174	56
55.9573	59
55.9584	57
55.9999	60
56.0009	58
56.0429	61
56.2481	64
56.2916	66
56.4626	69
56.5056	65
56.5466	62
56.587	59
56.628	57
56.6695	55
56.7131	54
56.7561	52
56.7991	51
56.84	50
56.8821	49
56.9246	48
56.9671	47
57.0091	46
57.0506	46
57.0921	45
57.1341	45
57.1761	44
57.2187	44
57.2622	44
57.3047	44
57.3446	43
57.384	43
57.4234	42
57.4638	42
57.5064	42
57.5499	42
57.5923	42
57.6338	42
57.6758	42
57.7189	42
57.7624	42
57.8038	42
57.8463	47
57.8878	52
57.9308	56
57.9738	59
58.0152	63
58.0567	65
58.0998	67
58.2273	64
58.2697	67
58.3123	69
58.3548	71
58.3984	73
58.5674	74
58.611	70
58.6535	67
58.6965	64
58.7394	61
58.7819	59
58.8239	62
58.8644	64
58.9059	66
58.9479	68
58.9909	70
59.0339	72
59.0764	74
59.1194	75
59.1614	77
59.2029	77
59.2444	78
59.2869	79
59.3304	79
59.4952	79
59.5352	79
59.5767	80
59.6192	80
59.6617	81
59.7047	81
59.7472	82
59.7892	82
59.8317	82
59.8737	82
59.9157	83
59.9587	83
60.0017	83
60.0417	83
60.0821	83
60.1241	83
60.1667	83
60.2097	83
60.2527	83
60.2952	84
60.3361	84
60.3776	83
60.4202	83
60.4632	84
60.5062	84
60.5491	84
60.5901	84
60.6321	84
60.6752	84
60.7177	84
60.7602	84
60.8031	84
60.8451	84
60.8866	84
60.9276	84
60.9691	84
61.0111	84
61.0541	84
61.3522	84
61.3952	84
61.4381	84
61.4802	84
61.5217	84
61.5626	84
61.6036	83
61.6456	83
61.6882	83
61.7312	84
61.7742	84
61.8162	84
61.8577	84
61.8997	84
61.9427	84
61.9863	84
62.1553	84
62.1978	84
62.2403	84
62.2833	84
62.3253	84
62.3668	84
62.4077	84
62.4492	84
62.4902	83
62.5328	83
62.5753	83
62.6179	84
62.6609	84
62.7034	84
62.7454	84
62.7874	84
62.8294	84
62.872	84
62.915	84
62.958	84
62.9989	84
63.0404	84
63.0835	84
63.126	84
63.1689	84
63.2109	84
63.2514	84
63.2918	83
63.3333	83
63.3759	83
63.4189	83
63.4619	84
63.6314	84
63.6729	84
63.7144	83
63.7554	83
63.7974	83
63.8404	83
63.8834	84
64.0504	84
64.0924	84
64.135	84
64.1779	84
64.2209	84
64.2639	84
64.4288	84
64.4703	84
64.5113	84
64.5523	83
64.5938	83
64.6353	83
64.6783	83
64.7213	83
64.7622	83
64.8037	83
64.8447	83
64.8857	83
64.9292	83
65.0991	83
65.1401	83
65.1816	83
65.2241	83
65.2671	83
65.3101	83
65.3521	84
65.3925	83
65.4351	83
65.4781	84
65.646	83
65.6891	83
65.9855	83
66.0275	83
66.0286	78
66.0706	74
66.0716	70
66.1136	66
66.1146	63
66.155	61
66.156	58
66.1965	56
66.1975	54
66.2385	53
66.2396	51
66.281	50
66.2821	49
66.3241	48
66.3251	48
66.3671	47
66.3681	46
66.409	46
66.4101	45
66.451	45
66.4521	44
66.4931	44
66.4941	44
66.5361	44
66.5372	43
66.5786	43
66.5797	43
66.6216	43
66.6227	43
66.6641	43
66.6651	43
66.7061	43
66.7072	42
66.7481	42
66.7492	42
66.7907	42
66.7917	42
66.8327	42
66.8337	42
66.8747	42
66.8757	42
66.9172	42
66.9183	42
66.9603	42
66.9613	42
67.0033	42
67.0043	42
67.0437	42
67.0447	42
67.0831	41
67.0841	41
67.1241	41
67.1251	41
67.165	41
67.1661	41
67.2071	41
67.2081	41
67.2495	41
67.2506	41
67.2926	41
67.2936	41
67.3345	41
67.3356	41
67.3776	42
67.3786	42
67.4191	42
67.4201	42
67.4595	41
67.4606	41
67.501	41
67.5021	41
67.5425	41
67.5436	41
67.584	41
67.5851	41
67.6276	41
67.6286	41
67.6685	41
67.6696	41
67.7116	41
67.7126	42
67.7546	42
67.7556	42
67.796	42
67.7971	42
67.8365	41
67.8375	41
67.8795	41
67.8806	41
67.9215	41
67.9225	41
67.9629	41
67.964	41
68.0065	42
68.0075	42
68.0485	42
68.0495	42
68.0915	42
68.0926	42
68.135	42
68.1361	42
68.1785	42
68.1796	42
68.2189	42
68.22	42
68.2573	41
68.2583	41
68.2977	41
68.2988	41
68.3382	41
68.3392	41
68.3786	40
68.3797	40
68.4201	40
68.4212	41
68.4616	41
68.4627	41
68.5042	41
68.5052	41
68.5472	41
68.5482	41
68.5907	42
68.5917	42
68.6322	42
68.6332	42
68.6726	41
68.6737	41
68.7131	41
68.7141	41
68.7551	41
68.7561	41
68.7961	41
68.7971	41
68.8381	41
68.8391	41
68.8811	41
68.8822	41
68.9241	42
68.9251	42
68.9671	42
68.9681	42
69.008	42
69.0091	42
69.0469	41
69.048	41
69.0863	45
69.0874	45
69.1268	49
69.1278	48
69.1688	52
69.1698	51
69.2103	55
69.2113	53
69.2523	57
69.2534	55
69.2953	59
69.2964	57
69.4197	60
69.4597	62
69.4607	59
69.5012	57
69.5022	55
69.5442	54
69.5452	52
69.5871	51
69.5882	50
69.6297	49
69.6307	48
69.6732	47
69.6743	47
69.7152	46
69.7163	46
69.7577	45
69.7588	45
69.8008	44
69.8018	44
69.8433	44
69.8443	44
69.8857	49
69.8868	48
69.9287	52
70.0548	56
70.0973	60
70.1403	63
70.1828	66
70.2243	68
70.2642	70
70.3047	71
70.3467	72
70.3897	74
70.4327	75
70.5545	76
70.596	76
70.6391	77
70.682	78
70.725	79
70.7665	80
70.8091	80
70.8511	81
70.8931	81
70.8941	76
70.9366	72
70.9376	68
70.9796	65
70.9806	62
71.019	59
71.02	57
71.0594	55
71.0605	53
71.0993	51
71.1004	50
71.1403	49
71.1414	48
71.1833	47
71.1844	46
71.2253	46
71.2264	45
71.2684	45
71.2694	45
71.3113	44
71.3124	44
71.3538	44
71.3549	43
71.3953	43
71.3964	43
71.4358	43
71.4368	42
71.4768	42
71.4778	42
71.5193	42
71.5204	42
71.5623	42
71.5633	42
71.6053	42
71.6063	42
71.6482	42
71.6493	42
71.6871	42
71.6882	41
71.726	41
71.727	41
71.7649	40
71.7659	40
71.8058	40
71.8069	40
71.8488	40
71.8499	41
71.8918	41
71.8929	41
71.9348	41
71.9359	41
71.9778	42
71.9788	42
72.0203	42
72.0213	42
72.0623	42
72.0633	42
72.1043	42
72.1054	42
72.1463	42
72.1474	42
72.1889	42
72.1899	42
72.2319	42
72.2329	42
72.2748	42
72.2759	42
72.3153	42
72.3163	42
72.3562	41
72.3573	41
72.3962	41
72.3972	41
72.4366	41
72.4377	41
72.4787	41
72.4797	41
72.5212	41
72.5222	41
72.5637	41
72.5648	41
72.6062	41
72.6073	42
72.6477	41
72.6488	41
72.6903	41
72.6913	42
72.7333	42
72.7343	42
72.7758	42
72.7768	42
72.8187	42
72.8198	42
72.8602	42
72.8613	42
72.9017	42
72.9028	42
72.9438	42
72.9448	42
72.9858	42
72.9868	42
73.0288	42
73.0299	42
73.0713	42
73.0723	42
73.1143	42
73.1153	42
73.1568	42
73.1578	42
73.1993	42
73.2003	42
73.2408	42
73.2418	42
73.2838	42
73.2849	42
73.3268	42
73.3278	42
73.3698	42
73.3708	42
73.4127	42
73.4138	42
73.4521	42
73.4532	42
73.4926	41
73.4936	41
73.532	41
73.533	41
73.5719	40
73.573	40
73.615	41
73.7425	46
73.7839	51
73.785	49
73.8259	48
73.827	48
73.8685	47
73.8695	46
73.9115	46
73.9125	45
73.9539	45
73.955	45
73.997	44
73.998	44
74.04	44
74.041	44
74.0819	44
74.083	43
74.1245	43
74.1255	43
74.1675	43
74.1685	43
74.21	43
74.211	43
74.252	43
74.253	42
74.2945	42
74.2956	42
74.3366	42
74.3376	42
74.3786	47
74.3796	47
74.4216	51
74.4232	50
74.5491	49
74.5906	53
74.6321	57
74.6741	60
74.7171	63
74.7601	66
74.8026	68
74.8457	70
75.009	72
75.051	73
75.094	74
75.3874	76
75.4304	77
75.4714	78
75.5129	78
75.5538	79
75.5959	79
75.6389	80
75.6818	81
75.7243	81
75.7673	82
75.8093	82
75.8518	82
75.8949	82
75.9384	83
76.1058	83
76.1484	83
76.1904	83
76.2334	83
76.2759	83
76.3169	83
76.3584	83
76.3983	83
76.4398	83
76.4819	83
76.5239	83
76.5669	83
76.6089	83
76.6519	83
76.6944	84
76.737	84
76.7785	84
76.8194	84
76.8604	83
76.9025	83
76.9455	83
76.9885	84
77.0315	84
77.0735	84
77.116	84
77.1596	84
77.328	84
77.37	84
77.4131	84
77.456	84
77.499	84
77.541	84
77.5804	84
77.6192	83
77.6597	83
77.7022	83
77.7447	83
77.7877	83
77.8286	83
77.8701	83
77.9116	83
77.9537	83
77.9962	83
78.0392	83
78.0822	84
78.1231	84
78.1641	83
78.2056	83
78.2471	83
78.2886	83
78.3311	83
78.3742	83
78.4172	84
78.4591	84
78.5001	84
78.5421	83
78.5836	83
78.6262	83
78.6692	84
78.7121	84
78.7536	84
78.7546	79
78.7951	74
78.7961	70
78.836	66
78.8371	63
78.877	60
78.8781	58
78.9185	56
78.9196	54
78.9611	52
78.9621	51
79.0036	50
79.0046	49
79.0466	48
79.0477	47
79.087	46
79.0881	46
79.128	45
79.1291	45
79.169	44
79.17	43
79.2105	43
79.2115	43
79.2525	43
79.2536	43
79.2945	42
79.2956	42
79.3371	42
79.3381	42
79.3801	42
79.3811	42
79.4231	42
79.4241	42
79.4635	42
79.4645	42
79.5066	42
79.5076	42
79.549	42
79.5501	42
79.592	42
79.5931	42
79.634	42
79.635	42
79.6769	42
79.678	42
79.7195	42
79.7205	42
79.7625	42
79.7635	42
79.8055	42
79.8065	42
79.8484	42
79.8495	42
79.8889	42
79.8899	42
79.9304	42
79.9314	42
79.9729	42
79.974	42
80.0159	42
80.017	42
80.0589	42
80.06	42
80.1019	42
80.103	42
80.1449	42
80.146	42
80.1864	42
80.1875	42
80.2279	42
80.229	42
80.2694	42
80.2705	42
80.3124	42
80.3135	42
80.3554	42
80.3565	42
80.3984	42
80.3995	42
80.4388	47
80.4399	46
80.4803	51
80.4814	50
80.5234	54
80.5244	53
80.6478	51
80.6898	55
80.7324	59
80.7753	62
80.8173	65
80.8583	67
80.9014	69
80.9433	71
81.0714	73
81.1134	74
81.1564	75
81.1989	76
81.2414	77
81.2829	78
81.3239	79
81.3654	79
81.4074	80
81.4494	80
81.492	81
81.5345	81
81.5775	82
81.6205	82
81.6635	83
81.7034	83
81.7433	82
81.7848	82
81.8268	82
81.8699	82
81.9129	83
81.9558	83
81.9984	83
82.0394	83
82.0819	83
82.1249	83
82.1679	84
82.2088	84
82.2503	84
82.2913	83
82.3328	83
82.3759	83
82.4188	83
82.4618	84
82.5033	84
82.5443	84
82.5863	84
82.6283	84
82.6713	84
82.7143	84
82.7568	84
82.7983	84
82.8398	84
82.8813	84
82.9239	84
82.9669	84
83.0098	84
83.0518	84
83.0922	84
83.1322	83
83.1731	83
83.2157	83
83.2587	83
83.3017	83
83.3447	84
83.3867	84
83.4292	84
83.4303	79
83.4727	74
83.4738	70
83.5152	67
83.5163	64
83.5572	61
83.5582	59
83.5987	56
83.5997	54
83.6417	53
83.6428	52
83.6847	50
83.6858	49
83.7277	49
83.7288	48
83.7692	47
83.7702	46
83.8122	46
83.8133	45
83.8542	45
83.8553	45
83.8968	44
83.8978	44
83.9403	44
83.9414	44
83.9823	43
83.9833	43
84.0253	43
84.0263	43
84.0657	43
84.0668	42
84.1078	42
84.1088	42
84.1487	47
84.1498	46
84.1913	51
84.1923	50
84.2338	54
84.2349	53
84.2764	57
84.2774	55
84.3194	59
84.448	62
84.6159	64
84.6574	61
84.6994	59
84.7415	57
84.784	55
84.827	53
84.87	52
84.912	51
84.9535	49
84.996	48
85.0385	48
85.0815	47
85.125	47
85.1675	46
85.2079	45
85.2473	44
85.2888	44
85.3319	44
85.3744	44
85.4174	43
85.4594	43
85.5009	43
85.5429	43
85.5855	43
85.6285	43
85.6715	43
85.714	43
85.7555	42
85.798	42
85.8401	42
85.8831	42
85.9261	42
85.9691	42
86.0106	47
86.0526	52
86.0946	56
86.1366	59
86.1797	62
86.2227	65
86.2652	68
86.3072	70
86.3083	66
86.3492	63
86.3502	61
86.3907	58
86.3917	56
86.4327	54
86.4338	53
86.4757	51
86.4768	50
86.5187	49
86.5198	48
86.5602	48
86.5612	47
86.6021	51
86.6032	50
86.6437	54
86.6447	53
86.6857	56
86.6867	54
86.7293	58
86.9372	61
86.9776	64
87.0186	66
87.0601	68
87.1021	70
87.1032	66
87.1452	63
87.1462	61
87.1881	58
87.1892	56
87.2311	55
87.2322	53
87.2731	52
87.2741	50
87.3146	49
87.3156	48
87.3566	47
87.3576	47
87.3991	51
87.4001	50
87.4426	55
87.5676	58
87.608	61
87.649	63
87.6915	66
87.734	68
87.7766	70
87.8196	72
87.8626	74
87.9051	75
87.947	76
88.0756	77
88.1175	78
88.1605	79
88.2025	80
88.2445	80
88.2876	81
88.3306	81
88.3731	82
88.414	82
88.4151	77
88.4555	72
88.4566	68
88.4976	65
88.4986	62
88.5396	60
88.5406	57
88.5826	55
88.5836	54
88.6256	52
88.6266	51
88.668	50
88.6691	49
88.7085	48
88.7095	47
88.7489	46
88.75	45
88.7899	45
88.791	44
88.8314	44
88.8325	43
88.8745	43
88.8755	43
88.9169	43
88.918	43
88.9599	43
88.961	43
89.0009	42
89.0019	42
89.0413	42
89.0424	42
89.0823	42
89.0833	42
89.1233	41
89.1243	41
89.1653	41
89.1663	41
89.2073	41
89.2084	41
89.2494	41
89.2504	41
89.2919	41
89.293	41
89.3349	42
89.336	42
89.3779	42
89.3789	42
89.4194	42
89.4204	42
89.4609	42
89.4619	41
89.5018	41
89.5029	41
89.5428	41
89.5439	41
89.5854	41
89.5864	41
89.6284	42
89.6294	42
89.6709	42
89.672	42
89.7129	42
89.7139	42
89.7549	42
89.756	42
89.7959	47
89.797	46
89.8385	51
89.8395	50
89.8805	54
89.8815	52
89.9225	56
89.9236	54
89.9651	58
89.9661	56
90.0081	60
90.0091	58
90.051	61
90.0521	59
90.0935	62
90.0946	60
90.135	62
90.1361	60
90.178	63
90.1791	60
90.2211	63
90.2221	61
90.264	64
90.2651	61
90.306	64
90.3071	61
90.3491	64
90.4767	67
90.5197	69
90.5626	71
90.6056	73
90.7669	74
90.8073	69
90.8478	66
90.8888	63
90.9297	60
90.9718	57
91.0148	56
91.0577	54
91.1002	53
91.1428	51
91.1811	50
91.22	48
91.2589	47
91.3004	46
91.3424	46
91.3844	45
91.427	45
91.47	45
91.513	44
91.556	44
91.598	44
91.64	43
91.681	43
91.7235	43
91.7661	43
91.8095	43
91.852	43
91.893	42
91.9334	42
91.9749	42
92.0179	42
92.0609	42
92.1039	42
92.2678	47
92.3093	51
92.3523	56
92.3953	59
92.5586	62
92.6016	65
92.6446	67
92.6871	70
92.7296	71
92.7721	73
92.8141	74
92.8572	76
93.1496	77
93.1911	78
93.2326	78
93.2746	79
93.3176	80
93.3606	80
93.4036	81
93.4466	81
93.4881	82
93.5291	82
93.5711	82
93.6136	82
93.6556	82
93.6981	83
93.7412	83
94.0402	83
94.2072	83
94.2501	84
94.2931	84
94.3356	84
94.3755	84
94.4139	83
94.4527	82
94.4921	82
94.5342	82
94.5762	82
94.6192	82
94.6622	83
94.7037	83
94.7467	83
94.7887	83
94.8312	83
94.8742	83
94.9168	84
94.9598	84
95.0028	84
95.0437	84
95.0852	84
95.1251	83
95.1651	83
95.205	82
95.246	82
95.288	82
95.3305	82
95.373	83
95.416	83
95.459	83
95.5005	83
95.542	83
95.5835	83
95.6255	83
95.6686	83
95.7121	84
95.8826	84
95.9251	84
95.9681	84
96.0111	84
96.0536	84
96.0945	84
96.136	84
96.1765	84
96.1775	78
96.2185	74
96.2196	70
96.2611	66
96.2621	63
96.3041	61
96.3051	58
96.3471	56
96.3486	55
96.3901	53
96.3916	52
96.431	50
96.4321	49
96.4715	48
96.4726	47
96.5119	46
96.513	45
96.5529	45
96.554	44
96.5955	44
96.5965	44
96.6385	44
96.6396	43
96.6815	43
96.6826	43
96.7245	43
96.7255	43
96.7674	43
96.7685	43
96.8094	43
96.8105	43
96.8515	42
96.8525	42
96.893	42
96.894	42
96.9339	42
96.935	42
96.9775	42
97.02	47
97.1465	52
97.1895	56
97.2325	60
97.2754	63
97.3164	65
97.3594	68
97.4015	70
97.4445	72
97.4875	73
97.5305	75
97.6549	76
97.698	77
97.7415	78
97.9037	78
97.9442	73
97.9862	69
98.0277	65
98.0697	62
98.1128	60
98.1552	58
98.1982	56
98.2402	54
98.2832	53
98.3262	51
98.3687	50
98.4097	49
98.4518	48
98.4948	47
98.5373	47
98.5803	46
98.6217	45
98.6638	45
98.7047	44
98.7457	44
98.7872	44
98.8298	43
98.8728	43
98.9158	43
98.9588	43
99.0002	43
99.0417	43
99.0848	43
99.1262	42
99.1698	42
99.2128	42
99.2553	42
99.2973	48
99.3403	52
99.3833	56
99.4259	60
99.4689	63
99.6337	65
99.6747	67
99.7167	69
99.7597	71
99.8023	73
99.8422	74
99.8821	75
99.9231	75
99.9651	76
100.008	77
100.051	78
100.093	79
100.136	80
100.178	80
100.22	81
100.263	81
100.306	82
100.348	82
100.39	82
100.433	83
100.476	83
100.519	83
100.561	83
100.604	84
100.774	84
100.816	84
100.859	84
100.901	84
100.944	84
100.985	84
101.027	84
101.071	84
101.239	84
101.28	84
101.324	84
101.494	84
101.536	84
101.579	84
101.622	84
101.792	84
101.835	84
101.876	84
101.916	84
101.956	83
101.996	83
102.037	82
102.079	82
102.121	82
102.164	83
102.207	83
102.249	83
102.29	83
102.407	82
102.447	82
102.489	82
102.531	82
102.573	82
102.616	83
102.905	83
102.948	78
102.991	73
103.034	69
103.076	66
103.117	63
103.159	60
103.202	58
103.244	56
103.288	54
103.329	53
103.371	51
103.413	50
103.456	49
103.498	48
103.541	47
103.582	46
103.623	46
103.665	45
103.706	45
103.748	44
103.791	44
103.833	44
103.876	44
103.919	43
103.962	43
104.003	43
104.044	43
104.085	42
104.128	42
104.171	42
104.214	42
104.256	42
104.296	47
104.336	51
104.377	55
104.42	59
104.462	62
104.505	65
104.548	67
104.59	69
104.591	66
104.632	63
104.633	60
104.674	58
104.675	56
104.717	54
104.718	53
104.758	51
104.759	50
104.8	49
104.801	48
104.843	47
104.844	47
104.885	51
104.886	50
104.928	55
104.929	53
104.971	57
104.972	55
105.014	59
105.015	57
105.055	60
105.056	58
105.057	56
105.097	54
105.098	52
105.099	51
105.139	50
105.14	49
105.141	48
105.182	47
105.183	47
105.184	46
105.225	46
105.226	46
105.227	45
105.267	50
105.268	49
105.269	48
105.31	52
105.311	51
105.312	50
105.353	54
105.354	53
105.439	51
105.48	55
105.481	54
105.523	58
105.524	56
105.566	59
105.567	57
105.608	60
105.609	58
105.65	61
105.651	59
105.652	57
105.693	55
105.694	53
105.695	52
105.736	51
105.737	50
105.738	49
105.779	48
105.78	47
105.781	47
105.821	46
105.822	46
105.823	45
105.863	45
105.864	44
105.865	44
105.906	44
105.907	44
105.908	44
105.948	49
105.949	48
105.95	47
105.991	52
106.075	51
106.076	49
106.115	48
106.116	47
106.158	46
106.159	46
106.201	45
106.202	45
106.244	45
106.245	44
106.285	44
106.286	44
106.325	43
106.326	43
106.367	42
106.368	42
106.408	42
106.409	42
106.451	47
106.452	47
106.494	51
106.495	50
106.537	55
106.538	53
106.579	57
106.58	55
106.619	58
106.62	56
106.658	59
106.659	57
106.698	59
106.7	57
106.74	60
106.741	58
106.783	61
106.784	59
106.826	62
106.827	60
106.868	63
106.869	60
106.91	63
106.911	60
106.952	63
106.953	61
106.994	63
106.996	61
107.038	64
107.039	61
107.081	64
107.283	66
107.324	68
107.325	65
107.368	62
107.495	65
107.537	67
107.58	69
107.623	71
107.917	72
107.96	74
108.003	75
108.047	77
108.21	77
108.253	78
108.296	79
108.338	80
108.38	80
108.421	81
108.463	81
108.506	81
108.549	82
108.591	82
108.632	82
108.672	82
108.713	82
108.754	82
108.796	82
108.839	82
108.882	83
108.924	83
108.966	83
109.007	83
109.05	83
109.093	83
109.136	84
109.178	84
109.221	84
109.391	84
109.433	84
109.476	84
109.519	84
109.561	84
109.605	84
109.776	84
109.818	84
109.86	84
109.901	84
109.943	84
109.986	84
110.029	84
110.072	84
110.235	84
110.278	84
110.321	84
110.364	84
110.407	84
110.573	84
110.616	84
110.659	84
110.701	84
110.743	84
110.786	84
110.828	84
110.871	84
110.914	85
110.957	85
110.999	84
111.04	84
111.082	84
111.124	84
111.167	84
111.208	84
111.25	84
111.29	83
111.33	83
111.37	83
111.411	82
111.453	82
111.495	82
111.538	83
111.581	83
111.621	83
111.664	83
111.704	83
111.746	83
111.789	83
112.084	83
112.127	83
112.168	84
112.209	83
112.249	83
112.289	83
112.33	82
112.372	82
112.414	82
112.456	83
112.499	83
112.542	83
112.585	83
112.626	83
112.667	83
112.708	83
112.749	83
112.792	83
112.835	83
112.878	83
112.92	84
112.961	83
113.002	83
113.045	83
113.088	83
113.256	83
113.298	83
113.341	83
113.384	84
113.55	83
113.593	83
113.636	83
113.679	84
113.722	84
113.763	84
113.804	84
113.845	83
113.888	83
114.144	84
114.315	84
114.357	78
114.398	74
114.441	70
114.484	66
114.527	63
114.569	61
114.61	58
114.652	56
114.695	54
114.738	53
114.781	52
114.822	50
114.864	49
114.906	48
114.948	47
114.991	47
115.034	46
115.077	46
115.119	45
115.161	45
115.202	44
115.244	44
115.286	44
115.329	43
115.371	43
115.414	43
115.457	43
115.5	43
115.541	43
115.583	42
115.624	42
115.667	42
115.71	47
115.753	52
115.795	56
115.837	60
115.879	63
115.921	65
115.964	68
116.007	70
116.05	72
116.39	73
116.431	75
116.473	76
116.516	77
116.559	78
116.602	79
116.643	79
116.685	80
116.727	80
116.728	75
116.77	71
116.771	68
116.813	65
116.814	62
116.856	59
116.857	57
116.898	55
116.899	54
116.939	52
116.94	51
116.98	49
116.981	48
117.022	47
117.023	47
117.065	46
117.066	46
117.107	45
117.108	45
117.151	45
117.152	44
117.191	44
117.192	43
117.231	43
117.232	42
117.27	42
117.271	41
117.311	41
117.312	41
117.353	41
117.355	42
117.396	42
117.397	42
117.439	42
117.44	42
117.482	42
117.483	42
117.525	42
117.526	42
117.567	42
117.568	42
117.607	42
117.608	42
117.65	42
117.651	42
117.693	42
117.694	42
117.736	42
117.737	42
117.778	42
117.779	42
117.821	42
117.822	42
117.863	42
117.864	42
117.905	42
117.906	42
117.948	42
117.949	42
117.991	42
117.992	42
118.033	42
118.034	42
118.076	42
118.077	42
118.119	42
118.12	42
118.162	42
118.163	42
118.204	42
118.205	42
118.247	42
118.248	42
118.289	42
118.29	42
118.331	42
118.332	42
118.373	42
118.374	42
118.414	42
118.415	42
118.456	42
118.457	42
118.499	42
118.5	42
118.542	42
118.543	42
118.585	42
118.586	42
118.627	42
118.628	42
118.669	42
118.67	42
118.708	41
118.709	41
118.748	41
118.749	41
118.788	41
118.789	41
118.83	41
118.831	41
118.873	41
118.874	41
118.915	41
118.916	41
118.958	41
118.959	42
118.999	41
119	41
119.039	41
119.04	41
119.082	41
119.083	41
119.125	41
119.126	41
119.167	42
119.168	42
119.208	42
119.209	41
119.247	41
119.248	41
119.286	40
119.287	40
119.328	40
119.329	40
119.37	40
119.371	41
119.412	41
119.413	41
119.454	41
119.455	41
119.497	47
119.498	46
119.539	51
119.54	50
119.581	54
119.582	53
119.623	56
119.624	55
119.666	58
119.667	56
119.709	60
119.71	58
119.752	61
119.753	59
119.794	62
119.795	59
119.796	57
119.837	55
119.838	54
119.839	52
119.879	51
119.88	50
119.881	49
119.921	48
119.922	47
119.923	47
119.964	46
119.965	46
119.966	45
120.007	45
120.008	44
120.009	44
120.049	44
120.05	44
120.051	43
120.091	48
120.092	47
120.093	47
120.134	51
120.135	50
120.136	49
120.177	54
120.262	52
120.263	51
120.303	50
120.304	49
120.344	53
120.345	51
120.387	55
120.513	59
120.554	61
120.594	64
120.635	66
120.677	68
120.72	70
120.763	72
120.805	74
120.846	75
120.847	71
120.889	67
120.89	64
120.932	61
120.933	59
120.975	57
120.976	55
121.018	53
121.019	52
121.059	51
121.06	49
121.098	48
121.1	47
121.138	46
121.14	45
121.179	45
121.18	44
121.222	44
121.223	44
121.265	43
121.266	43
121.308	43
121.309	43
121.35	43
121.351	43
121.393	43
121.395	43
121.436	43
121.437	43
121.479	43
121.48	42
121.522	42
121.523	42
121.565	42
121.566	42
121.608	42
121.609	42
121.65	42
121.651	42
121.692	42
121.693	42
121.735	42
121.736	42
121.778	42
121.779	42
121.821	42
121.822	42
121.864	42
121.865	42
121.907	42
121.908	43
121.948	42
121.95	42
121.99	42
121.991	42
122.033	42
122.034	42
122.075	42
122.076	42
122.118	42
122.119	42
122.161	42
122.162	42
122.204	42
122.205	42
122.246	42
122.247	42
122.289	42
122.29	42
122.332	42
122.333	42
122.375	42
122.376	42
122.418	42
122.419	42
122.46	42
122.461	42
122.503	42
122.504	42
122.544	42
122.545	42
122.584	41
122.585	41
122.624	41
122.626	41
122.666	41
122.667	41
122.709	41
122.71	41
122.752	41
122.753	42
122.794	42
122.795	42
122.836	42
122.837	41
122.877	41
122.878	41
122.921	42
122.922	42
122.963	42
122.964	42
123.006	42
123.007	42
123.049	42
123.05	42
123.092	42
123.093	42
123.134	42
123.135	42
123.177	42
123.178	42
123.219	42
123.22	42
123.262	42
123.463	67
123.506	64
