11.0343	0.132
11.3194	0.12626
12.3194	0.024
12.4014	0.731859
12.48	1.22019
12.5506	1.35974
12.6212	1.52979
12.6954	1.29426
12.7721	1.25165
12.8509	1.67513
12.9308	1.95365
13.0096	1.82742
13.0924	1.88226
13.1702	1.69708
13.2407	1.36185
13.3113	1.35982
13.3855	1.77961
13.4606	1.91687
13.5341	1.95795
13.6077	2.12111
13.6828	1.91687
13.7585	1.90356
13.8373	1.82742
13.9224	1.69205
14.01	1.64263
14.0925	0.727509
14.1766	0.999415
14.2621	1.12208
14.344	1.31864
14.428	1.14314
14.5036	1.7455
14.5777	1.94406
14.6528	1.91687
14.7264	2.12111
14.8004	1.94406
14.8803	1.80337
14.9679	1.50617
15.0421	0.80927
15.1132	1.34977
15.1853	1.332
15.262	1.25165
15.3439	1.17142
15.4295	1.26234
15.5119	1.16431
15.5949	1.15659
15.6789	1.14342
15.7608	0.878608
15.8417	0.593317
15.9268	0.564344
16.0071	0.597716
16.0854	0.613258
16.1668	0.589489
16.2519	0.564017
16.3379	0.558098
16.4135	0.634726
16.4865	0.657344
16.5674	0.593317
16.6504	0.578296
16.7355	0.564508
16.8189	0.574971
16.903	0.571094
16.9859	0.579157
17.0652	0.605105
17.1491	0.572075
17.2248	0.634519
17.3004	0.634519
17.3808	0.597195
17.4612	0.597195
17.5471	0.558258
17.628	0.593498
17.7073	0.605105
17.7903	0.578296
17.8754	0.564508
17.9599	0.56752
18.046	0.557592
18.1274	0.590054
18.2025	0.638957
18.2808	0.613227
18.3633	0.58198
18.4487	0.42135
18.5208	0.333018
18.5959	0.479243
18.6752	0.605105
18.7545	0.605105
18.8402	0.560557
18.9241	0.429142
19.0007	0.31293
19.0769	0.472632
19.1589	0.58571
19.2429	0.571067
19.3289	0.558258
19.4061	0.621769
19.4896	0.574829
19.5735	0.572243
19.6544	0.593317
19.7394	0.564672
19.8219	0.58198
19.9074	0.561204
19.9903	0.578812
20.0702	0.601124
20.1527	0.58198
20.2367	0.571067
20.3217	0.564672
20.4057	0.571571
20.4866	0.593317
20.5701	0.574659
20.653	0.579157
20.7307	0.61737
20.8085	0.61737
20.8931	0.567686
20.9769	0.715304
21.0615	1.13537
21.147	1.12241
21.2315	1.1357
21.314	1.16396
21.3996	1.12208
21.483	1.15068
21.5644	1.17898
21.6505	1.11524
21.7324	0.732323
21.8149	0.582007
21.8995	0.567686
21.9851	0.56088
22.0685	0.575509
22.1473	0.761423
22.2313	1.14213
22.3173	1.11652
22.3961	1.21866
22.4743	1.22645
22.5563	1.17142
22.6403	1.14213
22.7249	1.13504
22.8109	1.11652
22.8934	1.16396
22.9764	1.15659
23.0624	1.11556
23.1469	1.1367
23.2252	1.22645
23.3029	1.23474
23.3849	1.17142
23.4684	1.14932
23.553	1.13504
23.639	1.11652
23.7183	1.21021
23.8002	1.17142
23.8853	1.12902
23.9681	1.15831
24.0501	1.17142
24.1362	1.11524
24.218	1.17283
24.301	1.15659
24.3861	1.12902
24.4705	1.1367
24.5504	1.20225
24.6307	1.19439
24.7148	1.14213
24.7998	1.12902
24.8843	1.27804
24.9652	1.18663
25.0508	1.12241
25.1342	1.15
25.2146	1.34369
25.3007	1.67333
25.3857	1.69303
25.4707	1.83518
25.5495	1.82799
25.6325	1.73489
25.7191	1.80221
25.8025	1.29419
25.8866	1.14213
25.9721	1.54279
26.0556	1.0063
26.1355	1.05197
26.2179	1.16396
26.3025	1.13504
26.388	1.12241
26.4735	1.12306
26.5571	1.14932
26.639	1.31785
26.7235	1.13637
26.8075	1.14213
26.8911	1.14932
26.9766	1.12236
27.0611	0.568044
27.1461	0.564508
27.2316	0.56134
27.3136	0.585915
27.396	0.58198
27.4811	0.564508
27.5665	0.421228
27.6469	0.298612
27.731	0.428321
27.8169	0.558232
27.9025	0.280589
27.987	0.283856
28.0726	0.560906
28.155	0.582677
28.2333	0.613227
28.3147	0.589489
28.4007	0.558098
28.4862	0.421107
28.5665	0.298612
28.6448	0.459943
28.7252	0.597195
28.8071	0.58571
28.8926	0.56169
28.9755	0.578812
29.0549	0.605105
29.1342	0.605105
29.2167	0.58198
29.3026	0.558258
29.3871	0.568349
29.4659	0.609139
29.5514	0.561042
29.6343	0.579502
29.7099	0.634519
29.7898	0.601124
29.8738	0.571235
29.9582	0.568848
30.0349	0.625827
30.1132	0.613227
30.1956	0.58198
30.2781	0.58198
30.3637	0.56088
30.4497	0.418775
30.5337	0.285631
30.6182	0.426157
30.7027	0.56752
30.7868	0.571067
30.8723	0.561042
30.9573	0.565328
31.0382	0.593317
31.117	0.609139
31.1973	0.597195
31.2819	0.56752
31.3679	0.418775
31.4498	0.292957
31.5348	0.423401
31.6208	0.558098
31.7038	0.578785
31.7862	0.582007
31.8718	0.561042
31.9557	0.571739
32.0382	0.58198
32.1232	0.564672
32.2083	0.564181
32.2907	0.582328
32.3737	0.578296
32.4578	0.571067
32.5418	0.571067
32.6274	0.561204
32.7119	0.568183
32.7928	0.593317
32.8758	0.578296
32.9613	0.561366
33.0467	0.561528
33.1302	0.575169
33.2127	0.58198
33.2987	0.558098
33.3832	0.567852
33.4651	0.586063
33.5506	0.561204
33.6341	0.718961
33.715	1.18663
33.799	1.14247
33.8845	1.12273
33.9638	1.21059
34.0437	1.20225
34.1288	1.12836
34.2142	1.12338
34.2977	1.14932
34.3827	1.12934
34.4672	1.13637
34.5523	1.12836
34.6363	1.14247
34.7224	1.11588
34.8079	1.12273
34.8909	1.30155
34.9754	1.13537
35.0609	1.12338
35.1449	1.57044
35.2309	1.67429
35.3159	1.83518
35.3994	1.725
35.4835	2.1415
35.5675	2.28427
35.6525	2.39986
35.737	2.41407
35.8231	2.92833
35.9071	2.28561
35.9875	1.79158
36.0705	1.73489
36.157	1.8017
36.24	1.30162
36.3256	1.12208
36.4095	1.14348
36.4889	1.21021
36.5713	1.60044
36.6574	1.67381
36.7429	1.6841
36.8279	1.69352
36.9139	1.39478
36.998	0.999708
37.081	1.01202
37.166	1.12869
37.2495	1.15
37.3345	1.12869
37.4201	1.26234
37.5046	1.13603
37.5901	1.12241
37.6752	1.12902
37.7612	1.1155
37.8437	0.291164
37.9251	0.589518
38.0081	0.578296
38.0936	0.561204
38.1786	0.564646
38.2606	0.585738
38.3404	0.450843
38.4208	0.597195
38.5053	0.567686
38.5904	0.564672
38.6764	0.557778
38.7593	0.578984
38.8449	0.560719
38.9304	0.561528
39.0129	0.58198
39.0964	0.574659
39.1819	0.561204
39.2665	0.567852
39.3505	0.571067
39.4356	0.564344
39.5211	0.56088
39.6041	0.578812
39.6834	0.756381
39.7638	0.597195
39.8468	0.578296
39.9323	0.561042
40.0173	0.706217
40.1003	0.867485
40.1807	0.597195
40.2652	0.567852
40.3496	0.568681
40.4321	0.727474
40.5171	1.12869
40.6021	1.12934
40.6882	1.11556
40.7743	1.11524
40.8593	1.12967
40.9401	1.187
41.0226	1.16396
41.1086	1.11652
41.1899	1.18005
41.2708	1.18663
41.3543	1.14966
41.4394	1.12902
41.5234	1.14281
41.6053	1.17142
41.6909	1.12208
41.7753	1.13703
41.8562	1.18663
41.9413	1.12902
42.0267	1.12306
42.1081	1.17934
42.189	1.18663
42.271	1.17142
42.355	1.28566
42.4409	1.11684
42.5239	1.15694
42.6085	1.13504
42.6945	1.11588
42.7764	1.17278
42.8536	0.621602
42.9314	0.61737
43.0128	0.589489
43.0978	0.705635
43.1828	0.706012
43.2669	0.571094
43.3524	0.56088
43.4369	0.568349
43.5204	0.574659
43.6055	0.564344
43.6909	0.561528
43.7718	0.593498
43.8538	0.58571
43.9383	0.568017
44.0212	0.57864
44.1062	0.564672
44.1898	0.574659
44.2748	0.564344
44.3593	0.568183
44.4397	0.597195
44.5195	0.601124
44.6051	0.561204
44.6906	0.561204
44.7678	0.621769
44.8445	0.625827
44.927	0.58198
45.0125	0.561204
45.0976	0.564181
45.1799	0.583026
45.2644	0.567852
45.3499	0.421107
45.4345	0.283773
45.5201	0.420558
45.6041	0.571739
45.6871	0.578296
45.772	0.564836
45.8555	0.574999
45.9375	0.58571
46.0215	0.571067
46.107	0.561366
46.1879	0.593679
46.2714	0.574659
46.3574	0.558232
46.4424	0.564371
46.527	0.56752
46.6125	0.561826
46.6959	0.575026
46.7804	0.568017
46.8659	0.561366
46.9505	0.567686
47.0361	0.56088
47.122	0.558418
47.204	0.58571
47.2854	0.589489
47.37	0.56752
47.4559	0.558578
47.5342	0.61342
47.6166	0.58198
47.7027	0.558098
47.7867	0.571235
47.8707	0.571235
47.9542	0.574659
48.0398	0.56088
48.1231	0.57602
48.1993	0.630143
48.2734	0.64802
48.3538	0.597195
48.4398	0.557938
48.5238	0.714463
48.6089	1.12836
48.6943	1.12338
48.7794	1.12836
48.8645	1.12836
48.9485	1.14213
49.0345	1.11684
49.1184	1.14381
49.1998	1.17898
49.2844	1.1357
49.3677	1.15136
49.4492	1.17898
49.5332	1.14213
49.6192	1.11684
49.7037	1.1357
49.7877	1.28566
49.8737	1.11684
49.9576	1.14348
50.0412	1.58031
50.1272	1.67381
50.2121	1.83625
50.2946	1.74594
50.3786	1.85706
50.4646	1.53565
50.5465	1.17142
50.6325	1.25572
50.7175	0.988704
50.7989	0.736897
50.8834	0.567852
50.9673	0.572243
51.0524	0.987557
51.1358	0.718995
51.2194	0.574659
51.3018	0.58198
51.3874	0.561204
51.4729	0.561042
51.5549	0.585887
51.6404	0.561042
51.7254	0.564482
51.8074	0.585738
51.892	0.56752
51.9775	0.56134
52.0609	0.575536
52.1428	0.58571
52.2243	0.589489
52.3093	0.564181
52.3953	0.558392
52.4798	0.568044
52.5644	0.567686
52.6503	0.558232
52.7354	0.282241
52.8204	0.282267
52.9059	0.56123
52.9889	0.578441
53.0719	0.578324
53.1574	0.561204
53.2429	0.421228
53.3279	0.282267
54.3279	0.036
54.6134	0.252216
54.6969	0.287389
54.783	0.418333
55.783	0.012
55.8664	0.575075
55.9473	1.48329
56.0308	3.01874
56.1162	2.80968
56.1945	2.75994
56.279	2.83926
56.364	2.96539
56.449	2.96539
56.535	2.78876
56.6165	2.35807
56.7005	2.28427
56.7865	2.37328
56.8695	2.31387
56.954	2.27074
57.0396	1.68313
57.122	1.16396
57.2066	1.13504
57.2926	1.39558
57.3745	0.586091
57.4533	0.609139
57.5383	0.564508
57.6228	0.710644
57.7068	1.14213
57.7928	1.11684
57.8783	1.12241
57.9638	1.26271
58.0473	1.15068
58.1323	1.12934
58.2173	1.12902
58.3028	1.12241
58.3874	1.13504
58.4734	1.11684
58.5574	1.14213
58.6424	1.12902
58.7284	1.11652
58.8139	1.12273
58.8964	1.16396
58.9815	1.12869
59.0674	1.11652
59.1519	1.13637
59.2349	1.15659
59.32	1.12902
59.4054	1.12338
59.4858	1.19439
59.5672	1.17898
59.6522	1.12902
59.7378	1.12273
59.8233	1.12273
59.9073	1.14213
59.9928	1.12241
60.0748	1.17177
60.1588	1.14247
60.2443	1.12306
60.3288	0.852026
60.4123	0.718324
60.4983	1.1162
60.5827	1.13703
60.6678	1.12836
60.7533	1.12273
60.8383	1.12967
60.9208	1.16396
61.0038	1.30117
61.0898	1.11652
61.1733	1.15
61.2583	1.12934
61.3438	1.12208
61.4298	1.11684
61.5132	1.15
61.5952	1.17142
61.6798	1.13504
61.7658	1.11588
61.8498	1.14314
61.9349	1.12836
62.0208	1.11684
62.1049	1.14247
62.1894	1.13504
62.2749	1.12306
62.3584	1.15034
62.4408	1.16396
62.5244	1.14932
62.6095	1.12803
62.695	1.12273
62.779	1.14247
62.8636	1.13504
62.9496	1.11588
63.0331	1.0065
63.1181	0.847047
63.2036	0.842252
63.2834	0.751442
63.3669	0.574659
63.4525	0.561204
63.538	0.56134
63.6219	0.571765
63.7044	0.58198
63.7879	0.574659
63.8739	0.558098
63.9563	0.582474
64.0399	0.574686
64.1244	0.56752
64.2099	0.561502
64.2954	0.561553
64.3768	0.589489
64.4598	0.578296
64.5418	0.58571
64.6248	0.578296
64.7108	0.558072
64.7943	0.287571
64.8762	0.292869
64.9618	0.561068
65.0477	0.418895
65.1306	0.28942
65.2147	0.428321
65.3007	0.558072
65.3831	0.582705
65.4671	0.571067
65.5531	0.558232
65.6355	0.582356
65.7216	0.557778
65.8061	0.568017
65.8921	0.557752
65.9776	0.561553
66.0616	0.571235
66.1461	0.568681
66.2296	0.574659
66.3151	0.561042
66.4001	0.565
66.4831	0.578296
66.5686	0.561204
66.6541	0.561528
66.7382	0.571067
66.8227	0.567852
66.9073	0.56752
66.9933	0.557938
67.0736	0.597561
67.1545	0.593317
67.239	0.568017
67.324	0.564672
67.4091	0.564344
67.491	0.58571
67.5735	0.58198
67.6586	0.705602
67.7441	0.701537
67.8275	0.575141
67.9131	0.56123
67.9997	0.415677
68.0852	0.561204
68.1717	0.554709
68.2526	0.59386
68.3324	0.601124
68.4138	0.589489
68.4979	0.571067
68.5839	0.558258
68.6679	0.571403
68.7493	0.589489
68.8328	0.574659
68.9188	0.558098
69.0023	0.575339
69.0816	0.605105
69.1641	0.58198
69.2476	0.574659
69.3326	0.70584
69.4155	0.578812
69.4964	0.593317
69.5824	0.558098
69.6675	0.987889
69.753	1.12241
69.838	1.12934
69.9235	1.2638
70.0075	1.14247
70.0915	1.2849
70.177	1.54368
70.26	0.578668
70.3425	0.58198
70.4285	0.697822
70.5099	0.737049
70.5918	0.585738
70.6778	0.557938
70.7623	0.568349
70.8468	0.567686
70.9319	0.564672
71.0142	0.582677
71.0946	0.597195
71.1786	0.571235
71.2636	0.564646
71.3491	0.561716
71.4311	0.58571
71.5146	0.574659
71.6005	0.558418
71.6834	0.578984
71.7612	0.61737
71.8457	0.568017
71.9312	0.561664
72.0171	0.558444
72.1012	0.571067
72.1852	0.571067
72.2712	0.558258
72.3531	0.586063
72.4335	0.597195
72.5175	0.571403
72.6025	0.564344
72.6866	0.571067
72.7721	0.56134
72.8565	0.568376
72.9401	0.574659
73.0252	0.564181
73.1106	0.56169
73.1956	0.564672
73.2802	0.567686
73.3661	0.558553
73.449	0.579184
73.5288	0.601124
73.6113	0.58198
73.6963	0.564672
73.7808	0.568323
73.8648	0.571262
73.9503	0.56169
74.0363	0.557938
74.1203	1.00025
74.2058	1.12273
74.2903	1.13537
74.3749	1.13504
74.4604	1.12273
74.5449	1.13637
74.6284	1.14932
74.7134	1.12902
74.7989	1.12273
74.884	1.12902
74.9644	1.19439
75.0474	1.15659
75.1333	1.11652
75.2137	1.19476
75.2988	1.12836
75.3837	1.13
75.4677	1.14348
75.5502	1.16396
75.6352	1.12902
75.7206	1.12338
75.8056	1.12934
75.8912	1.12241
75.9772	1.1162
76.0612	1.14281
76.1447	1.14932
76.2297	1.12902
76.3127	1.15728
76.3947	1.17142
76.4782	1.14932
76.5632	1.12869
76.6482	1.12934
76.7322	1.14281
76.8158	1.14932
76.8988	1.15659
76.9843	1.26307
77.0693	1.12967
77.1543	1.12836
77.2403	1.25638
77.3249	0.709574
77.4099	0.564233
77.4959	0.558392
77.5783	0.291324
77.6571	0.30451
77.7415	0.56834
77.8255	0.571907
77.9085	0.578296
77.9931	0.56752
78.0791	0.558098
78.1609	0.58624
78.2439	0.578296
78.328	0.571067
78.414	0.557938
78.4975	0.575169
78.581	0.574659
78.666	0.564508
78.7504	0.568848
78.8324	0.58571
78.9148	0.58198
78.9999	0.564344
79.0834	0.575169
79.1653	0.58571
79.2488	0.574659
79.3334	0.56752
79.4194	0.697822
79.5024	0.723051
79.5883	0.558444
79.6733	0.565164
79.7588	0.56088
79.8453	0.41635
79.9272	0.292957
80.0128	0.420801
80.0988	0.558098
80.1827	0.571712
80.2657	0.578324
80.3518	0.557938
80.4357	0.572048
80.5202	0.567878
80.6026	0.582328
80.6867	0.571235
80.9297	0.197468
81.0152	0.28082
81.0987	0.431249
81.1842	0.701739
81.2687	0.567852
81.3517	0.578296
81.4358	0.571067
81.5209	0.564017
81.6069	0.558258
81.6913	0.568349
81.7717	0.597195
81.8568	0.564181
81.9433	0.555001
82.0268	0.574856
82.1123	0.561042
82.1962	0.571907
82.2787	0.58198
82.3633	0.56752
82.4492	0.558553
82.5322	0.578668
82.6162	0.571067
82.7028	0.554709
82.7862	0.574971
82.8692	0.578324
82.9543	0.564508
83.0397	0.561852
83.1201	0.597195
83.2026	0.58198
83.2881	0.561204
83.3731	0.564836
83.4591	0.557752
83.5451	0.279036
83.6292	0.285631
83.7151	0.558283
83.8002	0.564508
83.8842	0.571403
83.9692	0.564836
84.0526	0.575169
84.1361	0.574659
84.2201	0.571403
84.3047	0.56752
84.3902	0.561366
84.4763	0.557938
84.5586	0.582677
84.6411	0.58198
84.7252	0.571067
84.8107	0.561042
84.8957	0.565
84.9792	0.574829
85.0647	0.561204
85.1507	0.558232
85.2305	0.601339
85.3146	0.571067
85.4001	0.561042
85.4836	0.575339
85.5681	0.56752
85.6542	0.557752
85.7392	0.282323
85.8238	0.283773
85.9088	0.564534
85.9943	0.421107
86.0783	0.285547
86.1629	0.42566
86.249	0.557912
86.334	0.282241
86.4164	0.291091
86.502	0.56123
86.588	0.557938
86.6704	0.582126
86.755	0.567878
86.8389	0.571739
86.9209	0.58571
87.0028	0.58571
87.0864	0.574659
87.1719	0.561042
87.2578	0.558553
87.3424	0.567712
87.428	0.560854
87.5135	0.561391
87.5954	0.585887
87.6763	0.593317
87.7619	0.561016
87.8479	0.557963
87.9318	0.572048
88.0163	0.568044
88.1018	0.561528
88.1878	0.418535
88.2724	0.283773
88.3589	0.416051
88.4414	0.582126
88.5254	0.571094
88.6114	0.69739
88.6959	0.710677
88.7762	0.597195
88.8598	0.574659
88.9458	0.558258
89.0287	0.57864
89.1096	1.0383
89.1937	1.14213
89.2782	1.13504
89.3643	1.11588
89.4477	1.15034
89.5302	1.16396
89.6148	1.13537
89.7003	1.12241
89.7838	1.14932
89.8673	1.14932
89.9519	1.13504
90.0379	1.1162
90.1224	1.13637
90.2079	1.12241
90.2929	1.13
90.3775	1.13537
90.463	1.12176
90.5485	1.12338
90.6329	1.13703
90.7133	1.19439
90.7937	1.19439
90.8751	1.17898
90.9576	1.16396
91.0436	1.1162
91.1281	1.13637
91.2058	1.23474
91.2862	1.19439
91.3697	1.14932
91.4553	1.12144
91.5408	1.12338
91.6253	1.13603
91.7088	1.14932
91.7938	1.27014
91.8783	1.13703
91.9602	1.17142
92.0462	1.11588
92.1307	1.27916
92.2121	1.76847
92.2951	1.73489
92.3806	1.82444
92.4646	1.71522
92.546	1.76847
92.6326	1.80221
92.7165	1.28647
92.8015	1.12902
92.8865	1.41161
92.9695	0.578668
93.0514	1.02499
93.1365	1.12934
93.2205	1.14213
93.3051	1.13537
93.3905	1.12338
93.475	1.1367
93.5569	1.31785
93.6419	1.12934
93.7275	1.12144
93.813	1.12338
93.8985	1.12208
93.9841	1.12176
94.069	1.13066
94.1505	1.17898
94.236	1.12241
94.322	1.11646
94.4018	0.300748
94.48	0.613258
94.563	0.578296
94.6491	0.558072
94.7336	0.567712
94.8181	0.568017
94.9036	0.561204
94.9897	0.557938
95.0721	0.582502
95.1519	0.601124
95.2323	0.597195
95.3163	0.571235
95.4019	0.561016
95.4868	0.56519
95.5693	0.58198
95.6528	0.574659
95.7388	0.558258
95.8243	0.561528
95.9088	0.567686
95.9943	0.561502
96.0798	0.561391
96.1613	0.589489
96.2448	0.574659
96.3308	0.557778
96.4148	0.57188
96.4962	0.589518
96.5792	0.578296
96.6642	0.564508
96.7502	0.558553
96.8352	0.564534
96.9166	0.589489
97.0021	0.561204
97.0871	0.564836
97.1722	0.564344
97.2581	0.558418
97.3416	0.574999
97.4277	0.557458
97.5132	0.561664
97.5972	0.571597
97.6802	0.578296
97.7656	0.561528
97.8485	0.578957
97.9263	0.617402
98.0103	0.571067
98.0944	0.571067
98.1804	0.558072
98.2659	0.280589
98.3509	0.282513
98.4344	0.574686
98.5199	0.561366
98.6044	0.568183
98.6885	0.571067
98.7709	0.58198
98.8555	0.56752
98.9415	0.558418
99.0249	0.575169
99.1089	0.571571
99.1949	0.557912
99.2805	0.561068
99.3665	0.557752
99.4526	0.557803
99.5355	0.579157
99.6174	0.58571
99.6999	0.58198
99.7855	0.561042
99.8664	0.593317
99.9483	0.58571
100.034	0.560719
100.119	0.564508
100.203	0.567852
100.289	0.564508
100.374	0.564318
100.459	0.560583
100.544	0.565
100.629	0.564344
100.714	0.564344
100.799	0.568183
100.884	0.561042
100.967	0.582328
101.051	0.567852
101.136	0.565138
101.221	0.56821
101.305	0.571067
101.39	0.561366
101.475	0.564672
101.559	0.713834
101.646	0.554975
101.731	0.564888
101.817	0.557912
101.898	0.590233
101.979	0.444988
102.061	0.58198
102.147	0.564181
102.232	0.558578
102.312	0.60567
102.389	0.61737
102.471	0.58571
102.555	0.571067
102.641	0.561204
102.726	0.564836
102.805	0.605105
102.888	0.58198
102.973	0.564181
103.058	0.56169
103.142	0.574829
103.228	0.557618
103.312	0.710852
103.395	0.578296
103.481	0.557778
103.565	0.575311
103.648	0.578324
103.731	0.574659
103.816	0.56752
103.901	0.561042
103.986	0.564836
104.068	0.58571
104.152	0.571403
104.353	0.119686
104.438	0.282229
104.523	0.421146
104.607	0.715127
104.691	0.571235
104.775	0.571571
104.861	0.561042
104.946	0.561366
105.031	0.564508
105.115	0.574659
105.201	0.557938
105.284	0.575169
105.369	0.564836
105.454	0.564508
105.54	0.561178
105.625	0.567547
105.71	0.561042
105.795	0.568489
105.88	0.564371
105.965	0.561528
106.048	0.582328
106.131	0.574659
106.217	0.557938
106.301	0.575339
106.382	0.58571
106.468	0.56088
106.554	0.558232
106.634	0.601525
106.716	0.58571
106.801	0.561204
106.886	0.565138
106.97	0.571262
107.055	0.564508
107.141	0.558258
107.216	0.639376
107.297	0.597195
107.382	0.564508
107.467	0.561852
107.551	0.571235
107.636	0.564672
107.722	0.56169
107.806	0.567686
107.889	0.578296
107.975	0.557778
108.06	0.564974
108.142	0.589518
108.225	0.578296
108.31	0.561366
108.394	0.574659
108.476	0.58198
108.562	0.558098
108.645	0.57864
108.727	0.736861
108.811	1.14213
108.897	1.11684
108.979	1.17142
109.063	1.14213
109.149	1.11652
109.234	1.12176
109.32	1.12273
109.405	1.12869
109.49	1.12208
109.575	1.12836
109.661	1.12273
109.747	1.10942
109.832	1.12869
109.915	1.15728
110.001	1.12208
110.086	1.12338
110.168	1.17898
110.25	1.16396
110.336	1.11556
110.422	1.12338
110.505	1.14932
110.588	1.15659
110.674	1.1162
110.759	1.13504
110.844	1.12836
110.93	1.11652
111.014	1.14314
111.098	1.14213
111.184	1.26271
111.265	0.884501
111.344	0.605105
111.426	0.589489
111.511	0.564181
111.597	0.69799
111.679	0.732173
111.762	0.574659
111.848	0.558258
111.932	0.575339
112.013	0.589489
112.099	0.561366
112.181	0.578984
112.262	0.593317
112.345	0.58198
112.428	0.574659
112.514	0.561042
112.6	0.558098
112.682	0.58198
112.764	0.736861
112.85	1.11556
112.934	1.1367
113.018	1.14932
113.104	1.1162
113.189	1.12934
113.271	1.16396
113.356	1.12902
113.443	1.10974
113.524	1.17898
113.609	1.1357
113.695	1.11652
113.778	1.15034
113.861	1.16396
113.947	1.11652
114.03	1.15
114.116	1.1162
114.202	1.1162
114.288	1.12306
114.372	1.14247
114.456	1.13537
114.542	1.11716
114.625	1.16396
114.711	1.11524
114.797	1.11711
114.88	0.718358
114.964	0.571067
115.05	0.558418
115.136	0.70127
115.218	0.727509
115.302	0.571067
115.387	0.564181
115.473	0.558418
115.557	0.574999
115.64	0.574659
115.727	0.554709
115.812	0.56481
115.895	0.574686
115.982	0.554709
116.067	0.564974
116.152	0.564534
116.237	0.564344
116.323	0.558258
116.406	0.578468
116.491	0.56752
116.577	0.558258
116.659	0.582154
116.743	0.571067
116.829	0.558098
116.913	0.571739
116.995	0.58198
117.082	0.557912
117.167	0.561716
117.247	0.601124
117.329	0.58571
117.414	0.561042
117.5	0.558418
117.584	0.719139
117.667	0.718782
117.753	0.561366
117.837	0.567852
117.921	0.571067
118.007	0.561204
118.092	0.701472
118.178	0.701537
118.378	0.119686
118.462	0.287219
118.547	0.420903
118.633	0.561391
118.714	0.590025
118.795	0.597195
118.879	0.567686
118.965	0.56169
119.046	0.589668
119.132	0.557778
119.216	0.575169
119.294	0.609139
119.378	0.574659
119.463	0.564181
119.549	0.558258
119.634	0.564344
119.72	0.561366
119.805	0.561204
119.889	0.571571
119.974	0.706045
120.059	0.564017
120.145	0.557778
120.228	0.578785
120.311	0.578324
120.396	0.567852
120.481	0.565302
120.562	0.593346
120.642	0.597195
120.727	0.561042
120.812	0.568349
120.896	0.571067
120.982	0.557912
121.066	0.426282
121.147	0.298583
121.23	0.433872
121.315	0.56169
121.401	0.561204
121.486	0.561528
121.572	0.558258
121.657	0.564508
121.742	0.564344
121.829	0.554709
121.914	0.56481
121.997	0.574856
122.083	0.560693
122.169	0.557963
122.252	0.575339
122.338	0.557752
122.424	0.561391
122.51	0.558258
122.59	0.601309
122.673	0.578296
122.759	0.558098
122.843	0.568017
122.928	0.564181
123.014	0.561528
123.099	0.564508
123.184	0.56088
123.269	0.565138
123.348	0.613258
123.424	0.625827
123.508	0.574921
123.594	0.418807
123.671	0.310801
123.75	0.453851
123.835	0.56752
123.919	0.567735
124.005	0.561042
124.088	0.575509
124.167	0.609139
124.248	0.593317
124.33	0.589499
124.41	0.594085
124.493	0.578296
124.579	0.558899
124.66	0.593498
124.74	0.597195
124.817	0.630143
124.897	0.601124
124.978	0.58571
125.063	0.568403
125.142	0.91535
125.216	0.805111
125.292	0.634368
125.367	0.634519
125.444	0.630143
125.519	0.793219
125.592	1.31254
125.663	1.34977
125.734	1.35982
125.805	1.35982
125.875	1.35982
125.946	1.35982
126.016	1.35982
126.087	1.35982
126.158	1.35982
126.228	1.35982
126.299	1.35982
126.369	1.35982
126.44	1.35982
126.511	1.35982
126.581	1.35982
126.652	1.35982
126.722	1.35982
126.793	1.35982
126.864	1.35982
126.934	1.35982
127.005	1.35982
127.075	1.35982
127.146	1.35982
127.217	1.35982
127.287	1.35982
127.358	1.35982
127.428	1.35982
127.498	0.312775
