11.0347	0.132
13.0347	0.006
17.0347	0.003
25.0347	0.0015
41.0347	0.00075
41.3217	0.125416
42.3217	0.012
44.3217	0.006
44.4055	0.572585
44.4854	0.601124
44.5689	0.574829
44.6539	0.564672
44.7363	0.582649
44.8124	0.630176
44.8907	0.613227
44.9768	0.557299
45.0603	0.575141
45.1458	0.561553
45.2282	0.582154
45.3142	0.558098
45.3988	0.567852
45.4828	0.571067
45.5684	0.561042
45.6519	0.574999
45.7358	0.571571
45.8208	0.564672
45.9023	0.589489
45.9858	0.574659
46.0703	0.567852
46.1543	0.571907
46.2352	0.593317
46.3207	0.561204
46.4062	0.561366
46.4892	0.578296
46.5752	0.557938
46.6602	0.56481
46.7437	0.574686
46.8303	0.554526
46.9158	0.56123
47.0004	0.56752
47.0869	0.554684
47.1704	0.287656
47.2528	0.291004
47.3348	0.585738
47.4203	0.561366
47.5026	0.582851
47.5814	0.609139
47.667	0.561042
47.7515	0.567991
47.8355	0.571262
47.9196	0.571235
48.0041	0.56752
48.0901	0.558258
48.1694	0.60567
48.2429	0.652649
48.3201	0.62157
48.4041	0.571403
48.4891	0.565
48.5737	0.56752
48.6597	0.558098
48.7447	0.564508
48.8298	0.564181
48.9139	0.571067
48.9994	0.561366
49.0853	0.558418
49.1662	0.593317
49.2492	0.578296
49.3352	0.558258
49.4161	0.593498
49.4991	0.578296
49.5851	0.557938
49.6701	0.564836
49.7541	0.571067
49.8396	0.56169
49.9251	0.56169
50.0081	0.578296
50.0936	0.56088
50.1801	0.555026
50.2626	0.582126
50.3451	0.582007
50.431	0.558258
50.5134	0.582502
50.5985	0.564508
50.6844	0.558418
50.7658	0.589668
50.8478	0.58571
50.9338	0.558232
51.0162	0.582356
51.1023	0.557618
51.1852	0.57864
51.2672	0.58571
51.3522	0.70543
51.4368	0.709781
51.5202	0.575366
51.6042	0.571235
51.6898	0.561042
51.7722	0.5823
51.8562	0.428321
51.9418	0.56088
52.0273	0.561852
52.1087	0.589489
52.1896	0.593317
52.2736	0.571067
52.3591	0.561366
52.4441	0.565164
52.5292	0.564181
52.6141	0.564836
52.6991	0.564672
52.7837	0.567686
52.8697	0.558098
52.9542	0.567852
53.0357	0.589489
53.1212	0.561042
53.2077	0.693387
53.2912	0.574971
53.3757	0.568044
53.4608	0.564508
53.5467	0.558232
53.6297	0.289392
53.7142	0.283773
53.8002	0.558444
53.8853	0.564181
53.9713	0.557778
54.0543	0.578441
54.1399	0.560744
54.2254	0.561528
54.3084	0.578468
54.3919	0.574829
54.4757	0.572384
54.5556	0.601153
54.637	0.589489
54.7216	0.56752
54.8086	0.551493
54.8884	0.300733
54.9688	0.298612
55.0513	0.582007
55.1363	0.564344
55.2212	0.565328
55.2969	0.634519
55.3762	0.605105
55.4603	0.571067
55.5462	0.558418
55.6297	0.575339
55.7127	0.578296
55.7982	0.56088
55.8817	0.575311
55.9636	0.585738
56.0491	0.561204
56.133	0.572216
56.2134	0.597224
56.2984	0.564508
56.3844	0.558098
56.4689	0.568183
56.5524	0.575169
56.6338	0.589489
56.7189	0.564344
56.8038	0.565138
56.8868	0.578324
56.9724	0.56088
57.0553	0.578613
57.1388	0.574686
57.2245	0.560719
57.3104	0.558418
57.3892	0.609139
57.4691	0.601124
57.5556	0.554526
57.6391	0.287656
57.7241	0.282103
57.8096	0.561852
57.8941	0.568044
57.9806	0.554526
58.0641	0.287571
58.1496	0.280615
58.2346	0.564698
58.3196	0.564508
58.4052	0.560719
58.4907	0.421228
58.5742	0.287343
58.6603	0.418352
58.7463	0.558232
58.8313	0.282323
58.9132	0.292869
58.9982	0.564534
59.0837	0.421107
59.1687	0.282349
59.2517	0.433743
59.3373	0.561204
59.4222	0.565
59.5026	0.597195
59.584	0.589489
59.6696	0.561204
59.7551	0.701707
59.8395	0.710196
59.9251	0.560744
60.0102	0.564672
60.0916	0.589489
60.1766	0.564508
60.2621	0.701909
60.3456	0.718502
60.4296	0.571094
60.5156	0.558258
60.6006	0.423587
60.6851	0.283939
60.7712	0.418472
60.8536	0.291324
60.936	0.436506
61.0211	0.423013
61.1071	0.558418
61.1927	0.56088
61.2751	0.582502
61.3611	0.557778
61.4471	0.558578
61.5301	0.578296
61.6115	0.589489
61.6961	0.56752
61.7821	0.558098
61.8655	0.574999
61.9516	0.557618
62.0366	0.565164
62.1206	0.571067
62.2052	0.56752
62.2911	0.558418
62.3741	0.723085
62.4561	0.58571
62.5401	0.571067
62.6252	0.564017
62.7107	0.701675
62.7948	0.714077
62.8799	0.564017
62.9653	0.561664
63.0478	0.436636
63.1343	0.554551
63.2177	0.575509
63.2986	0.593317
63.3827	0.571067
63.4687	0.558098
63.5537	0.564836
63.6382	0.567852
63.7207	0.58198
63.8047	0.571067
63.8902	0.561852
63.9732	0.578468
64.0572	0.571067
64.1423	0.564181
64.2283	0.558258
64.3122	0.571739
64.3936	0.736861
64.4766	0.578296
64.5586	0.58571
64.6427	0.571067
64.7291	0.693751
64.8121	0.433851
64.8946	0.436506
64.9801	0.561366
65.0661	0.558418
65.148	0.586035
65.2325	0.567547
65.3185	0.418775
65.4009	0.291178
65.4865	0.420558
65.572	0.561664
65.6544	0.582182
65.7405	0.557938
65.8245	0.571376
65.9105	0.557963
65.995	0.568323
66.0806	0.560744
66.165	0.426471
66.2485	0.287343
66.334	0.420922
66.4185	0.568349
66.5025	0.571067
66.5886	0.557752
66.6741	0.561553
66.7581	0.571067
66.8427	0.567852
66.9272	0.56752
67.0132	0.558258
67.0925	0.605105
67.1745	0.58571
67.26	0.561042
67.3456	0.561204
67.4291	0.574971
67.511	0.585738
67.5945	0.574659
67.679	0.567991
67.7645	0.561391
67.8459	0.589846
67.9314	0.561204
68.017	0.561366
68.102	0.564344
68.188	0.558418
68.2657	0.617566
68.3461	0.597195
68.428	0.58571
68.5131	0.564181
68.5991	0.558418
68.681	0.58571
68.764	0.578296
68.8481	0.571067
68.934	0.558258
69.0164	0.582502
69.0963	0.601124
69.1793	0.578296
69.2628	0.574659
69.3489	0.557938
69.4292	0.597561
69.5117	0.58198
69.5976	0.558418
69.6821	0.567852
69.7677	0.561042
69.8543	0.554551
69.9402	0.558232
70.0232	0.578324
70.1078	0.56752
70.1933	0.561366
70.2737	0.597561
70.3572	0.574659
70.4431	0.558418
70.5251	0.58571
70.607	0.58571
70.6925	0.561528
70.777	0.568157
70.8616	0.567712
70.9471	0.561204
71.03	0.578984
71.1093	0.605105
71.1938	0.568017
71.2794	0.561042
71.3643	0.42371
71.4463	0.292869
71.5303	0.428446
71.6163	0.558392
71.6976	0.294998
71.7759	0.306629
71.8609	0.564698
71.9469	0.558392
72.0318	0.565026
72.1159	0.571067
72.2009	0.564181
72.2869	0.558418
72.3678	0.593288
72.4482	0.597224
72.5332	0.564344
72.6183	0.705398
72.7023	0.713868
72.7884	0.558098
72.8723	0.571739
72.9558	0.574659
73.0409	0.564508
73.1263	0.701877
73.2109	0.567991
73.2959	0.56456
73.3818	0.558392
73.4642	0.291324
73.5441	0.300577
73.627	0.433872
73.7115	0.568017
73.7965	0.564836
73.8816	0.564344
73.9676	0.558098
74.0536	0.558098
74.1376	0.571403
74.2221	0.568349
74.3071	0.564181
74.3922	0.564017
74.4777	0.561528
74.5596	0.58624
74.6431	0.574659
74.7286	0.561366
74.8136	0.564672
74.8966	0.57864
74.9775	0.741646
75.0626	0.564181
75.148	0.56169
75.2289	0.593317
75.314	0.705635
75.399	0.564646
75.4834	0.710262
75.5643	0.593317
75.6499	0.561204
75.7354	0.561502
75.8204	0.564698
75.9069	0.415914
75.9924	0.561528
76.0764	0.571235
76.16	0.574659
76.2455	0.561204
76.329	0.574829
76.4104	0.589489
76.4939	0.574659
76.5789	0.564672
76.664	0.564508
76.7491	0.564181
76.8315	0.58198
76.9145	0.578296
77.0005	0.558098
77.085	0.568183
77.1706	0.561042
77.255	0.710852
77.339	0.571067
77.4246	0.56088
77.5105	0.558553
77.5903	0.601525
77.6697	0.605105
77.7552	0.561178
77.8402	0.564862
77.9232	0.578296
78.0078	0.56752
78.0937	0.558258
78.1756	0.586063
78.2592	0.574659
78.3438	0.56752
78.4297	0.558258
78.5132	0.574829
78.5957	0.58198
78.6818	0.557912
78.7657	0.572102
78.8481	0.58198
78.9317	0.574659
79.0172	0.56088
79.0991	0.58624
79.1821	0.578296
79.2656	0.574659
79.3513	0.560557
79.4362	0.423957
79.5191	0.289334
79.6035	0.426531
79.689	0.56169
79.7746	0.561042
79.86	0.561852
79.9425	0.727474
80.0285	1.11556
80.1145	1.11652
80.1985	1.14281
80.2805	1.17142
80.367	1.10974
80.4509	1.14348
80.5364	1.12241
80.6179	1.17898
80.7014	1.14966
80.7869	1.12241
80.8715	1.13537
80.9565	1.12934
81.0419	1.12306
81.1255	1.14932
81.2115	1.1162
81.295	1.14966
81.3775	1.16396
81.4615	1.14213
81.5471	1.12144
81.6331	1.11684
81.715	1.17248
81.7974	1.16396
81.883	1.12208
81.9684	1.12338
82.053	1.13504
82.1401	1.10241
82.223	0.723481
82.3055	0.582007
82.3905	0.564508
82.4765	0.558418
82.559	0.58198
82.643	0.713834
82.7295	1.11005
82.813	1.14932
82.896	1.15659
82.9821	1.11588
83.066	1.14415
83.1463	1.19439
83.2299	1.14932
83.3159	1.1162
83.4009	1.12902
83.4869	1.11652
83.5714	1.13637
83.6559	1.1357
83.7419	1.11684
83.8264	1.13537
83.911	1.13537
83.997	1.1162
84.0794	1.16466
84.1619	1.16396
84.2469	1.12869
84.3325	1.12176
84.4175	1.12902
84.503	1.26417
84.5854	1.16431
84.6684	1.15659
84.753	1.13504
84.839	1.11582
84.9235	0.568183
85.0086	0.564371
85.0946	0.557912
85.179	0.568542
85.2605	0.442117
85.3455	0.564181
85.431	0.561366
85.5145	0.574829
85.5991	0.56752
85.6851	0.558258
85.7686	0.574829
85.8532	0.56752
85.9392	0.557938
86.0237	0.568183
86.1078	0.571067
86.1928	0.564181
86.2783	0.561366
86.3628	0.568017
86.4464	0.574659
86.5324	0.558258
86.6158	0.718961
86.6993	0.574659
86.7854	0.557592
86.8678	0.291237
86.9498	0.292869
87.0312	0.589518
87.1153	0.571067
87.2013	0.558072
87.2862	0.56519
87.3702	0.571067
87.4558	0.561204
87.5397	0.571712
87.6206	0.593346
87.7047	0.571067
87.7892	0.568017
87.8751	0.558418
87.9581	0.578812
88.1586	0.119686
88.243	0.284482
88.329	0.418333
88.4119	0.72355
88.4949	0.578296
88.58	0.564508
88.6654	0.561852
88.7463	0.593317
88.8288	0.58198
88.9143	0.561366
88.9982	0.571712
89.0797	0.589518
89.1627	0.578296
89.2467	0.571067
89.3323	0.56088
89.4173	0.565
89.4997	0.58198
89.5827	0.578296
89.6683	0.561042
89.7523	0.571403
89.8364	0.571067
89.9204	0.571067
90.006	0.561042
90.0914	0.56169
90.1759	0.567852
90.2619	0.558258
90.346	0.571235
90.4305	0.567686
90.5165	0.558098
90.6025	0.558418
90.6833	0.593498
90.7637	0.597195
90.8441	0.597195
90.9261	0.58571
91.0111	0.564508
91.0965	0.56169
91.1774	0.593317
91.2552	0.61737
91.3382	1.01202
91.4228	1.13504
91.5088	1.1162
91.5938	1.12967
91.6768	1.15659
91.7619	1.12803
91.8483	1.11005
91.9303	1.17177
92.0148	1.1357
92.1008	1.11652
92.1827	1.31864
92.2646	1.17142
92.3491	1.13603
92.4336	1.2791
92.5155	0.585738
92.5995	0.571739
92.6845	0.706045
92.7695	1.12902
92.8546	1.12836
92.9385	1.28679
93.0189	1.19439
93.104	1.12803
93.189	0.847008
93.2725	0.574659
93.3591	0.554551
93.4446	0.561502
93.5275	0.434001
93.6121	0.567686
93.6966	0.568017
93.7826	0.558098
93.8671	0.567852
93.9526	0.561204
94.0386	0.558098
94.121	0.582502
94.2056	0.567686
94.291	0.702112
94.3734	0.582851
94.4506	0.62157
94.5321	0.589489
94.6176	0.561042
94.7016	0.571712
94.7866	0.564534
94.8721	0.561042
94.9582	0.557778
95.0416	0.575482
95.123	0.589518
95.2029	0.601124
95.2859	0.578296
95.3709	0.564508
95.4569	0.558072
95.5404	0.287486
95.6239	0.287343
95.71	0.557778
95.796	0.279116
95.881	0.282185
95.966	0.564862
96.0515	0.56169
96.1339	0.58198
96.2159	0.58571
96.3015	0.56088
96.388	0.554868
96.4689	0.593288
96.5503	0.589518
96.6359	0.560719
96.7219	0.558418
96.8073	0.561502
96.8909	0.574686
96.9749	0.571235
97.0598	0.565302
97.1444	0.567547
97.2304	0.558258
97.3143	0.571907
97.3994	0.564181
97.4859	0.554709
97.5709	0.564646
97.6534	0.582182
97.7394	0.557778
97.8244	0.565
97.9016	0.62157
97.9836	0.58571
98.0671	0.574659
98.1526	0.561204
98.2376	0.564836
98.3236	0.557938
98.4071	0.574999
98.4922	0.564344
98.5777	0.561366
98.6611	0.574999
98.7431	0.58571
98.8271	0.571067
98.9132	0.557938
98.9981	0.565
99.0827	0.567686
99.1672	0.568157
99.2526	0.561553
99.3382	0.56088
99.4238	0.561178
99.5092	0.561716
99.5906	0.589489
99.6726	0.58571
99.7576	0.564344
99.8401	0.582154
99.921	0.593317
100.006	0.56752
100.091	0.561204
100.176	0.564344
100.261	0.564344
100.346	0.564508
100.431	0.56752
100.516	0.561366
100.601	0.564181
100.686	0.567852
100.772	0.557938
100.856	0.567852
100.942	0.564672
101.025	0.578296
101.11	0.558418
101.195	0.568017
101.277	0.586035
101.363	0.557803
101.448	0.561042
101.532	0.571403
101.619	0.976391
101.705	1.1162
101.79	1.12273
101.873	1.15136
101.954	1.19439
102.035	1.18663
102.118	1.14932
102.204	1.11652
102.287	1.15866
102.364	1.25165
102.445	1.18663
102.528	1.14932
102.614	1.12144
102.7	1.11684
102.781	1.18663
102.86	1.20225
102.945	1.14213
103.031	1.11652
103.114	1.15
103.199	1.13537
103.285	1.11684
103.367	1.15694
103.453	1.12176
103.538	1.12967
103.62	1.17177
103.703	1.15659
103.788	1.13504
103.873	1.12111
103.959	1.11684
104.042	1.16396
104.125	1.15659
104.211	1.1162
104.293	1.16466
104.374	1.17898
104.459	1.27841
104.545	1.11646
104.629	0.571765
104.714	0.564344
104.797	0.574999
104.883	0.701505
104.969	0.558046
105.052	0.574883
105.137	0.571067
105.223	0.69759
105.308	0.564344
105.393	0.706077
105.478	0.561042
105.564	0.561178
105.648	0.571094
105.734	0.418333
105.819	0.564836
105.904	0.564508
105.99	0.558098
106.073	0.578468
106.156	0.578296
106.242	0.558258
106.323	0.589846
106.406	0.578296
106.492	0.557618
106.578	0.561852
106.657	0.605105
106.738	0.589489
106.824	0.558258
106.908	0.571739
106.993	0.567686
107.079	0.69719
107.164	0.561878
107.24	0.634519
107.322	0.58571
107.408	0.557938
107.493	0.565
107.578	0.564181
107.665	0.554709
107.749	0.568323
107.833	0.571262
107.915	0.58571
108.001	0.557912
108.085	0.571933
108.166	0.589489
108.25	0.571067
108.336	0.561366
108.419	0.578296
108.504	0.56752
108.589	0.561826
108.67	0.593346
108.752	0.58571
108.837	0.561042
108.922	0.564836
109.005	0.578296
109.091	0.56088
109.291	0.119686
109.376	0.282639
109.462	0.420539
109.546	0.714497
109.631	0.561204
109.717	0.561366
109.801	0.568183
109.885	0.571403
109.97	0.56752
110.056	0.558553
110.138	0.585915
110.22	0.58571
110.305	0.564344
110.391	0.558098
110.475	0.568017
110.558	0.578296
110.643	0.564508
110.727	0.571544
110.813	0.564207
110.898	0.561204
110.982	0.568515
111.067	0.571067
111.153	0.557458
111.235	0.582502
111.314	0.609139
111.394	0.597195
111.478	0.571067
111.564	0.558098
111.648	0.575169
111.73	0.58198
111.816	0.561204
111.901	0.565138
111.982	0.589518
112.067	0.564344
112.152	0.565138
112.232	0.597224
112.314	0.589489
112.397	0.578296
112.482	0.98703
112.568	1.11684
112.651	1.14966
112.732	1.18663
112.817	1.12836
112.903	1.11684
112.986	1.16396
113.071	1.12208
113.157	1.11652
113.24	1.16396
113.323	1.14932
113.409	1.12338
113.492	1.15034
113.575	1.15659
113.661	1.1162
113.747	1.12306
113.828	1.17898
113.913	1.12934
113.998	1.12967
114.083	1.13603
114.168	1.1237
114.254	1.11588
114.338	1.14314
114.422	1.14932
114.508	1.1162
114.592	1.14348
114.676	1.1357
114.762	1.1162
114.846	1.15068
114.93	1.14213
115.015	1.12273
115.101	1.12273
115.185	1.13537
115.268	1.15659
115.353	1.27729
115.439	1.11588
115.523	0.852524
115.607	0.574659
115.692	0.564344
115.778	0.418775
115.863	0.282103
115.948	0.423401
116.033	0.56169
116.119	0.561366
116.203	0.571067
116.289	0.554842
116.373	0.571597
116.457	0.574659
116.542	0.561204
116.626	0.571739
116.71	0.571067
116.796	0.564344
116.882	0.418655
116.964	0.291091
117.049	0.425784
117.134	0.418775
117.216	0.293134
117.296	0.450865
117.381	0.567686
117.467	0.558098
117.553	0.418775
117.635	0.291004
117.721	0.420922
117.806	0.564646
117.89	0.571262
117.975	0.560719
118.061	0.557912
118.147	0.56123
118.231	0.571712
118.314	0.575196
118.398	0.574659
118.482	0.56752
118.568	0.557912
118.654	0.279036
118.734	0.302661
118.815	0.593346
118.9	0.561042
118.984	0.572075
119.068	0.574659
119.153	0.561528
119.235	0.585887
119.315	0.601124
119.398	0.574659
119.483	0.564508
119.568	0.568515
119.653	0.561042
119.739	0.561042
119.823	0.568515
119.909	0.564344
119.994	0.564646
120.079	0.564043
120.165	0.557938
120.249	0.571403
120.331	0.58198
120.417	0.561204
120.502	0.42371
120.583	0.296673
120.664	0.439304
120.751	0.557938
120.834	0.575169
120.918	0.571067
121.005	0.555001
121.085	0.296825
121.166	0.298612
121.251	0.564534
121.337	0.558258
121.421	0.568183
121.506	0.568515
121.592	0.558258
121.677	0.564508
121.761	0.56752
121.847	0.70208
121.933	0.697454
122.017	0.571067
122.102	0.564181
122.188	0.558258
122.272	0.567852
122.358	0.982673
122.443	1.12273
122.527	1.14415
122.608	1.19439
122.692	1.14213
122.778	1.11684
122.861	1.14966
122.946	1.12869
123.032	1.1162
123.117	1.12869
123.203	1.11556
123.288	1.12967
123.367	1.22645
123.444	1.24314
123.529	1.12919
123.614	1.12314
123.692	1.23474
123.773	1.17898
123.858	1.14213
123.942	1.13547
124.028	1.11588
124.107	1.21134
124.186	1.21828
124.268	1.17898
124.348	1.18846
124.429	1.19412
124.514	1.12176
124.599	1.13131
124.678	1.21828
124.758	1.19439
124.836	1.24314
124.916	1.18663
124.999	1.16396
125.082	1.30362
125.157	1.28195
125.231	1.28611
125.308	1.25999
125.383	1.42767
125.46	1.87748
125.536	1.8906
125.61	2.11766
125.681	2.02415
125.751	2.03972
125.824	1.32799
