10.0342	34
10.0732	34
10.3565	39
10.3913	42
10.4266	46
10.465	49
10.4661	48
10.503	47
10.504	45
10.5398	44
10.5409	43
10.5772	43
10.5783	42
10.612	46
10.6131	44
10.6468	47
10.6478	46
10.6816	48
10.6826	47
10.6837	45
10.719	44
10.72	43
10.7211	43
10.7553	42
10.7564	41
10.7574	40
10.7906	40
10.7917	39
10.7927	38
10.828	38
10.8291	38
10.8301	38
10.8638	42
10.8649	42
10.8659	41
10.8986	44
10.8997	43
10.9007	42
10.9334	45
10.9344	44
10.9355	43
10.9682	46
10.9692	45
10.9703	44
11.004	47
11.005	45
11.0061	44
11.0071	43
11.045	43
11.046	43
11.0471	42
11.0481	42
11.089	42
11.1647	41
11.1657	40
11.2	44
11.201	43
11.2347	46
11.2358	45
11.2695	48
11.2706	46
11.3043	49
11.3053	47
11.3391	50
11.3401	48
11.3744	51
11.3754	49
11.4097	51
11.4107	49
11.4455	52
11.4465	50
11.4808	52
11.4818	50
11.5161	53
11.5171	51
11.5182	49
11.5524	47
11.5535	46
11.5545	44
11.5902	44
11.5913	43
11.5923	42
11.6291	42
11.6302	41
11.6312	41
11.668	41
11.669	40
11.6701	40
11.7069	40
11.7079	40
11.709	39
11.7457	39
11.7468	39
11.7478	39
11.7862	39
11.7872	39
11.7883	40
11.8266	40
11.8277	40
11.8287	40
11.8671	40
11.8681	40
11.8692	40
11.907	40
11.9081	40
11.9091	40
11.9469	40
11.948	39
11.949	39
11.9869	39
11.9879	39
11.989	39
12.0268	39
12.0278	39
12.0289	39
12.0667	39
12.0678	39
12.0688	39
12.1066	39
12.1077	39
12.1087	39
12.1466	39
12.1476	39
12.1487	39
12.1865	39
12.1875	39
12.1886	39
12.2264	39
12.2275	39
12.2285	39
12.2663	39
12.2674	39
12.2684	39
12.3063	39
12.3073	39
12.3084	39
12.3462	39
12.3472	39
12.3483	39
12.3877	40
12.3888	40
12.3898	40
12.4307	40
12.4318	40
12.4328	41
12.4706	41
12.4716	40
12.4727	40
12.5059	40
12.5069	39
12.508	38
12.5412	38
12.5422	38
12.5433	37
12.5765	37
12.5775	37
12.5786	36
12.6118	36
12.6128	36
12.6139	36
12.6481	36
12.6492	36
12.6502	36
12.6854	36
12.6865	36
12.6875	36
12.7238	36
12.7248	37
12.7259	37
12.7621	37
12.7632	37
12.7642	37
12.8005	37
12.8015	37
12.8026	37
12.8399	37
12.8409	38
12.842	38
12.8809	38
12.8819	38
12.883	39
12.9203	39
12.9213	39
12.9224	39
12.9602	39
12.9612	39
12.9623	39
12.9996	39
13.0006	39
13.0017	39
13.039	39
13.04	39
13.0411	39
13.0825	40
13.0836	40
13.0846	40
13.1249	40
13.126	41
13.127	41
13.1612	40
13.1622	40
13.1633	39
13.1965	39
13.1975	38
13.1986	38
13.2318	37
13.2328	37
13.2339	37
13.2671	36
13.2681	36
13.2692	36
13.3024	36
13.3034	36
13.3045	36
13.3377	36
13.3387	35
13.3398	35
13.376	36
13.3771	36
13.3781	36
13.4123	36
13.4133	36
13.4144	36
13.4511	36
13.4522	37
13.4532	37
13.4879	37
13.489	37
13.49	37
13.5247	37
13.5257	37
13.5268	36
13.5615	36
13.5625	36
13.5636	36
13.5982	36
13.5993	36
13.6003	36
13.6355	36
13.6366	36
13.6376	36
13.6728	36
13.6739	36
13.6749	36
13.7107	37
13.7117	37
13.7128	37
13.7485	37
13.7495	37
13.7506	37
13.7863	37
13.7874	37
13.7884	37
13.8262	37
13.8273	38
13.8283	38
13.8688	38
13.8698	39
13.8709	39
13.9113	40
13.9124	40
13.9134	40
13.9544	41
13.9555	41
13.9565	41
13.9974	41
13.9985	41
13.9995	41
14.04	41
14.041	42
14.0421	42
14.0809	42
14.082	41
14.083	41
14.1235	41
14.1245	42
14.1256	42
14.165	41
14.166	41
14.1671	41
14.207	42
14.2081	42
14.2091	42
14.25	47
14.2511	47
14.2521	46
14.2925	51
14.2936	50
14.2946	49
14.3325	53
14.3335	51
14.3346	50
14.3734	53
14.3745	52
14.3755	51
14.417	54
14.4942	52
14.4952	50
14.5304	48
14.5315	47
14.5677	50
14.5688	48
14.6045	51
14.6055	50
14.6423	53
14.6439	51
14.6796	54
14.6807	52
14.7164	54
14.7174	52
14.7537	55
14.7547	53
14.791	55
14.792	53
14.8298	56
14.8309	54
14.8708	57
14.8719	55
14.9134	58
14.9149	56
15.0352	54
15.07	56
15.1058	58
15.1417	59
15.1774	61
15.2147	62
15.2535	64
15.2546	61
15.294	58
15.295	56
15.3355	54
15.3366	52
15.3786	51
15.3796	50
15.4205	49
15.4216	48
15.4625	47
15.4636	47
15.503	46
15.504	45
15.545	45
15.5461	44
15.586	44
15.587	43
15.6291	43
15.7535	48
15.795	52
15.8354	56
15.8769	59
15.9205	62
16.0775	64
16.1184	66
16.1594	68
16.202	70
16.2445	72
16.2876	73
16.3306	75
16.3694	76
16.4083	76
16.444	76
16.4813	75
16.5207	75
16.5611	76
16.6026	77
16.6441	77
16.6862	78
16.7292	79
16.7696	79
16.8116	80
16.8536	80
16.8956	81
16.9386	81
16.9785	81
17.0184	81
17.0573	81
17.1003	81
17.1418	81
17.1801	81
17.2174	80
17.2547	79
17.293	79
17.3319	79
17.3734	79
17.4128	79
17.4538	79
17.4968	80
17.5398	80
17.5818	81
17.6222	81
17.6611	81
17.701	81
17.7415	80
17.7835	81
17.7846	76
17.8266	72
17.8276	68
17.8685	65
17.8696	62
17.9106	59
17.9116	57
17.9526	55
17.9536	53
17.9951	52
17.9962	51
18.0376	50
18.0387	49
18.0801	53
18.0812	52
18.119	55
18.12	53
18.1568	56
18.1579	54
18.1941	56
18.1952	54
18.2319	56
18.233	54
18.234	52
18.2713	51
18.2724	49
18.2734	48
18.3118	47
18.3128	46
18.3139	45
18.3522	45
18.3533	44
18.3543	44
18.3952	43
18.3963	43
18.3973	43
18.4377	48
18.4387	48
18.4398	47
18.4776	51
18.4786	50
18.4797	49
18.5134	52
18.5145	50
18.5155	48
18.5166	47
18.5507	45
18.5518	44
18.5528	43
18.5539	42
18.588	42
18.5891	41
18.5901	41
18.5912	40
18.6269	40
18.6279	40
18.629	39
18.63	39
18.6668	39
18.6679	39
18.6689	40
18.67	40
18.7062	44
18.7073	44
18.7083	43
18.7094	43
18.7461	47
18.7472	46
18.7482	46
18.7493	45
18.7876	49
18.7887	48
18.7897	47
18.7908	47
18.7918	46
18.8302	45
18.8312	45
18.8323	45
18.8333	45
18.8344	44
18.8732	44
18.954	48
18.955	47
18.9561	46
18.9923	49
18.9934	48
18.9944	47
19.0302	50
19.0312	49
19.0323	47
19.0685	51
19.0696	49
19.0706	48
19.109	51
19.11	50
19.1111	49
19.1121	48
19.1494	47
19.1505	46
19.1515	45
19.1526	45
19.1914	44
19.1925	44
19.1935	44
19.1946	43
19.234	43
19.235	43
19.2361	43
19.2371	43
19.277	43
19.2781	43
19.2791	43
19.2802	43
19.32	43
19.321	43
19.3221	43
19.3231	43
19.3604	48
19.3614	47
19.3625	46
19.3635	45
19.3993	49
19.4003	48
19.4014	47
19.4024	46
19.4376	49
19.4387	48
19.4402	47
19.4413	46
19.4791	50
19.4802	49
19.4833	48
19.5688	47
19.6061	47
19.6071	46
19.646	49
19.647	48
19.6891	53
19.814	56
19.857	60
20.0229	57
20.0618	60
20.1027	62
20.1442	65
20.1863	67
20.2283	69
20.2709	71
20.3133	73
20.3563	74
20.3973	75
20.5186	76
20.5607	77
20.6037	78
20.6435	78
20.6824	78
20.7208	78
20.7591	78
20.7985	78
20.839	78
20.84	73
20.882	70
20.8831	66
20.925	63
20.926	61
20.967	58
20.968	56
21.0085	54
21.0095	53
21.051	51
21.052	50
21.0935	49
21.0946	48
21.1365	47
21.1376	47
21.179	46
21.1801	46
21.221	45
21.2221	45
21.261	44
21.262	43
21.3025	43
21.3035	43
21.345	43
21.346	43
21.3875	43
21.3886	43
21.4305	43
21.4315	43
21.472	42
21.473	42
21.5124	42
21.5135	42
21.5534	42
21.5545	41
21.596	41
21.597	42
21.639	42
21.64	42
21.6804	42
21.6815	42
21.7214	41
21.7225	41
21.7624	41
21.7634	41
21.8034	41
21.8044	41
21.8454	41
21.8464	41
21.8874	41
21.8884	41
21.9299	41
21.931	41
21.973	41
21.974	42
22.016	42
22.017	42
22.0574	42
22.0585	42
22.0968	41
22.0979	41
22.1362	41
22.1373	41
22.1777	41
22.1788	41
22.2198	41
22.2208	41
22.2628	41
22.2638	41
22.3058	41
22.3068	41
22.3467	41
22.3477	41
22.3861	41
22.3871	41
22.4255	41
22.4265	40
22.4649	40
22.4659	40
22.5043	40
22.5053	40
22.5458	40
22.5468	40
22.5868	40
22.5878	40
22.6288	40
22.6298	40
22.6708	41
22.6719	41
22.7134	41
22.7144	41
22.7564	41
22.7574	41
22.7994	42
22.8004	42
22.8408	42
22.8419	41
22.8824	41
22.8834	41
22.9239	41
22.9249	41
22.9654	41
22.9664	41
23.0079	41
23.009	41
23.0509	41
23.052	42
23.0939	42
23.095	42
23.1364	42
23.1374	42
23.1774	42
23.1784	42
23.2152	41
23.2162	41
23.253	40
23.2541	40
23.2924	40
23.2935	40
23.3334	40
23.3344	40
23.3744	40
23.3754	40
23.4159	40
23.4169	40
23.4579	40
23.4589	40
23.4999	41
23.501	41
23.5419	41
23.543	41
23.5849	41
23.586	41
23.6274	47
23.6285	46
23.6684	51
23.6694	50
23.7078	53
23.7088	52
23.7482	55
23.7493	53
23.7892	57
23.7903	55
23.8312	58
23.8323	56
23.8743	60
23.8753	58
24.0396	60
24.0811	63
24.0821	60
24.1241	58
24.1252	56
24.1671	55
24.1681	53
24.208	51
24.2091	50
24.2485	49
24.2495	48
24.29	47
24.2911	46
24.332	46
24.3331	45
24.3751	45
24.3761	44
24.417	44
24.4181	44
24.4595	43
24.4605	43
24.5005	48
24.5015	47
24.5393	51
24.5404	50
24.5787	53
24.5798	51
24.6192	55
24.6202	53
24.6617	57
24.6628	55
24.7038	58
24.7048	56
24.7463	60
24.7474	58
24.7888	61
24.7898	59
24.8319	62
24.9563	59
24.9978	62
25.0413	65
25.2067	66
25.2493	63
25.2928	61
25.3348	58
25.3768	56
25.4188	60
25.4618	63
25.5022	65
25.5411	67
25.5831	69
25.6241	71
25.6667	72
25.7096	74
25.7526	75
25.7936	76
25.8351	77
25.8766	78
25.9186	78
25.9617	79
26.1255	79
26.1659	79
26.208	79
26.25	80
26.2925	80
26.3351	81
26.3781	82
26.4211	82
26.4625	82
26.5045	82
26.546	82
26.5865	82
26.628	82
26.671	82
26.713	83
26.755	83
26.797	83
26.8391	83
26.8806	83
26.9236	83
27.0926	83
27.1356	83
27.1787	83
27.344	83
27.3855	83
27.4276	83
27.4706	83
27.7635	83
28.0621	83
28.1051	84
28.145	83
28.1844	83
28.2233	82
28.2627	82
28.3031	81
28.3462	82
28.3892	82
28.6727	82
28.7126	82
28.7525	81
28.794	81
28.837	82
28.88	82
28.9204	82
28.9635	82
29.1237	82
29.1636	81
29.2046	81
29.2476	82
29.2906	82
29.333	83
29.3745	83
29.4139	82
29.4543	82
29.4964	82
29.5394	82
29.6999	81
29.7388	80
29.7793	80
29.8202	81
29.8628	81
29.9058	81
29.9488	82
29.9871	82
30.0249	81
30.0633	80
30.1021	80
30.1426	80
30.1841	80
30.2251	80
30.2666	80
30.3091	81
30.3522	81
30.5211	82
30.5641	82
30.6061	82
30.6486	82
30.6912	83
30.7332	83
30.7752	83
30.8178	83
30.8608	83
31.0276	83
31.067	82
31.1064	82
31.1464	81
31.1868	81
31.2278	81
31.2698	81
31.3128	82
31.3558	82
31.3973	82
31.4382	82
31.4813	83
31.5233	83
31.5663	83
31.6093	83
31.6518	83
31.6932	83
31.7342	83
31.7752	83
31.8178	83
31.8602	83
31.9033	84
31.9442	84
31.9857	83
32.0267	83
32.0697	83
32.1117	83
32.1542	83
32.1967	84
32.2382	84
32.2792	83
32.3212	83
32.3622	83
32.4037	83
32.4462	83
32.4883	83
32.5303	83
32.5733	83
32.6158	84
32.6588	84
32.7003	84
32.8232	83
32.8652	83
32.9083	83
32.9508	84
32.9938	84
33.0362	84
33.0793	84
33.1192	84
33.1612	84
33.1622	78
33.2016	74
33.2027	69
33.2447	66
33.2457	63
33.2877	60
33.2887	58
33.3307	56
33.3317	55
33.3727	53
33.3738	51
33.4136	50
33.4147	49
33.4541	48
33.4551	47
33.4956	46
33.4966	45
33.5391	45
33.5402	45
33.5821	45
33.5831	44
33.6225	44
33.6236	43
33.6625	43
33.6635	42
33.7034	42
33.7045	42
33.7444	42
33.7455	42
33.7875	42
33.7885	42
33.83	42
33.831	42
33.8735	42
33.8746	42
33.9139	42
33.915	42
33.9538	41
33.9549	41
33.9932	41
33.9943	41
34.0342	41
34.0353	41
34.0763	41
34.0773	41
34.1188	41
34.1204	41
34.1618	41
34.1634	41
34.2048	42
34.2063	42
34.2463	42
34.2484	42
34.2883	42
34.2899	41
34.3298	41
34.3319	41
34.3728	42
34.3749	42
34.4158	42
34.4179	42
34.4572	42
34.4593	42
34.4993	42
34.5014	42
34.5424	42
34.5445	42
34.5838	42
34.5859	42
34.6264	42
34.6285	42
34.6689	42
34.671	42
34.7119	42
34.714	42
34.7549	42
34.757	42
34.7969	42
34.799	42
34.8394	42
34.8415	42
34.8803	42
34.8824	42
34.9218	42
34.9239	41
34.9644	42
34.9665	42
35.0074	42
35.0095	42
35.0504	42
35.0525	42
35.0913	42
35.0934	42
35.1339	42
35.136	42
35.1769	42
35.179	42
35.2194	42
35.2215	42
35.2624	42
35.2645	42
35.3049	42
35.307	42
35.3474	42
35.3495	42
35.3889	42
35.391	42
35.4304	42
35.4325	42
35.473	42
35.4751	42
35.515	42
35.5171	42
35.557	42
35.5591	42
35.5996	42
35.6017	42
35.6426	42
35.6452	42
35.6845	42
35.6866	42
35.7276	42
35.7297	42
35.7696	42
35.7717	42
35.8126	42
35.8147	42
35.8551	42
35.8572	42
35.896	42
35.8981	42
35.936	46
35.9381	46
35.9764	50
35.9785	49
36.0179	53
36.02	51
36.06	55
36.0621	54
36.1025	57
36.1046	56
36.1455	59
36.2731	62
36.3151	65
36.3161	62
36.3586	60
36.3596	57
36.399	55
36.4001	53
36.4395	52
36.4405	50
36.4789	49
36.4799	47
36.5188	46
36.5198	46
36.5608	45
36.5619	45
36.6039	44
36.605	44
36.6469	44
36.6479	44
36.6899	44
36.6909	43
36.7329	43
36.734	43
36.7754	43
36.7764	43
36.8174	43
36.8184	43
36.8594	43
36.8605	43
36.9019	48
36.9029	47
36.9444	51
36.9454	50
36.9853	54
36.9864	53
37.0274	56
37.0284	55
37.0689	58
37.0699	56
37.1109	59
37.112	57
37.1539	60
37.155	58
37.1959	61
37.197	59
37.2374	62
37.2385	60
37.28	62
37.281	60
37.3225	63
37.3235	61
37.3655	63
37.3665	61
37.4075	64
37.4085	61
37.4494	64
37.4505	61
37.492	64
37.493	61
37.5345	64
37.5356	61
37.5776	64
37.5786	62
37.6196	64
37.6206	62
37.6626	64
37.6636	62
37.7056	65
37.7067	62
37.7486	65
37.7497	62
37.7906	65
37.7916	62
37.831	64
37.8321	62
37.8715	64
37.8725	61
37.9125	63
37.9135	61
37.9534	63
37.9545	60
37.9955	63
37.9965	60
38.038	63
38.0391	61
38.081	64
38.0821	61
38.208	59
38.249	62
38.2889	64
38.3283	66
38.3683	67
38.4087	69
38.4497	70
38.4507	67
38.4928	64
38.4938	61
38.5352	59
38.5363	57
38.5777	55
38.5788	53
38.6208	52
38.6218	51
38.6633	50
38.6643	49
38.7063	48
38.7073	47
38.7478	46
38.7488	46
38.7893	45
38.7903	45
38.8318	50
38.8328	49
38.8743	53
38.8753	52
38.9173	56
38.9183	54
38.9593	58
38.9603	56
38.9997	59
39.0008	57
39.0412	60
39.0423	58
39.0833	61
39.0843	58
39.1263	62
39.1273	59
39.2544	57
39.2959	60
39.3379	63
39.3805	66
39.4235	68
39.466	70
39.5091	72
39.551	74
39.6729	74
39.7128	75
39.7533	76
39.7942	77
39.8363	77
39.8783	78
39.9213	79
39.9638	80
40.0068	80
40.0478	81
40.0893	81
40.1297	81
40.1702	81
40.2111	81
40.2122	76
40.2547	72
40.2558	68
40.2982	65
40.2993	62
40.3407	60
40.3417	57
40.3816	55
40.3827	54
40.4226	52
40.4237	50
40.4641	49
40.4652	48
40.5072	48
40.5082	47
40.5502	46
40.5512	46
40.5922	45
40.5932	45
40.6352	45
40.6363	44
40.6777	44
40.6788	44
40.7207	44
40.7218	43
40.7633	43
40.7643	43
40.8057	43
40.8068	43
40.8482	43
40.8493	43
40.8887	42
40.8897	42
40.9286	42
40.9296	41
40.9696	41
40.9706	41
41.0111	41
41.0121	41
41.0541	41
41.0551	42
41.0971	42
41.0981	42
41.1395	42
41.1406	42
41.18	41
41.181	41
41.2194	41
41.2204	41
41.2603	41
41.2614	41
41.3008	41
41.3018	40
41.3433	41
41.3444	41
41.3858	41
41.3869	41
41.4289	41
41.4299	41
41.4714	42
41.4724	42
41.5134	42
41.5145	42
41.5539	41
41.5549	41
41.5948	41
41.5959	41
41.6374	41
41.6384	41
41.6804	41
41.6815	42
41.7234	42
41.7244	42
41.7653	42
41.7664	42
41.8053	41
41.8063	41
41.8452	41
41.8462	41
41.8867	41
41.8877	41
41.9302	41
41.9313	41
41.9732	42
41.9743	42
42.0157	42
42.0168	42
42.0588	42
42.0598	42
42.0976	41
42.0987	41
42.137	41
42.1381	41
42.1785	41
42.1796	41
42.2195	41
42.2206	41
42.2605	41
42.2615	41
42.302	41
42.303	41
42.345	41
42.3461	41
42.388	41
42.3891	42
42.431	42
42.432	42
42.473	42
42.474	42
42.5145	42
42.5155	41
42.5565	41
42.5575	41
42.599	42
42.6001	42
42.6421	42
42.6432	42
42.6851	42
42.6862	42
42.7281	42
42.7291	42
42.7664	47
42.7675	46
42.8058	50
42.8069	48
42.8436	52
42.8447	50
42.8815	53
42.8825	51
42.9209	54
42.9219	52
42.9613	56
42.9624	54
42.9634	52
43.0018	51
43.0028	49
43.0039	48
43.0438	47
43.0448	47
43.0459	46
43.0868	46
43.0879	45
43.0889	45
43.1298	45
43.1308	44
43.1319	44
43.1718	44
43.1728	44
43.1739	43
43.2143	48
43.2154	48
43.2164	47
43.2558	51
43.2569	50
43.2579	49
43.2984	53
43.2994	52
43.3005	51
43.3414	55
43.3425	54
44.6234	77
44.866	98
45.034	96
45.0776	94
45.2461	93
45.5432	92
45.5862	91
45.6277	90
45.6692	89
45.7117	88
45.7552	88
45.9201	87
45.9622	87
46.0042	86
46.0472	86
46.0902	86
46.1322	86
46.1732	85
46.2136	85
46.2551	84
46.2562	79
46.2987	75
46.2997	71
46.3416	67
46.3427	64
46.3836	61
46.3847	59
46.4262	57
46.4272	55
46.4677	53
46.4687	52
46.5102	50
46.5113	49
46.5532	49
46.5543	48
46.5962	47
46.5972	47
46.6381	46
46.6392	45
46.6796	45
46.6807	44
46.7211	44
46.7222	44
46.7642	43
46.7652	43
46.8067	43
46.8077	43
46.8497	43
46.8507	43
46.8922	43
46.8932	43
46.9342	43
46.9353	42
46.9768	42
46.9778	42
47.0198	42
47.0209	42
47.0628	42
47.0639	42
47.1058	42
47.1068	42
47.1472	42
47.1483	42
47.1882	42
47.1893	42
47.2281	41
47.2292	41
47.2696	41
47.2707	41
47.3111	41
47.3122	41
47.3537	41
47.3547	41
47.3967	41
47.3978	42
47.4397	42
47.4407	42
47.4811	42
47.4822	42
47.52	41
47.521	41
47.5589	41
47.5599	40
47.5998	40
47.6009	40
47.6429	41
47.6439	41
47.6859	41
47.6869	41
47.7284	41
47.7294	41
47.7709	41
47.772	41
47.8124	41
47.8135	41
47.8544	41
47.8555	41
47.8959	41
47.897	41
47.9379	41
47.939	41
47.9805	42
47.9816	42
48.0236	42
48.0246	42
48.0665	42
48.0676	42
48.1095	42
48.1106	42
48.1489	42
48.1499	41
48.1857	41
48.1867	40
48.2224	40
48.2235	39
48.2597	39
48.2608	39
48.2981	39
48.2991	39
48.3375	39
48.3385	39
48.379	39
48.38	39
48.422	40
48.423	40
48.4655	40
48.4665	41
48.5075	41
48.5085	41
48.5495	41
48.5506	41
48.5921	41
48.5931	41
48.6345	41
48.6356	41
48.678	42
48.6791	42
48.7206	42
48.7216	42
48.7631	42
48.7642	42
48.8062	42
48.8072	42
48.8482	42
48.8492	42
48.8897	42
48.8907	42
48.9322	42
48.9333	42
48.9747	42
48.9758	42
49.0172	47
49.0182	47
49.0601	51
49.0612	50
49.1016	54
49.1026	53
49.142	56
49.1431	54
49.183	58
49.1841	56
49.2245	59
49.2256	57
49.2676	60
49.4754	63
49.5175	65
49.5185	62
49.561	60
49.562	58
49.604	56
49.605	54
49.6464	53
49.6475	51
49.6885	50
49.6895	49
49.73	48
49.731	47
49.773	47
49.7741	46
49.816	46
49.8171	45
49.859	45
49.8601	45
49.902	44
49.903	44
50.027	44
50.069	49
50.112	53
50.155	57
50.1974	61
50.2395	64
50.2804	66
50.3214	68
50.364	70
50.4069	72
50.5323	73
50.5754	74
50.8672	75
51.1107	96
51.3176	95
51.3611	88
51.4031	82
51.4462	77
51.4887	73
51.5296	69
51.5706	65
51.6131	62
51.6556	60
51.6987	58
51.7407	56
51.7811	54
51.8226	52
51.8647	51
51.9072	50
51.9502	49
51.9932	48
52.0341	47
52.0751	46
52.116	46
52.157	45
52.1975	44
52.2395	44
52.2825	44
52.3256	44
52.3681	43
52.411	43
52.453	43
52.4955	43
52.5376	43
52.5806	43
52.6231	43
52.665	43
52.7075	48
52.7495	52
52.7931	56
52.9611	60
53.002	62
53.043	65
53.086	67
53.128	69
53.171	71
53.214	73
53.256	74
53.2986	76
53.3405	77
53.3826	77
53.425	78
53.4681	79
53.6365	79
53.679	80
53.7221	81
53.7651	81
53.8076	82
53.8501	82
53.8932	83
53.9356	83
53.9792	83
54.1483	83
54.1908	83
54.2338	84
54.4003	83
54.4432	84
54.4841	84
54.5246	83
54.564	83
54.6044	82
54.6454	82
54.6874	82
54.73	82
54.773	83
55.0597	83
55.1017	83
55.1447	83
55.4261	83
55.4687	83
55.5117	83
55.8066	83
55.8486	83
55.8885	83
55.9289	83
55.9699	82
56.0125	83
56.0554	83
56.0984	83
56.1383	83
56.1777	83
56.2187	82
56.2612	82
56.3037	83
56.3467	83
56.3897	83
56.4322	83
56.4752	84
56.6401	83
56.6821	83
56.7252	83
56.8931	83
56.9356	83
56.9786	83
57.0201	84
57.0212	78
57.0621	74
57.0632	70
57.1037	66
57.1047	63
57.1457	60
57.1467	58
57.1882	56
57.1893	54
57.2313	53
57.2323	52
57.2743	50
57.2753	49
57.3172	49
57.3183	48
57.3566	47
57.3577	46
57.396	45
57.3971	44
57.4354	43
57.4365	43
57.4759	42
57.4769	42
57.5189	42
57.52	42
57.5619	42
57.563	42
57.6044	42
57.6054	42
57.6453	42
57.6464	42
57.6874	42
57.6884	42
57.7304	42
57.7315	42
57.7734	42
57.7744	42
57.8164	42
57.8174	42
57.8589	42
57.8599	42
57.9014	42
57.9025	42
57.9439	42
57.9449	42
57.9869	42
57.9879	42
58.0278	42
58.0289	42
58.0698	42
58.0709	42
58.1129	42
58.1139	42
58.1549	42
58.1559	42
58.1979	42
58.199	42
58.2409	42
58.2419	42
58.2829	42
58.2839	42
58.3249	42
58.3259	42
58.3674	42
58.3685	42
58.411	42
58.412	42
58.454	42
58.455	42
58.496	42
58.497	42
58.538	42
58.539	42
58.58	42
58.5811	42
58.623	42
58.6241	42
58.6661	42
58.6671	42
58.709	42
58.7101	42
58.752	42
58.7531	42
58.795	42
58.7961	42
58.8365	42
58.8376	42
58.877	42
58.878	41
58.9185	41
58.9195	41
58.9615	42
58.9626	42
59.004	42
59.0051	42
59.047	42
59.0481	42
59.0895	42
59.0906	42
59.1325	42
59.1335	42
59.1745	42
59.1756	42
59.2155	42
59.2165	42
59.2575	42
59.2586	42
59.3006	42
59.3016	42
59.343	42
59.3441	42
59.3865	42
59.3876	42
59.4275	42
59.4285	42
59.4679	41
59.469	41
59.5073	41
59.5084	41
59.5483	41
59.5494	41
59.5898	41
59.5909	41
59.6329	41
59.6339	41
59.6753	41
59.6764	41
59.7183	42
59.7194	42
59.7608	42
59.7619	42
59.8038	42
59.8049	42
59.8458	42
59.8469	42
59.8879	42
59.8889	42
59.9309	42
60.0559	47
60.0968	51
60.1394	55
60.1824	59
60.4789	62
60.5219	65
60.5649	68
60.6064	70
60.6484	71
60.6909	73
60.7339	74
60.7769	76
60.8183	77
60.8593	78
60.9008	78
60.9418	78
60.9838	79
61.0269	80
61.0699	80
61.1123	81
61.1543	81
61.1974	82
61.2388	82
61.2808	82
61.3244	83
61.4943	83
61.5353	83
61.5763	82
61.6173	82
61.6593	82
61.7018	83
61.7448	83
61.7878	83
61.8293	83
61.8708	83
61.9134	83
61.9564	84
61.9993	84
62.0418	84
62.0838	84
62.1259	84
62.1679	84
62.2109	84
62.2539	84
62.2969	84
62.3395	84
62.3804	84
62.4214	84
62.4624	84
62.5039	83
62.5464	83
62.589	84
62.6315	84
62.6745	84
62.717	84
62.7596	84
62.8011	84
62.8436	84
62.8862	84
62.9286	84
62.9716	84
63.0131	84
63.0536	84
63.0966	84
63.2634	83
63.3039	83
63.3459	83
63.3885	83
63.4315	83
63.6025	83
63.6445	84
63.6855	83
63.727	83
63.769	83
63.8116	83
63.8545	84
63.897	84
63.9385	84
63.98	83
64.022	83
64.064	84
64.1061	84
64.1491	84
64.1921	84
64.2346	84
64.2775	84
64.3185	84
64.3585	84
64.4005	83
64.4415	83
64.483	83
64.5239	83
64.5649	83
64.6064	83
64.6495	83
64.6919	83
64.7349	83
64.7764	83
64.8168	83
64.8578	83
64.8998	83
64.9423	83
64.9853	83
65.0283	84
65.0713	84
65.1122	84
65.2388	84
65.2818	84
65.3248	84
65.3662	84
65.4072	84
65.4493	84
65.4923	84
65.5347	84
65.5772	84
65.6177	84
65.7457	84
65.7877	84
65.8302	84
65.8738	84
66.0438	84
66.0874	79
66.1303	74
66.1713	70
66.2128	66
66.2548	63
66.2973	61
66.3403	58
66.3838	56
66.4248	54
66.4668	53
66.5088	51
66.5519	50
66.5954	49
66.6384	49
66.6798	48
66.7219	47
66.7639	46
66.807	46
66.8484	45
66.8905	45
66.933	44
66.976	44
67.0185	44
67.0579	43
67.0978	43
67.1382	42
67.1792	42
67.2223	42
67.2648	42
67.3078	42
67.3503	42
67.3923	42
67.4333	47
67.4742	51
67.5152	55
67.5567	59
67.5993	62
67.6417	64
67.6832	67
67.7257	69
67.7687	71
67.8932	72
67.9357	74
67.9782	75
68.0211	77
68.0637	78
68.1062	78
68.1492	79
68.1922	80
68.231	80
68.2321	75
68.2704	71
68.2715	67
68.3103	63
68.3114	60
68.3508	58
68.3518	55
68.3912	54
68.3923	52
68.4327	50
68.4338	49
68.4748	48
68.4758	47
68.5178	47
68.5189	46
68.5608	46
68.5619	45
68.6027	45
68.6038	44
68.6442	44
68.6453	44
68.6847	43
68.6857	43
68.7257	42
68.7267	42
68.7677	42
68.7687	42
68.8092	42
68.8102	42
68.8518	42
68.8528	42
68.8947	42
68.8958	42
68.9377	42
68.9387	42
68.9791	42
68.9802	42
69.0185	42
69.0196	41
69.0585	41
69.0595	41
69.0984	41
69.0995	40
69.1404	41
69.1415	41
69.1819	41
69.1835	41
69.224	41
69.225	41
69.2665	41
69.2676	41
69.3095	41
69.3105	41
69.3525	42
69.3536	42
69.3919	41
69.3929	41
69.4329	41
69.4339	41
69.4733	41
69.4744	41
69.5153	41
69.5164	41
69.5583	41
69.5594	41
69.6018	41
69.6029	42
69.6444	42
69.6454	42
69.6858	42
69.6869	41
69.7289	42
69.7299	42
69.7714	42
69.7724	42
69.8144	42
69.8154	42
69.8574	42
69.8584	42
69.9004	42
69.9014	42
69.9429	42
69.9439	42
69.9849	42
69.9859	42
70.0259	42
70.0269	42
70.0679	42
70.0689	42
70.1105	42
70.1115	42
70.1534	42
70.1545	42
70.196	42
70.197	42
70.2364	42
70.2374	42
70.2763	41
70.2773	41
70.3178	41
70.3188	41
70.3609	41
70.3619	41
70.4038	41
70.4049	42
70.4468	42
70.4479	42
70.4883	42
70.4894	42
70.5288	41
70.5298	41
70.5692	41
70.5703	41
70.6107	41
70.6118	41
70.6537	41
70.6548	41
70.6962	41
70.6973	42
70.7392	42
70.7402	42
70.7807	42
70.7817	41
70.8232	42
70.8243	42
70.8652	42
70.8663	42
70.9083	42
70.9093	42
70.9508	42
70.9518	42
70.9932	47
70.9943	47
71.0331	51
71.0342	50
71.0725	53
71.0736	51
71.1125	55
71.1135	53
71.154	56
71.155	55
71.197	58
71.198	56
71.2395	60
71.2406	58
71.2825	61
71.2836	59
71.4085	61
71.4489	64
71.45	61
71.4904	59
71.4915	56
71.534	55
71.535	53
71.5764	52
71.5775	51
71.6189	50
71.6199	49
71.6609	48
71.6619	47
71.6997	46
71.7008	45
71.7386	44
71.7397	43
71.778	43
71.7791	42
71.8206	42
71.8216	43
71.863	48
71.864	47
71.906	52
71.907	51
71.949	55
71.95	54
71.9919	57
71.993	56
72.0339	59
72.035	57
72.0765	60
72.0775	58
72.118	61
72.119	59
72.16	62
72.161	59
72.203	62
72.2041	60
72.3289	63
72.3699	65
72.4098	67
72.4503	69
72.4933	70
72.5353	72
72.7905	74
72.8329	75
72.8744	76
72.9159	77
72.9579	78
73.0005	79
73.044	80
73.214	80
73.256	81
73.299	81
73.4668	81
73.5073	81
73.5467	81
73.5877	81
73.6297	81
73.6727	81
73.8412	82
73.8842	82
74.1837	82
74.3523	82
74.3949	83
74.4384	83
74.6037	83
74.6457	83
74.6888	83
74.7313	83
74.7737	83
74.8163	84
74.8582	84
74.8992	84
74.9397	83
74.9806	83
75.0227	83
75.0657	83
75.1087	83
75.1512	84
75.1911	83
75.2321	83
75.2736	83
75.3166	83
75.3596	83
75.4855	83
75.5255	83
75.5664	82
75.609	82
75.652	83
75.695	83
75.738	83
75.7804	84
75.823	84
75.8649	84
75.994	84
76.1615	84
76.2046	78
76.2476	74
76.2901	70
76.3311	66
76.3726	63
76.4136	60
76.4551	58
76.4971	56
76.5396	54
76.5821	53
76.6241	51
76.6671	50
76.7097	49
76.7522	48
76.7937	47
76.8347	46
76.8762	46
76.9187	45
76.9618	45
77.0047	45
77.0472	44
77.0892	44
77.1317	44
77.1748	44
77.2178	43
77.2597	43
77.3023	43
77.3438	43
77.3863	43
77.4293	43
77.4723	43
77.5153	43
77.5562	48
77.5945	52
77.6334	55
77.6739	58
77.7169	61
77.8859	64
77.9274	66
77.9694	68
78.012	70
78.055	72
78.2224	73
78.2634	74
78.3054	75
78.348	76
78.391	77
78.4339	78
78.4754	79
78.5174	80
78.5584	80
78.5999	80
78.643	81
78.6859	81
78.8523	81
78.8938	81
78.9359	82
78.9789	82
79.0214	82
79.0629	83
79.1033	82
79.1448	82
79.1863	82
79.2278	82
79.2698	82
79.3124	83
79.356	83
79.5259	83
79.6953	83
79.7379	83
79.7809	83
79.9482	83
79.9913	83
80.0343	84
80.0767	84
80.1198	84
80.1623	84
80.2027	84
80.2437	83
80.2857	83
80.3292	84
80.4987	83
80.5417	84
80.5827	84
80.6236	83
80.6652	83
80.7072	83
80.7502	83
80.7927	84
80.8352	84
80.8778	84
80.9208	84
81.0903	84
81.1334	84
81.3029	84
81.3438	83
81.3853	83
81.4274	83
81.4699	83
81.5125	84
81.5555	84
81.7234	83
81.7638	83
81.8058	83
81.8489	83
82.0189	83
82.0614	83
82.105	83
82.2708	83
82.3118	83
82.3538	83
82.3968	83
82.4398	83
82.4823	84
82.5232	84
82.5647	83
82.6068	83
82.6078	78
82.6504	74
82.6514	70
82.6933	67
82.6944	64
82.7358	61
82.7369	58
82.7778	56
82.7789	54
82.8193	53
82.8204	51
82.8608	50
82.8619	49
82.9023	48
82.9034	47
82.9454	47
82.9464	46
82.9883	46
82.9894	45
83.0313	45
83.0324	45
83.0718	44
83.0728	43
83.1112	43
83.1122	42
83.1521	42
83.1532	42
83.1936	42
83.1947	42
83.2362	42
83.2372	42
83.2797	42
83.2808	42
83.3222	42
83.3232	42
83.3641	42
83.3652	42
83.4067	42
83.4077	42
83.4497	42
83.4507	42
83.4927	42
83.4937	42
83.5352	42
83.5362	42
83.5766	42
83.5777	42
83.6192	42
83.6202	42
83.6622	42
83.6633	42
83.7052	42
83.7062	42
83.7482	42
83.7492	42
83.7902	42
83.7912	42
83.8327	42
83.8338	42
83.8747	42
83.8758	42
83.9173	42
83.9183	42
83.9603	42
83.9613	42
84.0033	42
84.0043	42
84.0447	42
84.0458	42
84.0857	42
84.0868	41
84.1272	41
84.1283	41
84.1687	41
84.1698	41
84.2112	41
84.2123	42
84.2532	42
84.2543	42
84.2958	42
84.2968	42
84.3388	42
84.3399	42
84.3813	42
84.3823	42
84.4238	42
84.4249	42
84.4668	42
84.4679	42
84.5098	42
84.5109	42
84.5508	42
84.5518	42
84.5923	42
84.5933	42
84.6327	41
84.6338	41
84.6753	41
84.6763	41
84.7173	41
84.7183	41
84.7598	41
84.7609	41
84.8029	42
84.8039	42
84.8458	42
84.8469	42
84.8883	42
84.8894	42
84.9288	42
84.9298	41
84.9713	42
84.9724	42
85.0143	42
85.0154	42
85.0574	42
85.0584	42
85.1004	42
85.1014	42
85.1433	42
85.1444	42
85.1843	42
85.1853	42
85.2242	42
85.2253	41
85.2652	41
85.2662	41
85.3072	41
85.3083	41
85.3497	46
85.3508	46
85.3928	51
85.5182	55
85.5603	58
85.6028	61
85.6458	64
85.6888	67
85.7303	69
85.7313	66
85.7728	63
85.7739	60
85.8148	58
85.8159	56
85.8569	54
85.8579	52
85.8999	51
85.9009	50
85.9429	49
85.9439	48
85.9854	48
85.9864	47
86.0274	46
86.0284	46
86.0694	45
86.0705	45
86.1114	44
86.1125	44
86.1535	49
86.1545	48
86.1965	53
86.1975	51
86.2395	56
86.2405	54
86.2815	58
86.2825	56
86.3245	59
86.3256	57
86.4506	55
86.4931	59
86.536	62
86.6615	65
86.7035	67
86.7466	69
86.7896	71
86.8305	73
86.8715	74
86.9125	75
86.9534	76
86.9944	76
87.0354	77
87.0769	78
87.1195	78
87.1625	79
87.2055	80
87.3765	81
87.545	81
87.586	81
87.6259	81
87.6669	81
87.7099	81
87.8814	82
87.9229	82
87.9644	82
88.0074	82
88.0494	82
88.0924	83
88.517	83
88.5601	83
88.8514	83
88.8944	83
88.9374	84
88.9793	84
89.0208	84
89.0602	83
89.1012	83
89.1427	83
89.1847	83
89.2268	83
89.2693	83
89.3124	83
89.3553	84
89.3978	84
89.4388	84
89.4803	83
89.5213	83
89.5628	83
89.6064	83
89.7744	83
89.8159	83
89.8584	83
89.9004	83
89.943	83
89.986	84
90.1545	83
90.1975	83
90.4945	84
90.5375	84
90.5805	84
90.6224	84
90.6634	84
90.7033	83
90.7438	83
90.7837	82
90.8236	82
90.8641	82
90.905	82
90.9465	82
90.9896	82
91.0326	82
91.0756	83
91.1181	83
91.1575	83
91.1958	82
91.2352	82
91.2762	81
91.3177	81
91.3597	82
91.4018	82
91.4443	82
91.4873	83
91.5303	83
91.5733	83
91.7398	83
91.7828	83
91.8258	84
91.8678	84
91.9087	84
91.9502	83
91.9933	84
92.0358	84
92.0793	84
92.2436	83
92.2851	83
92.3282	84
92.3706	84
92.4136	84
92.4551	84
92.495	84
92.5355	83
92.5785	83
92.7491	83
92.9185	83
92.959	83
92.9989	83
93.0399	82
93.0824	83
93.1255	83
93.2935	83
93.3365	83
93.38	84
93.548	78
93.5905	79
93.6335	79
93.6755	80
93.7181	81
93.7611	81
93.8041	82
93.845	82
93.8881	82
94.0596	77
94.1011	78
94.1415	79
94.183	79
94.226	80
94.269	80
94.5531	81
94.5961	76
94.6391	72
94.6816	68
94.7236	65
94.7666	62
94.8092	59
94.8522	57
94.8947	55
94.9378	54
94.9802	52
95.0222	51
95.0626	50
95.1031	48
95.143	47
95.1829	46
95.2234	45
95.2643	45
95.3074	45
95.3499	44
95.393	44
95.4359	44
95.4779	44
95.5189	43
95.5604	43
95.6019	43
95.6439	42
95.6869	42
95.7299	42
95.7724	42
95.8154	42
95.8569	42
95.8999	42
95.9424	48
95.9849	52
96.0279	56
96.1933	60
96.2353	63
96.2779	65
96.3209	68
96.4873	69
96.5277	70
96.5697	72
96.6118	73
96.6548	75
96.6977	76
96.7407	77
96.7832	78
96.8252	79
96.8657	79
96.9066	80
96.9487	80
96.9917	80
97.0346	81
97.0771	82
97.1192	82
97.1622	82
97.2052	83
97.2482	83
97.2901	83
97.3316	83
97.3742	83
97.4167	83
97.4597	83
97.5027	84
97.6691	83
97.7121	84
97.7552	84
97.7966	84
97.838	84
97.8764	83
97.9153	82
97.9573	82
97.9988	82
98.0408	82
98.0828	82
98.1259	83
98.1689	83
98.3394	83
98.5079	83
98.6769	83
98.7179	83
98.7594	83
98.8014	83
98.844	83
98.887	83
98.9299	83
98.9724	84
99.0139	84
99.0554	84
99.0984	84
99.2689	84
99.3115	84
99.3545	84
99.397	84
99.4405	84
99.6064	84
99.6474	84
99.6883	83
99.7309	83
99.7734	84
99.8159	84
99.8559	83
99.8963	83
99.9378	83
99.9798	83
100.022	83
100.065	83
100.108	83
100.151	84
100.193	84
100.236	84
100.278	84
100.321	84
100.49	84
100.533	84
100.575	84
100.618	84
100.659	84
100.66	79
100.703	74
100.828	75
100.871	77
100.914	78
100.955	78
100.996	79
101.039	79
101.082	80
101.125	81
101.252	76
101.293	76
101.336	77
101.378	78
101.421	79
101.464	80
101.505	80
101.547	81
101.59	81
101.633	82
101.76	82
101.803	83
101.846	83
101.886	83
101.927	82
101.966	82
102.007	82
102.048	82
102.089	82
102.09	77
102.132	72
102.133	69
102.175	65
102.176	62
102.218	60
102.219	58
102.261	56
102.262	54
102.3	52
102.301	51
102.339	49
102.34	48
102.377	46
102.378	45
102.418	45
102.419	44
102.458	44
102.459	43
102.5	43
102.501	43
102.542	42
102.543	42
102.584	42
102.585	42
102.627	42
102.628	42
102.67	42
102.671	42
102.712	42
102.713	42
102.754	42
102.755	42
102.793	42
102.794	41
102.833	41
102.834	41
102.874	41
102.875	41
102.916	41
102.917	41
102.958	41
102.959	41
103.001	41
103.002	41
103.044	42
103.045	42
103.086	42
103.087	42
103.128	41
103.129	41
103.17	42
103.171	42
103.213	42
103.214	42
103.256	42
103.257	42
103.299	42
103.3	42
103.34	42
103.341	42
103.382	42
103.383	41
103.424	41
103.425	41
103.467	42
103.468	42
103.509	42
103.51	42
103.552	42
103.553	42
103.593	42
103.594	41
103.634	41
103.635	41
103.676	41
103.677	41
103.717	41
103.718	41
103.759	41
103.76	41
103.802	41
103.803	41
103.844	42
103.845	42
103.887	42
103.888	42
103.93	42
103.931	42
103.972	42
103.973	42
104.014	42
104.015	42
104.055	41
104.056	41
104.096	41
104.097	41
104.139	41
104.14	41
104.182	42
104.183	42
104.224	42
104.225	42
104.267	42
104.268	42
104.307	42
104.308	41
104.347	41
104.348	41
104.388	41
104.389	41
104.431	41
104.432	41
104.474	41
104.475	41
104.517	41
104.518	42
104.56	42
104.561	42
104.602	42
104.603	42
104.644	42
104.645	42
104.687	42
104.688	42
104.73	42
104.731	42
104.771	42
104.772	42
104.813	42
104.814	42
104.856	47
104.857	47
104.898	51
104.899	50
104.941	54
104.942	53
104.984	57
104.985	55
105.026	59
105.027	57
105.068	60
105.069	58
105.11	61
105.111	58
105.152	62
105.154	59
105.28	62
105.323	65
105.366	67
105.493	69
105.536	71
105.578	73
105.62	74
105.663	76
105.706	77
105.749	78
105.79	79
105.832	79
105.875	80
105.918	81
105.961	81
106.003	82
106.044	82
106.086	82
106.127	82
106.17	82
106.337	82
106.378	82
106.421	82
106.591	82
106.63	82
106.67	81
106.711	81
106.753	81
106.796	82
106.84	82
107.007	83
107.05	83
107.213	82
107.252	81
107.293	81
107.335	81
107.378	81
107.42	82
107.463	82
107.504	82
107.547	82
107.589	83
107.632	83
107.927	83
107.971	83
108.136	83
108.177	83
108.219	83
108.263	83
108.429	83
108.471	83
108.514	83
108.557	83
108.599	83
108.64	83
108.68	83
108.721	83
108.762	83
108.805	83
108.848	83
108.891	83
108.932	83
108.973	83
109.014	83
109.057	83
109.1	83
109.143	84
109.314	84
109.356	84
109.399	84
109.442	84
109.485	84
109.527	84
109.57	84
109.613	84
109.655	85
109.698	85
109.741	85
109.784	85
109.826	85
109.868	84
109.909	84
109.951	84
109.994	84
110.037	84
110.08	84
110.12	84
110.161	84
110.202	83
110.243	83
110.287	83
110.33	84
110.499	83
110.54	83
110.582	83
110.625	83
110.795	83
110.837	84
110.88	84
110.923	84
111.091	84
111.134	84
111.177	84
111.218	84
111.258	84
111.298	83
111.338	83
111.378	82
111.419	82
111.461	82
111.462	77
111.504	73
111.505	69
111.547	66
111.548	63
111.59	60
111.591	58
111.63	56
111.631	54
111.672	52
111.673	51
111.713	50
111.714	48
111.755	48
111.756	47
111.799	46
111.925	51
111.966	55
112.007	58
112.049	61
112.092	64
112.135	67
112.176	69
112.217	70
112.257	72
112.258	68
112.298	64
112.299	61
112.339	59
112.34	57
112.381	55
112.382	53
112.423	51
112.424	50
112.465	49
112.466	48
112.508	48
112.509	47
112.551	46
112.552	46
112.594	45
112.595	45
112.636	44
112.637	44
112.676	44
112.677	43
112.717	43
112.718	42
112.758	42
112.759	42
112.801	42
112.802	42
112.844	42
112.845	42
112.887	42
112.888	42
112.928	42
112.929	42
112.969	42
112.97	42
113.011	42
113.012	41
113.054	42
113.055	42
113.097	42
113.098	42
113.14	42
113.141	42
113.182	42
113.183	42
113.223	42
113.224	42
113.265	42
113.266	41
113.307	41
113.308	41
113.35	42
113.351	42
113.393	42
113.394	42
113.436	42
113.437	42
113.477	42
113.478	42
113.518	42
113.519	42
113.56	41
113.561	41
113.603	41
113.604	42
113.646	42
113.647	42
113.688	42
113.689	42
113.731	42
113.732	42
113.772	42
113.773	42
113.812	41
113.814	41
113.854	41
113.856	41
113.899	42
114.024	47
114.068	51
114.11	56
114.153	59
114.323	62
114.365	65
114.406	67
114.45	69
114.492	71
114.535	73
114.577	74
114.618	75
114.661	77
114.705	78
114.747	79
114.79	79
114.832	80
114.873	80
114.916	81
114.958	81
115.001	82
115.044	82
115.087	82
115.13	83
115.296	83
115.339	83
115.381	83
115.424	83
115.467	84
115.51	84
115.551	84
115.593	84
115.635	84
115.678	84
115.721	84
115.89	84
115.933	84
115.976	84
116.019	84
116.061	84
116.104	84
116.274	84
116.571	85
116.738	85
116.781	85
116.824	85
116.867	85
117.033	85
117.076	85
117.119	85
117.162	85
117.324	84
117.367	84
117.539	85
117.706	85
117.874	84
117.916	84
117.959	84
118.002	84
118.173	84
118.216	84
118.259	85
118.301	85
118.342	84
118.384	84
118.426	84
118.468	84
118.51	84
118.553	84
118.596	84
118.639	84
118.679	84
118.719	84
118.758	83
118.801	83
118.842	83
118.885	83
118.928	83
118.97	83
119.011	83
119.052	83
119.095	83
119.138	83
119.18	84
119.221	84
119.26	83
119.3	82
119.342	82
119.384	82
119.426	82
119.469	83
119.512	83
119.553	83
119.595	83
119.638	83
119.681	84
119.724	84
119.767	84
119.937	84
119.979	84
120.022	84
120.064	84
120.107	84
120.15	84
120.192	84
120.233	84
120.275	84
120.316	84
120.358	84
120.401	84
120.444	84
120.486	84
120.527	84
120.567	83
120.607	83
120.647	83
120.69	83
120.733	83
120.776	83
120.817	83
120.858	83
120.901	83
120.944	83
120.987	84
121.151	83
121.191	83
121.193	78
121.235	73
121.236	69
121.277	66
121.279	63
121.32	60
121.322	58
121.362	56
121.364	54
121.406	53
121.407	52
121.448	50
121.45	49
121.491	49
121.493	48
121.534	47
121.536	47
121.577	46
121.579	46
121.619	45
121.621	45
121.663	44
121.664	44
121.705	44
121.706	44
121.747	43
121.748	43
121.79	43
121.791	43
121.833	43
121.834	43
121.876	43
121.877	43
121.919	43
121.92	43
121.961	42
121.962	42
122.002	42
122.003	42
122.045	42
122.046	42
122.088	42
122.089	42
122.131	42
122.132	42
122.174	42
122.175	42
122.215	42
122.216	42
122.258	42
122.259	42
122.3	42
122.301	42
122.343	42
122.344	42
122.386	42
122.387	42
122.429	42
122.43	42
122.472	42
122.473	42
122.515	42
122.516	42
122.555	42
122.556	42
122.595	41
122.596	41
122.635	41
122.637	41
122.678	41
122.679	41
122.721	41
122.722	42
122.764	42
122.765	42
122.806	42
122.807	42
122.848	42
122.849	42
122.89	42
122.891	42
122.933	42
122.934	42
122.976	42
122.977	42
123.019	42
123.02	42
123.062	42
123.063	42
123.104	42
123.105	42
123.146	42
123.147	42
123.189	42
123.19	42
123.231	42
123.232	42
123.274	42
123.275	42
123.315	42
123.316	42
123.352	41
123.353	41
123.39	40
123.391	40
123.429	40
123.43	40
123.47	40
123.471	40
123.513	40
123.514	40
123.556	41
123.557	41
123.598	41
123.599	41
123.637	41
123.638	40
123.676	40
123.677	40
123.715	40
123.716	40
123.756	40
123.757	40
123.799	40
123.8	40
123.841	40
123.842	41
123.883	41
123.884	41
123.925	41
123.926	41
123.968	41
123.969	41
124.011	41
124.012	42
124.054	42
124.055	42
124.094	42
124.095	41
124.134	41
124.135	41
124.173	41
124.174	40
124.213	40
124.214	40
124.253	45
124.254	45
124.294	49
124.295	48
124.335	52
124.336	51
124.375	54
124.376	53
124.416	56
124.417	54
124.457	57
124.458	55
124.459	54
124.5	52
124.501	51
124.502	50
124.543	49
124.544	48
124.545	48
124.586	47
124.587	46
124.588	46
124.626	45
124.627	45
124.628	44
124.665	48
124.666	47
124.667	46
124.704	50
124.705	49
124.706	48
124.745	51
124.746	50
124.747	49
124.784	53
124.785	51
124.786	49
124.822	52
124.823	51
124.824	49
124.825	48
124.862	47
124.863	46
124.864	45
124.865	44
124.903	44
124.904	43
124.905	43
124.906	43
124.944	42
124.945	42
124.946	42
124.947	42
124.985	47
124.986	46
124.987	45
124.988	45
125.026	49
125.027	48
125.028	48
125.029	47
125.069	51
125.07	50
125.148	49
