10.1324	0.485718
10.202	0.690102
10.2715	0.690102
10.3416	0.685006
10.4117	0.685006
10.4896	0.7697
10.5649	1.27446
10.635	1.54126
10.7077	1.48558
10.7794	2.00981
10.8531	2.11526
10.9227	2.07054
10.9943	2.00981
11.0793	2.11752
11.1545	2.07574
11.2245	1.54126
11.2941	1.38036
11.3636	1.38036
11.4353	1.33988
11.5069	1.33988
11.5811	1.77961
11.6588	1.85211
11.7366	1.85211
11.818	1.76847
11.8979	1.80337
11.9777	1.80337
12.0576	1.80337
12.1374	1.80337
12.2173	1.80337
12.2971	1.80337
12.3786	1.76847
12.4593	1.78267
12.5299	2.03961
12.6005	2.03972
12.6752	1.92774
12.7519	1.87748
12.8302	1.83968
12.9101	1.80337
12.9894	1.81531
13.0723	1.73747
13.1494	1.8665
13.2205	2.02466
13.2911	2.03972
13.3648	1.95524
13.4399	1.91687
13.5134	1.95795
13.587	1.95795
13.6616	1.93037
13.7372	1.90356
13.816	1.82742
13.9011	1.69205
13.9872	1.67237
14.0707	1.72449
14.1548	1.7132
14.2404	1.82339
14.3228	1.74698
14.4068	1.71421
14.484	1.55492
14.558	1.45804
14.6332	1.27791
14.7067	1.3053
14.7813	1.28691
14.8612	1.20225
14.9472	1.11524
15.0245	0.776437
15.0951	0.339954
15.1667	0.503167
15.2434	0.625827
15.3253	0.58571
15.4103	0.564508
15.4928	1.01877
15.5758	1.15659
15.6597	1.14348
15.7406	1.18663
15.8226	1.31785
15.9076	1.12869
15.988	1.19549
16.0662	1.22645
16.1477	1.17898
16.2328	1.12803
16.3188	0.976391
16.396	0.932951
16.4685	0.49658
16.5483	0.751405
16.6313	1.15659
16.7163	1.12902
16.7998	1.15
16.8839	1.14213
16.9668	1.15831
17.0455	1.21828
17.13	1.27916
17.2056	1.26904
17.2813	1.26904
17.3617	1.19439
17.442	1.19439
17.528	0.976671
17.6105	0.873492
17.6893	0.456854
17.7723	0.578296
17.8573	0.564508
17.9413	0.571067
18.0269	0.981823
18.1083	1.18005
18.1834	1.27791
18.2611	1.23474
18.3426	1.32635
18.428	0.842778
18.5027	0.803226
18.5778	0.638957
18.6571	0.605105
18.7365	0.605105
18.821	0.709401
18.9049	1.14449
18.9816	1.25165
19.0578	1.26029
19.1392	1.17898
19.2238	1.27692
19.3098	0.976671
19.3885	0.60952
19.4715	0.433851
19.5554	0.429182
19.6363	0.593317
19.7213	0.564672
19.8038	0.58198
19.8893	0.561204
19.9722	0.578812
20.0521	0.601124
20.1346	0.58198
20.2186	0.571067
20.3036	0.564672
20.3876	0.571571
20.4685	0.593317
20.552	0.574659
20.6349	0.579157
20.7127	0.61737
20.7904	0.61737
20.875	0.567686
20.9589	0.429182
21.0429	0.571235
21.1284	0.561042
21.2129	0.426013
21.2954	0.58198
21.381	0.56088
21.4649	0.285953
21.5464	0.294744
21.6319	0.280521
21.7144	0.582154
21.7968	0.58198
21.8814	0.567686
21.967	0.56088
22.0504	0.575509
22.1292	0.609139
22.2127	0.574659
22.2987	0.558258
22.3775	0.609329
22.4557	0.613227
22.5377	0.58571
22.6217	0.571067
22.7063	0.56752
22.7923	0.418573
22.8753	0.289234
22.9583	0.289148
23.0438	0.420903
23.1283	0.568349
23.2066	0.613227
23.2843	0.61737
23.3663	0.58571
23.4498	0.574659
23.5344	0.56752
23.6204	0.418573
23.7002	0.300655
23.7822	0.292855
23.8667	0.426013
23.9495	0.434368
24.0315	0.58571
24.1176	0.557618
24.1994	0.586416
24.2824	0.578296
24.3675	0.564344
24.4519	0.426386
24.5318	0.601124
24.6121	0.597195
24.6962	0.571067
24.7812	0.564508
24.8657	0.426013
24.9472	0.589489
25.0332	0.557778
25.1162	0.43398
25.1965	0.597195
25.2821	0.561204
25.3671	0.564344
25.4521	0.564672
25.5314	0.605293
25.6144	0.578296
25.7	0.561204
25.7844	0.426137
25.8685	0.571067
25.953	0.567852
26.037	0.571571
26.1169	0.601124
26.1993	0.58198
26.2839	0.56752
26.3694	0.561204
26.4544	0.565
26.5374	1.01202
26.6194	1.17142
26.7044	1.12934
26.7884	1.14213
26.8719	1.14932
26.9575	1.12241
27.042	1.13603
27.127	1.12902
27.2125	1.12273
27.2944	1.17177
27.3769	1.16396
27.4619	1.12902
27.5474	1.12338
27.6278	1.19439
27.7118	1.14213
27.7978	1.11652
27.8833	1.12241
27.9679	1.13537
28.0535	1.12176
28.1359	1.16535
28.2141	1.22645
28.2956	1.17898
28.3816	1.1162
28.467	1.12306
28.5474	1.19439
28.6257	1.22645
28.7061	1.19439
28.788	1.17142
28.8735	1.12338
28.9564	1.30233
29.0357	1.21021
29.1151	1.21021
29.1965	1.32635
29.2825	1.67477
29.3664	1.71572
29.4457	1.96659
29.5313	1.68264
29.6152	1.57413
29.6908	1.26904
29.7706	1.20225
29.8542	1.14932
29.9401	1.2568
30.0163	0.630143
30.094	1.0804
30.1765	1.16396
30.259	1.16396
30.3446	1.12176
30.4305	1.11684
30.5146	1.14247
30.599	1.27841
30.6836	1.13504
30.7677	1.14213
30.8532	1.12176
30.9392	0.977512
31.0201	0.593317
31.0989	0.609139
31.1793	0.597195
31.2628	0.718324
31.3493	0.971295
31.4317	0.727692
31.5167	0.423381
31.6028	0.558098
31.6857	0.578812
31.7682	0.58198
31.8537	0.561042
31.9377	0.571739
32.0201	0.58198
32.1051	0.564672
32.1902	0.564181
32.2727	0.582328
32.3557	0.578296
32.4397	0.571067
32.5238	0.571067
32.6093	0.420903
32.6938	0.568183
32.7747	0.593317
32.8577	0.578296
32.9432	0.561366
33.0287	0.421146
33.1121	0.575169
33.1946	0.58198
33.2806	0.558098
33.3651	0.567852
33.447	0.586063
33.5326	0.561204
33.616	0.575169
33.6964	0.597195
33.7804	0.571235
33.8659	0.561366
33.9452	0.605293
34.0251	0.601124
34.1102	0.564181
34.1956	0.56169
34.2791	0.574659
34.3641	0.564672
34.4486	0.568183
34.5337	0.564181
34.6177	0.571235
34.7038	0.557938
34.7893	0.561366
34.8728	0.574829
34.9573	0.567686
35.0428	0.56169
35.1263	0.574659
35.2118	0.561366
35.2973	0.561366
35.3813	0.714254
35.4649	0.574659
35.5489	0.571067
35.6344	0.561204
35.7184	0.571571
35.8034	0.988176
35.888	1.1357
35.9683	1.19439
36.0513	1.15659
36.1369	1.12241
36.2209	1.14247
36.3064	1.12208
36.3904	1.14348
36.4697	1.21021
36.5517	1.17142
36.6377	1.11588
36.7232	1.12273
36.8082	1.12902
36.8948	1.1091
36.9783	1.14966
37.0613	1.15659
37.1464	1.12869
37.2298	1.15
37.3149	1.12869
37.4004	1.12208
37.4855	1.12902
37.571	1.12241
37.656	1.12902
37.7421	1.11556
37.8245	1.16466
37.9059	1.17898
37.9889	1.15659
38.0745	1.12241
38.1595	1.12934
38.2414	1.17142
38.3208	1.21021
38.4011	1.19439
38.4857	1.27729
38.5707	1.12934
38.6568	0.976111
38.7407	0.857608
38.8253	0.709607
38.9107	1.12306
38.9932	1.16396
39.0767	1.14932
39.1623	1.12241
39.2468	1.1357
39.3303	1.14932
39.4159	1.26198
39.5015	1.12176
39.5844	1.15762
39.6643	1.20225
39.7446	1.19439
39.8277	1.15659
39.9137	1.11524
39.9992	0.982673
40.0817	0.58198
40.1626	0.593317
40.2471	0.567852
40.3315	0.568681
40.414	0.727474
40.4986	0.567686
40.5841	0.280683
40.6701	0.278889
40.7557	0.280521
40.8407	0.564836
40.9215	0.593498
41.004	0.58198
41.09	0.558258
41.1713	0.590025
41.2522	0.593317
41.3357	0.574829
41.4208	0.564508
41.5048	0.571403
41.5867	0.58571
41.6723	0.56088
41.7572	0.282582
41.8381	0.296658
41.9226	0.284009
42.0081	0.561528
42.0895	0.589668
42.1704	0.593317
42.2524	0.58571
42.3369	0.567852
42.4229	0.558418
42.5058	0.578468
42.5904	0.56752
42.677	0.554551
42.7583	0.442653
42.8355	0.62157
42.9133	0.61737
42.9947	0.589489
43.0797	0.564508
43.1647	0.564836
43.2488	0.571067
43.3344	0.56088
43.4188	0.568349
43.5023	0.574659
43.5874	0.564344
43.6734	0.558098
43.7537	0.448034
43.8357	0.58571
43.9202	0.567852
44.0032	0.434109
44.0882	0.564672
44.1717	0.574659
44.2567	0.564344
44.3412	0.568183
44.4216	0.597195
44.5015	0.601124
44.587	0.561204
44.673	0.557778
44.7492	0.630347
44.8264	0.932355
44.9089	0.58198
44.9949	0.557778
45.0795	0.425764
45.1624	0.579329
45.2464	0.428552
45.3318	0.561528
45.4164	0.56752
45.502	0.560719
45.586	0.571739
45.669	0.578296
45.754	0.564836
45.8374	0.574999
45.9194	0.58571
46.0034	0.571067
46.0889	0.561366
46.1698	0.593679
46.2533	0.574659
46.3393	0.558258
46.4244	0.564344
46.5084	0.571067
46.5944	0.698022
46.6778	0.574999
46.7624	0.567852
46.8479	0.421146
46.9324	0.567686
47.018	0.56088
47.104	0.418693
47.1864	0.291077
47.2679	0.294744
47.3519	0.428301
47.4378	0.558578
47.5161	0.61342
47.5986	0.58198
47.6846	0.558098
47.7686	0.571235
47.8526	0.571235
47.9362	0.574659
48.0217	0.56088
48.1051	0.57602
48.1812	0.630143
48.2553	0.64802
48.3357	0.597195
48.4217	0.557938
48.5057	0.571571
48.5903	0.567686
48.6757	0.56169
48.7608	0.564181
48.8459	0.564181
48.9299	0.571067
49.0159	0.558418
49.0998	0.571907
49.1812	0.589489
49.2658	0.567852
49.3491	0.575679
49.4306	0.589489
49.5146	0.571067
49.6006	0.558418
49.6851	0.567852
49.7696	0.567852
49.8556	0.558418
49.9395	0.571739
50.0226	0.578296
50.1086	0.557938
50.1935	0.70625
50.2765	0.578296
50.3605	0.571403
50.446	0.561852
50.5285	0.58198
50.6145	0.558098
50.6994	0.70625
50.7808	0.589489
50.8654	0.567852
50.9493	0.572243
51.0333	0.571235
51.1178	0.568183
51.2013	0.718324
51.2838	0.58198
51.3693	0.561204
51.4549	0.561042
51.5368	0.585887
51.6223	0.561042
51.7074	0.705635
51.7888	0.589489
51.8728	0.999368
51.9583	1.12273
52.0418	1.15102
52.1237	1.17142
52.2051	1.17898
52.2902	1.12836
52.3762	1.11684
52.4607	1.13603
52.5452	1.13537
52.6312	1.11652
52.7162	1.12902
52.8013	1.12902
52.8868	1.12241
52.9698	1.15694
53.0528	1.15659
53.1383	1.12241
53.2238	1.12338
53.3088	1.12902
53.3938	1.12869
53.4789	1.12934
53.5633	1.13736
53.6463	1.15659
53.7323	1.11524
53.8178	1.12273
53.9034	1.12241
53.9879	1.1357
54.0725	1.13504
54.158	1.12241
54.243	1.12934
54.325	1.17142
54.411	1.11652
54.4929	1.17213
54.5727	1.20225
54.6552	1.16396
54.7402	1.12869
54.8246	1.27953
54.905	1.19439
54.9843	1.21021
55.0689	1.13504
55.155	1.11588
55.2389	1.28679
55.3135	0.643456
55.3954	1.02499
55.4805	1.12902
55.5664	1.11684
55.6483	1.17177
55.7319	1.29298
55.8174	1.12306
55.8993	1.17142
55.9828	1.14932
56.0688	0.977231
56.1496	0.742325
56.231	0.442117
56.3171	0.418333
56.4025	0.561852
56.4881	0.420903
56.5695	0.589489
56.652	0.58198
56.7385	0.554551
56.8225	0.571739
56.9071	0.56752
56.9915	0.568183
57.0745	0.578296
57.1586	0.571067
57.2447	0.557778
57.327	0.582851
57.4058	0.609139
57.4888	0.578296
57.5748	0.558418
57.6583	0.574829
57.7448	0.554551
57.8292	0.710852
57.9137	0.568017
57.9982	0.568349
58.0827	0.567686
58.1667	0.571571
58.2527	0.837387
58.3378	0.564017
58.4238	0.418453
58.5083	0.568017
58.5934	0.423136
58.6789	0.561528
58.7644	0.56169
58.8473	0.723085
58.9309	0.574659
59.0169	0.558098
59.1024	0.561528
59.1859	0.574829
59.2699	0.571067
59.3559	0.418693
59.4383	0.582502
59.5181	0.601124
59.6022	0.571067
59.6877	0.56169
59.7721	0.568183
59.8567	0.567852
59.9417	0.564672
60.0246	0.578468
60.1071	0.58198
60.1926	0.561366
60.2782	0.561204
60.3606	0.582154
60.4462	0.56088
60.5321	0.558578
60.6151	0.578468
60.7007	0.56088
60.7861	0.561852
60.8696	0.574829
60.9521	0.58198
61.0371	0.564508
61.1226	0.280764
61.2076	0.282336
61.2922	0.28376
61.3781	0.558418
61.4631	0.564836
61.5456	0.58198
61.6286	0.578296
61.7142	0.56088
61.7991	0.565
61.8827	0.574659
61.9692	0.554551
62.0542	0.423627
62.1383	0.571067
62.2233	0.564344
62.3082	0.565164
62.3907	0.58198
62.4732	0.58198
62.5583	0.564017
62.6439	0.561042
62.7284	0.568017
62.8124	0.571067
62.8979	0.561204
62.9819	0.571739
63.0665	0.567686
63.1519	0.56169
63.2343	0.582328
63.3163	0.58571
63.4019	0.560719
63.4868	0.42375
63.5724	0.561204
63.6559	0.574999
63.7383	0.58198
63.8234	0.564508
63.9078	0.426386
63.9913	0.574659
64.0754	0.571067
64.1609	0.561366
64.2469	0.557938
64.3288	0.439547
64.4118	0.578296
64.4943	0.58198
64.5768	0.58198
64.6613	0.568183
64.7452	0.571907
64.8277	0.58198
64.9122	0.567686
64.9982	0.418813
65.0821	0.572075
65.1646	0.58198
65.2501	0.561204
65.335	0.565
65.418	0.578296
65.5041	0.418453
65.587	0.578984
65.6721	0.564181
65.757	0.2825
65.8415	0.283926
65.927	0.280683
66.0105	0.575169
66.096	0.98239
66.1789	1.15762
66.2635	1.1357
66.3495	1.11556
66.4335	1.14314
66.5186	1.12836
66.6041	1.12306
66.6886	1.13603
66.7731	1.13504
66.8571	1.14281
66.9427	1.12176
67.0261	1.15102
67.1065	1.19439
67.1895	1.15659
67.275	1.12241
67.36	1.12967
67.442	1.17142
67.525	1.15659
67.61	1.12869
67.694	1.14281
67.7785	1.13703
67.862	1.14966
67.9454	1.15102
68.0309	1.12241
68.1175	1.10879
68.2014	1.14415
68.2802	1.21828
68.3611	1.18663
68.4441	1.15659
68.5296	1.12208
68.6146	1.13
68.6955	1.18663
68.7785	1.15659
68.8636	1.12869
68.9495	1.11684
69.0294	1.20225
69.1097	1.34369
69.1933	1.14932
69.2783	1.12902
69.3623	1.28641
69.4426	0.597195
69.5266	1.00025
69.6121	1.12273
69.6977	1.12176
69.7832	1.12273
69.8687	1.26344
69.9537	0.988176
70.0377	0.856601
70.1233	0.561042
70.2072	0.571739
70.2876	0.597195
70.3727	0.564508
70.4571	0.568349
70.5375	0.746493
70.622	0.567686
70.708	0.558258
70.792	0.571403
70.8761	0.571235
70.962	0.976951
71.0419	1.20262
71.1228	1.18663
71.2078	1.12934
71.2938	1.11588
71.3778	1.14314
71.4592	1.17898
71.5447	1.12241
71.6307	1.11684
71.7084	1.23474
71.7883	1.20225
71.8743	1.11652
71.9602	1.11684
72.0447	1.13603
72.1288	1.14213
72.2143	1.12241
72.2977	1.15102
72.3786	1.18663
72.4611	1.16396
72.5462	1.12869
72.6302	1.14281
72.7157	1.12176
72.8012	1.12338
72.8842	1.15694
72.9682	1.14213
73.0537	1.12273
73.1392	1.12306
73.2232	1.14247
73.3092	1.1162
73.3952	1.11716
73.475	1.20225
73.5544	1.21021
73.6399	1.12176
73.7255	0.841805
73.8084	0.723515
73.8939	1.12273
73.9794	1.12241
74.0644	1.13033
74.1499	1.12176
74.2344	1.13603
74.319	1.13537
74.4046	1.26162
74.49	0.983241
74.5736	0.861989
74.6571	0.574659
74.7431	0.558258
74.8286	0.561042
74.9111	0.436615
74.992	0.593317
75.077	0.564508
75.1604	0.287754
75.2424	0.292855
75.3279	0.280602
75.4134	0.561528
75.4958	0.582154
75.5788	0.578296
75.6648	0.558258
75.7503	0.561528
75.8348	0.568017
75.9214	0.554551
76.0058	0.426262
76.0888	0.578296
76.1734	0.56752
76.2589	0.561366
76.3414	0.58198
76.4228	0.589489
76.5069	0.571067
76.5919	0.564672
76.6774	0.561204
76.7614	0.571067
76.8434	0.58571
76.9285	0.564181
77.0144	0.558418
77.099	0.567852
77.185	0.418453
77.2695	0.568183
77.353	0.574659
77.439	0.558098
77.5239	0.565164
77.6022	0.613227
77.6852	0.578296
77.7707	0.56169
77.8531	0.582328
77.9366	0.574659
78.0222	0.56088
78.1061	0.572243
78.1886	0.58198
78.2716	0.578296
78.3571	0.56088
78.4421	0.565
78.5251	0.578296
78.6092	0.571067
78.6951	0.558418
78.7775	0.728128
78.8595	1.17142
78.9435	1.14213
79.0291	1.12241
79.1105	1.17934
79.1929	1.16396
79.277	1.14213
79.3625	1.12208
79.4459	1.15102
79.5315	1.12273
79.6164	1.12967
79.7019	1.12306
79.7879	1.1162
79.8713	1.15102
79.9554	1.14213
80.0414	1.11652
80.1274	1.11588
80.2104	1.15694
80.2949	1.1357
80.3809	1.11684
80.4633	1.30985
80.5473	1.00054
80.6303	1.01202
80.7153	0.705226
80.8003	0.564836
80.8843	0.571403
80.9693	0.564672
81.0543	0.70584
81.1394	0.564508
81.2244	0.564672
81.3068	0.58198
81.3904	0.574659
81.475	0.56752
81.5605	0.561204
81.6464	0.558418
81.7263	0.601124
81.8098	0.574659
81.8958	0.558098
81.9814	0.561204
82.0649	0.574659
82.1508	0.558418
82.2333	0.58198
82.3158	0.58198
82.4018	0.558098
82.4863	0.568349
82.5693	0.578296
82.6543	0.564508
82.7398	0.561366
82.8228	0.578296
82.9069	0.571067
82.9928	0.558418
83.0752	0.582502
83.1561	0.593317
83.2417	0.560719
83.3277	0.558418
83.4122	0.567852
83.4977	0.982957
83.5811	1.15
83.6672	1.11588
83.7516	1.1367
83.8367	1.12869
83.9228	1.11524
84.0077	1.12967
84.0902	1.16396
84.1743	1.2849
84.2593	1.12869
84.3448	0.98239
84.4309	0.975552
84.5159	0.423873
84.5989	0.578296
84.6819	0.433722
84.7665	0.56752
84.8524	0.558418
84.9359	0.574829
85.0209	0.564508
85.1074	0.554868
85.1904	0.578812
85.2713	0.593317
85.3569	0.56088
85.4418	0.564836
85.5254	0.574659
85.6109	0.56088
85.6964	0.561528
85.7805	0.571067
85.8656	0.564181
85.9515	0.558258
86.0356	0.714044
86.1196	0.571067
86.2057	0.557778
86.2902	0.567852
86.3731	1.01292
86.4582	1.12869
86.5426	1.13703
86.6266	1.28566
86.7122	1.12144
86.7977	0.98239
86.8792	0.294744
86.9606	0.589489
87.0431	0.58198
87.1276	0.709401
87.2136	1.11716
87.297	1.15068
87.3821	1.26977
87.4676	0.981823
87.5505	0.868218
87.632	0.589489
87.717	0.564508
87.8026	0.56088
87.888	0.56169
87.9726	0.567852
88.0585	0.697822
88.1435	0.565
88.2275	0.571403
88.3136	0.557778
88.397	0.575169
88.48	1.01202
88.565	1.12902
88.6505	1.1237
88.7314	1.18663
88.8139	1.16396
88.8994	1.12273
88.9833	1.14348
89.0647	1.17898
89.1477	1.15659
89.2318	1.14213
89.3174	1.12208
89.4018	1.1367
89.4843	1.16396
89.5678	1.14932
89.6534	1.12208
89.7374	1.14281
89.8214	1.2849
89.9055	1.14213
89.991	1.12208
90.0765	1.12338
90.161	1.1357
90.247	1.11652
90.3321	1.12836
90.4166	0.99345
90.5026	0.558098
90.5886	0.558418
90.6695	0.445123
90.7499	0.597195
90.8302	0.447896
90.9122	0.58571
90.9972	0.564508
91.0827	0.56169
91.1636	0.593317
91.2413	0.61737
91.3248	0.574659
91.4094	0.56752
91.4954	0.558098
91.5804	0.564836
91.6634	0.578296
91.7485	0.564017
91.8345	0.558418
91.9159	0.589668
92.0004	0.568017
92.0864	0.558098
92.1683	0.586063
92.2508	0.58198
92.3353	0.568017
92.4202	0.42375
92.5006	0.597195
92.5846	0.571739
92.6701	0.561366
92.7551	0.564508
92.8402	0.564181
92.9246	0.284175
93.005	0.298597
93.0901	0.28209
93.1741	0.571571
93.2576	0.574659
93.3436	0.557938
93.4296	0.558258
93.5121	0.582154
93.5966	0.567686
93.6811	0.568017
93.7671	0.418573
93.8516	0.283926
93.9372	0.280602
94.0232	0.418573
94.1056	0.436877
94.1901	0.567686
94.2761	0.558418
94.3585	0.582677
94.4357	0.62157
94.5171	0.589489
94.6022	0.564508
94.6866	0.568183
94.7717	0.564508
94.8572	0.561042
94.9427	0.561204
95.0267	0.571907
95.1081	0.589489
95.188	0.601124
95.271	0.578296
95.356	0.564508
95.442	0.558258
95.5249	0.578468
95.6085	0.574659
95.695	0.554551
95.7805	0.421146
95.8656	0.564344
95.9511	0.561366
96.0365	0.56169
96.119	0.58198
96.201	0.732138
96.2865	1.12176
96.3725	1.11652
96.4539	1.17898
96.5354	1.17898
96.621	1.12144
96.7069	1.11716
96.7919	1.12967
96.8754	1.14932
96.96	1.13537
97.0449	0.70666
97.1295	0.709401
97.2154	0.558258
97.2994	0.571907
97.3844	0.564181
97.4704	0.558258
97.5555	0.564508
97.6379	0.727692
97.7245	0.554393
97.8094	0.42375
97.8867	0.62157
97.9686	0.439283
98.0522	0.574659
98.1377	0.561204
98.2227	0.564836
98.3087	0.557938
98.3922	0.574999
98.4772	0.564344
98.5627	0.561366
98.6462	0.574999
98.7282	0.58571
98.8122	0.571067
98.8982	0.558098
98.9827	0.568349
99.0672	0.567852
99.1522	0.564508
99.2377	0.561528
99.3233	0.7011
99.4088	0.561204
99.4943	0.421267
99.5757	0.589489
99.6577	0.58571
99.7427	0.564508
99.8252	0.58198
99.9061	0.593317
99.9906	0.56752
100.076	0.561204
100.161	0.564344
100.246	0.564344
100.331	0.564508
100.416	0.56752
100.502	0.558098
100.587	0.564017
100.671	0.428552
100.757	0.557938
100.842	0.567852
100.927	0.564672
101.01	0.574659
101.097	0.416269
101.181	0.568183
101.263	0.585887
101.349	0.418333
101.435	0.561042
101.519	0.571403
101.605	0.554709
101.691	0.421024
101.775	0.568349
101.859	0.572075
101.939	0.601124
102.02	0.589489
102.104	0.574659
102.19	0.558258
102.273	0.579329
102.349	0.782284
102.43	0.593317
102.514	0.574659
102.599	0.560719
102.685	0.279209
102.766	0.296658
102.846	0.300562
102.93	0.428301
103.016	0.558258
103.1	0.574999
103.184	0.567686
103.27	0.558418
103.353	0.578468
103.438	0.564344
103.524	0.561366
103.606	0.585887
103.689	0.578296
103.773	0.56752
103.859	0.560719
103.944	0.56169
104.027	0.58198
104.11	0.574659
104.196	0.558258
104.279	0.727692
104.36	0.589489
104.445	0.564672
104.531	0.558258
104.614	0.72373
104.699	1.12869
104.783	1.15
104.868	1.26271
104.954	1.1162
105.038	1.14966
105.122	1.57044
105.208	1.67477
105.293	1.83359
105.378	1.5533
105.463	1.4026
105.549	1.12241
105.633	1.14213
105.718	1.54376
105.803	1.69402
105.888	1.69402
105.974	1.8133
106.057	1.44617
106.14	1.15659
106.226	1.11652
106.308	1.17969
106.391	1.15659
106.477	1.255
106.562	1.13033
106.641	1.21021
106.723	1.17142
106.809	1.11652
106.893	1.14348
106.977	1.13537
107.064	1.10879
107.149	0.842778
107.225	0.31726
107.307	0.58571
107.393	0.837146
107.477	0.710436
107.563	0.564181
107.649	0.418573
107.734	0.280683
107.818	0.285618
107.9	0.439283
107.986	0.557938
108.07	0.42893
108.151	0.589489
108.236	0.571067
108.321	0.561366
108.404	0.578296
108.489	0.567686
108.574	0.56169
108.655	0.593317
108.737	0.58571
108.822	0.561042
108.907	0.564836
108.99	0.578296
109.076	0.56088
109.161	0.564836
109.247	0.420903
109.331	0.564836
109.416	0.56752
109.502	0.561204
109.588	0.557299
109.673	0.423627
109.759	0.558258
109.843	0.571403
109.926	0.578296
110.012	0.558098
110.095	0.431504
110.177	0.58571
110.261	0.571235
110.347	0.561528
110.432	0.423504
110.515	0.578296
110.599	0.567686
110.684	0.564836
110.769	0.56752
110.854	0.561042
110.94	0.558418
111.023	0.578296
111.107	0.571235
111.191	0.571739
111.273	0.589489
111.353	0.597195
111.435	0.58198
111.521	0.561204
111.604	0.575509
111.687	0.578296
111.772	0.567686
111.858	0.277592
111.94	0.292943
112.024	0.28733
112.11	0.558258
112.192	0.586063
112.272	0.597195
112.355	0.578296
112.439	0.571067
112.525	0.558098
112.609	0.571571
112.691	0.589489
112.775	0.571067
112.861	0.558258
112.944	0.57864
113.028	0.571067
113.114	0.418813
113.197	0.574999
113.281	0.574659
113.367	0.557938
113.451	0.426262
113.533	0.58571
113.619	0.561204
113.705	0.558258
113.787	0.582154
113.871	0.571235
113.956	0.421389
114.041	0.42564
114.127	0.421389
114.212	0.418693
114.297	0.564672
114.38	0.433722
114.466	0.561204
114.551	0.565
114.635	0.574659
114.721	0.558098
114.805	0.568515
114.888	0.574659
114.973	0.564508
115.059	0.561528
115.144	0.567852
115.227	0.578296
115.311	0.56752
115.397	0.561042
115.483	0.558418
115.565	0.58198
115.649	0.571067
115.736	0.693782
115.82	0.568017
115.904	0.571067
115.99	0.558418
116.076	0.418453
116.16	0.285701
116.246	0.280602
116.331	0.280764
116.414	0.578296
116.499	0.564344
116.585	0.561528
116.668	0.574659
116.752	0.713834
116.838	1.11684
116.922	1.15
117.004	1.16396
117.09	1.12338
117.173	1.15102
117.252	1.21021
117.336	1.14932
117.421	1.12273
117.507	1.11684
117.59	1.16466
117.675	1.12176
117.76	1.13
117.845	1.12836
117.93	1.13504
118.016	1.12241
118.101	1.12241
118.187	1.12241
118.272	1.12967
118.355	1.14932
118.439	1.14932
118.524	1.12208
118.61	1.12306
118.69	1.18772
118.771	1.19439
118.855	1.13537
118.941	1.12338
119.022	1.187
119.107	1.12241
119.191	1.15034
119.268	1.23474
119.352	1.14932
119.437	1.13504
119.522	1.26417
119.606	1.14281
119.692	1.12273
119.777	1.12902
119.861	1.5625
119.947	1.68361
120.031	1.70306
120.117	1.82339
120.202	1.55285
120.285	1.29298
120.37	1.26941
120.456	0.977512
120.537	0.593317
120.618	0.597195
120.703	0.56088
120.788	0.565
120.871	0.72287
120.957	1.11588
121.041	1.14381
121.121	1.20225
121.204	1.14932
121.29	1.11684
121.376	1.12208
121.461	1.12338
121.547	1.1162
121.632	1.12934
121.717	1.12869
121.803	1.11588
121.889	1.1162
121.972	1.15694
122.058	1.12836
122.143	1.12241
122.229	1.12273
122.315	1.11524
122.4	1.12273
122.486	1.12338
122.566	1.18736
122.648	1.17142
122.734	1.1162
122.818	1.14314
122.903	1.13504
122.988	1.12306
123.074	1.12241
123.159	1.12869
123.245	1.12306
123.489	0.146094
