11.0346	0.132
13.0346	0.006
17.0346	0.003
25.0346	0.0015
41.0346	0.00075
41.1201	0.420897
41.2015	0.590025
41.2824	0.593317
41.3664	0.571403
41.4514	0.564508
41.5339	0.582154
41.6164	0.727474
41.7019	0.561204
41.7858	0.571907
41.8673	0.589489
41.9533	0.557778
42.0388	0.701642
42.1192	0.298704
42.2001	0.593346
42.282	0.58571
42.3676	0.561042
42.4535	0.558418
42.536	0.727474
42.6211	1.12803
42.7071	1.1162
42.7874	1.19549
42.8636	1.26029
42.9413	1.23474
43.0233	1.17142
43.1088	1.12241
43.1944	1.12241
43.2784	1.14213
43.364	1.12208
43.4479	1.14348
43.5314	1.14932
43.6165	1.12902
43.7025	1.1162
43.7818	1.21021
43.8638	1.17142
43.9493	1.12241
44.0328	1.14966
44.1173	1.13637
44.2008	1.14932
44.2858	1.12902
44.3709	1.12902
44.4523	1.17898
44.5327	1.19439
44.6182	1.12241
44.7037	1.12273
44.7809	1.24314
44.8581	1.24314
44.9406	1.16431
45.0246	1.14314
45.1101	1.12208
45.1936	1.15068
45.2775	1.28641
45.363	1.12241
45.4466	1.14932
45.5321	1.12208
45.6167	0.851777
45.6991	0.727474
45.7851	0.976626
45.8686	0.574856
45.9501	0.589489
46.0341	0.571067
46.1196	0.561528
46.2005	0.593469
46.2845	0.571262
46.37	0.56169
46.454	0.571235
46.539	0.564344
46.625	0.558232
46.708	0.578496
46.7941	0.557778
46.8801	0.418295
46.9636	0.287428
47.0497	0.418233
47.1352	0.561664
47.2171	0.585738
47.2991	0.58571
47.3841	0.564344
47.468	0.572411
47.5462	0.613227
47.6287	0.58198
47.7142	0.561528
47.7982	0.571235
47.8828	0.567686
47.9668	0.571067
48.0524	0.561042
48.1352	0.434585
48.2114	0.315088
48.286	0.482618
48.3664	0.597195
48.4524	0.558098
48.5369	0.567825
48.622	0.564371
48.7074	0.561528
48.7925	0.564181
48.8776	0.564181
48.9627	0.564181
49.0486	0.558578
49.131	0.582502
49.2135	0.58198
49.2985	0.564508
49.3825	0.42889
49.4644	0.292869
49.5495	0.423155
49.6355	0.418775
49.7195	0.285631
49.8045	0.423401
49.8899	0.561826
49.9739	0.571597
50.058	0.571067
50.144	0.558072
50.229	0.282405
50.3109	0.292869
50.3954	0.568044
50.4798	0.426471
50.5628	0.289162
50.6488	0.418713
50.7317	0.579129
50.8131	0.589518
50.8987	0.561042
50.9826	0.429016
51.0671	0.283939
51.1505	0.431397
51.2335	0.578296
51.3166	0.578296
51.4016	0.564646
51.4871	0.56123
51.569	0.58571
51.6541	0.564508
51.7391	0.564508
51.8211	0.58571
51.9056	0.56752
51.9916	0.558098
52.0735	0.586388
52.1554	0.585738
52.2374	0.58571
52.3224	0.564344
52.4079	0.561852
52.4929	0.564508
52.578	0.564181
52.6624	0.568655
52.7474	0.564371
52.833	0.561204
52.9175	0.568183
52.9999	0.58198
53.2414	0.198757
53.3253	0.28618
53.4104	0.423258
53.4954	0.282336
53.5798	0.284341
53.6628	0.289148
53.7488	0.278809
53.8344	0.280683
53.9199	0.280602
54.0044	0.283926
54.089	0.28376
54.1745	0.280602
54.2595	0.282336
54.3415	0.292855
54.4104	0.348457
54.6936	0.0847322
54.7798	0.695997
54.8622	0.874235
54.9436	1.03166
55.0234	0.601124
55.108	0.709401
55.1945	1.10974
55.2748	1.19549
55.351	1.26029
55.4329	1.17142
55.519	1.25536
55.6039	1.13033
55.6853	1.17898
55.7699	1.13537
55.8543	1.1367
55.9347	1.19439
56.0188	1.14247
56.1047	1.11678
56.1845	0.300748
56.2685	0.571262
56.354	0.842009
56.4385	0.710677
56.524	0.561204
56.6054	0.589489
56.6895	0.571067
56.7755	0.558258
56.8589	0.574999
56.943	0.571067
57.028	0.564672
57.1115	0.574659
57.1961	0.56752
57.2821	0.558098
57.3645	0.582502
57.4428	0.613227
57.5268	0.571403
57.6117	0.565164
57.6947	0.578296
57.7807	0.558258
57.8662	0.561366
57.9518	0.561178
58.0357	0.571765
58.1207	0.564672
58.2058	0.564181
58.2913	0.421107
58.3764	0.282022
58.4624	0.418713
58.5459	0.574829
58.6309	0.564508
58.7174	0.554709
58.8029	0.561502
58.8854	0.582007
58.9705	0.564181
59.0559	0.56169
59.1409	0.564836
59.2239	0.578296
59.3089	0.564344
59.3949	0.558418
59.4748	0.601094
59.5557	0.593346
59.6407	0.564344
59.7262	0.561528
59.8117	0.561366
59.8958	0.571067
59.9808	0.564672
60.0632	0.582154
60.1467	0.574659
60.2327	0.558098
60.3178	0.564508
60.4013	0.574829
60.4873	0.557938
60.5722	0.565164
60.6563	0.571067
60.7423	0.557938
60.8262	0.572048
60.9087	0.582007
60.9922	0.574659
61.0782	0.558098
61.1622	0.571571
61.2467	0.568183
61.3318	0.564344
61.4182	0.555001
61.5022	0.285772
61.5842	0.292869
61.6677	0.574686
61.7532	0.561204
61.8372	0.571739
61.9212	0.571067
62.9642	0.046021
63.2052	0.0497939
63.286	0.594016
63.369	0.867444
63.4546	1.54361
63.54	0.842126
63.6246	1.13603
63.707	1.30945
63.79	1.15659
63.876	1.11652
63.9584	1.31024
64.0425	1.7132
64.1271	1.70256
64.2126	1.68458
64.298	1.82496
64.3789	1.77995
64.4619	1.73489
64.5439	1.75713
64.6269	1.73489
64.7129	1.67477
64.7958	1.73592
64.8778	1.75713
64.9638	1.67333
65.0493	1.68556
65.1322	1.73644
65.2168	1.70256
65.3028	1.67477
65.3852	1.74751
65.4692	1.7132
65.5552	1.67525
65.6376	1.74646
65.7237	1.67333
65.8082	1.70405
65.8942	1.67333
65.9797	1.26344
66.0637	1.28528
66.1482	1.13736
66.2317	1.14932
66.3172	1.12208
66.4022	1.13
66.4857	1.58031
66.5713	1.68361
66.6567	1.68458
66.7408	1.7132
66.8248	1.85706
66.9094	1.70256
66.9954	1.67429
67.0752	1.80393
67.1561	1.77995
67.2406	1.70405
67.3272	1.52451
67.4117	1.13576
67.4937	1.17142
67.5756	1.31785
67.6606	1.12902
67.7462	1.12236
67.8296	0.575196
67.9152	0.561204
68.1582	0.197508
68.2394	0.443129
68.3188	0.302552
68.4002	0.294759
68.4837	0.574686
68.5697	0.558098
68.6532	0.575169
68.7346	0.589489
68.8181	0.718324
68.9042	1.11588
68.9881	1.14381
69.0674	1.21021
69.1499	1.16396
69.2334	1.14932
69.3189	1.12241
69.4024	1.15034
69.4833	1.18663
69.5693	1.11588
69.6543	1.12934
69.7388	1.13603
69.8238	1.12967
69.9098	1.1162
69.9938	1.28566
70.0768	1.15659
70.1623	1.12273
70.2453	1.15728
70.3278	1.16396
70.4138	1.11582
70.4983	0.568017
70.5787	0.597224
70.6642	0.561042
70.7497	0.56169
70.8337	0.999368
70.9188	1.12902
71.0027	1.14415
71.0825	1.20225
71.165	1.30945
71.25	1.12934
71.336	1.11684
71.4174	1.17898
71.4999	1.16396
71.5864	1.10974
71.6703	0.85786
71.7481	0.61737
71.831	0.578468
71.9164	0.562014
72.0024	0.69779
72.0865	0.714077
72.17	0.574659
72.256	0.558098
72.3373	0.590025
72.4182	0.593317
72.5017	0.574829
72.5868	0.564482
72.6708	0.571094
72.7564	0.561204
72.8408	0.568515
72.9243	0.574659
73.0089	0.56752
73.0949	0.558258
73.1804	0.561366
73.2644	0.571067
73.3504	0.558578
73.4353	0.565
73.5152	0.601124
73.5961	0.593317
73.6816	0.561042
73.7666	0.564836
73.8506	0.571235
73.9366	0.558232
74.0222	0.280589
74.1071	0.282431
74.1921	0.564862
74.2761	0.571235
74.3607	0.56752
74.4463	0.561042
74.5307	0.568515
74.6142	0.574659
74.6993	0.564344
74.7842	0.565
74.8682	0.571571
74.9502	0.58571
75.0332	0.578296
75.1192	0.558098
75.2	0.593679
75.2836	0.574659
75.369	0.561528
75.453	0.571907
75.5354	0.58198
75.6205	0.705226
75.7065	0.418775
75.7915	0.282418
75.8765	0.282267
75.962	0.561553
76.0465	0.568017
76.1295	0.578296
76.372	0.197896
76.4535	0.589257
76.5381	0.709434
76.6225	0.568183
76.7081	0.561204
76.7921	0.571067
76.8741	0.732138
76.9597	1.12176
77.0451	1.12338
77.1296	1.1357
77.2157	1.1162
77.3002	1.13603
77.3842	1.14213
77.4702	1.11652
77.5546	1.13703
77.6318	1.24314
77.7154	1.14966
77.8008	1.12338
77.8843	1.14966
77.9678	1.14932
78.0534	1.12208
78.1373	1.14415
78.2208	1.14932
78.3038	1.15659
78.3894	1.12208
78.4738	1.1367
78.5568	1.15659
78.6414	1.13537
78.7273	1.11716
78.8093	1.17177
78.8923	1.15659
78.9773	1.12836
79.0613	1.14348
79.1432	1.17142
79.2262	1.15659
79.3108	1.13504
79.3963	0.842009
79.4782	0.732835
79.5632	0.564836
80.6062	0.046022
80.8468	0.0498756
81.0893	0.0989465
81.1742	0.565443
81.2593	0.564344
81.3417	0.58198
81.4253	0.574659
81.5104	0.564017
81.5964	0.558098
81.6813	0.565
81.7617	0.597195
81.8468	0.564017
81.9328	0.558418
82.0168	0.571403
82.0893	0.661659
84.0893	0.006
84.3719	0.0849436
84.4574	0.701477
84.5408	0.863478
84.6227	0.732173
84.7073	0.56752
84.7929	0.560719
84.8784	0.702112
84.9619	0.718502
85.0479	0.557643
85.1334	0.561826
85.2153	0.586091
85.2967	0.589489
85.3823	0.56088
85.4673	0.564836
85.5508	0.574659
85.6364	0.561042
85.7213	0.564836
85.8054	0.571067
85.8904	0.564344
85.9759	0.561664
86.06	0.571094
86.144	0.571067
86.2301	0.557778
86.3156	0.56088
86.3986	0.578785
86.4836	0.564371
86.5686	0.564974
86.6521	0.575026
86.7371	0.564181
86.8216	0.568349
86.9035	0.58571
86.985	0.589489
87.0674	0.58198
87.1531	0.560719
87.239	0.558553
87.3224	0.575196
87.4075	0.564344
87.4935	0.557778
87.5754	0.586063
87.6564	0.593317
87.7414	0.564508
87.8269	0.561042
87.9124	0.56169
87.9974	0.564344
88.0834	0.558258
88.1689	0.561366
88.2529	0.571376
88.339	0.557963
88.423	0.571403
88.5065	0.574659
88.5915	0.564672
88.6764	0.565164
88.7573	0.593317
88.8403	0.578296
88.9258	0.561366
89.0098	0.571739
89.0912	0.589489
89.1742	0.578296
89.2583	0.571067
89.3438	0.561204
89.4278	0.571739
89.5102	0.58198
89.5938	0.574659
89.6799	0.557592
89.7644	0.567878
89.8479	0.574659
89.9325	0.56752
90.0185	0.557778
90.103	0.568515
90.188	0.564508
90.2729	0.565138
90.3575	0.567712
90.4421	0.56752
90.5286	0.554868
90.613	0.568821
90.6949	0.585738
90.7748	0.601124
90.8557	0.593317
90.9376	0.58571
91.0231	0.701472
91.1086	0.701942
91.1879	0.605105
91.2673	0.605105
91.3513	0.571067
91.4359	0.56752
91.5219	0.69779
91.6069	0.705873
91.6899	0.578296
91.775	0.564181
91.8609	0.558418
91.9424	0.736861
92.0279	1.12241
92.1134	1.12306
92.1937	1.19476
92.2767	1.15659
92.3617	1.12934
92.4467	0.988417
92.5266	0.601153
92.6115	0.564836
92.6965	0.564672
92.7816	0.564482
92.8666	0.564371
92.9501	0.431504
93.031	0.593317
93.1165	0.56088
93.2005	0.571403
93.2835	0.578296
93.3701	0.554709
93.4556	0.561528
93.538	0.582154
93.6236	0.56088
93.7081	0.567852
93.7941	0.558258
93.8786	0.567852
93.9637	0.564508
94.0491	0.56169
94.1315	0.582328
94.2161	0.567852
94.3021	0.69779
94.3829	0.297006
94.4601	0.310801
94.5415	0.589518
94.627	0.561204
94.7115	0.568017
94.7971	0.561042
94.8827	0.561042
94.9682	0.56134
95.0516	0.575366
95.133	0.589489
95.2134	0.597195
95.2964	0.578296
95.3814	0.564508
95.4674	0.558418
95.5499	0.58198
95.6334	0.574659
95.8339	0.119686
95.9183	0.284399
96.0038	0.421267
96.0882	0.710262
96.1702	0.58571
96.2542	0.571067
96.3403	0.557938
96.4242	0.571712
96.5046	0.597224
96.5876	0.578296
96.6726	0.564672
96.7585	0.558578
96.8436	0.564344
96.9255	0.58571
97.0116	0.557912
97.0961	0.56821
97.1811	0.564344
97.2676	0.41635
97.3511	0.287428
97.4366	0.420679
97.5226	0.558392
97.6066	0.57143
97.6907	0.571067
97.7761	0.561664
97.858	0.586268
97.9363	0.613227
98.0198	0.574659
98.1044	0.56752
98.1904	0.69779
98.2759	0.280589
98.3614	0.280696
98.4439	0.436506
98.5294	0.561366
98.6139	0.568183
98.6969	0.578296
98.7793	0.58198
98.8644	0.98703
98.9504	1.11716
99.0339	1.15
99.1184	1.13603
99.2044	0.976346
99.2899	0.561068
99.376	0.557912
99.4615	0.56123
99.5449	0.431504
99.6269	0.58571
99.7099	0.578296
99.7954	0.561042
99.8753	0.601124
99.9583	0.578296
100.044	0.56088
100.129	0.564344
100.213	0.567852
100.299	0.561042
100.384	0.567852
100.469	0.560719
100.554	0.564836
100.639	0.567852
100.724	0.561042
100.809	0.568017
100.894	0.705807
100.976	0.582182
101.06	0.571571
101.145	0.565
101.229	0.571712
101.313	0.574686
101.399	0.558098
101.484	0.564508
101.569	0.564181
101.655	0.558232
101.74	0.564862
101.826	0.554684
101.908	0.586268
101.988	0.597195
102.07	0.58571
102.155	0.564344
102.242	0.555184
102.32	0.617731
102.398	0.609169
102.48	0.58571
102.565	0.56752
102.651	0.557938
102.735	0.568183
102.815	0.605105
102.897	0.58571
102.982	0.564344
103.068	0.558098
103.15	0.582126
103.236	0.56123
103.321	0.561528
103.405	0.574659
103.49	0.56481
103.573	0.575196
103.656	0.578296
103.74	0.574659
103.824	0.56752
103.91	0.561204
103.994	0.568183
104.076	0.58571
104.16	0.571403
104.246	0.561366
104.326	0.597378
104.41	0.571235
104.496	0.561366
104.582	0.555001
104.667	0.567878
104.75	0.575169
104.835	0.567852
104.921	0.557592
105.006	0.561391
105.089	0.582154
105.174	0.98154
105.259	0.710611
105.344	0.560906
105.429	0.564836
105.515	0.561204
105.599	0.567686
105.684	0.709401
105.77	0.69799
105.854	0.571262
105.94	0.558098
106.024	0.571739
106.106	0.58198
106.192	0.701302
106.276	0.71506
106.358	0.585738
106.442	0.567686
106.528	0.561502
106.611	0.431524
106.691	0.605105
106.775	0.567852
106.861	0.558418
106.946	0.564344
107.031	0.56752
107.116	0.561852
107.197	0.594041
107.275	0.613227
107.359	0.571235
107.445	0.558418
107.529	0.571403
107.614	0.564508
107.7	0.561852
107.785	0.564344
107.867	0.58198
107.952	0.709815
108.037	0.564974
108.119	0.582356
108.201	0.58571
108.287	0.561042
108.371	0.571403
108.454	0.578296
108.539	0.561204
108.623	0.571739
108.705	0.589489
108.788	0.574659
108.874	0.558098
108.957	0.57864
109.041	0.571067
109.127	0.557912
109.212	0.564371
109.298	0.557912
109.383	0.564698
109.469	0.560719
109.553	0.568017
109.639	0.561366
109.724	0.561178
109.809	0.56821
109.893	0.571403
109.977	0.567686
110.063	0.558418
110.146	0.578468
110.228	0.58571
110.313	0.564344
110.399	0.558258
110.483	0.571403
110.566	0.578296
110.652	0.561204
110.736	0.571403
110.821	0.564181
110.907	0.557912
110.991	0.571933
111.074	0.574659
111.16	0.56088
111.242	0.582502
111.322	0.601124
111.404	0.589489
111.488	0.571067
111.574	0.558258
111.657	0.574999
111.739	0.58571
111.825	0.557938
111.909	0.572048
111.991	0.585738
112.077	0.7011
112.162	0.423833
112.242	0.298597
112.323	0.294759
112.406	0.578324
112.492	0.560719
112.577	0.56169
112.66	0.582154
112.741	0.736861
112.827	1.11492
112.912	1.13033
112.995	1.16396
113.08	1.12241
113.165	1.13
113.248	1.15659
113.333	1.12836
113.419	1.12306
113.502	1.15762
113.585	1.15659
113.671	1.11652
113.756	1.12967
113.838	1.17142
113.924	1.11588
114.008	1.14348
114.092	1.13637
114.177	1.13033
114.263	1.11588
114.347	1.14314
114.431	1.14213
114.517	1.11652
114.601	1.15034
114.685	1.1357
114.772	1.10974
114.855	1.15762
114.939	1.13504
115.025	1.11588
115.11	1.12967
115.194	1.14966
115.277	1.15659
115.362	1.12836
115.447	1.26307
115.531	1.15102
115.614	1.14932
115.699	1.12902
115.785	1.25608
115.87	0.851489
115.955	0.846801
116.041	1.11005
116.127	1.12241
116.211	1.14213
116.297	0.971251
116.381	0.57143
116.465	0.574659
116.551	0.557752
116.634	0.575366
116.718	0.571067
116.804	0.561042
116.89	0.558258
116.971	0.593317
117.055	0.567852
117.142	0.555001
117.223	0.296825
117.304	0.296673
117.388	0.567712
117.474	0.558232
117.56	0.561716
117.642	0.58198
117.728	0.561366
117.813	0.561042
117.897	0.571235
117.983	0.56088
118.069	0.557938
118.154	0.564646
118.239	0.56123
118.323	0.574999
118.406	0.574659
118.491	0.56752
118.577	0.558098
118.662	0.561528
118.742	0.605105
118.823	0.589489
118.909	0.561204
118.992	0.575509
119.076	0.574659
119.161	0.56169
119.241	0.597195
119.322	0.597195
119.406	0.571067
119.491	0.564672
119.575	0.571907
119.66	0.561042
119.746	0.557778
119.831	0.568349
119.915	0.567825
120	0.564698
120.084	0.571067
120.17	0.558098
120.254	0.574829
120.337	0.578296
120.423	0.557938
120.507	0.568349
120.588	0.593317
120.671	0.58198
120.757	0.558098
120.84	0.57864
120.924	0.571067
121.01	0.555026
121.091	0.59365
121.172	0.597224
121.257	0.561204
121.343	0.561528
121.429	0.557938
121.515	0.558098
121.6	0.561502
121.685	0.568044
121.77	0.564017
121.855	0.56169
121.94	0.564836
122.024	0.571067
122.109	0.564181
122.195	0.558392
122.281	0.560906
122.366	0.561528
122.452	0.561204
122.536	0.572048
122.616	0.597224
122.701	0.709607
122.786	0.70208
122.87	0.574856
122.955	0.561042
123.041	0.557938
123.126	0.564318
123.212	0.421044
123.455	0.0987541
123.54	0.282028
124.455	0.0131162
124.541	0.694942
124.624	0.863989
124.703	0.609169
124.783	0.605105
124.86	0.61737
124.942	1.03161
125.025	1.15833
125.108	1.14975
125.184	1.26421
125.258	1.45677
125.334	1.26904
125.41	1.26029
125.486	1.26029
125.562	1.26885
125.632	1.35982
125.704	1.34977
125.774	1.35946
125.845	1.35982
125.915	1.35982
125.986	1.35982
126.057	1.35982
126.127	1.35982
126.198	1.35982
126.268	1.35982
126.339	1.35982
126.41	1.34977
126.48	1.37001
126.551	1.35982
126.621	1.35982
126.691	1.38036
126.76	1.38036
126.831	1.35982
126.902	1.353
126.973	1.35982
127.043	1.35982
127.114	0.491943
