25.1845	0.585887
25.2695	0.564508
25.354	0.568017
25.4401	0.557618
25.5204	0.597561
25.6029	0.727474
25.6884	0.561042
25.7734	0.423627
25.8564	0.578296
25.942	0.560719
26.0254	0.431504
26.1042	0.609139
26.1857	0.589489
26.2703	0.56752
26.3558	0.56088
26.4402	0.426636
26.5237	0.574659
26.6057	0.58571
26.6907	0.564672
26.7748	0.571067
26.8583	0.574659
26.9438	0.561204
27.0283	0.426013
27.1134	0.564344
27.1988	0.561528
27.2808	0.585887
27.3633	0.58198
27.4483	0.564344
27.5343	0.558418
27.6146	0.597195
27.6982	0.574659
27.7842	0.558098
27.8702	0.418333
27.9553	0.564344
28.0398	0.567686
28.1227	0.434368
28.201	0.613227
28.2808	0.601124
28.3669	0.418453
28.4529	0.558258
28.5322	0.605105
28.6094	0.62157
28.6903	0.593317
28.7717	0.589489
28.8577	0.558098
28.9407	0.578812
29.0221	0.589668
29.1009	0.609139
29.1823	0.589489
29.2683	0.558098
29.3517	0.575679
29.4321	0.597195
29.5171	0.564181
29.6031	0.558418
29.6792	0.630347
29.758	0.609139
29.841	0.578296
29.927	0.558418
30.0047	0.617566
30.0819	0.62157
30.1639	0.58571
30.2459	0.58571
30.3309	0.564181
30.4169	0.558418
30.5004	0.574829
30.5848	0.568349
30.67	0.564017
30.754	0.571067
30.8396	0.560719
30.9255	0.418934
31.0064	0.593498
31.0852	0.609139
31.1656	0.597195
31.2486	0.578296
31.3351	0.554868
31.417	0.439547
31.502	0.564508
31.5881	0.418333
31.6725	0.284175
31.7545	0.292855
31.839	0.426013
31.923	0.571739
32.0054	0.58198
32.0904	0.564672
32.1755	0.564181
32.2579	0.582328
32.3409	0.578296
32.425	0.571067
32.5091	0.571067
32.5946	0.561204
32.6791	0.710229
32.761	0.58571
32.844	0.578296
32.9295	0.561366
33.015	0.561528
33.0979	0.578812
33.1799	0.732138
33.2659	0.418453
33.3504	0.568017
33.4334	0.43398
33.5174	0.571403
33.6013	0.571907
33.6822	0.593317
33.7657	0.574659
33.8518	0.557938
33.9321	0.597561
34.0125	0.597195
34.097	0.56752
34.183	0.558418
34.2655	0.58198
34.35	0.567852
34.435	0.565
34.5201	0.564017
34.6036	0.574999
34.6891	0.561042
34.7746	0.561528
34.8581	0.574999
34.9416	0.574659
35.0276	0.418693
35.1116	0.285618
35.1971	0.280683
35.2821	0.423504
35.3661	0.571571
35.4501	0.571067
35.5342	0.571067
35.6198	0.561042
35.7048	0.564672
35.7898	0.564508
35.8732	0.575169
35.9541	0.593317
36.0377	0.574659
36.1232	0.561042
36.2083	0.564344
36.2928	0.567852
36.3762	0.575509
36.4561	0.601124
36.5375	0.589489
36.623	0.561204
36.7091	0.557938
36.7935	0.568183
36.8785	0.564672
36.962	0.574999
37.0455	0.574659
37.1306	0.564181
37.2157	0.564508
37.3002	0.567852
37.3852	0.564508
37.4708	0.420781
37.5563	0.561042
37.6414	0.564508
37.7269	0.561204
37.8098	0.578812
37.8912	0.589489
37.9742	0.578296
38.0598	0.561042
38.1453	0.561366
38.2278	0.58198
38.3071	0.605105
38.3875	0.597195
38.4705	0.578296
38.556	0.561366
38.6415	0.561204
38.7255	0.571739
38.8095	0.571235
38.895	0.561204
38.979	0.571403
39.062	0.578296
39.1476	0.561204
39.2326	0.564344
39.3167	0.571067
39.4018	0.564017
39.4868	0.564344
39.5718	0.706045
39.6527	0.593317
39.7331	0.597195
39.8156	0.58198
39.9001	0.567852
39.9856	0.561528
40.0686	0.723085
40.15	0.589489
40.2335	0.574829
40.3189	0.56169
40.4003	0.589668
40.4844	0.999368
40.5699	1.12306
40.6554	1.12208
40.7405	1.12902
40.8254	1.12967
40.9058	1.19512
40.9882	1.16396
41.0743	1.11588
41.1577	1.15102
41.2381	1.19439
41.3205	1.16396
41.4061	1.12208
41.4906	1.13603
41.572	1.17898
41.6576	1.12144
41.7431	1.1237
41.8229	1.20225
41.9075	1.13537
41.9934	1.11684
42.0753	1.17177
42.1557	1.19439
42.2377	1.17142
42.3222	1.13537
42.4082	1.11652
42.4922	1.14314
42.5768	1.13504
42.6623	1.12208
42.7447	1.16605
42.8219	1.24314
42.8986	1.25165
42.979	1.19439
43.064	1.12869
43.149	1.27125
43.2335	1.13504
43.3192	1.12111
43.4057	0.971018
43.4876	0.58571
43.5717	0.999661
43.6572	1.12273
43.739	1.17248
43.8215	1.16396
43.9061	1.13537
43.99	1.14348
44.0745	1.27841
44.1586	1.14213
44.2431	1.13504
44.3291	0.976671
44.4111	0.58571
44.4904	0.605105
44.5754	0.564508
44.6615	0.418333
44.7403	0.45714
44.8159	0.47589
44.8979	0.58571
44.9839	0.557618
45.0679	0.428552
45.1529	0.42375
45.2364	0.287499
45.3213	0.2825
45.4064	0.282009
45.4921	0.280278
45.577	0.282418
45.66	0.289148
45.745	0.282418
45.8285	0.287499
45.9105	0.292855
45.9945	0.285534
46.0696	0.319793
46.3121	0.0494833
46.5545	0.0494883
46.6395	0.2825
46.7225	0.289148
46.808	0.420903
46.8935	0.561366
46.9781	0.56752
47.0641	0.418573
47.1481	0.571739
47.2306	0.58198
47.3125	0.58571
47.398	0.561366
47.4804	0.437138
47.5597	0.605105
47.6447	0.564344
47.7298	0.564672
47.8143	0.567686
47.8983	0.571235
47.9829	0.56752
48.0689	0.418573
48.1487	0.300934
48.2222	0.326324
48.2989	0.46937
48.3829	0.571235
48.4679	0.423873
48.5525	0.56752
48.6385	0.557938
48.7235	0.564672
48.8086	0.564181
48.8926	0.571067
48.9782	0.561204
49.0641	0.418813
49.1455	0.294834
49.228	0.29099
49.314	0.279049
49.3943	0.298781
49.4773	0.289148
49.5629	0.420903
49.6483	0.280764
49.7324	0.285534
49.8179	0.280764
49.9033	0.561852
49.9863	0.578296
50.0719	0.560719
50.1584	0.416388
50.2408	0.291077
50.3233	0.29099
50.4098	0.277355
50.4922	0.291338
50.5767	0.283926
50.6632	0.416388
50.7441	0.445123
50.8255	0.589489
50.9115	0.558098
50.9939	0.582502
51.08	0.557618
51.1629	0.57864
51.2449	0.58571
51.33	0.564181
51.415	0.564508
51.4995	0.568183
51.583	0.574829
51.6685	0.561042
51.751	0.582328
51.835	0.571067
51.9201	0.564344
52.0055	0.56169
52.0869	0.589668
52.1678	0.593317
52.2519	0.571067
52.3374	0.561366
52.4223	0.565164
52.5069	0.567686
52.5924	0.561366
52.6779	0.280602
52.7619	0.428426
52.8479	0.558098
52.9325	0.567852
53.0144	0.58571
53.0995	0.564508
53.1855	0.697622
53.2695	0.571403
53.354	0.568017
53.4395	0.561042
53.5255	0.558258
53.6074	0.58624
53.692	0.709401
54.778	0.0331492
55.019	0.0497815
55.1041	0.564017
55.1906	0.555026
55.2704	0.300748
55.3471	0.312914
55.4301	0.289148
55.5161	0.558258
55.6	0.571907
55.682	0.58571
55.767	0.564344
55.851	0.428804
55.9329	0.58571
56.0185	0.561042
56.1034	0.565328
56.1822	0.609139
56.2667	0.567852
56.3522	0.421024
56.4377	0.561366
56.5217	0.428804
56.6031	0.589489
56.6872	0.428301
56.7736	0.555026
56.8566	0.578468
56.9412	0.567852
57.0246	0.574999
57.1071	0.58198
57.1917	0.56752
57.2782	0.554868
57.3585	0.597561
57.4373	0.609139
57.5224	0.564508
57.6073	0.565
57.6914	0.571067
57.7773	0.558418
57.8628	0.561204
57.9489	0.557778
58.0323	0.719173
58.1173	0.564672
58.2024	0.564508
58.2879	0.561204
58.3725	0.709401
58.4584	1.11684
58.5425	1.14213
58.6275	1.27014
58.7135	1.11652
58.799	0.842048
58.8815	0.58198
58.9665	0.564344
59.0525	0.558258
59.137	0.568183
59.22	1.01202
59.305	1.12902
59.3905	1.12338
59.4709	1.19439
59.5523	1.32635
59.6373	1.12902
59.7228	0.98239
59.8083	0.842048
59.8924	0.571067
59.9779	0.420903
60.0598	0.585887
60.1439	0.571235
60.2293	0.421267
60.3128	0.574999
60.3969	0.571067
60.4829	0.418573
60.5673	0.568515
60.6524	0.564181
60.7379	0.561366
60.8229	0.423627
60.9053	0.58198
60.9889	0.574659
61.0748	0.558258
61.1583	0.574999
61.2433	0.423504
61.3289	0.561042
61.4148	0.558418
61.4983	0.574999
61.5803	0.58571
61.6649	0.56752
61.7509	0.557938
61.8349	0.571571
61.9199	0.564181
62.0059	0.418813
62.0899	0.571235
62.1745	0.56752
62.26	0.561528
62.3434	0.575169
62.4259	0.58198
62.5094	0.574659
62.5945	0.564017
62.6801	0.421024
62.7641	0.571235
62.8487	0.56752
62.9347	0.558098
63.0171	0.582328
63.1026	0.420903
63.1876	0.565
63.2674	0.601124
63.351	0.574659
63.4365	0.561366
63.522	0.561204
63.606	0.428804
63.6884	0.58198
63.772	0.574659
63.8579	0.418693
63.9404	0.582328
64.0239	0.574659
64.1085	0.56752
64.194	0.561528
64.2794	0.421146
64.3609	0.589489
64.4439	0.578296
64.5258	0.58571
64.6088	0.578296
64.6948	0.558258
64.7778	0.57864
64.8597	0.58571
64.9458	0.418333
65.0312	0.561852
65.1141	0.578812
65.1987	0.56752
65.2847	0.558098
65.3671	0.437007
65.4511	0.571067
65.5371	0.558258
65.6195	0.436746
65.7056	0.557778
65.7901	0.568017
65.8762	0.418333
65.9616	0.561528
66.0457	0.571235
66.1301	0.568681
66.2136	0.574659
66.2992	0.561042
66.3841	0.565
66.4671	0.578296
66.5526	0.561204
66.6381	0.561528
66.7222	0.713834
66.8067	0.567852
66.8913	0.56752
66.9773	0.418453
67.0576	0.298781
67.1385	0.296658
67.2231	0.426013
67.3081	0.423504
67.3931	0.564344
67.4751	0.58571
67.5575	0.58198
67.6426	0.564508
67.7281	0.561204
67.8116	0.575169
67.8971	0.561204
67.9832	0.557618
68.0687	0.561204
68.1552	0.554709
68.2361	0.59386
68.3159	0.601124
68.3973	0.589489
68.4814	0.571067
68.5674	0.558258
68.6514	0.714254
68.7328	0.589489
68.8163	0.574659
68.9023	0.558098
68.9858	0.575339
69.0651	0.756381
69.1476	0.58198
69.2311	0.574659
69.3166	0.420903
69.3996	0.578812
69.4805	0.444988
69.5665	0.558098
69.652	0.561042
69.7375	0.561204
69.8225	0.564672
69.9085	0.558258
69.9926	0.571235
70.0771	0.56752
70.1626	0.561366
70.244	0.589846
70.3265	0.58198
70.4125	0.558258
70.4944	0.585887
70.5758	0.589489
70.6619	0.557938
70.7463	0.568349
70.8309	0.709607
70.9159	0.564672
70.9983	0.582677
71.0786	0.597195
71.1621	0.718536
71.2477	1.12241
71.3331	1.12338
71.4151	1.31785
71.4986	1.14932
71.5846	1.11684
71.6675	1.30271
71.7452	0.61737
71.8292	0.571571
71.9152	0.418693
72.0011	0.558418
72.0852	0.713834
72.1692	0.571067
72.2552	0.418693
72.3371	0.293031
72.4175	0.298597
72.5015	0.428552
72.5866	0.564344
72.6706	0.571067
72.7561	0.561366
72.8406	0.568349
72.9241	0.574659
73.0092	0.564181
73.0946	0.56169
73.1796	0.564672
73.2642	0.567852
73.3501	0.558418
73.433	0.579157
73.5129	0.751405
73.5953	0.58198
73.6803	0.564672
73.7648	0.568349
73.8488	0.571235
73.9343	0.56169
74.0203	0.697422
74.1048	0.568017
74.1903	0.561366
74.2749	0.567686
74.3594	0.56752
74.445	0.561366
74.5294	0.710229
74.613	0.574659
74.698	0.564508
74.7835	0.421024
74.8685	0.564508
74.9489	0.447896
75.0319	0.578296
75.1179	0.558258
75.1982	0.597378
75.2833	0.564181
75.3683	0.565
75.4522	0.571739
75.5347	0.58198
75.6197	0.564508
75.7052	0.56169
75.7902	0.564672
75.8757	0.561204
75.9617	0.558098
76.0457	0.571403
76.1293	0.574659
76.2143	0.564508
76.2972	0.7233
76.3792	0.58571
76.4627	0.574659
76.5478	0.564344
76.6328	0.423504
76.7168	0.571403
76.8003	0.718324
76.8833	0.578296
76.9694	0.418453
77.0543	0.564836
77.1394	0.423136
77.2248	0.562014
77.3089	0.571067
77.394	0.564181
77.4799	0.558578
77.5618	0.58624
77.6406	0.609139
77.7256	0.564672
77.8095	0.571907
77.8925	0.578296
77.9771	0.56752
78.0631	0.558098
78.145	0.732799
78.228	0.578296
78.312	0.571067
78.398	0.557938
78.4815	0.575169
78.565	0.574659
78.6501	0.564508
78.7344	0.426636
78.8164	0.58571
78.8989	0.58198
78.9839	0.564344
79.0674	0.575169
79.1493	0.58571
79.2329	0.574659
79.3174	0.56752
79.4034	0.558258
79.4869	0.574829
79.5724	0.421389
79.6573	0.565164
79.7428	0.561042
79.8288	0.558418
79.9107	0.585887
79.9968	0.557618
80.0828	0.418693
80.1668	0.571571
80.2498	0.578296
80.3358	0.558098
80.4197	0.571907
80.5042	0.567852
80.5867	0.582328
80.6707	0.571235
80.7562	0.561204
80.8392	0.578468
80.9242	0.423504
81.0102	0.557938
81.0943	0.571235
81.1798	0.561366
81.2638	0.571403
81.3462	0.58198
81.4303	0.571067
81.5154	0.564017
81.6014	0.558418
81.6843	0.434238
81.7657	0.589489
81.8507	0.564344
81.9372	0.555026
82.0202	0.433722
82.1063	0.557778
82.1897	0.431504
82.2722	0.58198
82.3567	0.567686
82.4427	0.418934
82.5251	0.582154
82.6092	0.571067
82.6957	0.416151
82.7792	0.574829
82.8622	0.578296
82.9477	0.561204
83.0327	0.565164
83.113	0.597195
83.1966	0.574659
83.2826	0.557778
83.3681	0.280683
83.4536	0.280764
83.5375	0.285953
83.6221	0.567686
83.7081	0.558258
83.7931	0.564344
83.8777	0.425889
83.9626	0.564836
84.0461	0.575169
84.1296	0.574659
84.2141	0.567852
84.2993	0.564017
84.3848	0.421024
84.4708	0.558098
84.5542	0.575169
84.6367	0.58198
84.7207	0.571067
84.8063	0.561204
84.8907	0.568349
84.9742	0.574829
85.0603	0.557938
85.1462	0.279129
85.2261	0.300562
85.3102	0.285534
85.3957	0.561204
85.4791	0.431376
85.5637	0.56752
85.6497	0.418453
85.7343	0.284009
85.8188	0.28376
85.9044	0.280602
85.9893	0.423627
86.0734	0.571067
86.1585	0.423013
86.2445	0.558098
86.328	0.575169
86.411	0.578296
86.4975	0.554709
86.5814	0.571739
86.665	0.574659
86.7506	0.56088
86.8345	0.571739
86.9159	0.589489
86.9974	0.589489
87.0809	0.574659
87.1664	0.561204
87.2518	0.562014
87.3354	0.574659
87.4214	0.557618
87.5059	0.710436
87.5868	0.593317
87.6698	0.578296
87.7553	0.420781
87.8414	0.558098
87.9253	0.571907
88.0103	0.564508
88.0958	0.280845
88.1802	0.284175
88.2653	0.28209
88.3508	0.561528
88.4327	0.58571
88.5168	0.571067
88.6028	0.558098
88.6873	0.426262
88.7682	0.593317
88.8522	0.571067
88.9382	0.558418
89.0196	0.589668
89.1015	0.58571
89.1856	0.571067
89.2701	0.56752
89.3562	0.558098
89.4396	0.574999
89.5216	0.58571
89.6066	0.564344
89.6911	0.568017
89.7747	0.574659
89.8593	0.56752
89.9438	0.56752
90.0298	0.558258
90.1138	0.571571
90.1998	0.557938
90.2843	0.568349
90.3688	0.567686
90.4544	0.561042
90.5404	0.418693
90.6253	0.564836
90.7047	0.605105
90.7845	0.601124
90.8659	0.589489
90.949	0.578296
91.0349	0.558258
91.12	0.564508
91.1972	0.62157
91.277	0.601124
91.3606	0.574659
91.4461	0.56088
91.5321	0.558258
91.6161	0.571403
91.6997	0.574659
91.7847	0.564672
91.8691	0.568349
91.9511	0.58571
92.0371	0.558098
92.1215	0.568349
92.2035	0.58571
92.286	0.58198
92.372	0.558098
92.4559	0.571571
92.5374	0.589489
92.6239	0.416032
92.7074	0.287584
92.7924	0.282254
92.8784	0.278889
92.9598	0.589846
93.0423	0.58198
93.1273	0.564672
93.2114	0.571067
93.2959	0.709815
93.3813	1.12338
93.4658	1.13637
93.5483	1.16396
93.6333	1.12934
93.7189	1.12176
93.8038	1.13
93.8894	1.12208
93.9755	1.11524
94.0599	1.13736
94.1418	1.17142
94.2279	1.11588
94.3138	1.11652
94.3921	0.766775
94.4709	0.761423
94.5544	0.574659
94.6404	0.558098
94.7255	0.423258
94.8105	0.564344
94.8955	0.423504
94.9816	0.558098
95.064	0.582328
95.1438	0.601124
95.2247	0.593317
95.3093	0.567852
95.3948	0.561042
95.4798	0.565
95.5628	0.578296
95.6479	0.564017
95.7338	0.558418
95.8193	0.561366
95.9039	0.567686
95.9898	0.558418
96.0733	0.575169
96.1553	0.732138
96.2393	0.571067
96.3253	0.558098
96.4093	0.571571
96.4897	0.597195
96.5727	1.01202
96.6577	1.12967
96.7436	1.11684
96.8287	1.26977
96.9106	1.17142
96.9966	1.11588
97.0811	0.994321
97.1662	0.564508
97.2521	0.558418
97.3356	0.574829
97.4212	0.701302
97.5077	0.416151
97.5917	0.285701
97.6757	0.285618
97.7612	0.421267
97.8431	0.586063
97.9213	0.613227
98.0049	0.574659
98.0895	0.56752
98.1754	0.558418
98.2604	0.564672
98.3459	0.420903
98.4289	0.578296
98.5145	0.421024
98.5989	0.568183
98.6819	0.578296
98.7644	0.58198
98.85	0.560719
98.936	0.558418
99.0195	0.574999
99.104	0.568017
99.19	0.557938
99.275	0.423381
99.361	0.557938
99.4466	0.561204
99.5295	0.578984
99.6114	0.58571
99.6944	0.578296
99.78	0.561042
99.8598	0.601124
99.9428	0.578296
100.028	0.56088
100.113	0.564344
100.198	0.567852
100.284	0.561042
100.368	0.567852
100.454	0.56088
100.539	0.564672
100.623	0.567852
100.709	0.561042
100.793	0.568017
100.879	0.420903
100.962	0.578468
101.046	0.568017
101.131	0.565
101.215	0.571739
101.299	0.574659
101.385	0.558098
101.47	0.564508
101.555	0.564181
101.641	0.418693
101.726	0.564836
101.812	0.416151
101.894	0.294923
101.974	0.300562
102.055	0.439283
102.141	0.564508
102.226	0.561852
102.304	0.613614
102.383	0.605105
102.465	0.58571
102.55	0.56752
102.636	0.557938
102.721	0.568183
102.8	0.605105
102.882	0.58571
102.967	0.564344
103.053	0.279129
103.135	0.29099
103.221	0.280602
103.306	0.280764
103.39	0.28733
103.475	0.282418
103.558	0.287584
103.641	0.289148
103.725	0.28733
103.809	0.28376
103.895	0.280602
103.979	0.284092
104.061	0.292855
104.146	0.282172
104.221	0.322261
104.463	0.0494682
104.706	0.0494014
104.79	0.287499
104.875	0.420903
105.161	0.0838987
105.246	0.282418
105.331	0.423381
105.416	0.423627
105.502	0.561042
105.587	0.567686
105.672	0.564181
105.757	0.561852
105.841	0.571067
105.927	0.558258
106.011	0.571571
106.094	0.58198
106.179	0.561042
106.264	0.568515
106.345	0.589489
106.429	0.567852
106.516	0.557938
106.598	0.582677
106.677	0.605105
106.762	0.709815
106.847	0.562014
106.931	0.571235
107.016	0.567686
107.102	0.418693
107.181	0.601867
107.261	0.605105
107.345	0.571235
107.431	0.558418
107.515	0.571403
107.6	0.705635
107.686	1.11684
107.77	1.1357
107.853	1.16396
107.937	1.14281
108.023	1.1162
108.105	1.17213
108.187	1.16396
108.273	1.12208
108.357	1.14281
108.44	1.15659
108.526	1.11556
108.609	0.863008
108.691	0.589489
108.774	0.574659
108.86	0.418573
108.944	0.285701
109.028	0.285534
109.115	0.415914
109.199	0.425889
109.285	0.557938
109.369	0.428804
109.455	0.557458
109.539	0.428552
109.624	0.564836
109.71	0.557778
109.795	0.284092
109.879	0.285701
109.963	0.283843
110.049	0.558578
110.132	0.58198
110.214	0.58571
110.299	0.42066
110.385	0.558258
110.469	0.571403
110.552	0.578296
110.638	0.561366
110.722	0.571235
110.807	0.564181
110.893	0.557938
110.978	0.568349
111.061	0.578296
111.146	0.561042
111.229	0.582328
111.308	0.601124
111.39	0.589489
111.474	0.571067
111.56	0.558258
111.643	0.574999
111.725	0.58571
111.811	0.557938
111.895	0.429056
111.977	0.58571
112.063	0.561042
112.147	0.568515
112.228	0.597195
112.309	0.589489
112.392	0.574659
112.478	0.560719
112.564	0.56169
112.646	0.582154
112.728	0.58571
112.814	0.56088
112.899	0.280845
112.981	0.29099
113.067	0.280602
113.152	0.565
113.235	0.578296
113.32	0.564181
113.405	0.56169
113.488	0.582328
113.571	0.574659
113.657	0.558258
113.742	0.282418
113.824	0.292855
113.91	0.278969
113.994	0.428804
114.08	0.561204
114.165	0.423873
114.251	0.557938
114.335	0.428678
114.419	0.571067
114.505	0.418693
114.588	0.287584
114.673	0.283926
114.759	0.277513
114.842	0.291164
114.926	0.285534
115.012	0.418573
115.097	0.564672
115.18	0.578468
115.263	0.574659
115.348	0.564181
115.434	0.418573
115.518	0.571739
115.601	0.578296
115.686	0.564672
115.772	0.56169
115.855	0.574659
115.941	0.557778
116.027	0.421267
116.112	0.561204
116.196	0.571067
116.283	0.416269
116.366	0.574999
116.45	0.574659
116.536	0.554551
116.619	0.434109
116.703	0.571067
116.789	0.561204
116.874	0.561528
116.955	0.593317
117.04	0.987603
117.126	0.698022
117.207	0.742099
117.288	0.593317
117.373	0.564181
117.459	0.558258
117.545	0.280845
117.627	0.29099
117.713	0.280683
117.798	0.420781
117.882	0.571235
117.968	0.56088
118.053	0.561366
118.139	0.561204
118.224	0.561204
118.308	0.574999
118.391	0.574659
118.476	0.56752
118.562	0.558258
118.647	0.564836
118.726	0.605105
118.808	0.58571
118.894	0.561204
118.977	0.575509
119.061	0.574659
119.146	0.702112
119.226	0.597195
119.307	0.597195
119.391	0.571067
119.476	0.70584
119.56	0.714883
119.645	0.701302
119.731	0.557778
119.816	0.568515
119.9	0.567686
119.985	0.564672
120.069	0.999368
120.155	1.1162
120.239	1.14966
120.322	1.15659
120.408	1.11588
120.492	0.994611
120.573	0.741646
120.656	0.58198
120.742	0.558098
120.825	0.57864
120.91	0.564017
120.996	0.418813
121.077	0.442385
121.158	0.447896
121.243	0.561204
121.329	0.561528
121.415	0.557938
121.5	0.561528
121.586	0.418573
121.671	0.568017
121.756	0.564017
121.841	0.421267
121.926	0.564836
122.01	0.571067
122.095	0.564181
122.181	0.558418
122.267	0.56088
122.352	0.561528
122.438	0.561204
122.522	0.572075
122.602	0.597195
122.687	0.567686
122.773	0.558258
122.856	0.433851
122.941	0.561042
123.027	0.418573
123.112	0.564181
123.197	0.564836
123.282	0.426137
123.36	0.613227
123.438	0.613227
123.524	0.418398
123.609	0.284197
123.687	0.308685
123.769	0.439283
123.853	0.567856
123.938	0.5674
124.024	0.416032
124.103	0.60952
124.182	0.605105
124.264	0.589489
124.344	0.594228
124.426	0.589359
124.511	0.564344
124.595	0.28459
124.675	0.302552
124.752	0.308685
124.83	0.62157
124.91	0.593317
124.993	0.579166
125.076	0.578515
125.151	0.640976
125.226	0.642899
125.302	0.630143
125.378	0.630143
125.455	0.62157
125.532	0.625882
125.604	0.671378
125.674	0.679062
125.745	0.679908
125.816	0.674882
125.887	0.679908
125.957	0.679908
126.028	0.679908
126.098	0.679908
126.17	0.674886
126.24	0.685006
126.31	0.679908
126.38	0.69018
126.449	0.69018
126.52	0.674886
126.59	0.69018
126.66	0.69018
126.729	0.69018
126.799	0.69018
126.868	0.69018
126.938	0.685006
127.008	0.69018
127.077	0.69018
127.147	0.69018
127.216	0.69018
127.286	0.69018
127.356	0.69018
127.425	0.69018
127.495	0.862725
127.565	1.35982
127.636	1.35982
127.706	1.35982
127.777	1.35982
127.848	1.35982
127.918	1.54126
127.987	1.38036
128.057	1.38036
128.126	1.5529
128.198	0.961642
