11.3403	0.0856211
12.3444	0.0239012
12.6237	0.0859168
13.6253	0.0119809
13.7005	0.479217
13.7766	0.630143
13.8596	0.578296
13.9453	0.560557
14.0308	0.561042
14.1144	0.718324
14.1989	0.56752
14.2839	0.423627
14.3648	0.593317
14.4472	0.582677
14.5197	0.662107
14.5938	0.64802
14.6689	0.638957
14.743	0.64802
14.8191	0.630143
14.9032	0.571235
14.9876	0.568349
15.0582	0.679671
15.1299	0.669938
15.2029	0.657344
15.2828	0.601124
15.3673	0.567686
15.4513	0.428678
15.5338	0.58198
15.6178	0.571235
15.6997	0.58624
15.7811	0.589489
15.8636	0.58198
15.9475	0.42893
16.0252	0.61737
16.1056	0.597195
16.1892	0.574659
16.2747	0.56088
16.3566	0.586593
16.4301	0.652649
16.5068	0.625827
16.5888	0.58571
16.6723	0.574659
16.7562	0.571907
16.8408	0.56752
16.9258	0.564508
17.0056	0.451121
17.0875	0.586593
17.1673	0.601309
17.2419	0.643456
17.3191	0.62157
17.4	0.593317
17.484	0.571403
17.569	0.565
17.6483	0.605105
17.7287	0.597195
17.8143	0.560719
17.8983	0.428552
17.9828	0.567686
18.0683	0.421024
18.145	0.625827
18.2207	0.634519
18.3005	0.601124
18.385	0.568183
18.4658	0.445531
18.5389	0.65643
18.6156	0.625827
18.6955	0.601124
18.7774	0.58571
18.8635	0.557778
18.9427	0.454252
19.0184	0.634519
19.0977	0.605105
19.1802	0.58198
19.2658	0.56088
19.3497	0.572075
19.4274	0.61737
19.5135	0.557778
19.5938	0.597929
19.6783	0.567686
19.7607	0.582502
19.8458	0.564344
19.9302	0.568349
20.0111	0.593317
20.092	0.593317
20.1756	0.574659
20.2601	0.56752
20.3456	0.561528
20.4275	0.439415
20.5084	0.593317
20.594	0.561042
20.6727	0.45714
20.7494	0.625827
20.8298	0.746493
20.9159	1.11588
20.9983	1.165
21.0833	1.12836
21.1688	1.12273
21.2513	1.16431
21.3358	1.13537
21.4219	1.11588
21.5033	1.17934
21.5873	1.14247
21.6713	1.14314
21.7532	1.17142
21.8373	1.14213
21.9218	1.13537
22.0079	1.1162
22.0872	1.21059
22.1686	1.17898
22.2536	1.12902
22.336	1.1657
22.4148	1.21828
22.4941	1.21021
22.5771	1.15659
22.6617	1.13504
22.7472	1.12176
22.8317	1.1367
22.9147	1.15659
22.9988	1.14213
23.0847	1.11652
23.1661	1.17969
23.2428	1.25165
23.3232	1.19439
23.4057	1.16396
23.4897	1.14213
23.5753	1.12208
23.6587	1.15068
23.7391	1.19439
23.8216	1.16396
23.9076	1.25572
23.9884	1.18736
24.0719	1.14932
24.1579	1.25608
24.2388	0.593317
24.3224	1.00565
24.4084	1.1162
24.4908	1.16466
24.5691	1.22645
24.6521	1.30117
24.7371	1.12836
24.8222	1.12902
24.9046	1.16466
24.9871	1.16396
25.0726	1.40341
25.1561	1.00595
25.2385	0.582154
25.3235	0.564672
25.4081	0.567852
25.4915	0.719173
25.5724	0.593317
25.6559	0.574659
25.7419	0.558418
25.8254	0.574659
25.9089	0.574659
25.9945	0.561366
26.0759	0.589489
26.1563	0.597195
26.2403	0.571067
26.3254	0.564017
26.4114	0.558418
26.4948	0.574999
26.5768	0.58571
26.6613	0.567852
26.7453	0.571403
26.8289	0.574659
26.9139	0.564344
26.9994	0.561366
27.0829	0.574659
27.169	0.418573
27.2529	0.571571
27.3344	0.589489
27.4179	0.574659
27.5039	0.558258
27.5868	0.578812
27.6682	0.589489
27.7538	0.561204
27.8393	0.561366
27.9248	0.56088
28.0094	0.567686
28.0959	0.416032
28.1753	0.302552
28.2535	0.306613
28.3375	0.428678
28.4235	0.558098
28.507	0.575169
28.5852	0.613227
28.6651	0.601124
28.7449	0.601124
28.83	0.564508
28.9134	0.575339
28.9969	0.575169
29.0736	0.625827
29.1539	0.597195
29.2385	0.567852
29.3249	0.277592
29.4053	0.298689
29.4872	0.292855
29.5727	0.56169
29.6514	0.609711
29.7291	0.61737
29.8106	0.589489
29.8961	0.561366
29.9769	0.594041
30.0525	1.11041
30.1329	1.19439
30.2154	1.16396
30.2994	1.14213
30.3854	1.1162
30.4694	1.14348
30.5544	1.12967
30.6395	1.12803
30.7235	1.14213
30.8081	1.13504
30.8941	1.11652
30.978	1.14348
31.0574	1.21021
31.1367	1.21021
31.2181	1.17898
31.3042	1.11556
31.3881	1.14381
31.4731	1.12902
31.5571	1.14314
31.6432	1.11588
31.7251	1.17177
31.8091	1.14247
31.8946	1.12273
31.9765	1.17177
32.0611	1.1357
32.1456	1.1357
32.2296	1.14314
32.3126	1.15659
32.3951	1.16396
32.4796	1.13504
32.5647	1.12869
32.6502	1.26307
32.7332	1.01232
32.8146	0.589489
32.8997	0.564181
32.9851	0.421267
33.0706	0.561366
33.1536	0.578468
33.2366	0.57864
33.3221	0.561528
33.405	0.57864
33.4885	0.574659
33.574	0.56169
33.6544	0.597195
33.7363	0.58571
33.8219	0.561042
33.9053	0.575339
33.9831	0.61737
34.0661	0.578296
34.1521	0.557938
34.2371	0.564508
34.3201	0.578296
34.4061	0.558258
34.4896	0.574829
34.5741	0.567852
34.6597	0.560719
34.7452	0.56169
34.8302	0.564508
34.9132	0.72287
34.9993	0.557938
35.0832	0.571571
35.1682	0.564672
35.2532	0.564836
35.3383	0.564508
35.4218	0.718324
35.5058	0.571067
35.5904	0.56752
35.6759	0.561366
35.7594	0.574999
35.8449	0.561528
35.9263	0.736861
36.0083	0.58571
36.0933	0.564181
36.1778	0.568017
36.2623	0.568017
36.3478	0.561366
36.4293	0.736861
36.5086	0.605105
36.5937	0.564181
36.6791	0.56169
36.7647	0.561204
36.8497	0.70543
36.9347	1.12967
37.0177	1.15659
37.1012	1.14932
37.1863	1.12902
37.2703	1.14247
37.3558	1.12241
37.4408	1.12934
37.5264	1.12144
37.6115	1.12902
37.697	1.12241
37.782	1.12967
37.8629	1.18663
37.9448	1.17142
38.0299	1.12836
38.1154	1.12241
38.1984	1.15762
38.2793	1.18663
38.3586	1.21021
38.4405	1.17142
38.5266	1.11556
38.6121	1.12241
38.6971	1.27088
38.7806	1.14932
38.8657	1.12902
38.9507	1.12934
39.0326	1.17142
39.1176	1.12902
39.2027	1.12902
39.2862	1.14932
39.3708	1.13504
39.4564	1.12176
39.5413	0.988463
39.6222	0.889975
39.7031	0.593317
39.7846	0.589489
39.8686	0.571067
39.9541	0.98239
40.0381	1.14348
40.1206	1.16396
40.202	1.17898
40.288	1.25572
40.3704	1.165
40.4534	1.15659
40.5394	1.11588
40.625	1.12208
40.7105	1.12241
40.7955	1.12902
40.8785	1.15797
40.9604	1.17142
41.0449	1.1357
41.1309	0.837627
41.2107	0.300562
41.2916	0.593317
41.3767	0.564344
41.4612	0.568183
41.5437	0.727474
41.6272	1.14932
41.7132	1.1162
41.7951	1.17248
41.8775	1.30945
41.9635	0.976671
42.0496	0.836667
42.1279	0.45992
42.2104	0.58198
42.2928	0.58198
42.3789	0.557938
42.4638	0.2825
42.5473	0.28733
42.633	0.280359
42.7189	0.279129
42.7972	0.30671
42.8728	0.31726
42.9532	0.447896
43.0357	0.58198
43.1217	0.558258
43.2062	0.567686
43.2903	0.571067
43.3768	0.554709
43.4593	0.436615
43.5433	0.571067
43.6288	0.561204
43.7128	0.714883
43.7931	0.597195
43.8762	0.578296
43.9606	0.568349
44.0452	0.567686
44.1281	0.578812
44.2127	0.851281
44.2982	0.561366
44.3796	0.589668
44.4599	0.597195
44.5419	0.732138
44.6274	1.12273
44.7093	1.17283
44.7854	1.26029
44.8637	1.22645
44.9488	1.12836
45.0333	1.13603
45.1198	1.1091
45.2012	1.17969
45.2873	1.11588
45.3728	1.12208
45.4569	1.14213
45.5419	1.12902
45.6254	1.15
45.7099	1.1357
45.7944	1.1367
45.8758	1.17898
45.9593	1.14932
46.0438	1.1357
46.1278	1.14381
46.2087	1.18663
46.2942	1.12208
46.3797	1.12306
46.4638	1.14213
46.5493	1.12241
46.6342	1.13
46.7172	1.15659
46.8028	1.12241
46.8883	1.12273
46.9729	1.13504
47.0589	1.11588
47.1434	1.1367
47.2253	1.17142
47.3073	1.31785
47.3928	1.12241
47.4767	0.858112
47.5555	0.304569
47.6405	0.564344
47.725	0.568183
47.8101	0.705226
47.8931	0.578468
47.9777	0.56752
48.0637	0.558098
48.1434	0.601867
48.217	0.652649
48.2937	0.625827
48.3777	0.571235
48.4626	0.565164
48.5461	0.574659
48.6322	0.557938
48.7172	0.564672
48.8023	0.564181
48.8863	0.571067
48.9718	0.561204
49.0578	0.558418
49.1392	0.589668
49.2217	0.58198
49.3077	0.558098
49.388	0.597561
49.471	0.578296
49.5566	0.561204
49.642	0.561528
49.7256	0.574659
49.8116	0.558098
49.897	0.561852
49.9795	0.58198
50.0646	0.564017
50.1505	0.418934
50.2345	0.571403
50.3165	0.58571
50.4025	0.558098
50.4859	0.575339
50.5704	0.567852
50.6564	0.558418
50.7388	0.582328
50.8213	0.58198
50.9073	0.418573
50.9892	0.58624
51.0748	0.56088
51.1582	0.575169
51.2407	0.58198
51.3258	0.564181
51.4108	0.564508
51.4953	0.568183
51.5783	0.578296
51.6643	0.557778
51.7468	0.582328
51.8298	0.578296
51.9148	0.564181
52.0003	0.561852
52.0817	0.589668
52.1626	0.593317
52.2466	0.571067
52.3322	0.561204
52.4171	0.423996
52.5016	0.567686
52.5872	0.561204
52.6732	0.557938
52.7572	0.571235
52.8427	0.421024
52.9272	0.568017
53.0097	0.58198
53.0942	0.568017
53.1802	0.557938
53.2642	0.571571
53.3487	0.426013
53.4343	0.561042
53.5208	0.416151
53.6032	0.291251
53.6878	0.28376
53.7737	0.418693
53.8588	0.564181
53.9449	0.418333
54.0289	0.285701
54.115	0.278649
54.1995	0.426262
54.2824	0.57864
54.3659	0.574659
54.4508	0.565492
54.5312	0.746493
54.6126	0.589489
54.6962	0.574659
54.7827	0.554709
54.863	0.448309
54.9434	0.597195
55.0258	0.436485
55.1109	0.564181
55.1969	0.558418
55.2746	0.617566
55.3529	0.613227
55.4364	0.574659
55.5224	0.558258
55.6063	0.571907
55.6883	0.58571
55.7733	0.564344
55.8573	0.571739
55.9392	0.58571
56.0248	0.561042
56.1097	0.565328
56.1885	0.609139
56.273	0.568017
56.359	0.697422
56.4445	0.561366
56.528	0.575169
56.6094	0.589489
56.6934	0.714044
56.7794	1.11684
56.8624	1.15659
56.9475	1.26977
57.0309	1.15
57.1134	1.30945
57.198	1.70256
57.284	1.81486
57.3633	1.81588
57.4421	1.9797
57.5276	2.24481
57.612	2.41548
57.6961	2.42704
57.7825	2.77592
57.8676	1.97578
57.9536	1.53433
58.0376	1.28603
58.1226	1.12934
58.2076	1.12902
58.2932	1.12241
58.3788	1.12144
58.4642	1.2638
58.5483	1.14213
58.6338	1.12208
58.7198	1.11684
58.8048	1.12934
58.8867	1.17142
58.9718	1.12902
59.0572	1.12306
59.1423	0.988176
59.2263	0.856601
59.3113	0.705635
59.3968	0.842534
59.4772	0.597195
59.5586	0.589489
59.6436	0.564508
59.7291	0.561366
59.8136	0.568349
59.8976	0.571067
59.9837	0.557938
60.064	0.597195
60.1486	0.567852
60.2346	0.558098
60.3181	0.574999
60.4021	0.571067
60.4881	0.558098
60.5725	0.284258
60.6576	0.282172
60.7421	0.284092
60.8271	0.564836
60.9095	0.58198
60.9931	0.574659
61.0791	0.558258
61.1636	0.567852
61.2486	0.564672
61.3341	0.561204
61.4201	0.418813
61.5036	0.574829
61.5855	0.58571
61.6701	0.56752
61.7561	0.418453
61.8401	0.285785
61.9252	0.282172
62.0112	0.418693
62.0952	0.428426
62.1798	0.56752
62.2652	0.56169
62.3487	0.574999
62.4312	0.58198
62.5147	0.574659
62.5998	0.564017
62.6853	0.561366
62.7693	0.571235
62.8539	0.56752
62.9399	0.558098
63.0223	0.582328
63.1079	0.561204
63.1928	0.565
63.2737	0.593317
63.3578	0.571067
63.4438	0.557938
63.5288	0.564836
63.6133	0.568017
63.6963	0.578296
63.7793	0.578296
63.8653	0.558258
63.9482	0.57864
64.0323	0.571067
64.1169	0.56752
64.2029	0.418693
64.2873	0.568349
64.3687	0.589489
64.4523	0.574659
64.5342	0.58571
64.6172	0.578296
64.7032	0.418693
64.7862	0.28932
64.8681	0.292855
64.9542	0.418333
65.0401	0.418934
65.122	0.586063
65.2061	0.571067
65.292	0.558258
65.3744	0.582502
65.459	0.709401
65.5444	1.1237
65.6269	1.16431
65.7135	1.10879
65.7975	0.857356
65.8835	0.557938
65.9674	0.571907
66.052	0.567686
66.1364	0.426511
66.2199	0.574659
66.3055	0.420781
66.3904	0.565
66.4745	0.571067
66.56	0.561204
66.6455	0.561528
66.7295	0.571067
66.8141	0.567852
66.8986	0.56752
66.9847	0.558098
67.0645	0.601309
67.1464	0.58571
67.2309	0.568017
67.3159	0.564672
67.4005	0.567852
67.4824	0.58571
67.5654	0.578296
67.851	0.12608
67.9365	0.280683
68.0214	0.423627
68.108	0.692794
68.1925	0.568681
68.2718	0.605105
68.3516	0.601124
68.4346	0.578296
68.5202	0.561042
68.6051	0.565
68.6871	0.58571
68.7701	0.578296
68.8552	0.564181
68.9411	0.558578
69.0204	0.605105
69.1013	0.593317
69.1849	0.574659
69.2699	0.564344
69.3549	0.564836
69.4358	0.593317
69.5193	0.574999
69.6042	0.565
69.6893	0.564344
69.7753	0.557938
69.8603	0.564836
69.9453	0.564836
70.0293	0.571067
70.1144	0.564344
70.1999	0.561366
70.2803	0.597195
70.3653	0.564344
70.4503	0.2825
70.5317	0.294744
70.6158	0.285534
70.7017	0.558418
70.7852	0.574999
70.8697	0.567686
70.9558	0.558098
71.0361	0.597561
71.1165	0.597195
71.2015	0.564672
71.2875	0.557938
71.3704	0.578812
71.4529	0.58198
71.5384	0.561204
71.6239	0.56169
71.7032	0.605293
71.7825	0.605105
71.8685	0.558258
71.9539	0.56169
72.0384	0.568183
72.122	0.718324
72.207	1.12902
72.2909	1.14415
72.3718	1.18663
72.4537	1.17142
72.5388	1.12869
72.6228	1.14281
72.7084	1.12144
72.7939	1.12338
72.8768	1.15728
72.9609	1.14213
73.0464	1.12273
73.1319	1.12306
73.2159	1.14247
73.3019	1.1162
73.3878	1.11684
73.4677	1.20262
73.5475	1.20225
73.6326	1.12869
73.7181	1.12208
73.8016	1.29451
73.8876	1.11588
73.9726	1.12902
74.0586	1.25644
74.1437	0.564181
74.2281	0.426137
74.3132	0.564181
74.3978	0.42564
74.4838	0.558418
74.5673	0.574829
74.6508	0.718324
74.7368	0.558098
74.8228	0.557778
74.9048	0.439415
74.9857	0.593317
75.0707	0.564508
75.1541	0.575509
75.2361	0.58571
75.3216	0.561204
75.4071	0.561528
75.4895	0.582154
75.5725	0.578296
75.6585	0.558258
75.744	0.561366
75.8285	0.426137
75.9145	0.557938
75.9995	0.564836
76.0825	0.578296
76.1671	0.56752
76.2521	0.564836
76.3345	0.58198
76.4165	0.58571
76.5006	0.571067
76.5856	0.423504
76.6706	0.564672
76.7546	0.571067
76.8371	0.58198
76.9222	0.564017
77.0082	0.418813
77.0932	0.564508
77.1782	0.564672
77.2637	0.561366
77.3477	0.571067
77.4338	0.557938
77.5192	0.561852
77.5975	0.613227
77.6794	0.58571
77.766	0.416032
77.8478	0.58624
77.9314	0.574659
78.017	0.56088
78.1008	0.572243
78.1833	0.58198
78.2663	0.578296
78.3519	0.560719
78.4374	0.56169
78.5204	0.578296
78.6039	0.574659
78.6899	0.558418
78.7723	0.582502
78.8542	0.58571
78.9383	0.571067
79.0238	0.561204
79.1052	0.589668
79.1877	0.58198
79.2717	0.571067
79.3573	0.561042
79.4407	0.575509
79.5262	0.561204
79.6117	0.280764
79.6972	0.280764
79.7832	0.278969
79.8666	0.431759
79.9506	0.571067
80.0367	0.558098
80.1221	0.561528
80.2051	0.578468
80.2897	0.567686
80.3756	0.558418
80.4581	0.436746
80.542	0.571739
80.6245	0.58198
80.7101	0.560719
80.7961	0.557938
80.8801	0.571235
80.9652	0.564672
81.0501	0.564836
81.1352	0.564344
81.2196	0.568349
81.3026	0.578296
81.3862	0.574659
81.4708	0.56752
81.5563	0.561042
81.6422	0.558578
81.7226	0.746493
81.8056	0.578296
81.8922	0.416032
81.9772	0.564672
82.0612	0.428301
82.1477	0.555026
82.2302	0.58198
82.3126	0.58198
82.3987	0.558098
82.4831	0.568349
82.5661	0.578296
82.6517	0.561042
82.7366	0.564836
82.8196	0.578296
82.9037	0.571067
82.9897	0.558418
83.0721	0.582502
83.153	0.593317
83.2386	0.560719
83.3245	0.558258
83.4096	0.705635
83.495	0.56169
83.578	0.57864
83.664	0.557778
83.749	0.565
83.8341	0.70543
83.9196	0.56088
84.0046	0.565
84.0871	0.58198
84.1706	0.574659
84.2546	0.714254
84.3401	1.12241
84.4257	1.12208
84.5106	1.13033
84.5936	1.15659
84.6766	1.15659
84.7612	1.13504
84.8472	1.11684
84.9296	1.16431
85.0146	1.12902
85.1012	1.10942
85.1846	1.15068
85.2655	1.18663
85.3506	1.12869
85.4355	1.12967
85.5191	1.14932
85.6047	1.12144
85.6901	1.12338
85.7747	1.13504
85.8598	1.12836
85.9453	1.12306
86.0293	1.14281
86.1138	1.13504
86.1994	1.12208
86.2844	1.12902
86.3674	1.15762
86.4519	1.13537
86.5374	0.982957
86.6219	0.709815
86.7059	0.713834
86.7914	1.12306
86.8729	1.17898
86.9543	1.17898
87.0368	1.16396
87.1213	1.13504
87.2078	1.11005
87.2923	0.852524
87.3773	0.564344
87.4618	0.426013
87.5453	0.575169
87.6267	0.442117
87.7118	0.564344
87.7973	0.561042
87.8828	0.56169
87.9663	0.574999
88.0528	0.554709
88.2962	0.0492898
88.3807	0.284092
88.4648	0.428301
88.5493	0.425764
88.6353	0.558418
88.7167	0.589846
88.7981	0.589489
88.8837	0.561042
88.9686	0.565
89.0495	0.593317
89.132	0.58198
89.216	0.571067
89.3016	0.560719
89.3871	0.56169
89.4696	0.58198
89.5521	0.58198
89.6376	0.561042
89.7227	0.564344
89.8051	0.58198
89.8897	0.709401
89.9753	0.56088
90.0613	0.558418
90.1453	0.571067
90.2313	0.558418
90.3153	0.714254
90.4004	0.564181
90.4859	0.561366
90.5718	0.418813
90.6537	0.586063
90.7341	0.597195
90.8145	0.597195
90.8964	0.58571
90.9809	0.567852
91.0669	0.558418
91.1478	0.593317
91.2256	0.61737
91.308	0.58198
91.3926	0.56752
91.4786	0.557938
91.5641	0.561366
91.6471	0.578468
91.7312	0.571067
91.8172	0.558258
91.8996	0.582328
91.9841	0.567686
92.0701	0.558418
92.1515	0.589846
92.234	0.58198
92.3185	0.567686
92.4039	0.421389
92.4859	0.58571
92.5699	0.571403
92.6554	0.56169
92.7404	0.564344
92.825	0.567686
92.9099	0.565
92.9903	0.597195
93.0738	0.574659
93.1593	0.561204
93.2424	0.578296
93.3279	0.561204
93.4139	0.418573
93.4968	0.578812
93.5798	0.578468
93.6653	0.561042
93.7514	0.557938
93.8364	0.564508
93.9219	0.561204
94.0085	0.554551
94.0904	0.439812
94.1739	0.574659
94.2599	0.418693
94.3443	0.568515
94.421	0.625827
94.5019	0.593317
94.5859	0.571235
94.6709	0.565
94.7559	0.564508
94.841	0.564344
94.9265	0.561042
95.0109	0.426511
95.0918	0.593317
95.1717	0.601124
95.2531	0.589489
95.3387	0.561042
95.4247	0.557938
95.5076	0.578812
95.5906	0.578296
95.6756	0.564508
95.7616	0.558258
95.8461	0.568017
95.9317	0.561042
96.0171	0.561852
96.0996	0.582154
96.1826	0.578296
96.2677	0.564181
96.3536	0.558258
96.4361	0.582154
96.5165	0.597195
96.601	0.56752
96.687	0.558418
96.773	0.558258
96.8549	0.732138
96.939	0.571067
97.0249	0.558418
97.109	0.571235
97.195	0.558098
97.2789	0.429056
97.364	0.564181
97.45	0.557938
97.5344	0.568349
97.6179	0.431122
97.7025	0.568017
97.7874	0.565
97.8678	0.597378
97.9487	0.593317
98.0322	0.574659
98.1172	0.564344
98.2027	0.56169
98.2877	0.564508
98.3727	0.564672
98.4568	0.571067
98.5428	0.557938
98.6284	0.561204
98.7103	0.58571
98.7938	0.574659
98.8794	0.561204
98.9648	0.702112
99.0478	0.578296
99.1328	0.564508
99.2188	0.558418
99.3034	0.709401
99.3889	1.12306
99.4754	1.10942
99.5563	1.33537
99.6382	1.17142
99.7223	1.14213
99.8073	1.27014
99.8877	0.597195
99.9717	0.571067
100.057	0.561204
100.142	0.70543
100.227	0.56752
100.312	0.561204
100.397	0.567686
100.482	0.561366
100.568	0.564181
100.652	0.567852
100.738	0.561204
100.821	0.574999
100.907	0.561366
100.988	0.593317
101.074	0.558098
101.159	0.561204
101.242	0.578812
101.326	0.568017
101.411	0.568183
101.495	0.567852
101.58	0.564672
101.665	0.423627
101.752	0.557938
101.837	0.558418
101.918	0.593317
101.998	0.601124
102.082	0.574659
102.168	0.557938
102.252	0.572411
102.329	0.61737
102.41	0.597195
102.493	0.578296
102.577	0.56752
102.663	0.418693
102.747	0.285701
102.826	0.304569
102.909	0.433722
102.995	0.557938
103.08	0.568183
103.164	0.571067
103.25	0.558258
103.333	0.575169
103.417	0.713834
103.504	1.10942
103.586	1.16466
103.669	1.15659
103.753	1.14213
103.838	1.12803
103.924	1.11652
104.007	1.15694
104.089	1.17142
104.176	1.1091
104.26	1.13603
104.341	1.19439
104.426	1.12934
104.511	1.12273
104.595	1.14415
104.68	1.12836
104.764	1.15034
104.849	1.12208
104.935	1.12273
105.019	1.14314
105.102	1.14932
105.188	1.11588
105.273	1.13603
105.358	1.12967
105.443	1.12902
105.528	1.12241
105.613	1.13504
105.698	1.12208
105.783	1.13703
105.869	1.11492
105.954	1.12306
106.037	1.30194
106.12	1.15659
106.206	0.976391
106.29	0.575339
106.372	0.439283
106.457	0.7011
106.543	0.418813
106.623	0.907939
106.705	0.732138
106.791	0.557938
106.876	0.565
106.96	0.571235
107.045	0.564508
107.131	0.418693
107.206	0.319688
107.286	0.298597
107.371	0.423381
107.456	0.421389
107.541	0.571235
107.626	0.70584
107.711	0.842534
107.796	0.567686
107.879	0.578296
107.964	0.420903
108.05	0.561528
108.131	0.442117
108.214	0.578296
108.299	0.564836
108.382	0.578296
108.464	0.58198
108.55	0.558258
108.632	0.585887
108.714	0.58571
108.799	0.564181
108.885	0.56169
108.967	0.58198
109.052	0.564017
109.138	0.558258
109.224	0.56088
109.309	0.561528
109.395	0.564181
109.48	0.701505
109.565	0.564017
109.651	0.421024
109.737	0.558098
109.821	0.567852
109.904	0.57864
109.99	0.561204
110.075	0.565
110.156	0.589489
110.239	0.578296
110.325	0.561204
110.411	0.279129
110.494	0.28733
110.577	0.289148
110.662	0.565
110.747	0.56752
110.832	0.564181
110.918	0.558258
111.002	0.428678
111.086	0.571067
111.172	0.557938
111.252	0.447896
111.331	0.605105
111.413	0.589489
111.498	0.564181
111.584	0.279209
111.666	0.29099
111.749	0.289148
111.835	0.558418
111.918	0.578812
112	0.58571
112.086	0.561366
112.169	0.578984
112.25	0.593317
112.332	0.58198
112.416	0.574659
112.502	0.557778
112.586	0.426262
112.669	0.58198
112.751	0.58571
112.837	0.557938
112.92	0.571739
113.004	0.574659
113.091	0.554709
113.176	0.282336
113.258	0.29099
113.343	0.282254
113.429	0.558258
113.511	0.58571
113.596	0.567852
113.682	0.558258
113.765	0.575169
113.847	0.58198
113.933	0.418813
114.017	0.574829
114.103	0.558098
114.189	0.418693
114.274	0.561528
114.358	0.571067
114.443	0.567852
114.529	0.558418
114.611	0.58198
114.697	0.557778
114.783	0.561852
114.866	0.578296
114.95	0.56752
115.036	0.558418
115.122	0.701302
115.204	0.58198
115.289	0.571067
115.374	0.564181
115.46	0.558418
115.543	0.574999
115.627	0.718324
115.713	0.558098
115.798	0.561366
115.883	0.56752
115.969	0.558098
116.054	0.561528
116.139	0.705635
116.224	0.564344
116.31	0.558418
116.393	0.58198
116.477	0.56752
116.564	0.416151
116.646	0.582154
116.73	0.571067
116.816	0.558098
116.9	0.571739
116.983	0.578296
117.069	0.701707
117.155	1.11652
117.234	1.21021
117.316	1.17142
117.402	1.12208
117.487	1.11684
117.571	1.14348
117.655	1.14281
117.741	1.12273
117.825	1.1357
117.91	1.14213
117.995	1.12241
118.081	1.12241
118.166	0.982106
118.251	0.706045
118.335	0.574659
118.418	0.574659
118.504	0.560719
118.589	0.421267
118.672	0.868477
118.752	0.751405
118.835	0.574659
118.921	0.558098
119.003	0.590025
119.088	0.987603
119.173	1.12967
119.252	1.21021
119.334	1.17142
119.418	1.14213
119.504	1.11652
119.588	1.14281
119.674	1.12241
119.759	1.12273
119.843	1.14348
119.929	1.11524
120.014	1.1357
120.099	1.12144
120.185	1.12306
120.267	1.16396
120.351	1.14213
120.437	1.11684
120.52	1.16466
120.6	1.20225
120.684	1.13537
120.77	1.12338
120.852	1.16396
120.938	1.11524
121.024	1.2638
121.105	1.18663
121.187	1.17142
121.273	1.11652
121.357	1.13603
121.443	0.976951
121.529	0.558098
121.613	0.426262
121.699	0.42066
121.784	0.564508
121.87	0.418573
121.955	0.568017
122.039	0.567686
122.125	0.56088
122.21	0.565164
122.294	0.567852
122.38	0.561366
122.466	0.558098
122.547	0.590204
122.628	0.589489
122.714	0.561204
122.799	0.564836
122.883	0.571067
122.969	0.561204
123.054	0.561528
123.14	0.560719
123.226	0.697422
123.308	0.582502
123.384	0.634519
123.465	0.589489
123.551	0.702276
123.631	1.18736
123.71	1.22645
123.794	1.2849
123.878	1.13571
123.963	1.1348
124.048	1.27199
124.126	0.613227
124.206	0.601124
124.287	0.593327
124.367	1.05335
124.448	1.17142
124.535	1.11005
124.618	1.15068
124.697	0.613227
124.776	0.605105
124.855	0.609139
124.937	0.58198
125.021	0.719398
125.1	0.869323
