10.0344	1
10.0344	2
10.0344	3
10.0344	4
10.0344	5
10.0344	6
10.0344	7
10.0344	8
10.0344	9
10.0344	10
11.0344	0
11.0344	1
13.0344	0
13.0344	1
13.0757	0
13.0757	1
13.0757	2
13.3192	1
13.3192	2
14.3192	0
14.3192	1
14.3592	0
14.3592	1
14.3592	2
14.3592	3
14.6028	2
14.6028	3
15.6028	0
15.6028	1
15.6464	0
15.6464	1
15.6464	2
15.6889	1
15.6889	2
15.7283	0
15.7283	1
15.7283	2
15.7698	0
15.7698	1
15.7698	2
15.8107	0
15.8107	1
15.8107	2
15.8507	0
15.8507	1
15.8507	2
15.8932	0
15.8932	1
15.8932	2
15.9357	0
15.9357	1
15.9357	2
15.9766	0
15.9766	1
15.9766	2
16.016	0
16.016	1
16.016	2
16.0544	0
16.0544	1
16.0544	2
16.0544	3
16.0948	1
16.0948	2
16.0948	3
16.1347	1
16.1347	2
16.1347	3
16.1762	1
16.1762	2
16.1762	3
16.2188	1
16.2188	2
16.2188	3
16.2613	1
16.2613	2
16.2613	3
16.3043	1
16.3043	2
16.3043	3
16.3473	1
16.3473	2
16.3473	3
16.3851	1
16.3851	2
16.3851	3
16.4214	1
16.4214	2
16.4214	3
16.4582	1
16.4582	2
16.4582	3
16.4582	4
16.4955	2
16.4955	3
16.4955	4
16.4965	2
16.4965	3
16.4965	4
16.5364	2
16.5364	3
16.5364	4
16.5375	2
16.5375	3
16.5375	4
16.5774	2
16.5774	3
16.5774	4
16.5785	2
16.5785	3
16.5785	4
16.6189	2
16.6189	3
16.6189	4
16.62	2
16.62	3
16.62	4
16.6604	2
16.6604	3
16.6604	4
16.6615	2
16.6615	3
16.6615	4
16.6615	5
16.703	3
16.703	4
16.703	5
16.704	3
16.704	4
16.704	5
16.7454	3
16.7454	4
16.7454	5
16.7465	3
16.7465	4
16.7465	5
16.7869	3
16.7869	4
16.7869	5
16.788	3
16.788	4
16.788	5
16.8295	3
16.8295	4
16.8295	5
16.8305	3
16.8305	4
16.8305	5
16.8715	3
16.8715	4
16.8715	5
16.8725	3
16.8725	4
16.8725	5
16.8725	6
16.9145	4
16.9145	5
16.9145	6
16.9156	4
16.9156	5
16.9156	6
16.957	4
16.957	5
16.957	6
16.9575	5
16.9575	6
16.958	4
16.958	5
16.9586	4
16.9964	3
16.9969	2
16.9974	1
16.9974	2
16.998	1
16.998	2
16.998	3
17.0363	1
17.0363	2
17.0363	3
17.0798	1
17.0798	2
17.0798	3
17.1223	1
17.1223	2
17.1223	3
17.1601	1
17.1601	2
17.1601	3
17.1985	1
17.1985	2
17.1985	3
17.1985	4
17.2353	2
17.2353	3
17.2353	4
17.2363	2
17.2363	3
17.2363	4
17.2736	2
17.2736	3
17.2736	4
17.2747	2
17.2747	3
17.2747	4
17.3125	2
17.3125	3
17.3125	4
17.3135	2
17.3135	3
17.3135	4
17.3514	2
17.3514	3
17.3514	4
17.3524	2
17.3524	3
17.3524	4
17.3929	2
17.3929	3
17.3929	4
17.3939	2
17.3939	3
17.3939	4
17.4328	2
17.4328	3
17.4328	4
17.4328	5
17.4338	3
17.4338	4
17.4338	5
17.4748	3
17.4748	4
17.4748	5
17.4759	3
17.4759	4
17.4759	5
17.5178	3
17.5178	4
17.5178	5
17.5188	3
17.5188	4
17.5188	5
17.5613	3
17.5613	4
17.5613	5
17.5618	4
17.5618	5
17.5624	4
17.5624	5
17.6012	3
17.6012	4
17.6018	3
17.6023	2
17.6028	1
17.6028	2
17.6406	1
17.6406	2
17.6406	3
17.68	1
17.68	2
17.68	3
17.7199	1
17.7199	2
17.7199	3
17.7604	1
17.7604	2
17.7604	3
17.8035	1
17.8035	2
17.8035	3
17.846	2
17.846	3
17.8465	2
17.8465	3
17.888	1
17.888	2
17.8885	1
17.8885	2
17.93	1
17.93	2
17.9731	0
17.9731	1
17.9731	2
18.0156	0
18.0156	1
18.0156	2
18.0586	0
18.0586	1
18.0586	2
18.1001	0
18.1001	1
18.1001	2
18.1389	0
18.1389	1
18.1389	2
18.1768	0
18.1768	1
18.1768	2
18.2146	0
18.2146	1
18.2146	2
18.2529	0
18.2529	1
18.2529	2
18.2929	0
18.2929	1
18.2929	2
18.3328	0
18.3328	1
18.3328	2
18.3758	0
18.3758	1
18.3758	2
18.4188	0
18.4188	1
18.4188	2
18.4592	0
18.4592	1
18.4592	2
18.4954	0
18.4954	1
18.4954	2
18.5318	0
18.5318	1
18.5318	2
18.5691	0
18.5691	1
18.5691	2
18.608	0
18.608	1
18.608	2
18.6479	0
18.6479	1
18.6479	2
18.6873	0
18.6873	1
18.6873	2
18.7267	0
18.7267	1
18.7267	2
18.7666	0
18.7666	1
18.7666	2
18.8092	0
18.8092	1
18.8092	2
18.8522	0
18.8522	1
18.8522	2
18.8952	0
18.8952	1
18.8952	2
18.9356	0
18.9356	1
18.9356	2
18.9745	0
18.9745	1
18.9745	2
19.0123	0
19.0123	1
19.0123	2
19.0501	0
19.0501	1
19.0501	2
19.0895	0
19.0895	1
19.0895	2
19.13	0
19.13	1
19.13	2
19.1715	0
19.1715	1
19.1715	2
19.2135	0
19.2135	1
19.2135	2
19.2561	0
19.2561	1
19.2561	2
19.2561	3
19.299	1
19.299	2
19.299	3
19.3415	1
19.3415	2
19.3415	3
19.3804	1
19.3804	2
19.3804	3
19.4182	1
19.4182	2
19.4182	3
19.4592	1
19.4592	2
19.4592	3
19.5022	1
19.5022	2
19.5022	3
19.5452	1
19.5452	2
19.5452	3
19.5845	1
19.5845	2
19.5845	3
19.6239	1
19.6239	2
19.6239	3
19.6239	4
19.6659	2
19.6659	3
19.6659	4
19.667	2
19.667	3
19.667	4
19.7095	2
19.7095	3
19.7095	4
19.7105	2
19.7105	3
19.7105	4
19.7494	2
19.7494	3
19.7494	4
19.7504	2
19.7504	3
19.7504	4
19.7898	2
19.7898	3
19.7898	4
19.7909	2
19.7909	3
19.7909	4
19.8324	2
19.8324	3
19.8324	4
19.8334	2
19.8334	3
19.8334	4
19.8749	2
19.8749	3
19.8749	4
19.8749	5
19.8759	3
19.8759	4
19.8759	5
19.9179	3
19.9179	4
19.9179	5
19.9189	4
19.9189	5
19.9195	4
19.9195	5
19.9583	3
19.9583	4
19.9588	3
19.9593	2
19.9599	1
19.9599	2
19.9987	1
19.9987	2
19.9987	3
20.0387	1
20.0387	2
20.0387	3
20.0786	1
20.0786	2
20.0786	3
20.1196	1
20.1196	2
20.1196	3
20.1616	1
20.1616	2
20.1616	3
20.2031	1
20.2031	2
20.2031	3
20.2451	1
20.2451	2
20.2451	3
20.2451	4
20.2882	2
20.2882	3
20.2882	4
20.3306	2
20.3306	3
20.3306	4
20.3312	3
20.3312	4
20.3726	2
20.3726	3
20.3731	2
20.3736	1
20.3736	2
20.413	1
20.413	2
20.413	3
20.454	1
20.454	2
20.454	3
20.4939	1
20.4939	2
20.4939	3
20.5354	1
20.5354	2
20.5354	3
20.5785	1
20.5785	2
20.5785	3
20.6215	1
20.6215	2
20.6215	3
20.6614	2
20.6614	3
20.6619	2
20.6619	3
20.7008	1
20.7008	2
20.7013	1
20.7013	2
20.7386	1
20.7386	2
20.7386	3
20.7775	1
20.7775	2
20.7775	3
20.8169	1
20.8169	2
20.8169	3
20.8584	1
20.8584	2
20.8584	3
20.9014	1
20.9014	2
20.9014	3
20.9444	1
20.9444	2
20.9444	3
20.9864	2
20.9864	3
20.9869	2
20.9869	3
21.0289	1
21.0289	2
21.0295	1
21.0295	2
21.0715	1
21.0715	2
21.0715	3
21.1145	1
21.1145	2
21.1145	3
21.157	1
21.157	2
21.157	3
21.2	1
21.2	2
21.2	3
21.2415	2
21.2415	3
21.2421	2
21.2421	3
21.2825	1
21.2825	2
21.283	1
21.283	2
21.3251	1
21.3251	2
21.3251	3
21.3676	1
21.3676	2
21.3676	3
21.4106	1
21.4106	2
21.4106	3
21.4525	1
21.4525	2
21.4525	3
21.493	1
21.493	2
21.493	3
21.534	1
21.534	2
21.534	3
21.576	1
21.576	2
21.576	3
21.6195	1
21.6195	2
21.6195	3
21.661	2
21.661	3
21.6615	2
21.6615	3
21.7014	1
21.7014	2
21.702	1
21.702	2
21.7429	1
21.7429	2
21.7429	3
21.7839	1
21.7839	2
21.7839	3
21.8259	1
21.8259	2
21.8259	3
21.868	1
21.868	2
21.868	3
21.91	1
21.91	2
21.91	3
21.9525	1
21.9525	2
21.9525	3
21.9955	1
21.9955	2
21.9955	3
22.0369	1
22.0369	2
22.0369	3
22.0763	1
22.0763	2
22.0763	3
22.1152	1
22.1152	2
22.1152	3
22.1562	1
22.1562	2
22.1562	3
22.1977	1
22.1977	2
22.1977	3
22.2402	1
22.2402	2
22.2402	3
22.2832	1
22.2832	2
22.2832	3
22.3262	1
22.3262	2
22.3262	3
22.3656	1
22.3656	2
22.3656	3
22.4045	1
22.4045	2
22.4045	3
22.4439	1
22.4439	2
22.4439	3
22.4827	1
22.4827	2
22.4827	3
22.5237	1
22.5237	2
22.5237	3
22.5652	1
22.5652	2
22.5652	3
22.6072	1
22.6072	2
22.6072	3
22.6493	1
22.6493	2
22.6493	3
22.6913	1
22.6913	2
22.6913	3
22.7339	1
22.7339	2
22.7339	3
22.7768	1
22.7768	2
22.7768	3
22.8193	1
22.8193	2
22.8193	3
22.8598	1
22.8598	2
22.8598	3
22.9013	1
22.9013	2
22.9013	3
22.9428	1
22.9428	2
22.9428	3
22.9843	1
22.9843	2
22.9843	3
23.0273	1
23.0273	2
23.0273	3
23.0273	4
23.0703	2
23.0703	3
23.0703	4
23.1133	2
23.1133	3
23.1133	4
23.1138	3
23.1138	4
23.1543	2
23.1543	3
23.1548	2
23.1553	1
23.1553	2
23.1947	1
23.1947	2
23.1947	3
23.2325	1
23.2325	2
23.2325	3
23.2709	1
23.2709	2
23.2709	3
23.3108	1
23.3108	2
23.3108	3
23.3518	1
23.3518	2
23.3518	3
23.3928	1
23.3928	2
23.3928	3
23.4343	1
23.4343	2
23.4343	3
23.4763	1
23.4763	2
23.4763	3
23.5183	1
23.5183	2
23.5183	3
23.5183	4
23.5614	2
23.5614	3
23.5614	4
23.6038	2
23.6038	3
23.6038	4
23.6044	3
23.6044	4
23.6458	2
23.6458	3
23.6463	2
23.6468	1
23.6468	2
23.6857	1
23.6857	2
23.6857	3
23.7256	1
23.7256	2
23.7256	3
23.7671	1
23.7671	2
23.7671	3
23.8081	1
23.8081	2
23.8081	3
23.8507	1
23.8507	2
23.8507	3
23.8936	1
23.8936	2
23.8936	3
23.9366	1
23.9366	2
23.9366	3
23.9776	2
23.9776	3
23.9781	2
23.9781	3
24.0181	1
24.0181	2
24.0186	1
24.0186	2
24.059	1
24.059	2
24.1021	0
24.1021	1
24.1021	2
24.1456	0
24.1456	1
24.1456	2
24.187	0
24.187	1
24.187	2
24.2275	0
24.2275	1
24.2275	2
24.269	0
24.269	1
24.269	2
24.3105	0
24.3105	1
24.3105	2
24.3525	0
24.3525	1
24.3525	2
24.3955	0
24.3955	1
24.3955	2
24.4385	0
24.4385	1
24.4385	2
24.4805	0
24.4805	1
24.4805	2
24.5204	0
24.5204	1
24.5204	2
24.5593	0
24.5593	1
24.5593	2
24.5982	0
24.5982	1
24.5982	2
24.6391	0
24.6391	1
24.6391	2
24.6812	0
24.6812	1
24.6812	2
24.7232	0
24.7232	1
24.7232	2
24.7662	0
24.7662	1
24.7662	2
24.8088	0
24.8088	1
24.8088	2
24.8518	0
24.8518	1
24.8518	2
24.8943	0
24.8943	1
24.8943	2
24.9342	0
24.9342	1
24.9342	2
24.9752	0
24.9752	1
24.9752	2
25.0183	0
25.0183	1
25.0183	2
25.0607	0
25.0607	1
25.0607	2
25.1033	0
25.1033	1
25.1033	2
25.1447	0
25.1447	1
25.1447	2
25.1852	0
25.1852	1
25.1852	2
25.2251	0
25.2251	1
25.2251	2
25.2682	0
25.2682	1
25.2682	2
25.3112	0
25.3112	1
25.3112	2
25.3532	0
25.3532	1
25.3532	2
25.3957	0
25.3957	1
25.3957	2
25.3957	3
25.4388	1
25.4388	2
25.4388	3
25.4812	2
25.4812	3
25.4817	2
25.4817	3
25.5211	1
25.5211	2
25.5217	1
25.5217	2
25.5605	1
25.5605	2
25.5605	3
25.6031	1
25.6031	2
25.6031	3
25.6441	1
25.6441	2
25.6441	3
25.6871	1
25.6871	2
25.6871	3
25.7296	2
25.7296	3
25.7301	2
25.7301	3
25.7721	1
25.7721	2
25.7726	1
25.7726	2
25.813	1
25.813	2
25.813	3
25.8551	1
25.8551	2
25.8551	3
25.8971	1
25.8971	2
25.8971	3
25.9391	1
25.9391	2
25.9391	3
25.9826	1
25.9826	2
25.9826	3
26.0241	2
26.0241	3
26.0246	2
26.0246	3
26.0645	1
26.0645	2
26.0651	1
26.0651	2
26.1039	1
26.1039	2
26.1039	3
26.1444	1
26.1444	2
26.1444	3
26.1848	1
26.1848	2
26.1848	3
26.2269	1
26.2269	2
26.2269	3
26.2694	1
26.2694	2
26.2694	3
26.3114	1
26.3114	2
26.3114	3
26.3545	1
26.3545	2
26.3545	3
26.3969	1
26.3969	2
26.3969	3
26.4405	1
26.4405	2
26.4405	3
26.4819	2
26.4819	3
26.4825	2
26.4825	3
26.524	1
26.524	2
26.5245	1
26.5245	2
26.5649	1
26.5649	2
26.5649	3
26.6054	1
26.6054	2
26.6054	3
26.6479	1
26.6479	2
26.6479	3
26.6909	1
26.6909	2
26.6909	3
26.7329	1
26.7329	2
26.7329	3
26.775	1
26.775	2
26.775	3
26.817	1
26.817	2
26.817	3
26.8585	1
26.8585	2
26.8585	3
26.9005	1
26.9005	2
26.9005	3
26.9435	1
26.9435	2
26.9435	3
26.9861	2
26.9861	3
26.9866	2
26.9866	3
27.028	1
27.028	2
27.0285	1
27.0285	2
27.07	1
27.07	2
27.07	3
27.1126	1
27.1126	2
27.1126	3
27.1556	1
27.1556	2
27.1556	3
27.1986	1
27.1986	2
27.1986	3
27.2416	2
27.2416	3
27.2826	2
27.2826	3
27.323	1
27.323	2
27.364	1
27.364	2
27.406	0
27.406	1
27.406	2
27.4486	1
27.4486	2
27.4486	3
27.4915	1
27.4915	2
27.4915	3
27.5345	1
27.5345	2
27.5345	3
27.5755	1
27.5755	2
27.5755	3
27.6164	1
27.6164	2
27.6164	3
27.6569	1
27.6569	2
27.6569	3
27.6984	1
27.6984	2
27.6984	3
27.8989	2
27.8989	3
27.9408	2
27.9408	3
27.9823	2
27.9823	3
28.0248	0
28.0248	1
28.0248	2
28.0674	1
28.0674	2
28.0679	1
28.0679	2
28.0679	3
28.1109	1
28.1109	2
28.1109	3
28.1503	2
28.1503	3
28.1508	2
28.1508	3
28.1902	1
28.1902	2
28.1907	1
28.1907	2
28.2285	1
28.2285	2
28.2285	3
28.2685	1
28.2685	2
28.2685	3
28.3094	1
28.3094	2
28.3094	3
28.3524	1
28.3524	2
28.3524	3
28.3954	1
28.3954	2
28.3954	3
28.4384	1
28.4384	2
28.4384	3
28.4809	1
28.4809	2
28.4809	3
28.5219	1
28.5219	2
28.5219	3
28.5613	1
28.5613	2
28.5613	3
28.6002	1
28.6002	2
28.6002	3
28.6396	1
28.6396	2
28.6396	3
28.68	1
28.68	2
28.68	3
28.7199	1
28.7199	2
28.7199	3
28.7599	1
28.7599	2
28.7599	3
28.8019	1
28.8019	2
28.8019	3
28.8449	1
28.8449	2
28.8449	3
28.8873	1
28.8873	2
28.8873	3
28.9283	1
28.9283	2
28.9283	3
28.9703	1
28.9703	2
28.9703	3
29.0118	1
29.0118	2
29.0118	3
29.0496	1
29.0496	2
29.0496	3
29.0885	1
29.0885	2
29.0885	3
29.1289	1
29.1289	2
29.1289	3
29.1689	1
29.1689	2
29.1689	3
29.2104	1
29.2104	2
29.2104	3
29.2539	1
29.2539	2
29.2539	3
29.2969	2
29.2969	3
29.2974	2
29.2974	3
29.3398	1
29.3398	2
29.3404	1
29.3404	2
29.3808	1
29.3808	2
29.3808	3
29.4202	1
29.4202	2
29.4202	3
29.4601	1
29.4601	2
29.4601	3
29.5021	1
29.5021	2
29.5021	3
29.5452	1
29.5452	2
29.5452	3
29.5886	1
29.5886	2
29.5886	3
29.6296	2
29.6296	3
29.6301	2
29.6301	3
29.6669	1
29.6669	2
29.6674	1
29.6674	2
29.7041	1
29.7041	2
29.7041	3
29.743	1
29.743	2
29.743	3
29.7835	1
29.7835	2
29.7835	3
29.8244	1
29.8244	2
29.8244	3
29.867	1
29.867	2
29.867	3
29.91	1
29.91	2
29.91	3
29.9529	1
29.9529	2
29.9529	3
29.9913	1
29.9913	2
29.9913	3
30.0291	1
30.0291	2
30.0291	3
30.0675	1
30.0675	2
30.0675	3
30.1063	1
30.1063	2
30.1063	3
30.1468	1
30.1468	2
30.1468	3
30.1883	1
30.1883	2
30.1883	3
30.2293	1
30.2293	2
30.2293	3
30.2708	1
30.2708	2
30.2708	3
30.3133	1
30.3133	2
30.3133	3
30.3563	1
30.3563	2
30.3563	3
30.3993	1
30.3993	2
30.3993	3
30.4423	1
30.4423	2
30.4423	3
30.4833	1
30.4833	2
30.4833	3
30.4833	4
30.5258	2
30.5258	3
30.5258	4
30.5683	2
30.5683	3
30.5683	4
30.5688	3
30.5688	4
30.6103	2
30.6103	3
30.6108	2
30.6113	1
30.6113	2
30.6528	1
30.6528	2
30.6528	3
30.6954	1
30.6954	2
30.6954	3
30.7374	1
30.7374	2
30.7374	3
30.7794	1
30.7794	2
30.7794	3
30.822	1
30.822	2
30.822	3
30.865	1
30.865	2
30.865	3
30.908	1
30.908	2
30.908	3
30.9509	1
30.9509	2
30.9509	3
30.993	1
30.993	2
30.993	3
30.993	4
31.0324	2
31.0324	3
31.0324	4
31.0334	2
31.0334	3
31.0334	4
31.0718	2
31.0718	3
31.0718	4
31.0728	2
31.0728	3
31.0728	4
31.1112	2
31.1112	3
31.1112	4
31.1122	2
31.1122	3
31.1122	4
31.1511	2
31.1511	3
31.1511	4
31.1522	2
31.1522	3
31.1522	4
31.1916	2
31.1916	3
31.1916	4
31.1926	2
31.1926	3
31.1926	4
31.2325	2
31.2325	3
31.2325	4
31.2336	2
31.2336	3
31.2336	4
31.2746	2
31.2746	3
31.2746	4
31.2756	2
31.2756	3
31.2756	4
31.3175	2
31.3175	3
31.3175	4
31.3186	2
31.3186	3
31.3186	4
31.3605	2
31.3605	3
31.3605	4
31.3616	2
31.3616	3
31.3616	4
31.4015	2
31.4015	3
31.4015	4
31.4025	2
31.4025	3
31.4025	4
31.443	2
31.443	3
31.443	4
31.444	2
31.444	3
31.444	4
31.487	2
31.487	3
31.487	4
31.4875	3
31.4875	4
31.528	2
31.528	3
31.5285	2
31.529	1
31.529	2
31.571	1
31.571	2
31.571	3
31.6145	1
31.6145	2
31.6145	3
31.657	2
31.657	3
31.6576	2
31.6576	3
31.6985	1
31.6985	2
31.699	1
31.699	2
31.74	1
31.74	2
31.7815	0
31.7815	1
31.7815	2
31.8246	0
31.8246	1
31.8246	2
31.8671	0
31.8671	1
31.8671	2
31.9101	0
31.9101	1
31.9101	2
31.951	0
31.951	1
31.951	2
31.9925	0
31.9925	1
31.9925	2
32.0335	0
32.0335	1
32.0335	2
32.0765	0
32.0765	1
32.0765	2
32.1185	0
32.1185	1
32.1185	2
32.161	0
32.161	1
32.161	2
32.2036	0
32.2036	1
32.2036	2
32.245	0
32.245	1
32.245	2
32.286	0
32.286	1
32.286	2
32.328	0
32.328	1
32.328	2
32.369	0
32.369	1
32.369	2
32.4105	0
32.4105	1
32.4105	2
32.4531	0
32.4531	1
32.4531	2
32.4951	0
32.4951	1
32.4951	2
32.5371	0
32.5371	1
32.5371	2
32.5801	0
32.5801	1
32.5801	2
32.6226	0
32.6226	1
32.6226	2
32.6656	0
32.6656	1
32.6656	2
32.7071	0
32.7071	1
32.7071	2
32.7486	0
32.7486	1
32.7486	2
32.7891	0
32.7891	1
32.7891	2
32.8301	0
32.8301	1
32.8301	2
32.8721	0
32.8721	1
32.8721	2
32.9151	0
32.9151	1
32.9151	2
32.9576	0
32.9576	1
32.9576	2
33.0006	0
33.0006	1
33.0006	2
33.0431	0
33.0431	1
33.0431	2
33.0861	0
33.0861	1
33.0861	2
33.0861	3
33.126	1
33.126	2
33.126	3
33.168	1
33.168	2
33.168	3
33.2085	1
33.2085	2
33.2085	3
33.2515	1
33.2515	2
33.2515	3
33.2945	1
33.2945	2
33.2945	3
33.337	1
33.337	2
33.337	3
33.379	1
33.379	2
33.379	3
33.4199	1
33.4199	2
33.4199	3
33.4199	4
33.4604	2
33.4604	3
33.4604	4
33.4614	2
33.4614	3
33.4614	4
33.5029	2
33.5029	3
33.5029	4
33.504	2
33.504	3
33.504	4
33.5464	2
33.5464	3
33.5464	4
33.5475	2
33.5475	3
33.5475	4
33.5884	2
33.5884	3
33.5884	4
33.5894	2
33.5894	3
33.5894	4
33.6294	2
33.6294	3
33.6294	4
33.6304	2
33.6304	3
33.6304	4
33.6688	2
33.6688	3
33.6688	4
33.6688	5
33.6698	3
33.6698	4
33.6698	5
33.7092	3
33.7092	4
33.7092	5
33.7103	3
33.7103	4
33.7103	5
33.7502	3
33.7502	4
33.7502	5
33.7512	3
33.7512	4
33.7512	5
33.7932	3
33.7932	4
33.7932	5
33.7943	3
33.7943	4
33.7943	5
33.8357	3
33.8357	4
33.8357	5
33.8368	3
33.8368	4
33.8368	5
33.8793	3
33.8793	4
33.8793	5
33.8793	6
33.8798	5
33.8798	6
33.8803	5
33.8803	6
33.9187	4
33.9187	5
33.9192	4
33.9197	3
33.9202	2
33.9208	1
33.9208	2
33.9591	1
33.9591	2
33.9591	3
33.998	1
33.998	2
33.998	3
34.039	1
34.039	2
34.039	3
34.081	1
34.081	2
34.081	3
34.124	1
34.124	2
34.124	3
34.124	4
34.167	2
34.167	3
34.167	4
34.2095	2
34.2095	3
34.2095	4
34.21	3
34.21	4
34.2515	2
34.2515	3
34.252	2
34.2526	1
34.2526	2
34.293	1
34.293	2
34.293	3
34.335	1
34.335	2
34.335	3
34.3785	1
34.3785	2
34.3785	3
34.4211	2
34.4211	3
34.4216	2
34.4216	3
34.4625	1
34.4625	2
34.463	1
34.463	2
34.5045	1
34.5045	2
34.5045	3
34.5481	1
34.5481	2
34.5481	3
34.5891	2
34.5891	3
34.5896	2
34.5896	3
34.6316	1
34.6316	2
34.6321	1
34.6321	2
34.6747	1
34.6747	2
34.6747	3
34.7177	1
34.7177	2
34.7177	3
34.7601	2
34.7601	3
34.7606	2
34.7606	3
34.8026	1
34.8026	2
34.8032	1
34.8032	2
34.8451	1
34.8451	2
34.8451	3
34.8861	1
34.8861	2
34.8861	3
34.9282	1
34.9282	2
34.9282	3
34.9712	1
34.9712	2
34.9712	3
35.0142	2
35.0142	3
35.0572	2
35.0572	3
35.0987	1
35.0987	2
35.1407	1
35.1407	2
35.1837	0
35.1837	1
35.1837	2
35.2257	1
35.2257	2
35.2257	3
35.2681	1
35.2681	2
35.2681	3
35.3107	1
35.3107	2
35.3107	3
35.3532	1
35.3532	2
35.3532	3
35.3947	1
35.3947	2
35.3947	3
35.4367	1
35.4367	2
35.4367	3
35.4787	1
35.4787	2
35.4787	3
35.5208	1
35.5208	2
35.5208	3
35.5628	1
35.5628	2
35.5628	3
35.6053	1
35.6053	2
35.6053	3
35.6483	1
35.6483	2
35.6483	3
35.6908	1
35.6908	2
35.6908	3
35.7323	1
35.7323	2
35.7323	3
35.7743	1
35.7743	2
35.7743	3
35.8173	1
35.8173	2
35.8173	3
35.8598	1
35.8598	2
35.8598	3
35.9013	1
35.9013	2
35.9013	3
35.9412	1
35.9412	2
35.9412	3
35.9822	1
35.9822	2
35.9822	3
36.0232	1
36.0232	2
36.0232	3
36.0652	1
36.0652	2
36.0652	3
36.1083	1
36.1083	2
36.1083	3
36.1507	2
36.1507	3
36.1513	2
36.1513	3
36.1928	1
36.1928	2
36.1933	1
36.1933	2
36.2348	1
36.2348	2
36.2348	3
36.2773	1
36.2773	2
36.2773	3
36.3198	1
36.3198	2
36.3198	3
36.3628	1
36.3628	2
36.3628	3
36.4037	1
36.4037	2
36.4037	3
36.4442	1
36.4442	2
36.4442	3
36.4836	1
36.4836	2
36.4836	3
36.5235	1
36.5235	2
36.5235	3
36.5656	1
36.5656	2
36.5656	3
36.6086	1
36.6086	2
36.6086	3
36.6516	1
36.6516	2
36.6516	3
36.6941	1
36.6941	2
36.6941	3
36.7371	1
36.7371	2
36.7371	3
36.7796	1
36.7796	2
36.7796	3
36.8216	1
36.8216	2
36.8216	3
36.8646	1
36.8646	2
36.8646	3
36.8646	4
36.9071	2
36.9071	3
36.9071	4
36.9496	2
36.9496	3
36.9496	4
36.9502	3
36.9502	4
36.9906	2
36.9906	3
36.9911	2
36.9917	1
36.9917	2
37.0326	1
37.0326	2
37.0326	3
37.0741	1
37.0741	2
37.0741	3
37.1162	1
37.1162	2
37.1162	3
37.1592	1
37.1592	2
37.1592	3
37.2012	1
37.2012	2
37.2012	3
37.2427	1
37.2427	2
37.2427	3
37.2852	1
37.2852	2
37.2852	3
37.3277	1
37.3277	2
37.3277	3
37.3707	1
37.3707	2
37.3707	3
37.3707	4
37.4127	2
37.4127	3
37.4127	4
37.4138	2
37.4138	3
37.4138	4
37.4552	2
37.4552	3
37.4552	4
37.4563	2
37.4563	3
37.4563	4
37.4978	2
37.4978	3
37.4978	4
37.4988	2
37.4988	3
37.4988	4
37.5403	2
37.5403	3
37.5403	4
37.5414	2
37.5414	3
37.5414	4
37.5833	2
37.5833	3
37.5833	4
37.5844	2
37.5844	3
37.5844	4
37.6253	2
37.6253	3
37.6253	4
37.6264	2
37.6264	3
37.6264	4
37.6683	2
37.6683	3
37.6683	4
37.6694	2
37.6694	3
37.6694	4
37.7114	2
37.7114	3
37.7114	4
37.7124	2
37.7124	3
37.7124	4
37.7544	2
37.7544	3
37.7544	4
37.7554	2
37.7554	3
37.7554	4
37.7964	2
37.7964	3
37.7964	4
37.7974	2
37.7974	3
37.7974	4
37.8368	2
37.8368	3
37.8368	4
37.8379	2
37.8379	3
37.8379	4
37.8773	2
37.8773	3
37.8773	4
37.8783	2
37.8783	3
37.8783	4
37.9182	2
37.9182	3
37.9182	4
37.9193	2
37.9193	3
37.9193	4
37.9592	2
37.9592	3
37.9592	4
37.9603	2
37.9603	3
37.9603	4
38.0012	2
38.0012	3
38.0012	4
38.0023	2
38.0023	3
38.0023	4
38.0438	2
38.0438	3
38.0438	4
38.0449	2
38.0449	3
38.0449	4
38.0868	2
38.0868	3
38.0868	4
38.0878	2
38.0878	3
38.0878	4
38.1293	2
38.1293	3
38.1293	4
38.1304	2
38.1304	3
38.1304	4
38.1718	2
38.1718	3
38.1718	4
38.1728	2
38.1728	3
38.1728	4
38.2128	2
38.2128	3
38.2128	4
38.2138	2
38.2138	3
38.2138	4
38.2537	2
38.2537	3
38.2537	4
38.2548	2
38.2548	3
38.2548	4
38.2937	2
38.2937	3
38.2937	4
38.2947	2
38.2947	3
38.2947	4
38.3331	2
38.3331	3
38.3331	4
38.3341	2
38.3341	3
38.3341	4
38.373	2
38.373	3
38.373	4
38.374	2
38.374	3
38.374	4
38.4134	2
38.4134	3
38.4134	4
38.4145	2
38.4145	3
38.4145	4
38.4549	2
38.4549	3
38.4549	4
38.456	2
38.456	3
38.456	4
38.498	2
38.498	3
38.498	4
38.499	2
38.499	3
38.499	4
38.5405	2
38.5405	3
38.5405	4
38.5415	2
38.5415	3
38.5415	4
38.583	2
38.583	3
38.583	4
38.584	2
38.584	3
38.584	4
38.626	2
38.626	3
38.626	4
38.627	2
38.627	3
38.627	4
38.6685	2
38.6685	3
38.6685	4
38.6696	2
38.6696	3
38.6696	4
38.7115	2
38.7115	3
38.7115	4
38.7126	2
38.7126	3
38.7126	4
38.753	2
38.753	3
38.753	4
38.7541	2
38.7541	3
38.7541	4
38.795	2
38.795	3
38.795	4
38.7961	2
38.7961	3
38.7961	4
38.8376	2
38.8376	3
38.8376	4
38.8386	2
38.8386	3
38.8386	4
38.8801	2
38.8801	3
38.8801	4
38.8811	2
38.8811	3
38.8811	4
38.9231	2
38.9231	3
38.9231	4
38.9241	2
38.9241	3
38.9241	4
38.9651	2
38.9651	3
38.9651	4
38.9661	2
38.9661	3
38.9661	4
39.0055	2
39.0055	3
39.0055	4
39.0066	2
39.0066	3
39.0066	4
39.047	2
39.047	3
39.047	4
39.0481	2
39.0481	3
39.0481	4
39.089	2
39.089	3
39.089	4
39.0901	2
39.0901	3
39.0901	4
39.132	2
39.132	3
39.132	4
39.1331	2
39.1331	3
39.1331	4
39.1746	2
39.1746	3
39.1746	4
39.1756	2
39.1756	3
39.1756	4
39.2171	2
39.2171	3
39.2171	4
39.2181	2
39.2181	3
39.2181	4
39.2591	2
39.2591	3
39.2591	4
39.2602	2
39.2602	3
39.2602	4
39.3006	2
39.3006	3
39.3006	4
39.3017	2
39.3017	3
39.3017	4
39.3426	2
39.3426	3
39.3426	4
39.3437	2
39.3437	3
39.3437	4
39.3852	2
39.3852	3
39.3852	4
39.3862	2
39.3862	3
39.3862	4
39.4282	2
39.4282	3
39.4282	4
39.4293	2
39.4293	3
39.4293	4
39.4708	2
39.4708	3
39.4708	4
39.4718	2
39.4718	3
39.4718	4
39.5138	2
39.5138	3
39.5138	4
39.5149	2
39.5149	3
39.5149	4
39.5557	2
39.5557	3
39.5557	4
39.5568	2
39.5568	3
39.5568	4
39.5978	2
39.5978	3
39.5978	4
39.5988	2
39.5988	3
39.5988	4
39.6366	2
39.6366	3
39.6366	4
39.6377	2
39.6377	3
39.6377	4
39.6776	2
39.6776	3
39.6776	4
39.6787	2
39.6787	3
39.6787	4
39.7175	2
39.7175	3
39.7175	4
39.7186	2
39.7186	3
39.7186	4
39.758	2
39.758	3
39.758	4
39.759	2
39.759	3
39.759	4
39.799	2
39.799	3
39.799	4
39.8	2
39.8	3
39.8	4
39.841	2
39.841	3
39.841	4
39.8421	2
39.8421	3
39.8421	4
39.883	2
39.883	3
39.883	4
39.8841	2
39.8841	3
39.8841	4
39.9261	2
39.9261	3
39.9261	4
39.9271	2
39.9271	3
39.9271	4
39.9685	2
39.9685	3
39.9685	4
39.9696	2
39.9696	3
39.9696	4
40.0115	2
40.0115	3
40.0115	4
40.0126	2
40.0126	3
40.0126	4
40.0525	2
40.0525	3
40.0525	4
40.0535	2
40.0535	3
40.0535	4
40.094	2
40.094	3
40.094	4
40.094	5
40.095	3
40.095	4
40.095	5
40.1344	3
40.1344	4
40.1344	5
40.1355	3
40.1355	4
40.1355	5
40.1744	3
40.1744	4
40.1744	5
40.1754	3
40.1754	4
40.1754	5
40.2159	3
40.2159	4
40.2159	5
40.2169	3
40.2169	4
40.2169	5
40.2589	3
40.2589	4
40.2589	5
40.2599	4
40.2599	5
40.2605	4
40.2605	5
40.3019	3
40.3019	4
40.3029	3
40.3035	2
40.3449	1
40.3449	2
40.3859	0
40.3859	1
40.3859	2
40.4268	1
40.4268	2
40.4268	3
40.4683	1
40.4683	2
40.4683	3
40.5114	1
40.5114	2
40.5114	3
40.5544	1
40.5544	2
40.5544	3
40.5969	1
40.5969	2
40.5969	3
40.6399	1
40.6399	2
40.6399	3
40.6399	4
40.6824	2
40.6824	3
40.6824	4
40.7254	2
40.7254	3
40.7254	4
40.726	3
40.726	4
40.768	2
40.768	3
40.7685	2
40.7691	1
40.7691	2
40.8105	1
40.8105	2
40.8105	3
40.8535	1
40.8535	2
40.8535	3
40.8934	1
40.8934	2
40.8934	3
40.9344	1
40.9344	2
40.9344	3
40.9753	1
40.9753	2
40.9753	3
41.0168	1
41.0168	2
41.0168	3
41.0599	1
41.0599	2
41.0599	3
41.1028	1
41.1028	2
41.1028	3
41.1458	1
41.1458	2
41.1458	3
41.1857	1
41.1857	2
41.1857	3
41.2257	1
41.2257	2
41.2257	3
41.2661	1
41.2661	2
41.2661	3
41.3066	1
41.3066	2
41.3066	3
41.3496	1
41.3496	2
41.3496	3
41.3916	1
41.3916	2
41.3916	3
41.4347	1
41.4347	2
41.4347	3
41.4761	1
41.4761	2
41.4761	3
41.5181	1
41.5181	2
41.5181	3
41.5586	1
41.5586	2
41.5586	3
41.5996	1
41.5996	2
41.5996	3
41.6421	1
41.6421	2
41.6421	3
41.6851	1
41.6851	2
41.6851	3
41.7281	1
41.7281	2
41.7281	3
41.7701	1
41.7701	2
41.7701	3
41.81	1
41.81	2
41.81	3
41.8504	1
41.8504	2
41.8504	3
41.8925	1
41.8925	2
41.8925	3
41.936	1
41.936	2
41.936	3
41.979	2
41.979	3
41.9795	2
41.9795	3
42.0215	1
42.0215	2
42.022	1
42.022	2
42.0645	1
42.0645	2
42.0645	3
42.1034	1
42.1034	2
42.1034	3
42.1428	1
42.1428	2
42.1428	3
42.1843	1
42.1843	2
42.1843	3
42.2253	1
42.2253	2
42.2253	3
42.2663	1
42.2663	2
42.2663	3
42.3078	1
42.3078	2
42.3078	3
42.3508	1
42.3508	2
42.3508	3
42.3938	2
42.3938	3
42.3943	2
42.3943	3
42.4368	1
42.4368	2
42.4373	1
42.4373	2
42.4787	1
42.4787	2
42.4787	3
42.5202	1
42.5202	2
42.5202	3
42.5623	1
42.5623	2
42.5623	3
42.6048	1
42.6048	2
42.6048	3
42.6479	1
42.6479	2
42.6479	3
42.6909	2
42.6909	3
42.6914	2
42.6914	3
42.7344	1
42.7344	2
42.7349	1
42.7349	2
42.7727	1
42.7727	2
42.7727	3
42.8121	1
42.8121	2
42.8121	3
42.8499	1
42.8499	2
42.8499	3
42.8878	1
42.8878	2
42.8878	3
42.9272	1
42.9272	2
42.9272	3
42.9681	1
42.9681	2
42.9681	3
43.0086	1
43.0086	2
43.0086	3
43.0506	1
43.0506	2
43.0506	3
43.0936	1
43.0936	2
43.0936	3
43.1366	2
43.1366	3
43.1791	2
43.1791	3
43.2217	1
43.2217	2
43.2632	1
43.2632	2
43.3057	0
43.3057	1
43.3057	2
43.3488	1
43.3488	2
43.3488	3
43.3917	2
43.3917	3
43.3923	2
43.3923	3
43.4327	1
43.4327	2
43.4332	1
43.4332	2
43.4742	1
43.4742	2
43.4742	3
43.5162	1
43.5162	2
43.5162	3
43.5582	1
43.5582	2
43.5582	3
43.6013	1
43.6013	2
43.6013	3
43.6438	2
43.6438	3
43.6443	2
43.6443	3
43.6873	1
43.6873	2
43.6878	1
43.6878	2
43.7277	1
43.7277	2
43.7277	3
43.7676	1
43.7676	2
43.7676	3
43.8081	1
43.8081	2
43.8081	3
43.8496	1
43.8496	2
43.8496	3
43.8911	1
43.8911	2
43.8911	3
43.9341	1
43.9341	2
43.9341	3
43.9755	1
43.9755	2
43.9755	3
44.017	1
44.017	2
44.017	3
44.0601	1
44.0601	2
44.0601	3
44.1015	1
44.1015	2
44.1015	3
44.143	1
44.143	2
44.143	3
44.185	1
44.185	2
44.185	3
44.2276	1
44.2276	2
44.2276	3
44.2706	1
44.2706	2
44.2706	3
44.3131	1
44.3131	2
44.3131	3
44.3551	1
44.3551	2
44.3551	3
44.3945	1
44.3945	2
44.3945	3
44.4355	1
44.4355	2
44.4355	3
44.4749	1
44.4749	2
44.4749	3
44.5148	1
44.5148	2
44.5148	3
44.5568	1
44.5568	2
44.5568	3
44.5993	1
44.5993	2
44.5993	3
44.6423	1
44.6423	2
44.6423	3
44.8429	2
44.8429	3
44.8818	2
44.8818	3
44.9243	2
44.9243	3
44.9669	0
44.9669	1
44.9669	2
45.0099	1
45.0099	2
45.0104	1
45.0104	2
45.0104	3
45.0519	1
45.0519	2
45.0519	3
45.0944	1
45.0944	2
45.0944	3
45.2949	2
45.2949	3
45.3368	2
45.3368	3
45.3799	2
45.3799	3
45.4219	0
45.4219	1
45.4219	2
45.4639	1
45.4639	2
45.4644	1
45.4644	2
45.4644	3
45.507	1
45.507	2
45.507	3
45.5489	1
45.5489	2
45.5489	3
45.592	1
45.592	2
45.592	3
45.6335	1
45.6335	2
45.6335	3
45.675	1
45.675	2
45.675	3
45.718	1
45.718	2
45.718	3
45.76	1
45.76	2
45.76	3
45.8025	1
45.8025	2
45.8025	3
45.8434	1
45.8434	2
45.8434	3
45.8844	1
45.8844	2
45.8844	3
45.9254	1
45.9254	2
45.9254	3
45.9674	1
45.9674	2
45.9674	3
46.0094	1
46.0094	2
46.0094	3
46.0525	1
46.0525	2
46.0525	3
46.0955	1
46.0955	2
46.0955	3
46.1369	1
46.1369	2
46.1369	3
46.1784	1
46.1784	2
46.1784	3
46.2194	1
46.2194	2
46.2194	3
46.2619	1
46.2619	2
46.2619	3
46.305	1
46.305	2
46.305	3
46.348	2
46.348	3
46.3485	2
46.3485	3
46.3904	1
46.3904	2
46.391	1
46.391	2
46.433	1
46.433	2
46.433	3
46.4745	1
46.4745	2
46.4745	3
46.517	1
46.517	2
46.517	3
46.56	1
46.56	2
46.56	3
46.603	1
46.603	2
46.603	3
46.645	1
46.645	2
46.645	3
46.6865	1
46.6865	2
46.6865	3
46.728	1
46.728	2
46.728	3
46.7715	1
46.7715	2
46.7715	3
46.8135	2
46.8135	3
46.814	2
46.814	3
46.8565	1
46.8565	2
46.857	1
46.857	2
46.899	1
46.899	2
46.899	3
46.941	1
46.941	2
46.941	3
46.9836	1
46.9836	2
46.9836	3
47.0266	1
47.0266	2
47.0266	3
47.0696	1
47.0696	2
47.0696	3
47.1126	1
47.1126	2
47.1126	3
47.1541	1
47.1541	2
47.1541	3
47.195	1
47.195	2
47.195	3
47.235	1
47.235	2
47.235	3
47.2765	1
47.2765	2
47.2765	3
47.318	1
47.318	2
47.318	3
47.3605	1
47.3605	2
47.3605	3
47.4035	1
47.4035	2
47.4035	3
47.4465	1
47.4465	2
47.4465	3
47.4874	1
47.4874	2
47.4874	3
47.5263	1
47.5263	2
47.5263	3
47.5652	1
47.5652	2
47.5652	3
47.6061	1
47.6061	2
47.6061	3
47.6492	1
47.6492	2
47.6492	3
47.6927	1
47.6927	2
47.6927	3
47.7342	2
47.7342	3
47.7347	2
47.7347	3
47.7767	1
47.7767	2
47.7772	1
47.7772	2
47.8182	1
47.8182	2
47.8182	3
47.8602	1
47.8602	2
47.8602	3
47.9017	1
47.9017	2
47.9017	3
47.9437	1
47.9437	2
47.9437	3
47.9863	1
47.9863	2
47.9863	3
48.0293	1
48.0293	2
48.0293	3
48.0723	1
48.0723	2
48.0723	3
48.1158	1
48.1158	2
48.1158	3
48.1541	2
48.1541	3
48.1547	2
48.1547	3
48.1909	1
48.1909	2
48.1914	1
48.1914	2
48.2277	1
48.2277	2
48.2277	3
48.265	1
48.265	2
48.265	3
48.3044	1
48.3044	2
48.3044	3
48.3044	4
48.3443	2
48.3443	3
48.3443	4
48.3454	2
48.3454	3
48.3454	4
48.3863	2
48.3863	3
48.3863	4
48.3874	2
48.3874	3
48.3874	4
48.4293	2
48.4293	3
48.4293	4
48.4304	2
48.4304	3
48.4304	4
48.4723	2
48.4723	3
48.4723	4
48.4733	2
48.4733	3
48.4733	4
48.5143	2
48.5143	3
48.5143	4
48.5154	2
48.5154	3
48.5154	4
48.5563	2
48.5563	3
48.5563	4
48.5574	2
48.5574	3
48.5574	4
48.5989	2
48.5989	3
48.5989	4
48.5999	2
48.5999	3
48.5999	4
48.6419	2
48.6419	3
48.6419	4
48.6429	2
48.6429	3
48.6429	4
48.6843	2
48.6843	3
48.6843	4
48.6854	2
48.6854	3
48.6854	4
48.7274	2
48.7274	3
48.7274	4
48.7284	2
48.7284	3
48.7284	4
48.7699	2
48.7699	3
48.7699	4
48.771	2
48.771	3
48.771	4
48.813	2
48.813	3
48.813	4
48.814	2
48.814	3
48.814	4
48.855	2
48.855	3
48.855	4
48.8561	2
48.8561	3
48.8561	4
48.8965	2
48.8965	3
48.8965	4
48.8976	2
48.8976	3
48.8976	4
48.9391	2
48.9391	3
48.9391	4
48.9401	2
48.9401	3
48.9401	4
48.9821	2
48.9821	3
48.9821	4
48.9831	2
48.9831	3
48.9831	4
49.025	2
49.025	3
49.025	4
49.0261	2
49.0261	3
49.0261	4
49.068	2
49.068	3
49.068	4
49.0691	2
49.0691	3
49.0691	4
49.1095	2
49.1095	3
49.1095	4
49.1105	2
49.1105	3
49.1105	4
49.1494	2
49.1494	3
49.1494	4
49.1505	2
49.1505	3
49.1505	4
49.1909	2
49.1909	3
49.1909	4
49.192	2
49.192	3
49.192	4
49.2324	2
49.2324	3
49.2324	4
49.2335	2
49.2335	3
49.2335	4
49.2755	2
49.2755	3
49.2755	4
49.2765	2
49.2765	3
49.2765	4
49.3184	2
49.3184	3
49.3184	4
49.3195	2
49.3195	3
49.3195	4
49.3599	2
49.3599	3
49.3599	4
49.3609	2
49.3609	3
49.3609	4
49.3998	2
49.3998	3
49.3998	4
49.4008	2
49.4008	3
49.4008	4
49.4408	2
49.4408	3
49.4408	4
49.4418	2
49.4418	3
49.4418	4
49.4823	2
49.4823	3
49.4823	4
49.4833	2
49.4833	3
49.4833	4
49.5248	2
49.5248	3
49.5248	4
49.5259	2
49.5259	3
49.5259	4
49.5678	2
49.5678	3
49.5678	4
49.5689	2
49.5689	3
49.5689	4
49.6108	2
49.6108	3
49.6108	4
49.6119	2
49.6119	3
49.6119	4
49.6538	2
49.6538	3
49.6538	4
49.6549	2
49.6549	3
49.6549	4
49.6958	2
49.6958	3
49.6958	4
49.6969	2
49.6969	3
49.6969	4
49.7373	2
49.7373	3
49.7373	4
49.7384	2
49.7384	3
49.7384	4
49.7804	2
49.7804	3
49.7804	4
49.7814	2
49.7814	3
49.7814	4
49.8234	2
49.8234	3
49.8234	4
49.8244	2
49.8244	3
49.8244	4
49.8663	2
49.8663	3
49.8663	4
49.8674	2
49.8674	3
49.8674	4
49.9093	2
49.9093	3
49.9093	4
49.9104	2
49.9104	3
49.9104	4
49.9508	2
49.9508	3
49.9508	4
49.9518	2
49.9518	3
49.9518	4
49.9918	2
49.9918	3
49.9918	4
49.9928	2
49.9928	3
49.9928	4
50.0333	2
50.0333	3
50.0333	4
50.0343	2
50.0343	3
50.0343	4
50.0758	2
50.0758	3
50.0758	4
50.0769	2
50.0769	3
50.0769	4
50.1188	2
50.1188	3
50.1188	4
50.1199	2
50.1199	3
50.1199	4
50.1618	2
50.1618	3
50.1618	4
50.1628	2
50.1628	3
50.1628	4
50.2043	2
50.2043	3
50.2043	4
50.2053	2
50.2053	3
50.2053	4
50.2463	2
50.2463	3
50.2463	4
50.2473	2
50.2473	3
50.2473	4
50.2873	2
50.2873	3
50.2873	4
50.2883	2
50.2883	3
50.2883	4
50.3282	2
50.3282	3
50.3282	4
50.3293	2
50.3293	3
50.3293	4
50.3713	2
50.3713	3
50.3713	4
50.3723	2
50.3723	3
50.3723	4
50.4137	2
50.4137	3
50.4137	4
50.4148	2
50.4148	3
50.4148	4
50.4567	2
50.4567	3
50.4567	4
50.4578	2
50.4578	3
50.4578	4
50.4977	2
50.4977	3
50.4977	4
50.4987	2
50.4987	3
50.4987	4
50.5392	2
50.5392	3
50.5392	4
50.5402	2
50.5402	3
50.5402	4
50.5822	2
50.5822	3
50.5822	4
50.5833	2
50.5833	3
50.5833	4
50.6252	2
50.6252	3
50.6252	4
50.6263	2
50.6263	3
50.6263	4
50.6682	2
50.6682	3
50.6682	4
50.6692	2
50.6692	3
50.6692	4
50.7096	2
50.7096	3
50.7096	4
50.7107	2
50.7107	3
50.7107	4
50.7495	2
50.7495	3
50.7495	4
50.7506	2
50.7506	3
50.7506	4
50.791	2
50.791	3
50.791	4
50.7921	2
50.7921	3
50.7921	4
50.8325	2
50.8325	3
50.8325	4
50.8336	2
50.8336	3
50.8336	4
50.8756	2
50.8756	3
50.8756	4
50.8766	2
50.8766	3
50.8766	4
50.9186	2
50.9186	3
50.9186	4
50.9196	2
50.9196	3
50.9196	4
50.9594	2
50.9594	3
50.9594	4
50.9605	2
50.9605	3
50.9605	4
51.0004	2
51.0004	3
51.0004	4
51.0015	2
51.0015	3
51.0015	4
51.0435	2
51.0435	3
51.0435	4
51.0445	2
51.0445	3
51.0445	4
51.086	2
51.086	3
51.086	4
51.0871	2
51.0871	3
51.0871	4
51.128	2
51.128	3
51.128	4
51.129	2
51.129	3
51.129	4
51.1695	2
51.1695	3
51.1695	4
51.1705	2
51.1705	3
51.1705	4
51.2115	2
51.2115	3
51.2115	4
51.2125	2
51.2125	3
51.2125	4
51.2519	2
51.2519	3
51.2519	4
51.253	2
51.253	3
51.253	4
51.294	2
51.294	3
51.294	4
51.294	5
51.295	3
51.295	4
51.295	5
51.3365	3
51.3365	4
51.3365	5
51.3376	3
51.3376	4
51.3376	5
51.379	3
51.379	4
51.379	5
51.38	3
51.38	4
51.38	5
51.4215	3
51.4215	4
51.4215	5
51.4226	3
51.4226	4
51.4226	5
51.4645	3
51.4645	4
51.4645	5
51.4656	3
51.4656	4
51.4656	5
51.506	3
51.506	4
51.506	5
51.507	3
51.507	4
51.507	5
51.5464	3
51.5464	4
51.5464	5
51.5464	6
51.5475	4
51.5475	5
51.5475	6
51.588	4
51.588	5
51.588	6
51.589	4
51.589	5
51.589	6
51.5901	4
51.5901	5
51.5901	6
51.632	4
51.632	5
51.632	6
51.6325	5
51.6325	6
51.6331	4
51.6331	5
51.6336	4
51.674	3
51.6746	2
51.6751	1
51.6751	2
51.6756	1
51.6756	2
51.6756	3
51.717	1
51.717	2
51.717	3
51.717	4
51.7575	2
51.7575	3
51.7575	4
51.7585	2
51.7585	3
51.7585	4
51.7985	2
51.7985	3
51.7985	4
51.7995	2
51.7995	3
51.7995	4
51.84	2
51.84	3
51.84	4
51.841	2
51.841	3
51.841	4
51.882	2
51.882	3
51.882	4
51.883	2
51.883	3
51.883	4
51.925	2
51.925	3
51.925	4
51.9261	2
51.9261	3
51.9261	4
51.9675	2
51.9675	3
51.9675	4
51.9685	2
51.9685	3
51.9685	4
52.0105	2
52.0105	3
52.0105	4
52.0115	2
52.0115	3
52.0115	4
52.0504	2
52.0504	3
52.0504	4
52.0514	2
52.0514	3
52.0514	4
52.0908	2
52.0908	3
52.0908	4
52.0908	5
52.0919	3
52.0919	4
52.0919	5
52.1313	3
52.1313	4
52.1313	5
52.1323	3
52.1323	4
52.1323	5
52.1717	3
52.1717	4
52.1717	5
52.1728	3
52.1728	4
52.1728	5
52.2127	3
52.2127	4
52.2127	5
52.2138	3
52.2138	4
52.2138	5
52.2553	3
52.2553	4
52.2553	5
52.2563	3
52.2563	4
52.2563	5
52.2978	3
52.2978	4
52.2978	5
52.2988	3
52.2988	4
52.2988	5
52.3408	3
52.3408	4
52.3408	5
52.3418	4
52.3418	5
52.3424	4
52.3424	5
52.3838	3
52.3838	4
52.3843	3
52.3848	2
52.3853	1
52.3853	2
52.4267	1
52.4267	2
52.4267	3
52.4693	1
52.4693	2
52.4693	3
52.5113	1
52.5113	2
52.5113	3
52.5538	1
52.5538	2
52.5538	3
52.5968	1
52.5968	2
52.5968	3
52.6399	1
52.6399	2
52.6399	3
52.6829	2
52.6829	3
52.7254	2
52.7254	3
52.7674	1
52.7674	2
52.8104	1
52.8104	2
52.8529	0
52.8529	1
52.8529	2
52.8965	1
52.8965	2
52.9374	1
52.9374	2
52.9789	1
52.9789	2
53.0199	0
53.0199	1
53.0199	2
53.0614	1
53.0614	2
53.1044	0
53.1044	1
53.1044	2
53.1475	0
53.1475	1
53.1475	2
53.1905	0
53.1905	1
53.1905	2
53.2334	0
53.2334	1
53.2334	2
53.2749	0
53.2749	1
53.2749	2
53.318	0
53.318	1
53.318	2
53.3594	0
53.3594	1
53.3594	2
53.4025	0
53.4025	1
53.4025	2
53.4445	0
53.4445	1
53.4445	2
53.4875	0
53.4875	1
53.4875	2
53.5305	0
53.5305	1
53.5305	2
53.5735	0
53.5735	1
53.5735	2
53.6139	0
53.6139	1
53.6139	2
53.6565	0
53.6565	1
53.6565	2
53.699	0
53.699	1
53.699	2
53.742	0
53.742	1
53.742	2
53.785	0
53.785	1
53.785	2
53.8275	0
53.8275	1
53.8275	2
53.8701	0
53.8701	1
53.8701	2
53.9131	0
53.9131	1
53.9131	2
53.9556	0
53.9556	1
53.9556	2
53.9971	0
53.9971	1
53.9971	2
54.0386	0
54.0386	1
54.0386	2
54.0811	0
54.0811	1
54.0811	2
54.1237	0
54.1237	1
54.1237	2
54.1666	0
54.1666	1
54.1666	2
54.2097	0
54.2097	1
54.2097	2
54.2511	0
54.2511	1
54.2511	2
54.2937	0
54.2937	1
54.2937	2
54.3346	0
54.3346	1
54.3346	2
54.3772	0
54.3772	1
54.3772	2
54.4207	0
54.4207	1
54.4207	2
54.4207	3
54.4621	1
54.4621	2
54.4621	3
54.5036	1
54.5036	2
54.5036	3
54.543	1
54.543	2
54.543	3
54.5829	1
54.5829	2
54.5829	3
54.6234	1
54.6234	2
54.6234	3
54.6649	1
54.6649	2
54.6649	3
54.7069	1
54.7069	2
54.7069	3
54.7499	1
54.7499	2
54.7499	3
54.7499	4
54.7929	3
54.7929	4
54.8359	3
54.8359	4
54.8748	2
54.8748	3
54.9157	2
54.9157	3
54.9557	0
54.9557	1
54.9557	2
54.9951	1
54.9951	2
54.9956	1
54.9956	2
54.9956	3
55.0376	1
55.0376	2
55.0376	3
55.0796	1
55.0796	2
55.0796	3
55.1227	1
55.1227	2
55.1227	3
55.1657	2
55.1657	3
55.1662	2
55.1662	3
55.2087	1
55.2087	2
55.2092	1
55.2092	2
55.2496	1
55.2496	2
55.288	0
55.288	1
55.288	2
55.3253	0
55.3253	1
55.3253	2
55.3652	0
55.3652	1
55.3652	2
55.4067	0
55.4067	1
55.4067	2
55.4487	0
55.4487	1
55.4487	2
55.4917	0
55.4917	1
55.4917	2
55.5347	0
55.5347	1
55.5347	2
55.5772	0
55.5772	1
55.5772	2
55.6186	0
55.6186	1
55.6186	2
55.6591	0
55.6591	1
55.6591	2
55.7006	0
55.7006	1
55.7006	2
55.7006	3
55.7426	1
55.7426	2
55.7426	3
55.7851	1
55.7851	2
55.7851	3
55.8281	1
55.8281	2
55.8281	3
55.8691	1
55.8691	2
55.8691	3
55.91	1
55.91	2
55.91	3
55.951	1
55.951	2
55.951	3
55.9936	1
55.9936	2
55.9936	3
56.0366	1
56.0366	2
56.0366	3
56.0795	1
56.0795	2
56.0795	3
56.1215	1
56.1215	2
56.1215	3
56.1603	1
56.1603	2
56.1603	3
56.2003	1
56.2003	2
56.2003	3
56.2418	1
56.2418	2
56.2418	3
56.2848	1
56.2848	2
56.2848	3
56.3278	1
56.3278	2
56.3278	3
56.3703	1
56.3703	2
56.3703	3
56.4133	1
56.4133	2
56.4133	3
56.4558	2
56.4558	3
56.4563	2
56.4563	3
56.4988	1
56.4988	2
56.4993	1
56.4993	2
56.5398	1
56.5398	2
56.5398	3
56.5802	1
56.5802	2
56.5802	3
56.6212	1
56.6212	2
56.6212	3
56.6622	1
56.6622	2
56.6622	3
56.7052	1
56.7052	2
56.7052	3
56.7482	2
56.7482	3
57.7052	0
57.7052	1
59.7052	0
59.7052	1
59.7483	0
59.7483	1
59.7483	2
59.7483	3
59.7907	1
59.7907	2
59.7907	3
59.8327	1
59.8327	2
59.8327	3
59.8327	4
59.8747	2
59.8747	3
59.8747	4
59.8747	5
59.8758	3
59.8758	4
59.8758	5
59.9173	3
59.9173	4
59.9173	5
59.9183	3
59.9183	4
59.9183	5
59.9597	3
59.9597	4
59.9597	5
59.9608	3
59.9608	4
59.9608	5
60.0028	3
60.0028	4
60.0028	5
60.0028	6
60.0038	4
60.0038	5
60.0038	6
60.0427	4
60.0427	5
60.0427	6
60.0438	4
60.0438	5
60.0438	6
60.0448	4
60.0448	5
60.0448	6
60.0837	4
60.0837	5
60.0837	6
60.0847	4
60.0847	5
60.0847	6
60.0858	4
60.0858	5
60.0858	6
60.1257	4
60.1257	5
60.1257	6
60.1268	4
60.1268	5
60.1268	6
60.1278	4
60.1278	5
60.1278	6
60.1278	7
60.1682	5
60.1682	6
60.1682	7
60.1693	5
60.1693	6
60.1693	7
60.1703	5
60.1703	6
60.1703	7
60.2107	5
60.2107	6
60.2107	7
60.2118	5
60.2118	6
60.2118	7
60.2128	5
60.2128	6
60.2128	7
60.2537	5
60.2537	6
60.2537	7
60.2547	6
60.2547	7
60.2553	6
60.2553	7
60.2558	5
60.2558	6
60.2563	5
60.2962	4
60.2968	3
60.2973	2
60.2973	3
60.2978	2
60.2978	3
60.2983	2
60.2983	3
60.2983	4
60.3377	2
60.3377	3
60.3377	4
60.3388	2
60.3388	3
60.3388	4
60.3792	2
60.3792	3
60.3792	4
60.3803	2
60.3803	3
60.3803	4
60.4218	2
60.4218	3
60.4218	4
60.4228	2
60.4228	3
60.4228	4
60.4648	2
60.4648	3
60.4648	4
60.4648	5
60.4658	3
60.4658	4
60.4658	5
60.5077	3
60.5077	4
60.5077	5
60.5088	3
60.5088	4
60.5088	5
60.5502	3
60.5502	4
60.5502	5
60.5513	3
60.5513	4
60.5513	5
60.5912	3
60.5912	4
60.5912	5
60.5922	3
60.5922	4
60.5922	5
60.6332	3
60.6332	4
60.6332	5
60.6342	3
60.6342	4
60.6342	5
60.6762	3
60.6762	4
60.6762	5
60.6773	3
60.6773	4
60.6773	5
60.7188	3
60.7188	4
60.7188	5
60.7188	6
60.7198	4
60.7198	5
60.7198	6
60.7612	4
60.7612	5
60.7612	6
60.7628	4
60.7628	5
60.7628	6
60.7633	5
60.7633	6
60.8042	4
60.8042	5
60.8052	4
60.8057	3
60.8063	1
60.8063	2
60.8462	1
60.8462	2
60.8467	1
60.8467	2
60.8467	3
60.8882	1
60.8882	2
60.8882	3
60.9287	1
60.9287	2
60.9287	3
60.9702	1
60.9702	2
60.9702	3
61.0122	1
61.0122	2
61.0122	3
61.0552	1
61.0552	2
61.0552	3
61.0552	4
61.0982	2
61.0982	3
61.0982	4
61.1402	2
61.1402	3
61.1402	4
61.1407	3
61.1407	4
61.1822	2
61.1822	3
61.1827	2
61.1832	1
61.1832	2
61.2252	1
61.2252	2
61.2252	3
61.2672	1
61.2672	2
61.2672	3
61.3103	1
61.3103	2
61.3103	3
61.3532	2
61.3532	3
61.3538	2
61.3538	3
61.3962	1
61.3962	2
61.3968	1
61.3968	2
61.4392	1
61.4392	2
61.4392	3
61.4812	1
61.4812	2
61.4812	3
61.5227	1
61.5227	2
61.5227	3
61.5637	1
61.5637	2
61.5637	3
61.6047	1
61.6047	2
61.6047	3
61.6467	1
61.6467	2
61.6467	3
61.6892	1
61.6892	2
61.6892	3
61.7323	1
61.7323	2
61.7323	3
61.7752	1
61.7752	2
61.7752	3
61.8172	1
61.8172	2
61.8172	3
61.8587	1
61.8587	2
61.8587	3
61.9007	1
61.9007	2
61.9007	3
61.9438	1
61.9438	2
61.9438	3
61.9868	1
61.9868	2
61.9868	3
62.0303	2
62.0303	3
62.0723	2
62.0723	3
62.1143	1
62.1143	2
62.1563	1
62.1563	2
62.1989	0
62.1989	1
62.1989	2
62.2414	1
62.2414	2
62.2414	3
62.2843	1
62.2843	2
62.2843	3
62.3263	1
62.3263	2
62.3263	3
62.3678	1
62.3678	2
62.3678	3
62.4088	1
62.4088	2
62.4088	3
62.4503	1
62.4503	2
62.4503	3
62.4913	1
62.4913	2
62.4913	3
62.5338	1
62.5338	2
62.5338	3
62.5764	1
62.5764	2
62.5764	3
62.6189	1
62.6189	2
62.6189	3
62.6619	1
62.6619	2
62.6619	3
62.7044	1
62.7044	2
62.7044	3
62.7464	1
62.7464	2
62.7464	3
62.7885	1
62.7885	2
62.7885	3
62.8305	1
62.8305	2
62.8305	3
62.873	1
62.873	2
62.873	3
62.916	1
62.916	2
62.916	3
62.959	1
62.959	2
62.959	3
63	1
63	2
63	3
63.0415	1
63.0415	2
63.0415	3
63.0845	1
63.0845	2
63.0845	3
63.127	1
63.127	2
63.127	3
63.17	1
63.17	2
63.17	3
63.212	1
63.212	2
63.212	3
63.2524	1
63.2524	2
63.2524	3
63.2929	1
63.2929	2
63.2929	3
63.3344	1
63.3344	2
63.3344	3
63.3769	1
63.3769	2
63.3769	3
63.42	1
63.42	2
63.42	3
63.4629	1
63.4629	2
63.4629	3
63.5049	1
63.5049	2
63.5049	3
63.5479	1
63.5479	2
63.5479	3
63.5905	1
63.5905	2
63.5905	3
63.6324	1
63.6324	2
63.6324	3
63.6739	1
63.6739	2
63.6739	3
63.7154	1
63.7154	2
63.7154	3
63.7564	1
63.7564	2
63.7564	3
63.7984	1
63.7984	2
63.7984	3
63.8414	1
63.8414	2
63.8414	3
63.8844	2
63.8844	3
63.8849	2
63.8849	3
63.9259	1
63.9259	2
63.9264	1
63.9264	2
63.9674	1
63.9674	2
63.9674	3
64.0094	1
64.0094	2
64.0094	3
64.0514	1
64.0514	2
64.0514	3
64.0935	1
64.0935	2
64.0935	3
64.136	1
64.136	2
64.136	3
64.179	1
64.179	2
64.179	3
64.222	1
64.222	2
64.222	3
64.265	1
64.265	2
64.265	3
64.3064	1
64.3064	2
64.3064	3
64.3469	1
64.3469	2
64.3469	3
64.3879	1
64.3879	2
64.3879	3
64.4299	1
64.4299	2
64.4299	3
64.4714	1
64.4714	2
64.4714	3
64.5124	1
64.5124	2
64.5124	3
64.5533	1
64.5533	2
64.5533	3
64.5948	1
64.5948	2
64.5948	3
64.6364	1
64.6364	2
64.6364	3
64.6793	1
64.6793	2
64.6793	3
64.7223	1
64.7223	2
64.7223	3
64.7633	1
64.7633	2
64.7633	3
64.8048	1
64.8048	2
64.8048	3
64.8457	1
64.8457	2
64.8457	3
64.8867	1
64.8867	2
64.8867	3
64.9298	1
64.9298	2
64.9298	3
64.9733	2
64.9733	3
65.0163	2
65.0163	3
65.0592	1
65.0592	2
65.1002	1
65.1002	2
65.1411	0
65.1411	1
65.1411	2
65.1826	1
65.1826	2
65.1826	3
65.2252	1
65.2252	2
65.2252	3
65.2682	1
65.2682	2
65.2682	3
65.3112	1
65.3112	2
65.3112	3
65.3531	2
65.3531	3
65.3536	2
65.3536	3
65.3936	1
65.3936	2
65.3941	1
65.3941	2
65.4361	1
65.4361	2
65.4361	3
65.4792	1
65.4792	2
65.4792	3
65.5221	1
65.5221	2
65.5221	3
65.5646	1
65.5646	2
65.5646	3
65.6051	1
65.6051	2
65.6051	3
65.6471	1
65.6471	2
65.6471	3
65.6901	1
65.6901	2
65.6901	3
65.7331	1
65.7331	2
65.7331	3
65.7746	1
65.7746	2
65.7746	3
65.8161	1
65.8161	2
65.8161	3
65.8591	1
65.8591	2
65.8591	3
65.9021	1
65.9021	2
65.9021	3
65.9451	1
65.9451	2
65.9451	3
65.9866	2
65.9866	3
65.9871	2
65.9871	3
66.0291	1
66.0291	2
66.0296	1
66.0296	2
66.0722	1
66.0722	2
66.0722	3
66.1151	1
66.1151	2
66.1151	3
66.1566	1
66.1566	2
66.1566	3
66.1981	1
66.1981	2
66.1981	3
66.2401	1
66.2401	2
66.2401	3
66.2826	1
66.2826	2
66.2826	3
66.3256	1
66.3256	2
66.3256	3
66.3687	2
66.3687	3
66.4106	2
66.4106	3
66.4526	1
66.4526	2
66.4947	1
66.4947	2
66.5377	0
66.5377	1
66.5377	2
66.5802	1
66.5802	2
66.5802	3
66.6232	1
66.6232	2
66.6232	3
66.6657	2
66.6657	3
66.6662	2
66.6662	3
66.7077	1
66.7077	2
66.7082	1
66.7082	2
66.7497	1
66.7497	2
66.7497	3
66.7923	1
66.7923	2
66.7923	3
66.8342	1
66.8342	2
66.8342	3
66.8763	1
66.8763	2
66.8763	3
66.9188	1
66.9188	2
66.9188	3
66.9619	1
66.9619	2
66.9619	3
67.0048	2
67.0048	3
67.0453	2
67.0453	3
67.0847	1
67.0847	2
67.1256	1
67.1256	2
67.1666	0
67.1666	1
67.1666	2
67.2086	1
67.2086	2
67.2086	3
67.2511	1
67.2511	2
67.2511	3
67.2511	4
67.2942	2
67.2942	3
67.2942	4
67.3361	3
67.3361	4
67.3366	3
67.3366	4
67.3791	1
67.3791	2
67.3797	1
67.3797	2
67.4207	1
67.4207	2
67.4212	1
67.4212	2
67.4212	3
67.4616	1
67.4616	2
67.4616	3
67.5026	1
67.5026	2
67.5026	3
67.5441	1
67.5441	2
67.5441	3
67.5856	1
67.5856	2
67.5856	3
67.6292	1
67.6292	2
67.6292	3
67.6701	2
67.6701	3
67.6706	2
67.6706	3
67.7132	1
67.7132	2
67.7137	1
67.7137	2
67.7562	1
67.7562	2
67.7976	0
67.7976	1
67.7976	2
67.8386	0
67.8386	1
67.8386	2
67.8816	0
67.8816	1
67.8816	2
67.9236	0
67.9236	1
67.9236	2
67.965	0
67.965	1
67.965	2
68.0086	0
68.0086	1
68.0086	2
68.0506	0
68.0506	1
68.0506	2
68.0936	0
68.0936	1
68.0936	2
68.1371	0
68.1371	1
68.1371	2
68.1806	0
68.1806	1
68.1806	2
68.221	0
68.221	1
68.221	2
68.2594	0
68.2594	1
68.2594	2
68.2998	0
68.2998	1
68.2998	2
68.3403	0
68.3403	1
68.3403	2
68.3807	0
68.3807	1
68.3807	2
68.4222	0
68.4222	1
68.4222	2
68.4637	0
68.4637	1
68.4637	2
68.5063	0
68.5063	1
68.5063	2
68.5493	0
68.5493	1
68.5493	2
68.5928	0
68.5928	1
68.5928	2
68.6343	0
68.6343	1
68.6343	2
68.6747	0
68.6747	1
68.6747	2
68.7152	0
68.7152	1
68.7152	2
68.7572	0
68.7572	1
68.7572	2
68.7982	0
68.7982	1
68.7982	2
68.8402	0
68.8402	1
68.8402	2
68.8832	0
68.8832	1
68.8832	2
68.9262	0
68.9262	1
68.9262	2
68.9692	0
68.9692	1
68.9692	2
69.0101	0
69.0101	1
69.0101	2
69.0495	0
69.0495	1
69.0495	2
69.0889	0
69.0889	1
69.0889	2
69.0889	3
69.1294	1
69.1294	2
69.1294	3
69.1709	1
69.1709	2
69.1709	3
69.2124	1
69.2124	2
69.2124	3
69.2544	1
69.2544	2
69.2544	3
69.2974	1
69.2974	2
69.2974	3
69.3405	1
69.3405	2
69.3405	3
69.3803	2
69.3803	3
69.3809	2
69.3809	3
69.4208	1
69.4208	2
69.4213	1
69.4213	2
69.4612	1
69.4612	2
69.4612	3
69.5027	1
69.5027	2
69.5027	3
69.5457	1
69.5457	2
69.5457	3
69.5887	1
69.5887	2
69.5887	3
69.6312	1
69.6312	2
69.6312	3
69.6748	1
69.6748	2
69.6748	3
69.7168	2
69.7168	3
69.7174	2
69.7174	3
69.7593	1
69.7593	2
69.7598	1
69.7598	2
69.8023	1
69.8023	2
69.8023	3
69.8454	1
69.8454	2
69.8454	3
69.8878	2
69.8878	3
69.8883	2
69.8883	3
69.9308	1
69.9308	2
69.9313	1
69.9313	2
69.9728	1
69.9728	2
69.9728	3
70.0138	1
70.0138	2
70.0138	3
70.0558	1
70.0558	2
70.0558	3
70.0984	1
70.0984	2
70.0984	3
70.1414	1
70.1414	2
70.1414	3
70.1839	1
70.1839	2
70.1839	3
70.2253	1
70.2253	2
70.2253	3
70.2653	1
70.2653	2
70.2653	3
70.3057	1
70.3057	2
70.3057	3
70.3477	1
70.3477	2
70.3477	3
70.3907	1
70.3907	2
70.3907	3
70.4337	1
70.4337	2
70.4337	3
70.4757	1
70.4757	2
70.4757	3
70.5156	1
70.5156	2
70.5156	3
70.5556	1
70.5556	2
70.5556	3
70.5971	1
70.5971	2
70.5971	3
70.6401	1
70.6401	2
70.6401	3
70.6831	1
70.6831	2
70.6831	3
70.7261	1
70.7261	2
70.7261	3
70.7676	2
70.7676	3
70.7681	2
70.7681	3
70.8101	1
70.8101	2
70.8106	1
70.8106	2
70.8521	1
70.8521	2
70.8521	3
70.8947	1
70.8947	2
70.8947	3
70.9382	1
70.9382	2
70.9382	3
70.9812	2
70.9812	3
70.9817	2
70.9817	3
71.0205	1
71.0205	2
71.0211	1
71.0211	2
71.061	1
71.061	2
71.061	3
71.1009	1
71.1009	2
71.1009	3
71.1419	1
71.1419	2
71.1419	3
71.1849	1
71.1849	2
71.1849	3
71.2269	1
71.2269	2
71.2269	3
71.2699	1
71.2699	2
71.2699	3
71.3129	2
71.3129	3
71.3554	2
71.3554	3
71.3969	1
71.3969	2
71.4374	1
71.4374	2
71.4783	0
71.4783	1
71.4783	2
71.5209	1
71.5209	2
71.5209	3
71.5639	1
71.5639	2
71.5639	3
71.6068	2
71.6068	3
71.6498	2
71.6498	3
71.6887	1
71.6887	2
71.7276	1
71.7276	2
71.7664	0
71.7664	1
71.7664	2
71.8074	1
71.8074	2
71.8074	3
71.8504	1
71.8504	2
71.8504	3
71.8934	1
71.8934	2
71.8934	3
71.9364	2
71.9364	3
71.9369	2
71.9369	3
71.9794	1
71.9794	2
71.9799	1
71.9799	2
72.0218	1
72.0218	2
72.0218	3
72.0639	1
72.0639	2
72.0639	3
72.1059	1
72.1059	2
72.1059	3
72.1479	1
72.1479	2
72.1479	3
72.1905	1
72.1905	2
72.1905	3
72.2334	1
72.2334	2
72.2334	3
72.2764	1
72.2764	2
72.2764	3
72.3168	1
72.3168	2
72.3168	3
72.3578	1
72.3578	2
72.3578	3
72.3978	1
72.3978	2
72.3978	3
72.4382	1
72.4382	2
72.4382	3
72.4802	1
72.4802	2
72.4802	3
72.5227	1
72.5227	2
72.5227	3
72.5653	1
72.5653	2
72.5653	3
72.6078	1
72.6078	2
72.6078	3
72.6493	1
72.6493	2
72.6493	3
72.6918	1
72.6918	2
72.6918	3
72.7349	1
72.7349	2
72.7349	3
72.7773	1
72.7773	2
72.7773	3
72.8203	1
72.8203	2
72.8203	3
72.8618	1
72.8618	2
72.8618	3
72.9033	1
72.9033	2
72.9033	3
72.9453	1
72.9453	2
72.9453	3
72.9874	1
72.9874	2
72.9874	3
73.0304	1
73.0304	2
73.0304	3
73.0729	1
73.0729	2
73.0729	3
73.1159	1
73.1159	2
73.1159	3
73.1583	2
73.1583	3
73.1589	2
73.1589	3
73.2009	1
73.2009	2
73.2014	1
73.2014	2
73.2424	1
73.2424	2
73.2424	3
73.2854	1
73.2854	2
73.2854	3
73.3284	1
73.3284	2
73.3284	3
73.3713	2
73.3713	3
73.3719	2
73.3719	3
73.4143	1
73.4143	2
73.4148	1
73.4148	2
73.4537	1
73.4537	2
73.4537	3
73.4942	1
73.4942	2
73.4942	3
73.5336	1
73.5336	2
73.5336	3
73.5735	1
73.5735	2
73.5735	3
73.6171	1
73.6171	2
73.6171	3
73.6591	2
73.6591	3
73.6596	2
73.6596	3
73.7005	1
73.7005	2
73.701	1
73.701	2
73.7435	1
73.7435	2
73.7435	3
73.7855	1
73.7855	2
73.7855	3
73.8275	1
73.8275	2
73.8275	3
73.87	1
73.87	2
73.87	3
73.913	1
73.913	2
73.913	3
73.9555	2
73.9555	3
73.956	2
73.956	3
73.9986	1
73.9986	2
73.9991	1
73.9991	2
74.0415	1
74.0415	2
74.0415	3
74.0835	1
74.0835	2
74.0835	3
74.126	1
74.126	2
74.126	3
74.1691	1
74.1691	2
74.1691	3
74.2115	1
74.2115	2
74.2115	3
74.2536	1
74.2536	2
74.2536	3
74.2961	1
74.2961	2
74.2961	3
74.3387	1
74.3387	2
74.3387	3
74.3807	1
74.3807	2
74.3807	3
74.4237	1
74.4237	2
74.4237	3
74.4667	1
74.4667	2
74.4667	3
74.5092	1
74.5092	2
74.5092	3
74.5501	1
74.5501	2
74.5501	3
74.5916	1
74.5916	2
74.5916	3
74.6331	1
74.6331	2
74.6331	3
74.6752	1
74.6752	2
74.6752	3
74.7181	1
74.7181	2
74.7181	3
74.7181	4
74.7612	2
74.7612	3
74.7612	4
74.8042	2
74.8042	3
74.8042	4
74.8047	3
74.8047	4
74.8467	2
74.8467	3
74.8472	2
74.8477	1
74.8477	2
74.8882	1
74.8882	2
74.8882	3
74.9292	1
74.9292	2
74.9292	3
74.9691	1
74.9691	2
74.9691	3
75.0101	1
75.0101	2
75.0101	3
75.0521	1
75.0521	2
75.0521	3
75.0951	1
75.0951	2
75.0951	3
75.138	1
75.138	2
75.138	3
75.178	1
75.178	2
75.178	3
75.2179	1
75.2179	2
75.2179	3
75.2179	4
75.2599	2
75.2599	3
75.2599	4
75.261	2
75.261	3
75.261	4
75.304	2
75.304	3
75.304	4
75.3045	3
75.3045	4
75.346	2
75.346	3
75.3465	2
75.347	1
75.347	2
75.3885	1
75.3885	2
75.3885	3
75.4315	1
75.4315	2
75.4315	3
75.4724	1
75.4724	2
75.4724	3
75.5139	1
75.5139	2
75.5139	3
75.5549	1
75.5549	2
75.5549	3
75.5969	1
75.5969	2
75.5969	3
75.6399	1
75.6399	2
75.6399	3
75.6829	1
75.6829	2
75.6829	3
75.7254	1
75.7254	2
75.7254	3
75.7254	4
75.7684	2
75.7684	3
75.7684	4
75.8104	2
75.8104	3
75.8104	4
75.8109	3
75.8109	4
75.8529	2
75.8529	3
75.8534	2
75.8539	1
75.8539	2
75.8959	1
75.8959	2
75.8959	3
75.9389	1
75.9389	2
75.9389	3
75.9819	1
75.9819	2
75.9819	3
76.0239	2
76.0239	3
76.0244	2
76.0244	3
76.0659	1
76.0659	2
76.0664	1
76.0664	2
76.1069	1
76.1069	2
76.1494	0
76.1494	1
76.1494	2
76.192	0
76.192	1
76.192	2
76.235	0
76.235	1
76.235	2
76.2775	0
76.2775	1
76.2775	2
76.3185	0
76.3185	1
76.3185	2
76.36	0
76.36	1
76.36	2
76.3999	0
76.3999	1
76.3999	2
76.4414	0
76.4414	1
76.4414	2
76.4834	0
76.4834	1
76.4834	2
76.5255	0
76.5255	1
76.5255	2
76.5685	0
76.5685	1
76.5685	2
76.6105	0
76.6105	1
76.6105	2
76.6535	0
76.6535	1
76.6535	2
76.696	0
76.696	1
76.696	2
76.7385	0
76.7385	1
76.7385	2
76.78	0
76.78	1
76.78	2
76.821	0
76.821	1
76.821	2
76.862	0
76.862	1
76.862	2
76.904	0
76.904	1
76.904	2
76.9471	0
76.9471	1
76.9471	2
76.9901	0
76.9901	1
76.9901	2
77.033	0
77.033	1
77.033	2
77.075	0
77.075	1
77.075	2
77.1176	0
77.1176	1
77.1176	2
77.1606	0
77.1606	1
77.1606	2
77.2036	0
77.2036	1
77.2036	2
77.2455	0
77.2455	1
77.2455	2
77.2881	0
77.2881	1
77.2881	2
77.3296	0
77.3296	1
77.3296	2
77.3716	0
77.3716	1
77.3716	2
77.4146	0
77.4146	1
77.4146	2
77.4576	0
77.4576	1
77.4576	2
77.4576	3
77.5006	1
77.5006	2
77.5006	3
77.542	1
77.542	2
77.542	3
77.5814	1
77.5814	2
77.5814	3
77.6203	1
77.6203	2
77.6203	3
77.6607	1
77.6607	2
77.6607	3
77.7033	1
77.7033	2
77.7033	3
77.7457	1
77.7457	2
77.7457	3
77.7887	1
77.7887	2
77.7887	3
77.7887	4
77.8297	2
77.8297	3
77.8297	4
77.8307	2
77.8307	3
77.8307	4
77.8717	2
77.8717	3
77.8717	4
77.8728	2
77.8728	3
77.8728	4
77.9132	2
77.9132	3
77.9132	4
77.9143	2
77.9143	3
77.9143	4
77.9552	2
77.9552	3
77.9552	4
77.9563	2
77.9563	3
77.9563	4
77.9978	2
77.9978	3
77.9978	4
77.9988	2
77.9988	3
77.9988	4
78.0408	2
78.0408	3
78.0408	4
78.0408	5
78.0419	3
78.0419	4
78.0419	5
78.0838	3
78.0838	4
78.0838	5
78.0848	3
78.0848	4
78.0848	5
78.1242	4
78.1242	5
78.1247	4
78.1247	5
78.1252	3
78.1252	4
78.1257	3
78.1651	2
78.1657	1
78.1657	2
78.1662	1
78.1662	2
78.1662	3
78.2072	1
78.2072	2
78.2072	3
78.2481	1
78.2481	2
78.2481	3
78.2896	1
78.2896	2
78.2896	3
78.3322	1
78.3322	2
78.3322	3
78.3752	1
78.3752	2
78.3752	3
78.3752	4
78.4182	2
78.4182	3
78.4182	4
78.4602	2
78.4602	3
78.4602	4
78.4607	3
78.4607	4
78.5012	2
78.5012	3
78.5017	2
78.5022	1
78.5022	2
78.5432	1
78.5432	2
78.5432	3
78.5847	1
78.5847	2
78.5847	3
78.6272	1
78.6272	2
78.6272	3
78.6702	1
78.6702	2
78.6702	3
78.7132	1
78.7132	2
78.7132	3
78.7551	1
78.7551	2
78.7551	3
78.7966	1
78.7966	2
78.7966	3
78.8376	1
78.8376	2
78.8376	3
78.8786	1
78.8786	2
78.8786	3
78.9201	1
78.9201	2
78.9201	3
78.9627	1
78.9627	2
78.9627	3
79.0052	1
79.0052	2
79.0052	3
79.0482	1
79.0482	2
79.0482	3
79.0886	1
79.0886	2
79.0886	3
79.1296	1
79.1296	2
79.1296	3
79.1706	1
79.1706	2
79.1706	3
79.2121	1
79.2121	2
79.2121	3
79.2541	1
79.2541	2
79.2541	3
79.2961	1
79.2961	2
79.2961	3
79.3387	1
79.3387	2
79.3387	3
79.3817	1
79.3817	2
79.3817	3
79.4247	2
79.4247	3
79.4651	2
79.4651	3
79.5081	1
79.5081	2
79.5506	1
79.5506	2
79.5936	0
79.5936	1
79.5936	2
79.6356	1
79.6356	2
79.6356	3
79.6785	1
79.6785	2
79.6785	3
79.721	1
79.721	2
79.721	3
79.7641	1
79.7641	2
79.7641	3
79.807	1
79.807	2
79.807	3
79.85	1
79.85	2
79.85	3
79.8905	2
79.8905	3
79.891	2
79.891	3
79.932	1
79.932	2
79.9325	1
79.9325	2
79.9745	1
79.9745	2
79.9745	3
80.0175	1
80.0175	2
80.0175	3
80.0605	2
80.0605	3
80.061	2
80.061	3
80.1035	1
80.1035	2
80.104	1
80.104	2
80.1465	1
80.1465	2
80.1465	3
80.188	1
80.188	2
80.188	3
80.2295	1
80.2295	2
80.2295	3
80.271	1
80.271	2
80.271	3
80.314	1
80.314	2
80.314	3
80.357	1
80.357	2
80.357	3
80.4005	1
80.4005	2
80.4005	3
80.4409	2
80.4409	3
80.4415	2
80.4415	3
80.4824	1
80.4824	2
80.483	1
80.483	2
80.5254	1
80.5254	2
80.5254	3
80.5664	1
80.5664	2
80.5664	3
80.6074	1
80.6074	2
80.6074	3
80.6489	1
80.6489	2
80.6489	3
80.6909	1
80.6909	2
80.6909	3
80.7334	1
80.7334	2
80.7334	3
80.7764	1
80.7764	2
80.7764	3
80.8184	1
80.8184	2
80.8184	3
80.8594	1
80.8594	2
80.8594	3
80.9024	1
80.9024	2
80.9024	3
80.9444	1
80.9444	2
80.9444	3
80.9879	1
80.9879	2
80.9879	3
81.0304	2
81.0304	3
81.0309	2
81.0309	3
81.0724	1
81.0724	2
81.0729	1
81.0729	2
81.1144	1
81.1144	2
81.1144	3
81.1574	1
81.1574	2
81.1574	3
81.1999	1
81.1999	2
81.1999	3
81.2424	1
81.2424	2
81.2424	3
81.284	1
81.284	2
81.284	3
81.3249	1
81.3249	2
81.3249	3
81.3664	1
81.3664	2
81.3664	3
81.4085	1
81.4085	2
81.4085	3
81.4505	1
81.4505	2
81.4505	3
81.493	1
81.493	2
81.493	3
81.5356	1
81.5356	2
81.5356	3
81.5786	1
81.5786	2
81.5786	3
81.6215	1
81.6215	2
81.6215	3
81.6645	1
81.6645	2
81.6645	3
81.7044	1
81.7044	2
81.7044	3
81.7044	4
81.7444	2
81.7444	3
81.7444	4
81.7454	2
81.7454	3
81.7454	4
81.7864	2
81.7864	3
81.7864	4
81.7874	2
81.7874	3
81.7874	4
81.8284	2
81.8284	3
81.8284	4
81.8295	2
81.8295	3
81.8295	4
81.8715	2
81.8715	3
81.8715	4
81.8725	2
81.8725	3
81.8725	4
81.9144	2
81.9144	3
81.9144	4
81.9155	2
81.9155	3
81.9155	4
81.9574	2
81.9574	3
81.9574	4
81.9585	2
81.9585	3
81.9585	4
82	2
82	3
82	4
82.001	2
82.001	3
82.001	4
82.0409	2
82.0409	3
82.0409	4
82.042	2
82.042	3
82.042	4
82.0835	2
82.0835	3
82.0835	4
82.0845	2
82.0845	3
82.0845	4
82.1265	2
82.1265	3
82.1265	4
82.1275	2
82.1275	3
82.1275	4
82.1694	2
82.1694	3
82.1694	4
82.1705	2
82.1705	3
82.1705	4
82.2104	2
82.2104	3
82.2104	4
82.2115	2
82.2115	3
82.2115	4
82.2519	2
82.2519	3
82.2519	4
82.253	2
82.253	3
82.253	4
82.2929	2
82.2929	3
82.2929	4
82.2939	2
82.2939	3
82.2939	4
82.3344	2
82.3344	3
82.3344	4
82.3355	2
82.3355	3
82.3355	4
82.3774	2
82.3774	3
82.3774	4
82.3785	2
82.3785	3
82.3785	4
82.4204	2
82.4204	3
82.4204	4
82.4215	2
82.4215	3
82.4215	4
82.4634	2
82.4634	3
82.4634	4
82.4644	2
82.4644	3
82.4644	4
82.5049	2
82.5049	3
82.5049	4
82.5059	2
82.5059	3
82.5059	4
82.5458	2
82.5458	3
82.5458	4
82.5469	2
82.5469	3
82.5469	4
82.5879	2
82.5879	3
82.5879	4
82.5889	2
82.5889	3
82.5889	4
82.6299	2
82.6299	3
82.6299	4
82.6309	2
82.6309	3
82.6309	4
82.6729	2
82.6729	3
82.6729	4
82.6739	2
82.6739	3
82.6739	4
82.7159	2
82.7159	3
82.7159	4
82.7169	2
82.7169	3
82.7169	4
82.7584	2
82.7584	3
82.7584	4
82.7594	2
82.7594	3
82.7594	4
82.7999	2
82.7999	3
82.7999	4
82.801	2
82.801	3
82.801	4
82.8414	2
82.8414	3
82.8414	4
82.8425	2
82.8425	3
82.8425	4
82.8829	2
82.8829	3
82.8829	4
82.884	2
82.884	3
82.884	4
82.9255	2
82.9255	3
82.9255	4
82.9265	2
82.9265	3
82.9265	4
82.9684	2
82.9684	3
82.9684	4
82.9695	2
82.9695	3
82.9695	4
83.0114	2
83.0114	3
83.0114	4
83.0125	2
83.0125	3
83.0125	4
83.0534	2
83.0534	3
83.0534	4
83.0544	2
83.0544	3
83.0544	4
83.0938	2
83.0938	3
83.0938	4
83.0949	2
83.0949	3
83.0949	4
83.1337	2
83.1337	3
83.1337	4
83.1348	2
83.1348	3
83.1348	4
83.1747	2
83.1747	3
83.1747	4
83.1758	2
83.1758	3
83.1758	4
83.2173	2
83.2173	3
83.2173	4
83.2183	2
83.2183	3
83.2183	4
83.2603	2
83.2603	3
83.2603	4
83.2614	2
83.2614	3
83.2614	4
83.3033	2
83.3033	3
83.3033	4
83.3043	2
83.3043	3
83.3043	4
83.3463	2
83.3463	3
83.3463	4
83.3473	2
83.3473	3
83.3473	4
83.3883	2
83.3883	3
83.3883	4
83.3894	2
83.3894	3
83.3894	4
83.4313	2
83.4313	3
83.4313	4
83.4324	2
83.4324	3
83.4324	4
83.4748	2
83.4748	3
83.4748	4
83.4759	2
83.4759	3
83.4759	4
83.5173	2
83.5173	3
83.5173	4
83.5184	2
83.5184	3
83.5184	4
83.5593	2
83.5593	3
83.5593	4
83.5603	2
83.5603	3
83.5603	4
83.6008	2
83.6008	3
83.6008	4
83.6018	2
83.6018	3
83.6018	4
83.6438	2
83.6438	3
83.6438	4
83.6449	2
83.6449	3
83.6449	4
83.6868	2
83.6868	3
83.6868	4
83.6879	2
83.6879	3
83.6879	4
83.7298	2
83.7298	3
83.7298	4
83.7309	2
83.7309	3
83.7309	4
83.7713	2
83.7713	3
83.7713	4
83.7723	2
83.7723	3
83.7723	4
83.8143	2
83.8143	3
83.8143	4
83.8154	2
83.8154	3
83.8154	4
83.8563	2
83.8563	3
83.8563	4
83.8574	2
83.8574	3
83.8574	4
83.8989	2
83.8989	3
83.8989	4
83.8999	2
83.8999	3
83.8999	4
83.9424	2
83.9424	3
83.9424	4
83.9435	2
83.9435	3
83.9435	4
83.9844	2
83.9844	3
83.9844	4
83.9854	2
83.9854	3
83.9854	4
84.0274	2
84.0274	3
84.0274	4
84.0284	2
84.0284	3
84.0284	4
84.0678	2
84.0678	3
84.0678	4
84.0689	2
84.0689	3
84.0689	4
84.1104	2
84.1104	3
84.1104	4
84.1114	2
84.1114	3
84.1114	4
84.1514	2
84.1514	3
84.1514	4
84.1514	5
84.1524	3
84.1524	4
84.1524	5
84.1939	3
84.1939	4
84.1939	5
84.195	3
84.195	4
84.195	5
84.2359	3
84.2359	4
84.2359	5
84.237	3
84.237	4
84.237	5
84.2785	3
84.2785	4
84.2785	5
84.2795	3
84.2795	4
84.2795	5
84.3215	3
84.3215	4
84.3215	5
84.3226	3
84.3226	4
84.3226	5
84.3645	3
84.3645	4
84.3645	5
84.3655	3
84.3655	4
84.3655	5
84.406	3
84.406	4
84.406	5
84.406	6
84.407	4
84.407	5
84.407	6
84.449	4
84.449	5
84.449	6
84.45	4
84.45	5
84.45	6
84.4506	5
84.4506	6
84.492	4
84.492	5
84.4925	4
84.493	3
84.4935	2
84.4941	1
84.4941	2
84.5339	1
84.5339	2
84.5339	3
84.5754	1
84.5754	2
84.5754	3
84.6164	1
84.6164	2
84.6164	3
84.6579	1
84.6579	2
84.6579	3
84.6999	1
84.6999	2
84.6999	3
84.6999	4
84.742	2
84.742	3
84.742	4
84.743	2
84.743	3
84.743	4
84.7851	2
84.7851	3
84.7851	4
84.7861	2
84.7861	3
84.7861	4
84.828	2
84.828	3
84.828	4
84.8291	2
84.8291	3
84.8291	4
84.871	2
84.871	3
84.871	4
84.8721	2
84.8721	3
84.8721	4
84.913	2
84.913	3
84.913	4
84.9141	2
84.9141	3
84.9141	4
84.9545	2
84.9545	3
84.9545	4
84.9545	5
84.9556	3
84.9556	4
84.9556	5
84.997	3
84.997	4
84.997	5
84.9981	3
84.9981	4
84.9981	5
85.039	3
85.039	4
85.039	5
85.0401	3
85.0401	4
85.0401	5
85.082	3
85.082	4
85.082	5
85.0831	4
85.0831	5
85.0836	4
85.0836	5
85.1255	3
85.1255	4
85.1261	3
85.1266	2
85.168	1
85.168	2
85.2085	0
85.2085	1
85.2085	2
85.2479	1
85.2479	2
85.2479	3
85.2894	1
85.2894	2
85.2894	3
85.3324	1
85.3324	2
85.3324	3
85.3749	2
85.3749	3
85.3755	2
85.3755	3
85.4179	1
85.4179	2
85.4185	1
85.4185	2
85.4599	1
85.4599	2
85.4599	3
85.5014	1
85.5014	2
85.5014	3
85.5434	1
85.5434	2
85.5434	3
85.586	1
85.586	2
85.586	3
85.629	1
85.629	2
85.629	3
85.672	1
85.672	2
85.672	3
85.7145	1
85.7145	2
85.7145	3
85.756	1
85.756	2
85.756	3
85.7986	1
85.7986	2
85.7986	3
85.8406	1
85.8406	2
85.8406	3
85.8836	1
85.8836	2
85.8836	3
85.9266	2
85.9266	3
85.9271	2
85.9271	3
85.9701	1
85.9701	2
85.9707	1
85.9707	2
86.0116	1
86.0116	2
86.0116	3
86.0536	1
86.0536	2
86.0536	3
86.0957	1
86.0957	2
86.0957	3
86.1377	1
86.1377	2
86.1377	3
86.1808	1
86.1808	2
86.1808	3
86.2238	1
86.2238	2
86.2238	3
86.2663	1
86.2663	2
86.2663	3
86.3088	1
86.3088	2
86.3088	3
86.3508	1
86.3508	2
86.3508	3
86.3923	1
86.3923	2
86.3923	3
86.4343	1
86.4343	2
86.4343	3
86.4773	1
86.4773	2
86.4773	3
86.5203	1
86.5203	2
86.5203	3
86.5623	1
86.5623	2
86.5623	3
86.6043	1
86.6043	2
86.6043	3
86.6458	1
86.6458	2
86.6458	3
86.6878	1
86.6878	2
86.6878	3
86.7308	1
86.7308	2
86.7308	3
86.7744	1
86.7744	2
86.7744	3
86.8153	2
86.8153	3
86.8158	2
86.8158	3
86.8563	1
86.8563	2
86.8568	1
86.8568	2
86.8972	1
86.8972	2
86.8972	3
86.9382	1
86.9382	2
86.9382	3
86.9787	1
86.9787	2
86.9787	3
87.0196	1
87.0196	2
87.0196	3
87.0611	1
87.0611	2
87.0611	3
87.1037	1
87.1037	2
87.1037	3
87.1468	1
87.1468	2
87.1468	3
87.1897	2
87.1897	3
87.1903	2
87.1903	3
87.2327	1
87.2327	2
87.2332	1
87.2332	2
87.2746	1
87.2746	2
87.2746	3
87.3161	1
87.3161	2
87.3161	3
87.3587	1
87.3587	2
87.3587	3
87.4012	1
87.4012	2
87.4012	3
87.4442	1
87.4442	2
87.4442	3
87.4867	1
87.4867	2
87.4867	3
87.5282	1
87.5282	2
87.5282	3
87.5686	1
87.5686	2
87.5686	3
87.6091	1
87.6091	2
87.6091	3
87.65	1
87.65	2
87.65	3
87.6926	1
87.6926	2
87.6926	3
87.7351	1
87.7351	2
87.7351	3
87.7776	1
87.7776	2
87.7776	3
87.8207	1
87.8207	2
87.8207	3
87.8636	2
87.8636	3
87.9066	2
87.9066	3
87.9481	1
87.9481	2
87.9912	1
87.9912	2
88.0336	0
88.0336	1
88.0336	2
88.0766	1
88.0766	2
88.0766	3
88.1186	1
88.1186	2
88.1186	3
88.1616	1
88.1616	2
88.1616	3
88.2036	1
88.2036	2
88.2036	3
88.2456	1
88.2456	2
88.2456	3
88.2886	1
88.2886	2
88.2886	3
88.3316	2
88.3316	3
88.3322	2
88.3322	3
88.3741	1
88.3741	2
88.3746	1
88.3746	2
88.4156	1
88.4156	2
88.4156	3
88.4571	1
88.4571	2
88.4571	3
88.4991	1
88.4991	2
88.4991	3
88.5412	1
88.5412	2
88.5412	3
88.5842	1
88.5842	2
88.5842	3
88.6272	1
88.6272	2
88.6272	3
88.6696	1
88.6696	2
88.6696	3
88.7101	1
88.7101	2
88.7101	3
88.7505	1
88.7505	2
88.7505	3
88.7915	1
88.7915	2
88.7915	3
88.833	1
88.833	2
88.833	3
88.876	1
88.876	2
88.876	3
88.9185	1
88.9185	2
88.9185	3
88.9615	1
88.9615	2
88.9615	3
89.0024	1
89.0024	2
89.0024	3
89.0429	1
89.0429	2
89.0429	3
89.0839	1
89.0839	2
89.0839	3
89.1248	1
89.1248	2
89.1248	3
89.1669	1
89.1669	2
89.1669	3
89.2089	1
89.2089	2
89.2089	3
89.2509	1
89.2509	2
89.2509	3
89.2935	1
89.2935	2
89.2935	3
89.3365	1
89.3365	2
89.3365	3
89.3795	1
89.3795	2
89.3795	3
89.4209	1
89.4209	2
89.4209	3
89.4624	1
89.4624	2
89.4624	3
89.5034	1
89.5034	2
89.5034	3
89.5444	1
89.5444	2
89.5444	3
89.5869	1
89.5869	2
89.5869	3
89.63	1
89.63	2
89.63	3
89.6725	2
89.6725	3
89.673	2
89.673	3
89.7145	1
89.7145	2
89.715	1
89.715	2
89.757	1
89.757	2
89.757	3
89.798	1
89.798	2
89.798	3
89.8406	1
89.8406	2
89.8406	3
89.8826	1
89.8826	2
89.8826	3
89.9246	1
89.9246	2
89.9246	3
89.9672	1
89.9672	2
89.9672	3
90.0102	1
90.0102	2
90.0102	3
90.0531	2
90.0531	3
90.0956	2
90.0956	3
90.1371	1
90.1371	2
90.1802	1
90.1802	2
90.2232	0
90.2232	1
90.2232	2
90.2661	1
90.2661	2
90.2661	3
90.3081	1
90.3081	2
90.3081	3
90.3512	1
90.3512	2
90.3512	3
90.3932	1
90.3932	2
90.3932	3
90.3932	4
90.4347	2
90.4347	3
90.4347	4
90.4358	2
90.4358	3
90.4358	4
90.4782	2
90.4782	3
90.4782	4
90.5207	2
90.5207	3
90.5207	4
90.5212	3
90.5212	4
90.5637	2
90.5637	3
90.5642	2
90.5648	1
90.5648	2
90.6067	1
90.6067	2
90.6067	3
90.6487	1
90.6487	2
90.6487	3
90.6876	1
90.6876	2
90.6876	3
90.728	1
90.728	2
90.728	3
90.7674	1
90.7674	2
90.7674	3
90.8079	1
90.8079	2
90.8079	3
90.8483	1
90.8483	2
90.8483	3
90.8893	1
90.8893	2
90.8893	3
90.9303	1
90.9303	2
90.9303	3
90.9303	4
90.9723	2
90.9723	3
90.9723	4
90.9733	2
90.9733	3
90.9733	4
91.0163	2
91.0163	3
91.0163	4
91.0168	3
91.0168	4
91.0583	2
91.0583	3
91.0588	2
91.0593	1
91.0593	2
91.1007	1
91.1007	2
91.1007	3
91.1433	1
91.1433	2
91.1433	3
91.1816	1
91.1816	2
91.1816	3
91.2205	1
91.2205	2
91.2205	3
91.2594	1
91.2594	2
91.2594	3
91.3009	1
91.3009	2
91.3009	3
91.3429	1
91.3429	2
91.3429	3
91.3849	1
91.3849	2
91.3849	3
91.4275	1
91.4275	2
91.4275	3
91.4275	4
91.4705	2
91.4705	3
91.4705	4
91.5135	3
91.5135	4
91.5565	3
91.5565	4
91.5985	1
91.5985	2
91.6405	1
91.6405	2
91.6815	1
91.6815	2
91.724	0
91.724	1
91.724	2
91.7666	1
91.7666	2
91.7666	3
91.8101	1
91.8101	2
91.8101	3
91.8526	2
91.8526	3
91.8531	2
91.8531	3
91.8935	1
91.8935	2
91.894	1
91.894	2
91.934	1
91.934	2
91.9755	0
91.9755	1
91.9755	2
92.019	0
92.019	1
92.019	2
92.062	0
92.062	1
92.062	2
92.1055	0
92.1055	1
92.1055	2
92.1464	0
92.1464	1
92.1464	2
92.1869	0
92.1869	1
92.1869	2
92.2284	0
92.2284	1
92.2284	2
92.2694	0
92.2694	1
92.2694	2
92.3109	0
92.3109	1
92.3109	2
92.3539	0
92.3539	1
92.3539	2
92.3968	0
92.3968	1
92.3968	2
92.4388	0
92.4388	1
92.4388	2
92.4788	0
92.4788	1
92.4788	2
92.5192	0
92.5192	1
92.5192	2
92.5602	0
92.5602	1
92.5602	2
92.6032	0
92.6032	1
92.6032	2
92.6462	0
92.6462	1
92.6462	2
92.6887	0
92.6887	1
92.6887	2
92.7312	0
92.7312	1
92.7312	2
92.7737	0
92.7737	1
92.7737	2
92.8157	0
92.8157	1
92.8157	2
92.8587	0
92.8587	1
92.8587	2
92.9018	0
92.9018	1
92.9018	2
92.9427	0
92.9427	1
92.9427	2
92.9826	0
92.9826	1
92.9826	2
93.0231	0
93.0231	1
93.0231	2
93.0656	0
93.0656	1
93.0656	2
93.1087	0
93.1087	1
93.1087	2
93.1512	0
93.1512	1
93.1512	2
93.1927	0
93.1927	1
93.1927	2
93.2342	0
93.2342	1
93.2342	2
93.2762	0
93.2762	1
93.2762	2
93.2762	3
93.3192	1
93.3192	2
93.3192	3
93.3617	2
93.3617	3
93.3622	2
93.3622	3
93.4047	1
93.4047	2
93.4052	1
93.4052	2
93.4477	1
93.4477	2
93.4477	3
93.4892	1
93.4892	2
93.4892	3
93.5301	1
93.5301	2
93.5301	3
93.5722	1
93.5722	2
93.5722	3
93.6147	1
93.6147	2
93.6147	3
93.6566	1
93.6566	2
93.6566	3
93.6992	1
93.6992	2
93.6992	3
93.7422	1
93.7422	2
93.7422	3
93.7852	1
93.7852	2
93.7852	3
93.8266	1
93.8266	2
93.8266	3
93.8692	1
93.8692	2
93.8692	3
93.9122	1
93.9122	2
93.9122	3
93.9547	1
93.9547	2
93.9547	3
94.1553	2
94.1553	3
94.1983	2
94.1983	3
94.2412	2
94.2412	3
94.2842	0
94.2842	1
94.2842	2
94.3272	1
94.3272	2
94.3277	1
94.3277	2
94.3277	3
94.3676	1
94.3676	2
94.3676	3
94.4054	1
94.4054	2
94.4054	3
94.4443	1
94.4443	2
94.4443	3
94.4842	1
94.4842	2
94.4842	3
94.5257	1
94.5257	2
94.5257	3
94.5672	1
94.5672	2
94.5672	3
94.6103	1
94.6103	2
94.6103	3
94.6533	1
94.6533	2
94.6533	3
94.6953	1
94.6953	2
94.6953	3
94.7383	1
94.7383	2
94.7383	3
94.7803	1
94.7803	2
94.7803	3
94.8228	1
94.8228	2
94.8228	3
94.8653	1
94.8653	2
94.8653	3
94.9078	1
94.9078	2
94.9078	3
94.9509	1
94.9509	2
94.9509	3
94.9938	1
94.9938	2
94.9938	3
95.0353	1
95.0353	2
95.0353	3
95.0763	1
95.0763	2
95.0763	3
95.1162	1
95.1162	2
95.1162	3
95.1561	1
95.1561	2
95.1561	3
95.1961	1
95.1961	2
95.1961	3
95.237	1
95.237	2
95.237	3
95.2785	1
95.2785	2
95.2785	3
95.3216	1
95.3216	2
95.3216	3
95.3641	1
95.3641	2
95.3641	3
95.4071	1
95.4071	2
95.4071	3
95.4501	1
95.4501	2
95.4501	3
95.4921	1
95.4921	2
95.4921	3
95.5336	1
95.5336	2
95.5336	3
95.5751	1
95.5751	2
95.5751	3
95.6166	1
95.6166	2
95.6166	3
95.6591	1
95.6591	2
95.6591	3
95.7021	1
95.7021	2
95.7021	3
95.7451	1
95.7451	2
95.7451	3
95.7881	2
95.7881	3
95.8306	2
95.8306	3
95.8726	1
95.8726	2
95.9151	1
95.9151	2
95.9581	0
95.9581	1
95.9581	2
96.0011	1
96.0011	2
96.0011	3
96.0441	1
96.0441	2
96.0441	3
96.0856	1
96.0856	2
96.0856	3
96.1255	1
96.1255	2
96.1255	3
96.167	1
96.167	2
96.167	3
96.2085	1
96.2085	2
96.2085	3
96.2511	1
96.2511	2
96.2511	3
96.2941	1
96.2941	2
96.2941	3
96.3371	2
96.3371	3
96.3376	2
96.3376	3
96.3801	1
96.3801	2
96.3806	1
96.3806	2
96.4211	1
96.4211	2
96.4211	3
96.4626	1
96.4626	2
96.4626	3
96.5025	1
96.5025	2
96.5025	3
96.5429	1
96.5429	2
96.5429	3
96.5855	1
96.5855	2
96.5855	3
96.6275	1
96.6275	2
96.6275	3
96.6705	1
96.6705	2
96.6705	3
96.7135	1
96.7135	2
96.7135	3
96.7565	2
96.7565	3
96.7995	2
96.7995	3
96.8415	1
96.8415	2
96.8814	1
96.8814	2
96.9229	0
96.9229	1
96.9229	2
96.9655	1
96.9655	2
96.9655	3
97.0084	1
97.0084	2
97.0084	3
97.0514	2
97.0514	3
97.0934	2
97.0934	3
97.1355	1
97.1355	2
97.1785	1
97.1785	2
97.2215	0
97.2215	1
97.2215	2
97.2644	1
97.2644	2
97.2644	3
97.3054	2
97.3054	3
97.3059	2
97.3059	3
97.3479	1
97.3479	2
97.3484	1
97.3484	2
97.3904	1
97.3904	2
97.3904	3
97.4335	1
97.4335	2
97.4335	3
97.4765	1
97.4765	2
97.4765	3
97.5195	2
97.5195	3
97.52	2
97.52	3
97.562	1
97.562	2
97.5625	1
97.5625	2
97.6035	1
97.6035	2
97.6035	3
97.6444	1
97.6444	2
97.6444	3
97.6865	1
97.6865	2
97.6865	3
97.7289	1
97.7289	2
97.7289	3
97.7719	1
97.7719	2
97.7719	3
97.8149	1
97.8149	2
97.8149	3
97.8538	2
97.8538	3
97.8543	2
97.8543	3
97.8921	1
97.8921	2
97.8927	1
97.8927	2
97.9321	1
97.9321	2
97.9321	3
97.9741	1
97.9741	2
97.9741	3
98.0156	1
98.0156	2
98.0156	3
98.0576	1
98.0576	2
98.0576	3
98.1002	1
98.1002	2
98.1002	3
98.1437	1
98.1437	2
98.1437	3
98.1867	2
98.1867	3
98.1872	2
98.1872	3
98.2287	1
98.2287	2
98.2292	1
98.2292	2
98.2717	1
98.2717	2
98.2717	3
98.3152	1
98.3152	2
98.3152	3
98.3572	2
98.3572	3
98.3577	2
98.3577	3
98.3982	1
98.3982	2
98.3987	1
98.3987	2
98.4397	1
98.4397	2
98.4397	3
98.4827	1
98.4827	2
98.4827	3
98.5252	1
98.5252	2
98.5252	3
98.5252	4
98.5682	2
98.5682	3
98.5682	4
98.6097	2
98.6097	3
98.6097	4
98.6102	3
98.6102	4
98.6512	2
98.6512	3
98.6517	2
98.6522	1
98.6522	2
98.6927	1
98.6927	2
98.6927	3
98.7336	1
98.7336	2
98.7336	3
98.7751	1
98.7751	2
98.7751	3
98.8172	1
98.8172	2
98.8172	3
98.8597	1
98.8597	2
98.8597	3
98.9027	1
98.9027	2
98.9027	3
98.9457	1
98.9457	2
98.9457	3
98.9881	1
98.9881	2
98.9881	3
99.0296	1
99.0296	2
99.0296	3
99.0296	4
99.0722	2
99.0722	3
99.0722	4
99.1142	2
99.1142	3
99.1142	4
99.1147	3
99.1147	4
99.1572	2
99.1572	3
99.1577	2
99.1583	1
99.1583	2
99.2002	1
99.2002	2
99.2002	3
99.2432	1
99.2432	2
99.2432	3
99.2857	1
99.2857	2
99.2857	3
99.3288	1
99.3288	2
99.3288	3
99.3718	1
99.3718	2
99.3718	3
99.4143	2
99.4143	3
99.4148	2
99.4148	3
99.4573	1
99.4573	2
99.4579	1
99.4579	2
99.5003	1
99.5003	2
99.5407	0
99.5407	1
99.5407	2
99.5822	0
99.5822	1
99.5822	2
99.6232	0
99.6232	1
99.6232	2
99.6642	0
99.6642	1
99.6642	2
99.7057	0
99.7057	1
99.7057	2
99.7487	0
99.7487	1
99.7487	2
99.7912	0
99.7912	1
99.7912	2
99.8322	0
99.8322	1
99.8322	2
99.8721	0
99.8721	1
99.8721	2
99.9126	0
99.9126	1
99.9126	2
99.9541	0
99.9541	1
99.9541	2
99.9966	0
99.9966	1
99.9966	2
100.04	0
100.04	1
100.04	2
100.082	0
100.082	1
100.082	2
100.125	0
100.125	1
100.125	2
100.167	0
100.167	1
100.167	2
100.209	0
100.209	1
100.209	2
100.252	0
100.252	1
100.252	2
100.295	0
100.295	1
100.295	2
100.337	0
100.337	1
100.337	2
100.379	0
100.379	1
100.379	2
100.422	0
100.422	1
100.422	2
100.465	0
100.465	1
100.465	2
100.507	0
100.507	1
100.507	2
100.55	0
100.55	1
100.55	2
100.592	0
100.592	1
100.592	2
100.634	0
100.634	1
100.634	2
100.677	0
100.677	1
100.677	2
100.72	0
100.72	1
100.72	2
100.763	0
100.763	1
100.763	2
100.804	0
100.804	1
100.804	2
100.847	0
100.847	1
100.847	2
100.847	3
100.889	1
100.889	2
100.889	3
100.931	1
100.931	2
100.931	3
100.971	1
100.971	2
100.971	3
101.012	1
101.012	2
101.012	3
101.055	1
101.055	2
101.055	3
101.098	2
101.098	3
101.14	2
101.14	3
101.184	1
101.184	2
101.224	1
101.224	2
101.266	0
101.266	1
101.266	2
101.308	1
101.308	2
101.308	3
101.351	1
101.351	2
101.351	3
101.394	1
101.394	2
101.394	3
101.437	2
101.437	3
101.437	2
101.437	3
101.479	1
101.479	2
101.48	1
101.48	2
101.521	1
101.521	2
101.521	3
101.564	1
101.564	2
101.564	3
101.606	1
101.606	2
101.606	3
101.649	1
101.649	2
101.649	3
101.692	1
101.692	2
101.692	3
101.735	1
101.735	2
101.735	3
101.778	1
101.778	2
101.778	3
101.821	1
101.821	2
101.821	3
101.863	1
101.863	2
101.863	3
101.902	1
101.902	2
101.902	3
101.943	1
101.943	2
101.943	3
101.983	1
101.983	2
101.983	3
102.024	1
102.024	2
102.024	3
102.065	1
102.065	2
102.065	3
102.107	1
102.107	2
102.107	3
102.15	1
102.15	2
102.15	3
102.193	1
102.193	2
102.193	3
102.236	1
102.236	2
102.236	3
102.277	1
102.277	2
102.277	3
102.315	1
102.315	2
102.315	3
102.354	1
102.354	2
102.354	3
102.393	1
102.393	2
102.393	3
102.434	1
102.434	2
102.434	3
102.475	1
102.475	2
102.475	3
102.517	1
102.517	2
102.517	3
102.559	1
102.559	2
102.559	3
102.602	1
102.602	2
102.602	3
102.645	1
102.645	2
102.645	3
102.688	1
102.688	2
102.688	3
102.73	1
102.73	2
102.73	3
102.77	1
102.77	2
102.77	3
102.809	1
102.809	2
102.809	3
102.849	1
102.849	2
102.849	3
102.891	1
102.891	2
102.891	3
102.934	1
102.934	2
102.934	3
102.977	1
102.977	2
102.977	3
103.02	1
103.02	2
103.02	3
103.061	1
103.061	2
103.061	3
103.103	1
103.103	2
103.103	3
103.145	1
103.145	2
103.145	3
103.188	1
103.188	2
103.188	3
103.231	1
103.231	2
103.231	3
103.274	1
103.274	2
103.274	3
103.315	1
103.315	2
103.315	3
103.356	1
103.356	2
103.356	3
103.398	1
103.398	2
103.398	3
103.442	1
103.442	2
103.442	3
103.485	1
103.485	2
103.485	3
103.527	1
103.527	2
103.527	3
103.568	1
103.568	2
103.568	3
103.609	1
103.609	2
103.609	3
103.651	1
103.651	2
103.651	3
103.692	1
103.692	2
103.692	3
103.734	1
103.734	2
103.734	3
103.777	1
103.777	2
103.777	3
103.819	1
103.819	2
103.819	3
103.862	1
103.862	2
103.862	3
103.905	1
103.905	2
103.905	3
103.948	1
103.948	2
103.948	3
103.989	1
103.989	2
103.989	3
104.03	1
104.03	2
104.03	3
104.071	1
104.071	2
104.071	3
104.112	1
104.112	2
104.112	3
104.156	1
104.156	2
104.156	3
104.199	2
104.199	3
104.199	2
104.199	3
104.241	1
104.241	2
104.241	1
104.241	2
104.282	1
104.282	2
104.282	3
104.322	1
104.322	2
104.322	3
104.362	1
104.362	2
104.362	3
104.405	1
104.405	2
104.405	3
104.447	1
104.447	2
104.447	3
104.49	1
104.49	2
104.49	3
104.533	2
104.533	3
104.534	2
104.534	3
104.576	1
104.576	2
104.577	1
104.577	2
104.617	1
104.617	2
104.617	3
104.659	1
104.659	2
104.659	3
104.702	1
104.702	2
104.702	3
104.744	1
104.744	2
104.744	3
104.786	1
104.786	2
104.786	3
104.829	1
104.829	2
104.829	3
104.871	1
104.871	2
104.871	3
104.914	1
104.914	2
104.914	3
104.957	1
104.957	2
104.957	3
104.999	1
104.999	2
104.999	3
105.041	1
105.041	2
105.041	3
105.082	1
105.082	2
105.082	3
105.124	1
105.124	2
105.124	3
105.167	1
105.167	2
105.167	3
105.21	1
105.21	2
105.21	3
105.252	1
105.252	2
105.252	3
105.295	1
105.295	2
105.295	3
105.338	1
105.338	2
105.338	3
105.38	1
105.38	2
105.38	3
105.423	1
105.423	2
105.423	3
105.423	4
105.465	2
105.465	3
105.465	4
105.466	2
105.466	3
105.466	4
105.509	2
105.509	3
105.509	4
105.51	3
105.51	4
105.551	2
105.551	3
105.551	2
105.552	1
105.552	2
105.593	1
105.593	2
105.593	3
105.635	1
105.635	2
105.635	3
105.678	1
105.678	2
105.678	3
105.721	1
105.721	2
105.721	3
105.764	1
105.764	2
105.764	3
105.806	1
105.806	2
105.806	3
105.848	1
105.848	2
105.848	3
105.891	1
105.891	2
105.891	3
105.934	1
105.934	2
105.934	3
105.934	4
105.976	2
105.976	3
105.976	4
106.018	2
106.018	3
106.018	4
106.018	3
106.018	4
106.059	2
106.059	3
106.059	2
106.06	1
106.06	2
106.1	1
106.1	2
106.1	3
106.143	1
106.143	2
106.143	3
106.186	1
106.186	2
106.186	3
106.229	1
106.229	2
106.229	3
106.27	1
106.27	2
106.27	3
106.311	1
106.311	2
106.311	3
106.352	1
106.352	2
106.352	3
106.394	1
106.394	2
106.394	3
106.436	1
106.436	2
106.436	3
106.436	4
106.479	2
106.479	3
106.479	4
106.522	2
106.522	3
106.522	4
106.565	3
106.565	4
106.605	2
106.605	3
106.644	2
106.644	3
106.684	1
106.684	2
106.726	1
106.726	2
106.769	0
106.769	1
106.769	2
106.812	1
106.812	2
106.812	3
106.855	1
106.855	2
106.855	3
106.897	1
106.897	2
106.897	3
106.939	1
106.939	2
106.939	3
106.981	1
106.981	2
106.981	3
107.023	1
107.023	2
107.023	3
107.066	1
107.066	2
107.066	3
107.109	1
107.109	2
107.109	3
107.152	1
107.152	2
107.152	3
107.152	4
107.19	2
107.19	3
107.19	4
107.191	2
107.191	3
107.191	4
107.227	2
107.227	3
107.227	4
107.228	2
107.228	3
107.228	4
107.267	2
107.267	3
107.267	4
107.268	2
107.268	3
107.268	4
107.308	2
107.308	3
107.308	4
107.309	2
107.309	3
107.309	4
107.351	2
107.351	3
107.351	4
107.352	2
107.352	3
107.352	4
107.394	2
107.394	3
107.394	4
107.395	2
107.395	3
107.395	4
107.437	2
107.437	3
107.437	4
107.438	2
107.438	3
107.438	4
107.479	2
107.479	3
107.479	4
107.48	2
107.48	3
107.48	4
107.521	2
107.521	3
107.521	4
107.522	2
107.522	3
107.522	4
107.563	2
107.563	3
107.563	4
107.564	2
107.564	3
107.564	4
107.606	2
107.606	3
107.606	4
107.607	2
107.607	3
107.607	4
107.649	2
107.649	3
107.649	4
107.65	2
107.65	3
107.65	4
107.692	2
107.692	3
107.692	4
107.693	2
107.693	3
107.693	4
107.734	2
107.734	3
107.734	4
107.735	2
107.735	3
107.735	4
107.776	2
107.776	3
107.776	4
107.777	2
107.777	3
107.777	4
107.818	2
107.818	3
107.818	4
107.819	2
107.819	3
107.819	4
107.86	2
107.86	3
107.86	4
107.861	2
107.861	3
107.861	4
107.901	2
107.901	3
107.901	4
107.902	2
107.902	3
107.902	4
107.944	2
107.944	3
107.944	4
107.945	2
107.945	3
107.945	4
107.987	2
107.987	3
107.987	4
107.988	2
107.988	3
107.988	4
108.03	2
108.03	3
108.03	4
108.031	2
108.031	3
108.031	4
108.071	2
108.071	3
108.071	4
108.072	2
108.072	3
108.072	4
108.112	2
108.112	3
108.112	4
108.113	2
108.113	3
108.113	4
108.153	2
108.153	3
108.153	4
108.154	2
108.154	3
108.154	4
108.194	2
108.194	3
108.194	4
108.195	2
108.195	3
108.195	4
108.236	2
108.236	3
108.236	4
108.237	2
108.237	3
108.237	4
108.279	2
108.279	3
108.279	4
108.28	2
108.28	3
108.28	4
108.321	2
108.321	3
108.321	4
108.322	2
108.322	3
108.322	4
108.363	2
108.363	3
108.363	4
108.364	2
108.364	3
108.364	4
108.404	2
108.404	3
108.404	4
108.405	2
108.405	3
108.405	4
108.446	2
108.446	3
108.446	4
108.447	2
108.447	3
108.447	4
108.488	2
108.488	3
108.488	4
108.489	2
108.489	3
108.489	4
108.531	2
108.531	3
108.531	4
108.532	2
108.532	3
108.532	4
108.574	2
108.574	3
108.574	4
108.575	2
108.575	3
108.575	4
108.616	2
108.616	3
108.616	4
108.617	2
108.617	3
108.617	4
108.656	2
108.656	3
108.656	4
108.657	2
108.657	3
108.657	4
108.697	2
108.697	3
108.697	4
108.698	2
108.698	3
108.698	4
108.738	2
108.738	3
108.738	4
108.739	2
108.739	3
108.739	4
108.78	2
108.78	3
108.78	4
108.781	2
108.781	3
108.781	4
108.823	2
108.823	3
108.823	4
108.824	2
108.824	3
108.824	4
108.866	2
108.866	3
108.866	4
108.867	2
108.867	3
108.867	4
108.909	2
108.909	3
108.909	4
108.91	2
108.91	3
108.91	4
108.95	2
108.95	3
108.95	4
108.951	2
108.951	3
108.951	4
108.991	2
108.991	3
108.991	4
108.992	2
108.992	3
108.992	4
109.034	2
109.034	3
109.034	4
109.035	2
109.035	3
109.035	4
109.077	2
109.077	3
109.077	4
109.078	2
109.078	3
109.078	4
109.12	2
109.12	3
109.12	4
109.121	2
109.121	3
109.121	4
109.162	2
109.162	3
109.162	4
109.163	2
109.163	3
109.163	4
109.205	2
109.205	3
109.205	4
109.206	2
109.206	3
109.206	4
109.248	2
109.248	3
109.248	4
109.249	2
109.249	3
109.249	4
109.29	2
109.29	3
109.29	4
109.291	2
109.291	3
109.291	4
109.333	2
109.333	3
109.333	4
109.375	2
109.375	3
109.375	4
109.376	3
109.376	4
109.417	2
109.417	3
109.418	2
109.418	1
109.418	2
109.461	1
109.461	2
109.461	3
109.502	1
109.502	2
109.502	3
109.545	1
109.545	2
109.545	3
109.587	1
109.587	2
109.587	3
109.63	1
109.63	2
109.63	3
109.673	1
109.673	2
109.673	3
109.716	1
109.716	2
109.716	3
109.759	2
109.759	3
109.801	2
109.801	3
109.843	1
109.843	2
109.885	1
109.885	2
109.926	0
109.926	1
109.926	2
109.969	1
109.969	2
109.969	3
110.012	1
110.012	2
110.012	3
110.055	2
110.055	3
110.097	2
110.097	3
110.137	1
110.137	2
110.178	1
110.178	2
110.219	0
110.219	1
110.219	2
110.261	1
110.261	2
110.261	3
110.304	1
110.304	2
110.304	3
110.347	1
110.347	2
110.347	3
110.39	1
110.39	2
110.39	3
110.432	1
110.432	2
110.432	3
110.474	1
110.474	2
110.474	3
110.516	1
110.516	2
110.516	3
110.557	1
110.557	2
110.557	3
110.599	1
110.599	2
110.599	3
110.642	1
110.642	2
110.642	3
110.684	1
110.684	2
110.684	3
110.726	1
110.726	2
110.726	3
110.769	1
110.769	2
110.769	3
110.811	1
110.811	2
110.811	3
110.855	1
110.855	2
110.855	3
110.897	2
110.897	3
110.898	2
110.898	3
110.94	1
110.94	2
110.94	1
110.94	2
110.981	1
110.981	2
110.981	3
111.024	1
111.024	2
111.024	3
111.065	1
111.065	2
111.065	3
111.109	1
111.109	2
111.109	3
111.152	1
111.152	2
111.152	3
111.192	2
111.192	3
111.193	2
111.193	3
111.234	1
111.234	2
111.235	1
111.235	2
111.273	1
111.273	2
111.273	3
111.313	1
111.313	2
111.313	3
111.353	1
111.353	2
111.353	3
111.393	1
111.393	2
111.393	3
111.435	1
111.435	2
111.435	3
111.477	1
111.477	2
111.477	3
111.52	1
111.52	2
111.52	3
111.564	1
111.564	2
111.564	3
111.605	2
111.605	3
111.605	2
111.605	3
111.647	1
111.647	2
111.647	1
111.647	2
111.688	1
111.688	2
111.688	3
111.729	1
111.729	2
111.729	3
111.772	1
111.772	2
111.772	3
111.815	1
111.815	2
111.815	3
111.858	1
111.858	2
111.858	3
111.9	1
111.9	2
111.9	3
111.941	1
111.941	2
111.941	3
111.981	1
111.981	2
111.981	3
112.023	1
112.023	2
112.023	3
112.067	1
112.067	2
112.067	3
112.109	2
112.109	3
112.11	2
112.11	3
112.151	1
112.151	2
112.152	1
112.152	2
112.191	1
112.191	2
112.191	3
112.231	1
112.231	2
112.231	3
112.272	1
112.272	2
112.272	3
112.313	1
112.313	2
112.313	3
112.354	1
112.354	2
112.354	3
112.396	1
112.396	2
112.396	3
112.438	1
112.438	2
112.438	3
112.48	1
112.48	2
112.48	3
112.523	1
112.523	2
112.523	3
112.566	1
112.566	2
112.566	3
112.609	1
112.609	2
112.609	3
112.65	1
112.65	2
112.65	3
112.691	1
112.691	2
112.691	3
112.731	1
112.731	2
112.731	3
112.773	1
112.773	2
112.773	3
112.816	1
112.816	2
112.816	3
112.859	1
112.859	2
112.859	3
112.902	1
112.902	2
112.902	3
112.943	1
112.943	2
112.943	3
112.984	1
112.984	2
112.984	3
113.027	1
113.027	2
113.027	3
113.07	1
113.07	2
113.07	3
113.113	2
113.113	3
113.113	2
113.113	3
113.156	1
113.156	2
113.156	1
113.156	2
113.197	1
113.197	2
113.197	3
113.238	1
113.238	2
113.238	3
113.28	1
113.28	2
113.28	3
113.322	1
113.322	2
113.322	3
113.365	1
113.365	2
113.365	3
113.407	1
113.407	2
113.407	3
113.45	1
113.45	2
113.45	3
113.491	1
113.491	2
113.491	3
113.532	1
113.532	2
113.532	3
113.574	1
113.574	2
113.574	3
113.617	1
113.617	2
113.617	3
113.66	2
113.66	3
113.66	2
113.66	3
113.703	1
113.703	2
113.703	1
113.703	2
113.745	1
113.745	2
113.745	3
113.786	1
113.786	2
113.786	3
113.827	1
113.827	2
113.827	3
113.869	1
113.869	2
113.869	3
113.912	1
113.912	2
113.912	3
113.955	1
113.955	2
113.955	3
113.997	1
113.997	2
113.997	3
114.038	1
114.038	2
114.038	3
114.081	1
114.081	2
114.081	3
114.124	2
114.124	3
114.167	2
114.167	3
114.21	1
114.21	2
114.253	1
114.253	2
114.296	0
114.296	1
114.296	2
114.337	1
114.337	2
114.337	3
114.379	1
114.379	2
114.379	3
114.42	1
114.42	2
114.42	3
114.463	1
114.463	2
114.463	3
114.506	1
114.506	2
114.506	3
114.549	1
114.549	2
114.549	3
114.59	1
114.59	2
114.59	3
114.632	1
114.632	2
114.632	3
114.675	1
114.675	2
114.675	3
114.718	1
114.718	2
114.718	3
114.761	1
114.761	2
114.761	3
114.803	1
114.803	2
114.803	3
114.844	1
114.844	2
114.844	3
114.887	1
114.887	2
114.887	3
114.928	1
114.928	2
114.928	3
114.971	1
114.971	2
114.971	3
115.014	1
115.014	2
115.014	3
115.057	1
115.057	2
115.057	3
115.099	1
115.099	2
115.099	3
115.142	1
115.142	2
115.142	3
115.184	1
115.184	2
115.184	3
115.225	1
115.225	2
115.225	3
115.267	1
115.267	2
115.267	3
115.309	1
115.309	2
115.309	3
115.352	1
115.352	2
115.352	3
115.352	4
115.394	2
115.394	3
115.394	4
115.395	2
115.395	3
115.395	4
115.437	2
115.437	3
115.437	4
115.48	2
115.48	3
115.48	4
115.48	3
115.48	4
115.522	2
115.522	3
115.522	2
115.523	1
115.523	2
115.564	1
115.564	2
115.564	3
115.606	1
115.606	2
115.606	3
115.648	1
115.648	2
115.648	3
115.691	1
115.691	2
115.691	3
115.734	1
115.734	2
115.734	3
115.777	1
115.777	2
115.777	3
115.819	1
115.819	2
115.819	3
115.862	1
115.862	2
115.862	3
115.904	1
115.904	2
115.904	3
115.904	4
115.947	2
115.947	3
115.947	4
115.99	3
115.99	4
116.033	3
116.033	4
116.076	1
116.076	2
116.118	1
116.118	2
116.16	1
116.16	2
116.202	0
116.202	1
116.202	2
116.245	1
116.245	2
116.245	3
116.288	1
116.288	2
116.288	3
116.331	1
116.331	2
116.331	3
116.372	1
116.372	2
116.372	3
116.414	1
116.414	2
116.414	3
116.456	1
116.456	2
116.456	3
116.499	1
116.499	2
116.499	3
116.541	1
116.541	2
116.541	3
116.584	1
116.584	2
116.584	3
116.584	4
116.625	2
116.625	3
116.625	4
116.626	2
116.626	3
116.626	4
116.667	2
116.667	3
116.667	4
116.668	2
116.668	3
116.668	4
116.709	2
116.709	3
116.709	4
116.71	2
116.71	3
116.71	4
116.751	2
116.751	3
116.751	4
116.752	2
116.752	3
116.752	4
116.794	2
116.794	3
116.794	4
116.795	2
116.795	3
116.795	4
116.837	2
116.837	3
116.837	4
116.838	2
116.838	3
116.838	4
116.88	2
116.88	3
116.88	4
116.881	2
116.881	3
116.881	4
116.921	2
116.921	3
116.921	4
116.922	2
116.922	3
116.922	4
116.962	2
116.962	3
116.962	4
116.963	2
116.963	3
116.963	4
117.004	2
117.004	3
117.004	4
117.005	2
117.005	3
117.005	4
117.047	2
117.047	3
117.047	4
117.048	2
117.048	3
117.048	4
117.09	2
117.09	3
117.09	4
117.091	2
117.091	3
117.091	4
117.133	2
117.133	3
117.133	4
117.134	2
117.134	3
117.134	4
117.175	2
117.175	3
117.175	4
117.176	2
117.176	3
117.176	4
117.215	2
117.215	3
117.215	4
117.216	2
117.216	3
117.216	4
117.255	2
117.255	3
117.255	4
117.256	2
117.256	3
117.256	4
117.295	2
117.295	3
117.295	4
117.296	2
117.296	3
117.296	4
117.337	2
117.337	3
117.337	4
117.338	2
117.338	3
117.338	4
117.379	2
117.379	3
117.379	4
117.38	2
117.38	3
117.38	4
117.422	2
117.422	3
117.422	4
117.423	2
117.423	3
117.423	4
117.465	2
117.465	3
117.465	4
117.466	2
117.466	3
117.466	4
117.508	2
117.508	3
117.508	4
117.509	2
117.509	3
117.509	4
117.551	2
117.551	3
117.551	4
117.552	2
117.552	3
117.552	4
117.592	2
117.592	3
117.592	4
117.593	2
117.593	3
117.593	4
117.634	2
117.634	3
117.634	4
117.635	2
117.635	3
117.635	4
117.676	2
117.676	3
117.676	4
117.677	2
117.677	3
117.677	4
117.719	2
117.719	3
117.719	4
117.72	2
117.72	3
117.72	4
117.762	2
117.762	3
117.762	4
117.763	2
117.763	3
117.763	4
117.804	2
117.804	3
117.804	4
117.805	2
117.805	3
117.805	4
117.846	2
117.846	3
117.846	4
117.847	2
117.847	3
117.847	4
117.888	2
117.888	3
117.888	4
117.889	2
117.889	3
117.889	4
117.931	2
117.931	3
117.931	4
117.932	2
117.932	3
117.932	4
117.974	2
117.974	3
117.974	4
117.975	2
117.975	3
117.975	4
118.016	2
118.016	3
118.016	4
118.017	2
118.017	3
118.017	4
118.06	2
118.06	3
118.06	4
118.061	2
118.061	3
118.061	4
118.102	2
118.102	3
118.102	4
118.103	2
118.103	3
118.103	4
118.145	2
118.145	3
118.145	4
118.146	2
118.146	3
118.146	4
118.187	2
118.187	3
118.187	4
118.188	2
118.188	3
118.188	4
118.229	2
118.229	3
118.229	4
118.23	2
118.23	3
118.23	4
118.271	2
118.271	3
118.271	4
118.272	2
118.272	3
118.272	4
118.313	2
118.313	3
118.313	4
118.314	2
118.314	3
118.314	4
118.355	2
118.355	3
118.355	4
118.356	2
118.356	3
118.356	4
118.396	2
118.396	3
118.396	4
118.397	2
118.397	3
118.397	4
118.438	2
118.438	3
118.438	4
118.439	2
118.439	3
118.439	4
118.481	2
118.481	3
118.481	4
118.482	2
118.482	3
118.482	4
118.524	2
118.524	3
118.524	4
118.525	2
118.525	3
118.525	4
118.567	2
118.567	3
118.567	4
118.568	2
118.568	3
118.568	4
118.61	2
118.61	3
118.61	4
118.611	2
118.611	3
118.611	4
118.653	2
118.653	3
118.653	4
118.654	2
118.654	3
118.654	4
118.692	2
118.692	3
118.692	4
118.693	2
118.693	3
118.693	4
118.732	2
118.732	3
118.732	4
118.733	2
118.733	3
118.733	4
118.772	2
118.772	3
118.772	4
118.773	2
118.773	3
118.773	4
118.813	2
118.813	3
118.813	4
118.814	2
118.814	3
118.814	4
118.856	2
118.856	3
118.856	4
118.857	2
118.857	3
118.857	4
118.899	2
118.899	3
118.899	4
118.9	2
118.9	3
118.9	4
118.942	2
118.942	3
118.942	4
118.943	2
118.943	3
118.943	4
118.983	2
118.983	3
118.983	4
118.984	2
118.984	3
118.984	4
119.024	2
119.024	3
119.024	4
119.025	2
119.025	3
119.025	4
119.066	2
119.066	3
119.066	4
119.067	2
119.067	3
119.067	4
119.109	2
119.109	3
119.109	4
119.11	2
119.11	3
119.11	4
119.152	2
119.152	3
119.152	4
119.153	2
119.153	3
119.153	4
119.193	2
119.193	3
119.193	4
119.194	2
119.194	3
119.194	4
119.234	2
119.234	3
119.234	4
119.235	2
119.235	3
119.235	4
119.272	2
119.272	3
119.272	4
119.272	5
119.273	3
119.273	4
119.273	5
119.313	3
119.313	4
119.313	5
119.314	3
119.314	4
119.314	5
119.354	3
119.354	4
119.354	5
119.355	3
119.355	4
119.355	5
119.396	3
119.396	4
119.396	5
119.397	3
119.397	4
119.397	5
119.438	3
119.438	4
119.438	5
119.439	3
119.439	4
119.439	5
119.481	3
119.481	4
119.481	5
119.482	3
119.482	4
119.482	5
119.524	3
119.524	4
119.524	5
119.525	3
119.525	4
119.525	5
119.566	3
119.566	4
119.566	5
119.567	3
119.567	4
119.567	5
119.608	3
119.608	4
119.608	5
119.609	3
119.609	4
119.609	5
119.651	3
119.651	4
119.651	5
119.651	6
119.652	4
119.652	5
119.652	6
119.694	4
119.694	5
119.694	6
119.695	4
119.695	5
119.695	6
119.696	5
119.696	6
119.736	4
119.736	5
119.737	4
119.737	3
119.738	2
119.739	1
119.739	2
119.779	1
119.779	2
119.779	3
119.822	1
119.822	2
119.822	3
119.822	4
119.863	2
119.863	3
119.863	4
119.864	2
119.864	3
119.864	4
119.907	2
119.907	3
119.907	4
119.908	2
119.908	3
119.908	4
119.95	2
119.95	3
119.95	4
119.951	2
119.951	3
119.951	4
119.992	2
119.992	3
119.992	4
119.993	2
119.993	3
119.993	4
120.035	2
120.035	3
120.035	4
120.036	2
120.036	3
120.036	4
120.077	2
120.077	3
120.077	4
120.078	2
120.078	3
120.078	4
120.12	2
120.12	3
120.12	4
120.121	2
120.121	3
120.121	4
120.163	2
120.163	3
120.163	4
120.164	2
120.164	3
120.164	4
120.206	2
120.206	3
120.206	4
120.206	5
120.207	3
120.207	4
120.207	5
120.247	3
120.247	4
120.247	5
120.248	3
120.248	4
120.248	5
120.288	3
120.288	4
120.288	5
120.289	3
120.289	4
120.289	5
120.329	3
120.329	4
120.329	5
120.33	3
120.33	4
120.33	5
120.372	3
120.372	4
120.372	5
120.373	3
120.373	4
120.373	5
120.415	3
120.415	4
120.415	5
120.416	3
120.416	4
120.416	5
120.458	3
120.458	4
120.458	5
120.459	3
120.459	4
120.459	5
120.5	3
120.5	4
120.5	5
120.501	3
120.501	4
120.501	5
120.54	3
120.54	4
120.54	5
120.54	6
120.541	4
120.541	5
120.541	6
120.58	4
120.58	5
120.58	6
120.581	4
120.581	5
120.581	6
120.582	4
120.582	5
120.582	6
120.62	4
120.62	5
120.62	6
120.621	4
120.621	5
120.621	6
120.622	4
120.622	5
120.622	6
120.662	4
120.662	5
120.662	6
120.663	4
120.663	5
120.663	6
120.664	4
120.664	5
120.664	6
120.705	4
120.705	5
120.705	6
120.706	4
120.706	5
120.706	6
120.707	4
120.707	5
120.707	6
120.748	4
120.748	5
120.748	6
120.749	4
120.749	5
120.749	6
120.75	4
120.75	5
120.75	6
120.79	4
120.79	5
120.79	6
120.791	4
120.791	5
120.791	6
120.792	4
120.792	5
120.792	6
120.831	4
120.831	5
120.831	6
120.832	4
120.832	5
120.832	6
120.833	4
120.833	5
120.833	6
120.873	4
120.873	5
120.873	6
120.874	4
120.874	5
120.874	6
120.875	4
120.875	5
120.875	6
120.915	4
120.915	5
120.915	6
120.916	4
120.916	5
120.916	6
120.917	4
120.917	5
120.917	6
120.958	4
120.958	5
120.958	6
120.959	4
120.959	5
120.959	6
120.96	4
120.96	5
120.96	6
121.002	4
121.002	5
121.002	6
121.003	4
121.003	5
121.003	6
121.004	5
121.004	6
121.043	4
121.043	5
121.044	4
121.044	3
121.045	2
121.045	1
121.045	2
121.084	1
121.084	2
121.084	3
121.124	1
121.124	2
121.124	3
121.165	1
121.165	2
121.165	3
121.207	1
121.207	2
121.207	3
121.25	1
121.25	2
121.25	3
121.25	4
121.293	2
121.293	3
121.293	4
121.336	2
121.336	3
121.336	4
121.336	3
121.336	4
121.377	2
121.377	3
121.378	2
121.378	1
121.378	2
121.42	1
121.42	2
121.42	3
121.463	1
121.463	2
121.463	3
121.505	1
121.505	2
121.505	3
121.548	1
121.548	2
121.548	3
121.591	1
121.591	2
121.591	3
121.633	1
121.633	2
121.633	3
121.676	1
121.676	2
121.676	3
121.718	1
121.718	2
121.718	3
121.76	1
121.76	2
121.76	3
121.803	1
121.803	2
121.803	3
121.846	1
121.846	2
121.846	3
121.889	1
121.889	2
121.889	3
121.932	1
121.932	2
121.932	3
121.974	2
121.974	3
121.974	2
121.974	3
122.016	1
122.016	2
122.016	1
122.016	2
122.058	1
122.058	2
122.058	3
122.101	1
122.101	2
122.101	3
122.144	1
122.144	2
122.144	3
122.187	1
122.187	2
122.187	3
122.229	1
122.229	2
122.229	3
122.271	1
122.271	2
122.271	3
122.313	1
122.313	2
122.313	3
122.356	1
122.356	2
122.356	3
122.399	1
122.399	2
122.399	3
122.442	1
122.442	2
122.442	3
122.485	2
122.485	3
122.526	2
122.526	3
122.566	1
122.566	2
122.607	1
122.607	2
122.648	0
122.648	1
122.648	2
122.69	1
122.69	2
122.69	3
122.733	1
122.733	2
122.733	3
122.776	1
122.776	2
122.776	3
122.818	1
122.818	2
122.818	3
122.86	1
122.86	2
122.86	3
122.902	1
122.902	2
122.902	3
122.945	1
122.945	2
122.945	3
122.988	1
122.988	2
122.988	3
123.031	1
123.031	2
123.031	3
123.073	1
123.073	2
123.073	3
123.116	1
123.116	2
123.116	3
123.159	1
123.159	2
123.159	3
123.202	1
123.202	2
123.202	3
123.245	1
123.245	2
123.245	3
123.287	2
123.287	3
123.287	2
123.287	3
123.327	1
123.327	2
123.328	1
123.328	2
123.365	1
123.365	2
123.365	3
123.403	1
123.403	2
123.403	3
123.442	1
123.442	2
123.442	3
123.484	1
123.484	2
123.484	3
123.527	1
123.527	2
123.527	3
123.57	1
123.57	2
123.57	3
123.613	1
123.613	2
123.613	3
123.652	1
123.652	2
123.652	3
123.69	1
123.69	2
123.69	3
123.73	1
123.73	2
123.73	3
123.772	1
123.772	2
123.772	3
123.814	1
123.814	2
123.814	3
123.856	1
123.856	2
123.856	3
123.898	1
123.898	2
123.898	3
123.94	1
123.94	2
123.94	3
123.984	1
123.984	2
123.984	3
124.027	1
124.027	2
124.027	3
124.067	1
124.067	2
124.067	3
124.106	1
124.106	2
124.106	3
124.145	1
124.145	2
124.145	3
124.185	1
124.185	2
124.185	3
124.225	1
124.225	2
124.225	3
124.266	1
124.266	2
124.266	3
124.306	1
124.306	2
124.306	3
124.347	1
124.347	2
124.347	3
124.387	1
124.387	2
124.387	3
124.427	1
124.427	2
124.427	3
124.427	4
124.469	2
124.469	3
124.469	4
124.47	2
124.47	3
124.47	4
124.513	2
124.513	3
124.513	4
124.513	3
124.513	4
124.555	2
124.555	3
124.556	2
124.556	1
124.556	2
124.598	1
124.598	2
124.598	3
124.638	1
124.638	2
124.638	3
124.676	1
124.676	2
124.676	3
124.716	1
124.716	2
124.716	3
124.757	1
124.757	2
124.757	3
124.795	1
124.795	2
124.795	3
124.834	1
124.834	2
124.834	3
124.874	1
124.874	2
124.874	3
124.915	1
124.915	2
124.915	3
124.956	1
125.157	0
125.157	0
125.194	0
