10.0343	34
13.5158	38
13.5531	38
13.5898	38
13.6271	38
13.6644	38
13.7023	38
13.7401	38
13.7779	38
13.8173	38
13.8588	38
13.9008	44
13.9434	49
13.9864	53
14.154	57
14.196	60
14.239	63
14.5231	65
14.5609	66
14.5971	67
14.6339	67
14.6722	68
14.709	69
14.7463	70
14.7831	70
14.8214	71
14.8624	72
14.905	73
14.9475	75
14.9905	76
15.1322	75
15.169	75
15.2063	74
15.2451	75
15.2851	75
15.326	76
15.3686	77
15.4111	78
15.4536	78
15.4941	79
15.5361	79
15.5771	80
15.6196	80
15.6626	81
15.827	81
15.868	81
15.9116	81
16.0691	81
16.11	80
16.151	81
16.1936	81
16.2361	81
16.2797	82
16.4361	81
16.4734	80
16.5123	79
16.5527	79
16.5937	79
16.6357	80
16.6778	80
16.7213	81
16.8872	81
16.9303	82
17.0919	81
17.1333	82
17.1717	82
17.209	81
17.2463	80
17.2846	79
17.3235	79
17.365	79
17.4044	79
17.4454	79
17.4884	80
17.5314	81
17.5739	81
17.6144	81
17.6532	81
17.6932	81
17.7331	81
17.7751	81
17.8171	81
17.8596	81
17.9016	82
17.9437	82
17.9862	82
18.0287	82
18.0717	83
18.1121	83
18.15	82
18.1878	81
18.2256	80
18.2645	80
18.3044	80
18.3443	80
18.3873	80
18.4303	81
18.4713	81
18.5065	80
18.5439	79
18.5812	79
18.62	78
18.66	78
18.6999	78
18.7388	78
18.7792	78
18.8213	79
18.8643	80
18.9072	80
18.9456	80
18.9839	80
19.0218	79
19.0601	79
19.0995	79
19.1405	79
19.1825	79
19.2251	80
19.2681	81
19.3111	81
19.3536	82
19.3924	82
19.4303	81
19.4718	81
19.5148	81
19.5577	82
19.5961	82
19.636	81
19.678	81
19.721	82
19.7615	82
19.803	82
19.804	77
19.846	73
19.8471	69
19.889	66
19.8901	63
19.9315	60
19.9326	58
19.973	56
19.974	54
20.0119	52
20.0129	50
20.0518	49
20.0528	48
20.0917	47
20.0928	46
20.1327	45
20.1337	45
20.1742	49
20.1752	48
20.2157	53
20.2167	51
20.2577	55
20.2588	53
20.3007	57
20.3018	55
20.3438	59
20.3448	57
20.3857	60
20.3868	58
20.3878	56
20.4262	54
20.4272	53
20.4283	51
20.4672	50
20.4682	49
20.4693	48
20.5071	47
20.5081	46
20.5092	45
20.5486	44
20.5496	44
20.5507	43
20.5916	43
20.5927	43
20.5937	43
20.6325	48
20.6336	47
20.6346	47
20.6724	51
20.6735	49
20.6745	48
20.7113	52
20.7124	50
20.7134	49
20.7491	52
20.7502	50
20.7512	49
20.7523	48
20.7885	46
20.7896	45
20.7906	45
20.7917	44
20.8285	43
20.8295	43
20.8306	42
20.8316	42
20.8705	42
20.8715	42
20.8726	42
20.8736	42
20.9135	42
20.9985	42
20.9995	42
21.041	47
21.042	46
21.083	51
21.0841	50
21.1261	54
21.1271	53
21.1686	57
21.1701	55
21.293	58
21.3356	61
21.3786	64
21.5035	66
21.5445	68
21.587	70
21.6295	72
21.6715	73
21.712	74
21.7535	75
21.7944	76
21.8365	77
21.8785	78
21.921	79
21.9641	79
22.0071	80
22.1677	80
22.2098	80
22.2528	81
22.2958	81
22.3372	82
22.3766	82
22.416	81
22.4554	81
22.4943	80
22.5358	80
22.5768	80
22.6188	81
22.6608	81
22.7034	82
22.7464	82
22.7894	82
22.8314	83
22.8729	83
22.9144	83
22.9559	83
22.9979	83
23.041	83
23.084	83
23.243	82
23.2824	82
23.3234	81
23.3644	81
23.4059	81
23.4479	81
23.4899	82
23.532	82
23.575	82
23.618	83
23.6594	83
23.6988	83
23.7393	82
23.7803	82
23.8218	82
23.8648	82
23.9073	83
23.9492	83
23.9907	83
24.0307	83
24.0716	82
24.1141	82
24.1571	83
24.321	83
24.3641	83
24.6507	83
24.6922	83
24.7342	83
24.7772	83
24.8198	83
24.8617	83
24.9043	83
24.9442	83
24.9857	83
25.1862	103
25.3978	95
25.4408	94
25.4833	93
25.5232	92
25.5626	90
25.6052	89
25.6462	88
25.6892	88
25.7317	87
25.7742	87
25.8151	86
25.8572	86
25.8992	86
25.9412	85
25.9842	85
26.0262	85
26.0666	85
26.106	84
26.1465	83
26.1869	83
26.188	78
26.2295	73
26.2305	69
26.272	66
26.2731	63
26.3141	60
26.3151	58
26.3571	56
26.3582	54
26.3996	53
26.4006	51
26.4426	50
26.4436	49
26.4846	48
26.4856	47
26.5271	47
26.5282	46
26.5676	45
26.5686	45
26.608	44
26.6091	44
26.6506	43
26.6516	43
26.6936	43
26.6946	43
26.7356	43
26.7366	43
26.7776	43
26.7786	42
26.8196	42
26.8207	42
26.8611	42
26.8622	42
26.9037	42
26.9047	42
26.9472	42
26.9482	42
26.9897	42
26.9908	42
27.0317	42
27.0327	42
27.0737	42
27.0748	42
27.1168	42
27.1178	42
27.1592	42
27.1603	42
27.2022	42
27.2033	42
27.2453	42
27.2463	42
27.2857	42
27.2868	42
27.3267	41
27.3277	41
27.3682	41
27.3692	41
27.4102	41
27.4113	41
27.4538	42
27.4549	42
27.4968	42
27.4978	42
27.5392	42
27.5403	42
27.5802	42
27.5812	42
27.6217	42
27.6227	41
27.6627	41
27.6637	41
27.7042	41
27.7052	41
27.7472	41
27.7482	42
27.7897	42
27.7907	42
27.8321	42
27.8332	42
27.8747	42
27.8757	42
27.9172	42
27.9182	42
27.9597	42
27.9608	42
28.0023	42
28.0033	42
28.0448	42
28.0458	42
28.0878	42
28.0889	42
28.1277	42
28.1287	41
28.1665	41
28.1676	41
28.2059	40
28.207	40
28.2448	40
28.2459	40
28.2858	40
28.2868	40
28.3289	40
28.3299	41
28.3718	41
28.3729	41
28.4148	41
28.4159	41
28.4583	42
28.5776	46
28.6164	50
28.6564	53
28.6968	57
28.7368	60
28.7783	62
28.8208	65
28.8638	67
29.0296	69
29.068	70
29.1074	71
29.1478	72
29.1883	73
29.2308	74
29.2738	76
29.3168	77
29.3572	78
29.3976	78
29.4375	78
29.478	78
29.5205	79
29.5635	80
29.6065	80
29.6453	81
29.6826	80
29.722	80
29.7619	79
29.8024	79
29.8439	80
29.8874	80
30.0491	80
30.0874	79
30.1268	79
30.1683	79
30.2093	80
30.2503	80
30.2918	80
30.3343	80
30.3773	81
30.4203	82
30.4623	82
30.5032	82
30.5043	77
30.5473	73
30.6733	74
30.7153	75
30.7574	76
30.7999	77
30.842	78
30.8849	79
30.9279	80
31.0891	80
31.129	75
31.169	70
31.2094	66
31.2509	63
31.2939	61
31.3369	58
31.3783	56
31.4183	54
31.4608	53
31.5033	51
31.5464	50
31.5894	49
31.6318	48
31.6738	47
31.7143	47
31.7558	46
31.7967	45
31.8398	45
31.8828	45
31.9237	44
31.9647	44
32.0062	43
32.0482	43
32.0912	43
32.1332	43
32.1758	43
32.2188	43
32.2597	42
32.3018	42
32.3427	42
32.3837	42
32.4252	42
32.4672	47
32.5093	52
32.5518	56
32.5943	59
32.6373	62
32.6793	65
32.7213	68
32.7623	69
32.8027	71
32.8038	67
32.8448	64
32.8458	61
32.8873	59
32.8884	57
32.9303	55
32.9314	53
32.9733	52
32.9744	51
33.0163	50
33.0173	49
33.0583	53
33.0593	52
33.1003	56
33.1013	54
33.1407	57
33.1418	55
33.1817	58
33.1827	56
33.2221	59
33.2232	57
33.2242	55
33.2657	54
33.2667	52
33.2678	51
33.3086	50
33.3097	49
33.3107	48
33.3512	47
33.3522	47
33.3533	46
33.3942	46
33.3953	46
33.3963	45
33.4341	50
33.4352	49
33.4362	48
33.4751	51
33.4761	50
33.4772	49
33.5181	53
33.5192	52
33.5202	51
33.5616	55
33.6462	53
33.6861	52
33.6872	50
33.7271	49
33.7281	48
33.7686	47
33.7696	46
33.8116	46
33.8127	45
33.8541	45
33.8552	45
33.8966	50
33.8976	49
33.937	53
33.9381	51
33.9759	55
33.977	53
34.0153	56
34.0164	54
34.0174	52
34.0563	51
34.0573	49
34.0584	48
34.0983	47
34.0994	47
34.1004	46
34.1413	46
34.1424	45
34.1434	45
34.1843	45
34.1854	44
34.1864	44
34.2252	44
34.2263	43
34.2274	43
34.2673	43
34.2683	43
34.2694	43
34.3083	47
34.3093	47
34.3104	46
34.3513	50
34.3524	50
34.3534	49
34.4788	48
34.4798	47
34.5208	46
34.5219	46
34.5638	45
34.5649	45
34.6053	45
34.6064	44
34.6479	44
34.6489	44
34.6909	43
34.692	43
34.7339	43
34.735	43
34.7764	43
34.7774	43
34.8194	43
34.8205	43
34.8599	48
34.8609	47
34.9008	51
34.9019	50
34.9429	54
34.9439	52
34.9859	56
34.9869	55
35.0289	58
35.0299	57
35.0708	60
35.0719	58
35.1129	61
35.1139	59
35.1559	62
35.157	59
35.1984	63
35.1994	60
35.2414	63
35.2425	61
35.2839	64
35.285	61
35.3264	64
35.3275	61
35.3679	64
35.3689	61
35.4099	64
35.411	61
35.4525	64
35.4535	61
35.4945	64
35.4955	61
35.5365	64
35.5376	61
35.5785	64
35.5796	61
35.6216	64
35.6226	61
35.6641	64
35.6651	62
35.7071	65
35.7082	62
35.7491	65
35.7502	62
35.7922	65
35.7932	62
35.8351	65
35.8362	62
35.9565	59
35.9974	62
35.9985	59
36.0395	57
36.0405	55
36.0815	53
36.0825	52
36.1245	51
36.1256	50
36.167	49
36.1681	48
36.209	47
36.2101	46
36.251	46
36.2521	45
36.2936	45
36.2946	44
36.3366	44
36.3376	44
36.378	44
36.3791	43
36.4195	43
36.4206	43
36.4594	42
36.4605	42
36.4988	42
36.4999	41
36.5398	41
36.5409	41
36.5818	46
36.5829	46
36.6249	50
36.6259	50
36.6678	54
36.6689	53
36.7969	51
36.8389	55
36.8825	59
37.1775	62
37.2201	60
37.2621	58
37.3052	56
37.3477	54
37.3907	52
37.4337	51
37.4752	50
37.5177	49
37.5608	48
37.6033	47
37.6463	47
37.6888	46
37.7313	46
37.7743	45
37.9366	50
37.9776	54
38.0196	57
38.0627	61
38.2301	63
38.2711	65
38.3105	67
38.3504	69
38.3903	70
38.4308	71
38.4728	72
38.5153	74
38.5583	75
38.6009	77
38.6433	78
38.6864	79
38.8543	79
38.8974	80
38.9399	81
38.9819	81
39.0223	81
39.0638	81
39.1064	81
39.1488	82
39.1919	82
39.3605	82
39.403	83
39.4455	83
39.4881	83
39.5311	83
39.5731	84
39.6125	83
39.6529	83
39.6929	82
39.7328	82
39.7732	82
39.8142	82
39.8562	82
39.8988	82
39.9418	82
39.9848	83
40.1491	83
40.1891	82
40.2316	82
40.2746	82
40.3176	83
40.3585	83
40.4006	83
40.4415	83
40.4841	83
40.5271	83
40.6971	83
40.7396	84
40.7827	84
40.8257	84
40.8666	84
40.9065	83
40.948	83
40.9895	83
41.0321	83
41.0751	83
41.2393	83
41.2798	83
41.3208	82
41.3638	83
41.4058	83
41.4488	83
41.4908	83
41.5318	83
41.5722	83
41.6143	83
41.6568	83
41.6998	83
42.1171	83
42.157	82
42.198	82
42.2389	82
42.2799	82
42.3225	82
42.3655	82
42.4085	83
42.4514	83
42.4924	83
42.5339	83
42.5759	83
42.6185	83
42.6615	83
42.705	84
42.861	83
42.8988	82
42.9387	81
42.9797	81
43.0207	81
43.0632	81
43.1062	82
43.1492	82
43.1917	83
43.2332	83
43.2747	83
43.3173	83
43.3603	83
43.4028	83
43.4442	83
43.4857	83
43.5278	83
43.5698	83
43.6128	83
43.6553	84
43.6983	84
43.7393	84
43.7792	83
43.8196	83
43.8611	83
43.9037	83
43.9467	83
44.1146	83
44.1561	83
44.1982	83
44.2402	83
44.2832	83
44.3257	84
44.3682	84
44.4097	84
44.4497	83
44.4896	83
44.53	82
44.5731	83
44.6156	83
44.6581	83
44.7011	83
44.7405	83
44.7783	82
44.8166	81
44.855	81
44.856	76
44.8954	71
44.8965	67
44.9374	64
44.9385	61
44.9805	59
44.9815	57
45.0214	55
45.0225	53
45.064	52
45.065	50
45.107	50
45.1081	49
45.1495	48
45.1505	47
45.1904	46
45.1915	45
45.2319	45
45.233	44
45.2749	44
45.276	44
45.3179	44
45.319	44
45.3609	43
45.362	43
45.4024	43
45.4035	43
45.4445	43
45.4455	43
45.4865	42
45.4875	42
45.5295	42
45.5306	42
45.5721	42
45.5731	42
45.614	42
45.6151	42
45.6555	42
45.6566	42
45.6965	42
45.6976	41
45.7395	42
45.7406	42
45.7825	42
45.7836	42
45.8245	42
45.8256	42
45.866	42
45.8671	42
45.9059	41
45.907	41
45.9474	41
45.9485	41
45.9895	41
45.9905	41
46.0315	41
46.0325	41
46.074	41
46.0751	42
46.117	42
46.118	42
46.1579	42
46.159	41
46.1979	41
46.1989	41
46.2388	41
46.2399	41
46.2819	41
46.2829	41
46.3244	41
46.3254	41
46.3679	42
46.3689	42
46.4099	42
46.4109	42
46.4514	42
46.4524	42
46.4934	42
46.4944	42
46.5364	42
46.5375	42
46.58	42
46.581	42
46.6229	42
46.624	42
46.6649	42
46.666	42
46.7059	42
46.707	42
46.7485	42
46.7495	42
46.7915	42
46.7925	42
46.835	42
46.8361	42
46.878	42
46.8791	42
46.9195	42
46.9205	42
46.9615	42
46.9626	42
47.0041	42
47.0051	42
47.0471	42
47.0481	42
47.0901	42
47.0911	42
47.1325	42
47.1336	42
47.1735	42
47.1746	42
47.214	47
47.215	46
47.2555	50
47.2565	49
47.2959	53
47.297	51
47.3379	55
47.339	54
47.381	57
47.5846	60
47.6266	63
47.6696	65
47.7121	68
47.7547	70
47.7961	72
47.9227	73
47.9647	74
48.0073	76
48.0508	77
48.2093	77
48.2461	76
48.2839	76
48.3233	76
48.3643	77
48.4073	77
48.4503	78
48.4928	79
48.5348	80
48.5768	80
48.6199	81
48.6628	81
48.7053	82
48.7479	82
48.7904	82
48.8329	83
48.8755	83
48.9175	83
48.9611	83
49.13	83
49.1704	83
49.1715	78
49.2119	73
49.213	69
49.2539	66
49.255	63
49.2969	60
49.298	58
49.3399	56
49.341	54
49.3809	53
49.3819	51
49.4208	50
49.4219	48
49.4628	47
49.4639	47
49.5049	46
49.5059	45
49.5479	45
49.549	45
49.5909	45
49.5919	44
49.6339	44
49.6349	44
49.6759	44
49.6769	43
49.7179	43
49.7189	43
49.7599	43
49.761	43
49.8029	43
49.804	43
49.8454	43
49.8464	43
49.8884	43
49.8894	43
49.9308	42
49.9319	42
49.9723	42
49.9734	42
50.0138	42
50.0149	42
50.0564	42
50.0574	42
50.0994	42
50.1005	42
50.1424	42
50.1434	42
50.1854	42
50.1864	42
50.2274	42
50.2284	42
50.2684	42
50.2694	42
50.3093	42
50.3104	41
50.3508	41
50.3519	41
50.3938	41
50.3949	42
50.4368	42
50.4379	42
50.4782	42
50.4793	42
50.5192	42
50.5203	41
50.5612	41
50.5623	41
50.6042	42
50.6053	42
50.6472	42
50.6483	42
50.6902	42
50.6913	42
50.7301	42
50.7312	41
50.7716	41
50.7727	41
50.8115	41
50.8126	41
50.8536	41
50.8546	41
50.8971	41
50.8981	42
50.9401	42
50.9411	42
50.981	41
50.982	41
51.023	42
51.0241	42
51.0655	42
51.0666	42
51.1091	42
51.1101	42
51.149	42
51.15	41
51.191	41
51.192	41
51.232	41
51.233	41
51.2729	41
51.274	41
51.315	41
51.316	41
51.358	41
51.3591	42
51.4	41
51.401	41
51.4431	42
51.4441	42
51.4855	42
51.4866	42
51.5265	42
51.5275	41
51.5675	41
51.5685	41
51.61	41
51.611	41
51.6525	42
51.6535	42
51.6955	42
51.6966	42
51.7375	42
51.7386	42
51.778	41
51.779	41
51.8195	41
51.8205	41
51.8615	41
51.8626	41
51.9041	41
51.9051	42
51.9471	42
51.9481	42
51.9901	42
51.9911	42
52.0309	42
52.032	41
52.0719	41
52.073	41
52.1129	41
52.1139	41
52.1539	41
52.1549	41
52.1938	41
52.1948	41
52.2348	46
52.2358	45
52.2773	50
52.2784	49
52.3203	53
52.3214	52
52.3628	56
52.3638	54
52.4058	58
52.4068	56
52.4478	60
52.4488	57
52.4499	56
52.4903	54
52.4913	53
52.4924	51
52.5323	50
52.5334	49
52.5344	48
52.5754	47
52.5764	47
52.5775	46
52.6173	46
52.6183	45
52.6194	45
52.6592	49
52.6603	49
52.6613	48
52.7018	52
52.7028	51
52.7039	50
52.7443	54
52.7453	53
52.7464	51
52.7868	55
52.7884	54
52.8734	52
52.8744	51
52.9154	55
52.9164	54
52.9569	57
52.9579	55
52.9978	58
52.9989	56
53.0383	59
53.0393	57
53.0404	55
53.0819	53
53.0829	52
53.084	51
53.1244	50
53.1254	49
53.1265	48
53.1674	47
53.1684	47
53.1695	46
53.2104	46
53.2114	45
53.2125	45
53.2529	45
53.2539	44
53.255	44
53.2949	44
53.296	43
53.297	43
53.3369	48
53.3379	47
53.339	47
53.3789	51
53.3799	50
53.381	49
53.4214	53
53.4224	52
53.4235	51
53.4639	55
53.465	53
53.466	52
53.5069	56
53.5079	54
53.509	53
53.5499	57
53.5509	55
53.552	54
53.5903	57
53.5913	55
53.5924	53
53.6323	57
53.6333	55
53.6344	53
53.6743	57
53.6754	55
53.6764	54
53.6775	52
53.7174	51
53.7184	50
53.7195	49
53.7205	48
53.7604	47
53.7614	47
53.7625	46
53.7635	46
53.8034	45
53.8044	45
53.8055	45
53.8065	44
53.8459	44
53.847	44
53.848	44
53.8491	43
53.889	43
53.89	43
53.8911	43
53.8921	43
53.9314	43
53.9325	43
53.9335	43
53.9346	43
53.9745	43
53.9755	43
53.9766	43
53.9776	43
54.016	42
54.017	42
54.0181	42
54.0191	42
54.058	42
54.059	42
54.0601	42
54.0611	42
54.1005	42
54.1016	42
54.1026	42
54.1037	42
54.1436	42
54.1446	42
54.1457	42
54.1467	42
54.1861	42
54.1871	42
54.1882	42
54.1892	42
54.2291	42
54.2301	42
54.2312	42
54.2322	42
54.2711	42
54.2721	42
54.2732	42
54.2742	42
54.3121	42
54.3131	42
54.3142	42
54.3152	41
54.353	41
54.3541	41
54.3551	41
54.3562	41
54.3956	41
54.3966	41
54.3977	41
54.3987	41
54.4385	41
54.4395	42
54.4406	42
54.4416	42
54.4794	42
54.4805	41
54.4815	41
54.4826	41
54.5199	41
54.5209	41
54.522	41
54.523	41
54.5593	40
54.5603	40
54.5614	40
54.5624	40
54.5997	40
54.6008	40
54.6018	40
54.6029	40
54.6407	40
54.6417	40
54.6428	40
54.6438	40
54.6827	40
54.6838	40
54.6848	41
54.6859	41
54.7253	41
54.7263	41
54.7274	41
54.7284	41
54.7683	42
54.7693	42
54.7704	42
54.7714	42
54.8113	42
54.8123	42
54.8134	42
54.8144	42
54.8517	42
54.8527	42
54.8538	41
54.8548	41
54.8916	41
54.8926	41
54.8937	41
54.8947	40
54.9326	40
54.9336	40
54.9347	40
54.9357	40
54.972	40
54.973	40
54.9741	40
54.9751	40
55.0124	40
55.0135	40
55.0145	40
55.0156	40
55.055	40
55.056	40
55.0571	41
55.0581	41
55.097	41
55.098	41
55.0991	41
55.1001	41
55.14	41
55.1411	42
55.1421	42
55.1432	42
55.183	42
55.184	42
55.1851	42
55.1861	42
55.2249	42
55.226	42
55.227	42
55.2281	42
55.2633	41
55.2643	41
55.2654	41
55.2664	40
55.3006	40
55.3016	39
55.3027	39
55.3037	39
55.3394	39
55.3405	39
55.3415	39
55.3426	39
55.3799	39
55.3809	39
55.382	39
55.383	39
55.4214	39
55.4224	40
55.4235	40
55.4245	40
55.4639	40
55.465	40
55.466	41
55.4671	41
55.5069	41
55.508	41
55.509	41
55.5101	42
55.5499	42
55.551	42
55.552	42
55.5531	42
55.5929	42
55.5939	42
55.595	42
55.596	42
55.6328	47
55.6339	46
55.6349	45
55.636	45
55.6743	49
55.6754	48
55.6764	47
55.6775	47
55.7158	51
55.7169	50
55.7179	49
55.719	48
55.7584	52
55.7594	51
55.7605	50
55.7615	49
55.8014	53
55.8029	52
55.8853	50
55.8864	49
55.9258	53
55.9268	51
55.9668	55
55.9678	53
56.0093	57
56.0104	55
56.0523	59
56.1756	56
56.2166	59
56.2591	62
56.3016	65
56.3446	67
56.3876	70
56.4295	72
56.4306	68
56.4726	65
56.4736	62
56.5151	60
56.5161	57
56.556	55
56.5571	53
56.5965	52
56.5976	50
56.6375	49
56.6385	48
56.6795	47
56.6806	46
56.7225	46
56.7236	45
56.7655	45
56.7666	45
56.8069	50
56.808	49
56.8479	53
56.849	51
56.8899	55
56.891	53
56.9325	57
56.9335	55
56.9755	59
56.9765	57
57.017	60
57.018	58
57.0585	61
57.0595	59
57.1	61
57.101	59
57.142	62
57.1431	60
57.1846	62
57.1856	60
57.2276	63
57.2287	61
57.2706	64
57.2716	61
57.3136	64
57.3146	61
57.353	64
57.354	61
57.3924	63
57.3934	60
57.4318	62
57.4328	59
57.4722	62
57.4733	59
57.5153	62
57.5163	60
57.5582	63
57.5593	60
57.6007	63
57.6017	61
57.6417	63
57.6427	61
57.6837	63
57.6847	61
57.7268	63
57.7278	61
57.7697	64
57.7708	61
57.8127	64
57.8137	62
57.8552	65
57.8562	62
57.8972	65
57.8983	62
57.9402	65
58.0672	67
58.1108	69
58.2802	71
58.3228	73
58.3653	74
58.4084	76
58.4513	77
58.4933	78
58.5354	78
58.5774	79
58.6204	80
58.664	80
58.8339	81
58.8743	81
58.9158	81
58.9584	81
59.0014	82
59.0444	82
59.0869	83
59.1299	83
59.1719	83
59.2129	83
59.2549	83
59.298	83
59.4658	83
59.5052	82
59.5457	82
59.5872	82
59.6302	82
59.6727	83
59.7157	83
59.8852	83
59.9283	83
59.9708	83
60.0133	83
60.0538	83
60.0947	83
60.1373	83
60.1808	83
60.3503	83
60.3913	83
60.4338	83
60.4769	83
60.6463	83
60.6888	83
60.7319	83
61.0248	83
61.0678	84
61.1102	84
61.1522	84
61.1958	84
61.3648	84
61.6572	84
61.6997	84
61.7427	84
61.7857	84
61.8272	84
61.8687	84
61.9113	84
61.9548	84
62.2519	84
62.4193	84
62.4603	84
62.5018	83
62.5443	83
62.5869	83
62.6294	84
62.6724	84
62.7149	84
62.7575	84
62.799	84
62.8415	84
62.8841	84
62.9265	84
62.9695	84
63.1375	84
63.181	84
63.3438	84
63.3864	84
63.4294	84
63.4724	84
63.6424	84
63.6834	84
63.7249	84
63.7669	84
63.8095	84
63.8524	84
64.0199	84
64.0619	84
64.104	84
64.147	84
64.3164	84
64.3563	83
64.3984	83
64.4394	83
64.4809	83
64.5218	83
64.5628	83
64.6043	83
64.6474	83
64.6898	83
64.7333	83
64.8977	83
64.9402	83
64.9832	84
65.0262	84
65.0692	84
65.1101	84
65.1506	84
65.1926	83
65.2357	83
65.2786	84
65.3211	84
65.3631	84
65.4891	84
65.5316	84
65.5741	84
65.6145	84
65.6565	84
65.6995	84
65.7425	84
65.7845	84
65.8266	84
65.8276	79
65.8701	74
65.8711	71
65.9131	67
65.9142	64
65.9561	61
65.9572	59
65.9976	57
65.9986	55
66.0401	53
66.0412	52
66.0832	51
66.0842	50
66.1261	49
66.1272	48
66.1671	47
66.1681	46
66.2086	45
66.2096	45
66.2506	44
66.2516	44
66.2931	44
66.2941	44
66.3361	44
66.3372	43
66.3796	43
66.3807	43
66.4206	43
66.4216	43
66.4626	42
66.4637	42
66.5046	42
66.5057	42
66.5477	42
66.5487	42
66.5912	42
66.5922	43
66.6342	43
66.6352	43
66.6756	42
66.6767	42
66.7177	42
66.7187	42
66.7597	42
66.7607	42
66.8023	42
66.8033	42
66.8442	42
66.8453	42
66.8863	42
66.8873	42
66.9288	42
66.9299	42
66.9718	42
66.9729	42
67.0148	42
67.0158	42
67.0547	42
67.0558	41
67.0941	41
67.0952	41
67.1351	41
67.1361	41
67.1761	41
67.1771	41
67.2191	41
67.2202	41
67.2616	41
67.2627	41
67.3041	41
67.3052	42
67.3471	42
67.3482	42
67.3886	42
67.3897	41
67.4306	41
67.4317	41
67.4716	41
67.4727	41
67.5126	41
67.5136	41
67.5541	41
67.5551	41
67.5961	41
67.5972	41
67.6391	41
67.6402	42
67.6806	41
67.6817	41
67.7231	41
67.7242	42
67.7661	42
67.7672	42
67.8055	41
67.8065	41
67.8475	41
67.8485	41
67.8905	41
67.8916	41
67.933	42
67.9341	42
67.9755	42
67.9766	42
68.0185	42
68.0196	42
68.0611	42
68.0621	42
68.1036	42
68.1046	42
68.1466	42
68.1476	42
68.1895	42
68.1906	42
68.2284	42
68.2294	41
68.2673	41
68.2683	41
68.3072	40
68.3082	40
68.3476	40
68.3487	40
68.3881	40
68.3891	40
68.4296	40
68.4306	40
68.4716	40
68.4727	41
68.5147	41
68.5157	41
68.5577	41
68.5587	42
68.6001	47
68.6012	46
68.6416	51
68.6427	50
68.6821	54
68.6831	52
68.723	56
68.7241	54
68.7651	57
68.7661	55
68.8066	59
68.8076	57
68.8491	60
68.8502	58
68.8921	61
68.8932	59
69.1804	62
69.2219	64
69.2229	62
69.2644	59
69.2655	57
69.3074	55
69.3084	54
69.3504	52
69.3515	51
69.3898	49
69.3908	48
69.4308	47
69.4318	46
69.4712	46
69.4723	45
69.5132	45
69.5143	44
69.5562	44
69.5573	44
69.5992	44
69.6002	44
69.6417	49
69.6428	48
69.6832	52
69.6843	51
69.7263	55
69.7273	54
69.7688	57
69.7698	55
69.8118	59
69.8128	57
69.9833	60
70.0243	63
70.0663	66
70.1089	68
70.1519	70
70.1944	72
70.2348	73
70.2747	74
70.3157	75
70.3167	71
70.3588	67
70.3598	64
70.4017	61
70.4028	59
70.4447	57
70.4458	55
70.4862	53
70.4873	52
70.5267	50
70.5277	49
70.5671	48
70.5682	47
70.6086	46
70.6097	45
70.6516	45
70.6527	45
70.6941	45
70.6952	44
70.7371	44
70.7381	44
70.7786	43
70.7796	43
70.8211	43
70.8222	43
70.8631	43
70.8642	43
70.9062	43
70.9072	43
70.9487	42
70.9497	42
70.9916	42
70.9927	42
71.0316	42
71.0326	42
71.071	41
71.072	41
71.1109	41
71.1119	41
71.1524	41
71.1534	41
71.1954	41
71.1964	41
71.2379	41
71.239	41
71.2809	41
71.282	42
71.3239	42
71.325	42
71.3654	42
71.3664	42
71.4069	42
71.4079	41
71.4473	41
71.4484	41
71.4883	41
71.4894	41
71.5324	41
71.6593	47
71.6981	51
71.737	54
71.7764	57
71.819	60
71.8619	63
71.9049	66
71.9479	68
71.9909	70
72.0329	72
72.1589	74
72.202	75
72.2445	76
72.2874	77
72.3279	78
72.3689	78
72.4088	79
72.4492	79
72.4918	79
72.5343	80
72.6614	80
72.7034	81
72.7464	81
72.7894	82
72.8319	82
72.8734	82
72.9149	82
72.9569	82
72.9989	82
73	77
73.0424	73
73.0435	69
73.0854	66
73.0865	63
73.1279	60
73.1289	58
73.1704	56
73.1715	54
73.2124	53
73.2135	51
73.2545	50
73.2555	49
73.2975	48
73.2985	48
73.3404	47
73.3415	46
73.3834	46
73.3844	45
73.4259	45
73.4269	45
73.4653	44
73.4663	43
73.5057	43
73.5068	42
73.5451	42
73.5462	42
73.5861	42
73.5871	41
73.6281	41
73.6291	41
73.6711	42
73.6722	42
73.7126	42
73.7136	41
73.7556	42
73.7567	42
73.7976	42
73.7986	42
73.8396	42
73.8407	42
73.8826	42
73.8837	42
73.9256	42
73.9267	42
73.9686	42
73.9697	42
74.0117	42
74.0127	42
74.0546	42
74.0557	42
74.0966	42
74.0977	42
74.1386	42
74.1397	42
74.1822	42
74.1832	42
74.2231	42
74.2242	42
74.2657	42
74.2667	42
74.3082	42
74.3092	42
74.3507	42
74.3518	42
74.3933	42
74.3943	42
74.4368	42
74.4379	42
74.4788	42
74.4798	42
74.5207	42
74.5218	42
74.5606	42
74.5617	41
74.6016	46
74.6027	46
74.6436	50
74.6447	49
74.6867	53
74.6878	52
74.7292	56
74.7302	55
74.7716	58
74.7727	56
74.8142	60
74.8152	58
74.8561	61
74.8572	59
74.8971	61
74.8982	59
74.9376	62
74.9386	59
74.9785	61
74.9796	59
75.0206	62
75.0216	59
75.0636	62
75.0647	60
75.1066	63
75.1076	61
75.1491	64
75.1501	61
75.189	64
75.1901	61
75.23	63
75.231	60
75.2715	63
75.2725	60
75.3145	63
75.3155	61
75.358	64
75.4845	66
75.5244	68
75.5654	70
75.6079	71
75.6509	73
75.6939	74
75.7364	76
75.7794	77
75.9074	78
76.0769	79
76.1184	79
76.1605	80
76.203	80
76.246	81
76.2885	81
76.3295	82
76.371	82
76.4109	82
76.4524	81
76.4945	82
76.5365	82
76.5795	82
76.6215	82
76.6645	83
76.8321	83
76.873	82
76.9151	82
76.9581	83
77.0011	83
77.0435	83
77.0855	83
77.1281	83
77.1711	84
77.2146	84
77.3826	84
77.4256	84
77.4686	84
77.5116	84
77.553	84
77.5914	84
77.6303	83
77.6707	82
77.7138	82
77.7563	83
77.7993	83
77.9663	83
78.0088	83
78.0518	83
78.0948	83
78.2602	83
78.3023	83
78.3448	83
78.3878	83
78.4308	84
78.4723	84
78.5143	84
78.5553	84
78.5968	83
78.6398	83
78.6828	84
78.7258	84
78.8907	84
78.9327	83
78.9758	84
79.0183	84
79.0597	84
79.1002	83
79.1417	83
79.1832	83
79.2247	83
79.2667	83
79.3092	83
79.3523	83
79.3953	84
79.4367	84
79.4772	83
79.5197	83
79.5621	83
79.6046	84
79.6471	84
79.69	84
79.7326	84
79.7756	84
79.8186	84
79.861	84
79.902	84
79.944	84
79.9871	84
80.282	84
80.3256	84
80.4945	84
80.538	84
80.703	84
80.746	84
80.7885	84
80.831	84
80.873	84
80.8741	79
80.9166	74
80.9176	70
80.9586	67
80.9596	64
81.0016	61
81.0026	59
81.044	57
81.0451	55
81.0855	53
81.0866	52
81.1276	50
81.1286	49
81.1706	48
81.1716	48
81.2136	47
81.2146	46
81.2556	46
81.2566	45
81.2971	45
81.2981	44
81.3381	44
81.3391	43
81.3796	43
81.3806	43
81.4216	43
81.4226	42
81.4641	42
81.4652	42
81.5067	42
81.5077	42
81.5497	42
81.5508	42
81.5927	42
81.5938	42
81.6357	42
81.6368	42
81.6782	42
81.6792	42
81.7181	42
81.7192	42
81.7586	41
81.7596	41
81.8006	41
81.8016	41
81.8431	41
81.8442	42
81.8861	42
81.8872	42
81.9291	42
81.9302	42
81.9716	42
81.9726	42
82.0136	42
82.0147	42
82.0562	42
82.0572	42
82.1003	42
82.2257	47
82.2666	51
82.3076	55
82.3496	59
82.3926	62
82.6891	65
82.7316	62
82.7736	59
82.8151	57
82.8566	55
82.8981	53
82.9412	52
82.9842	51
83.0276	50
83.0681	49
83.1075	47
83.1484	46
83.1894	46
83.232	45
83.275	45
83.318	45
83.3605	44
83.403	44
83.446	44
83.489	44
83.532	43
83.5735	43
83.6155	43
83.658	43
83.701	43
83.744	43
83.786	43
83.8285	43
83.8705	42
83.9131	42
83.956	42
83.9991	42
84.04	42
84.081	47
84.1225	51
84.1635	55
84.2065	59
84.3766	62
84.4191	65
84.4626	67
84.628	69
84.6705	71
84.7126	72
84.7551	74
84.7981	75
84.8411	77
84.8836	78
84.924	78
84.9666	79
85.0096	79
85.1801	80
85.22	80
85.261	80
85.303	80
85.3461	81
85.5151	81
85.5571	82
85.5997	82
85.6427	82
86.1934	82
86.4899	83
86.5329	83
86.7004	83
86.7434	83
86.7864	83
86.8274	83
86.8683	83
86.9093	83
86.9503	83
86.9913	83
87.0322	82
87.0737	82
87.1163	83
87.1593	83
87.2023	83
87.2453	83
87.4138	83
87.4568	84
87.4999	84
87.5408	84
87.5818	84
87.6217	83
87.6632	83
87.7057	83
87.7477	83
87.7487	78
87.7908	74
87.7918	70
87.8337	66
87.8348	63
87.8767	61
87.8778	58
87.9181	56
87.9192	54
87.9596	53
87.9607	51
88.0027	50
88.0037	49
88.0446	48
88.0457	47
88.0876	47
88.0887	46
88.1307	46
88.1317	45
88.1736	45
88.1747	45
88.2162	44
88.2172	44
88.2587	44
88.2598	44
88.3017	43
88.3028	43
88.3447	43
88.3458	43
88.3872	43
88.3883	43
88.4288	43
88.4298	42
88.4708	42
88.4718	42
88.5123	42
88.5133	42
88.5543	42
88.5554	42
88.5973	42
88.5983	42
88.6408	42
88.6418	42
88.6822	42
88.6833	42
88.7227	42
88.7237	41
88.7631	41
88.7642	41
88.8041	41
88.8051	41
88.8466	41
88.8477	41
88.8897	41
88.8907	41
88.9327	42
88.9337	42
88.9746	42
88.9757	42
89.0156	42
89.0166	41
89.056	41
89.0571	41
89.097	41
89.0981	41
89.138	41
89.139	41
89.18	41
89.1811	41
89.222	41
89.2231	41
89.2646	41
89.2656	41
89.3077	41
89.3087	42
89.3506	42
89.3517	42
89.3936	42
89.3947	42
89.4346	42
89.4356	42
89.4761	42
89.4771	42
89.5171	41
89.5181	41
89.558	41
89.5591	41
89.6011	41
89.6022	41
89.6436	41
89.6447	41
89.6867	42
89.6877	42
89.7287	42
89.7297	42
89.7702	42
89.7712	42
89.8111	41
89.8122	41
89.8537	41
89.8547	41
89.8957	41
89.8968	41
89.9383	42
89.9393	42
89.9813	42
89.9824	42
90.0243	42
90.0253	42
90.0673	42
90.0683	42
90.1082	42
90.1093	42
90.1497	42
90.1508	41
90.1927	42
90.1938	42
90.2362	42
90.2373	42
90.2771	42
90.2782	42
90.3197	42
90.3207	42
90.3617	42
90.3627	42
90.4042	42
90.4053	42
90.4468	42
90.4478	42
90.4892	47
90.4903	47
90.5323	51
90.5333	50
90.5752	55
90.6991	58
90.7396	61
90.7795	63
90.8194	65
90.8599	67
90.9008	69
90.9418	70
90.9429	67
90.9854	64
90.9864	61
91.0279	59
91.0289	57
91.0708	55
91.0719	53
91.1134	52
91.1144	51
91.1533	49
91.1543	48
91.1916	47
91.1927	46
91.231	45
91.2321	44
91.2709	43
91.272	43
91.3125	48
91.3135	47
91.3545	51
91.3555	50
91.3965	54
91.3976	53
91.4391	57
91.4401	55
91.482	59
91.4831	57
91.525	60
91.5261	58
91.5675	61
91.5686	59
91.6095	62
91.6106	59
91.651	62
91.6521	60
91.6925	63
91.6936	60
91.7345	63
91.7356	60
91.7776	63
91.9886	65
92.0316	68
92.0746	70
92.1984	71
92.2399	73
92.2814	74
92.3235	75
92.3664	76
92.4094	77
92.4509	78
92.4903	78
92.5302	79
92.5733	79
92.6157	80
92.6588	80
92.7007	81
92.7438	81
92.7858	82
92.8278	82
92.8708	82
92.9133	83
92.9537	83
92.9937	82
93.0346	82
93.0772	82
93.1202	83
93.1627	83
93.2042	83
93.2457	83
93.2872	83
93.3302	83
93.3732	83
93.4157	83
93.4587	84
93.6273	84
93.6692	84
93.7118	84
93.7548	84
93.7978	84
93.8387	84
93.8818	84
93.9243	84
93.9668	84
94.0103	84
94.1767	84
94.2197	84
94.2627	84
94.3062	84
94.4643	83
94.5047	83
94.5468	83
94.5893	83
94.6323	83
94.6748	83
94.7168	83
94.7598	84
94.9304	84
94.9734	84
95.0164	84
95.0568	84
95.0973	83
95.1372	83
95.1771	83
95.2176	82
95.2586	82
95.3011	82
95.3441	83
95.5136	83
95.5551	83
95.5966	83
95.6386	83
95.6817	83
95.7247	83
95.8936	83
95.9367	83
95.9796	84
96.0226	84
96.0651	84
96.105	84
96.146	83
96.1875	83
96.2295	83
96.2721	83
96.3151	84
96.3581	84
96.4006	84
96.4421	84
96.482	84
96.5225	83
96.5645	83
96.6065	83
96.6495	83
96.6925	83
96.9864	84
97.0294	84
97.2	84
97.6224	84
97.6633	83
97.6644	78
97.7069	74
97.7079	70
97.7504	67
97.7515	64
97.7918	61
97.7929	58
97.8333	56
97.8344	54
97.8717	52
97.8727	50
97.9105	49
97.9116	48
97.9515	47
97.9526	46
97.9935	45
97.9946	45
98.035	44
98.0361	44
98.0771	44
98.0781	43
98.1201	43
98.1212	43
98.1631	43
98.1641	43
98.2055	43
98.2066	43
98.2486	43
98.2497	43
98.2906	43
98.2916	42
98.3336	42
98.3346	42
98.3756	42
98.3766	42
98.4171	42
98.4181	42
98.4591	42
98.4602	42
98.5021	42
98.5032	42
98.5446	42
98.5457	42
98.5876	42
98.5887	42
98.6296	42
98.6307	42
98.6722	42
98.6732	42
98.7131	42
98.7142	42
98.7541	42
98.7552	41
98.7956	41
98.7967	41
98.8382	41
98.8392	42
98.8812	42
98.8823	42
98.9242	42
98.9252	42
98.9672	42
98.9682	42
99.0086	42
99.0097	42
99.0501	42
99.0512	42
99.0932	42
99.0942	42
99.1346	42
99.1357	42
99.1776	42
99.1787	42
99.2206	42
99.2217	42
99.2637	42
99.2647	42
99.3057	42
99.3068	42
99.3487	42
99.3498	42
99.3917	42
99.3928	42
99.4348	42
99.4358	42
99.4778	42
99.4788	42
99.5202	42
99.5213	42
99.5607	42
99.5617	42
99.6017	42
99.6027	41
99.6426	41
99.6437	41
99.6836	41
99.6847	41
99.7262	41
99.7272	41
99.7687	41
99.7697	41
99.8112	42
99.8123	42
99.8511	41
99.8522	41
99.8911	41
99.8921	41
99.932	41
99.9331	41
99.9741	41
99.9751	41
100.017	41
100.018	41
100.06	41
100.061	41
100.102	42
100.103	42
100.145	42
100.146	42
100.187	42
100.188	42
100.229	42
100.23	42
100.272	42
100.273	42
100.315	42
100.316	42
100.357	42
100.358	42
100.399	42
100.4	42
100.441	42
100.442	42
100.484	42
100.485	42
100.527	42
100.528	42
100.569	42
100.57	42
100.612	42
100.613	42
100.653	42
100.654	42
100.696	42
100.697	42
100.738	47
100.739	47
100.781	51
100.782	50
100.823	54
100.824	53
100.866	57
101.332	60
101.501	63
101.543	65
101.586	68
101.629	70
101.67	72
101.713	73
101.756	75
101.799	76
101.962	76
102.003	77
102.044	77
102.085	78
102.127	79
102.17	79
102.213	80
102.256	81
102.295	81
102.334	80
102.372	80
102.413	80
102.454	80
102.495	80
102.537	81
102.58	81
102.623	81
102.666	82
102.708	82
102.75	83
102.789	82
102.829	82
102.869	81
102.911	81
102.953	82
102.996	82
103.294	82
103.335	83
103.377	82
103.419	82
103.462	83
103.504	83
103.548	83
103.712	83
103.754	83
103.797	83
103.84	84
103.883	84
103.926	84
103.968	84
104.01	84
104.051	84
104.092	83
104.134	83
104.177	84
104.22	84
104.263	84
104.426	84
104.468	84
104.511	84
104.681	84
104.724	84
104.893	84
104.936	84
105.104	84
105.147	84
105.19	84
105.233	84
105.403	84
105.445	84
105.488	84
105.531	84
105.573	84
105.615	84
105.658	84
105.701	84
105.744	85
105.913	85
105.956	85
105.999	85
106.039	84
106.081	84
106.122	84
106.165	84
106.208	84
106.251	84
106.372	84
106.415	84
106.458	84
106.501	84
106.544	84
106.585	84
106.625	84
106.664	83
106.705	83
106.706	77
106.747	73
106.748	69
106.79	66
106.791	63
106.833	60
106.834	58
106.874	56
106.875	54
106.916	52
106.917	51
106.958	50
106.959	49
107	48
107.001	47
107.043	47
107.044	46
107.086	46
107.087	45
107.129	45
107.13	45
107.17	44
107.171	44
107.207	43
107.208	42
107.246	41
107.247	41
107.287	41
107.288	41
107.328	41
107.329	41
107.371	41
107.372	41
107.414	41
107.415	42
107.457	42
107.458	42
107.498	42
107.499	42
107.54	42
107.541	42
107.583	42
107.584	42
107.626	42
107.627	42
107.669	42
107.67	42
107.712	42
107.713	42
107.755	42
107.756	42
107.797	42
107.798	42
107.838	42
107.839	42
107.879	42
107.88	41
107.921	41
107.922	41
107.964	41
107.965	42
108.007	42
108.008	42
108.05	42
108.051	42
108.091	42
108.092	42
108.132	42
108.133	42
108.173	41
108.174	41
108.215	41
108.216	41
108.257	41
108.258	41
108.3	42
108.301	42
108.343	42
108.344	42
108.385	42
108.386	42
108.426	41
108.427	41
108.467	41
108.468	41
108.51	42
108.511	42
108.553	42
108.554	42
108.596	42
108.597	42
108.636	42
108.637	41
108.677	41
108.678	41
108.718	41
108.719	41
108.759	41
108.76	41
108.801	41
108.802	41
108.844	41
108.845	42
108.888	42
109.012	47
109.054	51
109.097	56
109.14	59
109.182	62
109.225	65
109.268	68
109.311	70
109.353	72
109.354	68
109.395	65
109.396	62
109.438	59
109.439	57
109.481	55
109.482	54
109.523	52
109.524	51
109.566	50
109.567	49
109.609	48
109.61	47
109.651	47
109.652	46
109.694	46
109.696	45
109.737	45
109.738	45
109.78	44
109.781	44
109.822	44
109.824	44
109.864	43
109.866	43
109.905	43
109.906	42
109.947	42
109.949	42
109.99	42
109.992	42
110.033	42
110.035	42
110.076	42
110.077	42
110.117	42
110.118	42
110.158	42
110.159	41
110.199	41
110.2	41
110.24	41
110.241	41
110.283	41
110.284	41
110.326	42
110.327	42
110.368	42
110.369	42
110.411	42
110.412	42
110.453	42
110.454	42
110.495	42
110.496	42
110.536	42
110.537	42
110.578	41
110.579	41
110.621	41
110.622	42
110.664	42
110.665	42
110.706	42
110.707	42
110.748	42
110.749	42
110.791	42
110.792	42
110.833	42
110.835	42
110.876	42
110.878	42
110.919	42
110.921	42
110.961	42
110.963	42
111.002	42
111.005	42
111.044	47
111.046	46
111.086	50
111.088	50
111.128	54
111.131	52
111.172	56
111.294	59
111.334	61
111.374	64
111.415	66
111.457	68
111.499	70
111.542	72
111.586	74
111.75	75
111.793	76
111.836	77
111.879	78
111.92	79
111.961	79
112.002	79
112.044	80
112.087	80
112.13	81
112.171	81
112.212	81
112.251	81
112.292	81
112.333	81
112.375	81
112.417	81
112.459	82
112.502	82
112.545	83
112.588	83
112.63	83
112.67	83
112.711	83
112.752	82
112.795	83
112.838	83
112.881	83
112.923	83
112.964	83
113.005	83
113.048	83
113.091	83
113.134	84
113.301	84
113.344	84
113.387	84
113.43	84
113.597	84
113.892	84
113.935	84
113.978	84
114.019	84
114.062	84
114.105	84
114.148	84
114.19	84
114.234	85
114.402	84
114.444	84
114.487	84
114.53	84
114.572	84
114.614	84
114.657	84
114.953	84
114.996	84
115.039	84
115.207	84
115.249	84
115.291	84
115.333	84
115.376	84
115.419	84
115.969	84
116.268	84
116.436	84
116.478	84
116.522	84
117.07	84
117.113	84
117.156	84
117.196	84
117.235	83
117.274	83
117.316	83
117.358	83
117.401	83
117.571	83
117.612	83
117.655	83
117.698	83
117.741	83
117.91	83
117.952	83
117.995	84
118.038	84
118.081	84
118.123	84
118.166	84
118.209	84
118.252	84
118.294	84
118.336	84
118.377	84
118.419	84
118.461	84
118.503	84
118.546	84
118.589	84
118.631	84
118.673	84
118.713	84
118.752	83
118.793	83
118.835	83
118.878	83
118.92	83
118.963	83
119.004	83
119.045	83
119.088	83
119.253	82
119.292	82
119.293	77
119.334	72
119.335	68
119.376	65
119.377	62
119.418	59
119.419	57
119.461	55
119.462	54
119.504	52
119.505	51
119.547	50
119.548	49
119.589	48
119.591	48
119.632	47
119.633	46
119.675	46
119.676	45
119.717	45
119.719	45
119.761	44
119.762	44
119.803	44
119.804	44
119.844	43
119.846	43
119.887	43
119.888	43
119.93	43
119.931	43
119.973	43
119.974	43
120.015	43
120.016	43
120.058	42
120.059	42
120.1	42
120.101	42
120.144	42
120.145	42
120.186	42
120.187	42
120.227	42
120.228	42
120.268	42
120.269	42
120.31	42
120.311	41
120.351	41
120.352	41
120.394	42
120.395	42
120.437	42
120.438	42
120.479	42
120.48	42
120.519	42
120.521	41
120.56	41
120.561	41
120.6	41
120.601	41
120.64	41
120.641	41
120.683	41
120.684	41
120.726	41
120.727	41
120.769	41
120.77	41
120.81	41
120.811	41
120.852	41
120.853	41
120.894	41
120.895	42
120.937	42
120.938	42
120.98	42
120.981	42
121.024	42
121.025	42
121.065	42
121.066	42
121.105	41
121.106	41
121.145	41
121.146	41
121.185	41
121.186	41
121.228	41
121.229	41
121.271	41
121.272	41
121.314	41
121.315	41
121.356	42
121.357	42
121.399	42
121.4	42
121.442	42
121.443	42
121.485	42
121.486	42
121.528	42
121.529	42
121.571	42
121.572	42
121.613	42
121.614	42
121.656	42
121.657	42
121.698	42
121.699	42
121.741	42
121.742	42
121.784	42
121.785	42
121.827	42
121.828	42
121.87	42
121.871	42
121.912	42
121.913	42
121.954	42
121.955	42
121.996	42
121.997	42
122.039	42
122.04	42
122.081	42
122.082	42
122.124	42
122.125	42
122.167	42
122.168	42
122.209	42
122.21	42
122.251	42
122.252	42
122.294	42
122.295	42
122.336	47
122.337	47
122.379	51
122.38	50
122.422	54
122.423	53
122.465	57
122.589	60
122.629	62
122.63	60
122.671	57
122.672	55
122.714	54
122.715	52
122.757	51
122.758	50
122.8	49
122.801	48
122.842	47
122.843	47
122.884	46
122.885	45
122.927	45
122.928	45
122.969	44
122.97	44
123.012	44
123.013	44
123.055	44
123.056	43
123.097	43
123.098	43
123.14	43
123.141	43
123.182	43
123.183	43
123.224	48
123.225	47
123.267	52
123.384	55
123.423	57
123.464	60
123.507	63
123.55	66
123.709	67
123.75	64
123.792	61
123.834	59
123.877	56
123.919	55
123.962	53
124.005	52
124.047	51
124.088	49
124.127	48
124.167	47
124.207	46
124.248	45
124.289	45
124.329	44
124.369	44
124.41	43
124.451	43
124.493	43
124.536	43
124.579	43
124.62	42
124.66	42
124.699	42
124.74	41
124.778	41
124.816	41
124.856	40
124.896	40
124.936	40
124.978	40
125.019	40
125.062	41
125.102	46
125.14	50
125.178	53
125.215	56
125.252	58
125.291	60
125.329	62
125.366	64
125.404	65
125.405	62
125.442	59
125.443	56
125.48	54
125.481	52
125.518	50
125.519	48
125.555	47
125.556	46
125.59	44
125.591	43
125.626	42
125.627	41
125.661	40
125.662	40
125.696	43
125.697	42
125.73	46
125.731	44
125.765	47
125.766	46
125.801	49
125.802	47
125.836	50
125.837	48
125.872	46
