11.3392	0.0857819
12.3439	0.0238887
12.4299	0.418453
12.5009	0.506861
12.5715	0.339954
12.6442	0.330128
12.7209	0.312914
12.7982	0.310785
12.8791	0.296658
12.9584	0.302552
13.0372	0.304569
13.1226	0.280926
13.1922	0.345031
13.2632	0.337982
13.3343	0.337443
13.4105	0.315072
13.4987	0.543874
13.5723	0.489486
13.6469	0.643456
13.7225	0.634519
13.7998	0.62157
13.8838	0.713834
13.9694	0.560719
14.0529	0.431249
14.1369	0.571067
14.222	0.564181
14.307	0.282336
14.3921	0.28209
14.4703	0.306904
14.5439	0.652649
14.6169	0.657344
14.692	0.638957
14.7661	0.64802
14.8454	0.605105
14.9304	0.564344
15.0093	0.456694
15.0804	0.674886
15.1519	0.67089
15.2281	0.630143
15.309	0.593317
15.394	0.564508
15.477	0.578468
15.56	0.578296
15.6456	0.561042
15.728	0.436615
15.81	0.58571
15.8945	0.567686
15.9748	0.448447
16.052	0.62157
16.134	0.58571
16.2191	0.564017
16.3052	0.418333
16.3834	0.613807
16.4564	0.657344
16.5357	0.605105
16.6187	0.578296
16.7043	0.56088
16.7862	0.43968
16.8702	0.571067
16.9531	0.434368
17.0319	0.609139
17.1163	0.568515
17.192	0.634519
17.2676	0.634519
17.348	0.597195
17.4284	0.597195
17.5144	0.557938
17.5973	0.578812
17.6761	0.609139
17.7581	0.58571
17.8426	0.568017
17.9266	0.571067
18.0117	0.564344
18.0951	0.575339
18.1708	0.634519
18.2475	0.625827
18.3273	0.601124
18.4133	0.558258
18.4894	0.630347
18.5641	0.642581
18.6429	0.609139
18.7217	0.609139
18.8042	0.58198
18.8902	0.558258
18.9669	0.625827
19.0431	0.630143
19.1235	0.597195
19.208	0.56752
19.2941	0.557938
19.3754	0.590025
19.4547	0.605105
19.5407	0.558258
19.619	0.61342
19.704	0.564672
19.7859	0.58571
19.8715	0.982106
19.9554	1.14314
20.0342	1.21828
20.1151	1.18663
20.1987	1.29298
20.2837	1.12902
20.3687	1.12934
20.4496	1.63162
20.531	1.76847
20.6155	1.84713
20.6943	1.82742
20.771	2.03394
20.8529	2.34284
20.9389	2.23367
21.024	1.41045
21.109	1.12869
21.193	1.14348
21.276	1.01202
21.3616	0.56088
21.446	0.710436
21.5274	0.589489
21.6125	0.564344
21.6949	0.582328
21.7774	0.58198
21.8614	0.571235
21.947	0.560719
22.0315	0.426386
22.1097	0.613227
22.1927	0.578296
22.2788	0.557938
22.3596	0.59386
22.4384	0.609139
22.5188	0.597195
22.6018	0.578296
22.6864	0.56752
22.7724	0.557938
22.8559	0.574999
22.9389	0.578296
23.0239	0.564344
23.1094	0.421267
23.1882	0.609139
23.2654	0.62157
23.3474	0.58571
23.4309	0.574659
23.5149	0.571067
23.601	0.557938
23.6818	0.593679
23.7632	0.589489
23.8478	0.567686
23.9322	0.568681
24.0136	0.589489
24.0971	0.574999
24.181	0.42893
24.2619	0.593317
24.347	0.564017
24.433	0.279209
24.5134	0.298597
24.5917	0.306613
24.6752	0.574659
24.7602	0.564508
24.8447	0.568017
24.9272	0.58198
25.2097	0.169923
25.2957	0.278969
25.3803	0.425764
25.4663	0.697422
25.5456	0.605105
25.6291	0.574659
25.7146	0.561366
25.7981	0.575169
25.8822	0.571067
25.9672	0.564672
26.0496	0.582154
26.1295	0.601124
26.2119	0.727474
26.2965	1.13504
26.382	1.12273
26.467	1.12967
26.55	1.15659
26.633	1.15659
26.718	1.12934
26.8021	1.14213
26.8861	1.14213
26.9722	1.11556
27.0562	1.14314
27.1417	1.12241
27.2277	1.11588
27.3091	1.17898
27.3927	1.14932
27.4792	1.1091
27.5626	1.15102
27.6451	1.16396
27.7296	1.1357
27.8146	1.13
27.8996	1.12902
27.9847	1.12836
28.0703	1.12208
28.149	1.21942
28.2273	1.22645
28.3113	1.14213
28.3973	1.11652
28.4812	1.14381
28.5605	0.907657
28.6393	0.609139
28.7197	0.597195
28.8038	0.571067
28.8871	0.431887
28.9722	0.564508
29.051	0.609139
29.1308	0.601124
29.2138	0.578296
29.2997	0.558578
29.3806	0.59386
29.461	0.597195
29.5465	0.561204
29.6283	0.58677
29.705	0.625827
29.7854	0.597195
29.8704	0.564344
29.9553	0.423873
30.032	0.625827
30.1098	0.61737
30.1923	0.58198
30.2747	0.58198
30.3603	0.561204
30.4452	0.565
30.5292	0.714254
30.6137	0.852026
30.6983	0.56752
30.7829	0.56752
30.8679	0.564672
30.9523	0.426511
31.0322	0.601124
31.1115	0.453828
31.1919	0.597195
31.2764	0.567852
31.3608	0.568681
31.4433	0.58198
31.5288	0.561204
31.6143	0.561528
31.6967	0.582328
31.7792	0.58198
31.8653	0.557618
31.9471	0.586416
32.0306	0.574659
32.1157	0.564672
32.2012	0.56088
32.2842	0.578468
32.3662	0.58571
32.4502	0.713834
32.5348	0.56752
32.6203	0.561366
32.7043	0.571571
32.7857	0.589489
32.8698	0.999368
32.9558	1.1162
33.0413	1.26307
33.1237	1.165
33.2051	1.17898
33.2911	1.53521
33.3767	1.68264
33.4581	1.91642
33.5446	1.66365
33.6281	1.4375
33.7095	1.03161
33.7941	1.1357
33.8796	1.26307
33.9589	1.21021
34.0387	1.35253
34.1238	1.69303
34.2077	1.71622
34.2912	1.86764
34.3768	1.54331
34.4612	1.27841
34.5463	1.12869
34.6303	1.14213
34.7163	1.1162
34.8019	1.12273
34.8838	1.31785
34.9689	1.12869
35.0538	1.13
35.1389	1.12836
35.2244	1.12306
35.3094	1.12934
35.3929	1.14966
35.4775	1.13504
35.5615	1.14213
35.647	1.12241
35.7321	1.12902
35.8181	1.11588
35.899	1.03862
35.9804	0.884233
36.0639	1.00565
36.1495	1.12241
36.2335	1.14247
36.319	1.12241
36.402	1.15762
36.4813	1.21021
36.5648	1.29298
36.6508	1.1162
36.7363	0.98239
36.8219	0.84132
36.9085	0.415914
36.992	0.287414
37.0755	0.28733
37.1605	0.423381
37.2445	0.428426
37.3301	0.56088
37.4162	0.557778
37.5002	0.571403
37.5857	0.561204
37.6713	0.561042
37.7568	0.561366
37.8377	0.593498
37.9196	0.58571
38.0026	0.578296
38.0881	0.420903
38.1726	0.568183
38.254	0.589489
38.3334	0.605105
38.4137	0.597195
38.4983	0.567686
38.5838	0.561204
38.6693	0.561366
38.7517	0.436877
38.8373	0.56088
38.9228	0.561366
39.0053	0.58198
39.0894	0.571067
39.1749	0.561204
39.2594	0.425889
39.3435	0.571067
39.4285	0.564344
39.5141	0.561042
39.5955	0.589846
39.6758	0.597195
39.7562	0.597195
39.8392	0.578296
39.9247	0.561204
40.0097	0.423627
40.0917	0.58571
40.172	0.597195
40.2576	0.561042
40.3415	0.572075
40.4245	0.578296
40.5101	0.56088
40.5951	0.423504
40.6801	0.564672
40.7656	0.561204
40.8496	0.571907
40.931	0.589489
41.015	0.571067
41.1005	0.421267
41.1818	0.590025
41.2627	0.593317
41.3468	0.571403
41.4318	0.564508
41.5148	0.578468
41.5972	0.58198
41.6828	0.561042
41.7672	0.284258
41.8487	0.294744
41.9347	0.278889
42.0192	0.426262
42.1	0.593498
42.1809	0.593317
42.2629	0.58571
42.3484	0.561042
42.4344	0.558418
42.5169	0.58198
42.6015	0.56752
42.688	0.554709
42.7678	0.451261
42.8439	0.630143
42.9217	0.61737
43.0036	0.58571
43.0892	0.561204
43.1747	0.561204
43.2577	0.578296
43.3433	0.561042
43.4272	0.571739
43.5107	0.574659
43.5958	0.564508
43.6813	0.561528
43.7622	0.593317
43.8441	0.58571
43.9297	0.561042
44.0126	0.43398
44.0976	0.564672
44.1811	0.574659
44.2662	0.564508
44.3512	0.564508
44.4326	0.589489
44.513	0.597195
44.5985	0.561204
44.684	0.561366
44.7613	0.62157
44.838	0.625827
44.9199	1.0253
45.0039	1.14314
45.0895	1.12176
45.1729	1.15102
45.2574	1.13603
45.3434	1.11588
45.4269	1.14932
45.512	1.12869
45.5965	1.13603
45.679	1.16396
45.765	1.1162
45.8485	1.14966
45.9299	1.17898
46.0139	1.14213
46.0994	1.12306
46.1803	1.187
46.2643	1.14247
46.3503	1.11652
46.4338	1.14966
46.5189	1.12836
46.6054	1.11005
46.6884	1.15694
46.7739	1.12208
46.8605	1.1091
46.944	1.14966
47.0295	1.12208
47.115	1.12338
47.1969	1.31785
47.2789	1.17142
47.364	1.12836
47.4494	0.983525
47.5271	0.308685
47.6096	0.58198
47.6951	0.561528
47.7791	0.571235
47.8637	0.709607
47.9477	0.571067
48.0338	0.557618
48.1161	0.4374
48.1923	0.630143
48.2669	0.643456
48.3472	0.597195
48.4333	0.558098
48.5178	0.567852
48.6028	0.564344
48.6883	0.561528
48.7734	0.564181
48.8585	0.564181
48.9441	0.560719
49.03	0.418813
49.1129	0.578984
49.1944	0.736861
49.2794	1.12902
49.3633	1.14381
49.4453	1.17142
49.5304	1.12836
49.6163	1.11684
49.7003	1.14247
49.7854	1.12902
49.8708	1.1237
49.9548	1.14314
50.0388	1.14213
50.1248	1.1162
50.2098	1.12967
50.2918	1.17142
50.3763	1.13603
50.4607	1.13736
50.5437	1.15659
50.6297	1.11652
50.7125	1.15831
50.794	1.17898
50.8795	1.12208
50.9634	1.14415
51.048	1.1357
51.1314	1.15034
51.2144	1.15659
51.2974	1.15659
51.3824	1.12934
51.468	1.12241
51.5499	1.17142
51.6349	1.12902
51.72	1.12902
51.8019	1.17142
51.8865	1.13504
51.9725	1.1162
52.0544	1.17283
52.1363	1.17142
52.2177	1.32635
52.3033	1.12176
52.3888	1.1237
52.4727	1.28603
52.5578	1.69254
52.6422	1.84821
52.7273	1.69303
52.8128	1.68361
52.8983	1.54331
52.9808	1.16396
53.0643	1.29336
53.1498	1.68361
53.2353	1.68458
53.3198	1.84606
53.4043	1.70405
53.4899	1.68361
53.5732	1.72704
53.6573	1.7132
53.7428	2.10451
53.8284	2.24481
53.9139	2.24481
53.9984	2.27141
54.083	2.27008
54.1685	2.24481
54.2535	2.25869
54.3355	2.34284
54.4209	2.24741
54.5023	2.35867
54.5822	2.40449
54.6652	2.31318
54.7507	2.24417
54.8341	2.30272
54.915	2.37327
54.9949	2.40449
55.0794	2.27008
55.1654	2.23239
55.2457	2.39171
55.3219	2.52057
55.4038	2.34284
55.4894	2.24481
55.5753	2.23367
55.6573	2.48927
55.7413	2.28427
55.8268	2.10573
55.9088	1.75713
55.9923	1.14932
56.0782	0.977512
56.158	0.902243
56.2421	0.713834
56.3276	0.561366
56.4125	0.565164
56.4975	0.988176
56.5789	1.17898
56.662	1.15659
56.748	1.1162
56.8309	1.30233
56.9155	1.13504
56.9999	1.13637
57.0829	1.15659
57.1675	1.13504
57.2536	1.11588
57.3359	1.16535
57.4147	1.21828
57.4982	1.14966
57.5837	1.1237
57.6667	1.15659
57.7527	1.1162
57.8382	1.12306
57.9232	1.12902
58.0082	0.988463
58.0937	0.561042
58.1783	0.425764
58.2632	0.565164
58.3483	0.564017
58.4343	0.558098
58.5183	0.571403
58.6034	0.564344
58.6894	0.418573
58.7754	0.558098
58.8573	0.585887
58.9414	0.571067
59.0274	0.558258
59.1128	0.561528
59.1958	0.578296
59.2809	0.564017
59.3664	0.421389
59.4488	0.582328
59.5287	0.601124
59.6132	0.567686
59.6987	0.561528
59.7842	0.421024
59.8682	0.571235
59.9537	0.561204
60.0367	0.578468
60.1203	0.574659
60.2063	0.418453
60.2918	0.561204
60.3743	0.582154
60.4598	0.561042
60.5458	0.418934
60.6293	0.574659
60.7148	0.561042
60.7997	0.282664
60.8822	0.29099
60.9647	0.29099
61.0507	0.557938
61.1352	0.568183
61.2197	0.426137
61.3048	0.564181
61.3908	0.418693
61.4757	0.282418
61.5577	0.292855
61.6402	0.436485
61.7257	0.561042
61.8102	0.568349
61.8942	0.571067
61.9808	0.416032
62.0652	0.284092
62.1493	0.285534
62.2348	0.420781
62.3203	0.421146
62.4023	0.58571
62.4848	0.58198
62.5699	0.564017
62.6554	0.561204
62.7404	0.564344
62.8245	0.571067
62.9095	0.564672
62.994	0.426137
63.0775	0.574999
63.164	0.554868
63.2443	0.448034
63.3268	0.58198
63.4124	0.56088
63.4979	0.421024
63.5834	0.561366
63.6664	0.578468
63.7499	0.574659
63.8354	0.561204
63.9194	0.42893
64.0029	0.574659
64.0869	0.571067
64.1729	0.418573
64.2584	0.561528
64.3393	0.593317
64.4223	0.578296
64.5048	0.58198
64.5873	0.58198
64.6728	0.561366
64.7573	0.426137
64.8387	0.589489
64.9232	0.567852
65.0092	0.558418
65.0931	0.571907
65.1756	0.58198
65.2616	0.557938
65.3461	0.568349
65.4291	0.72287
65.5146	0.561528
65.5975	0.578812
65.6825	0.564508
65.7675	0.564672
65.8525	0.705635
65.9386	1.11588
66.0226	1.14281
66.1086	1.1162
66.191	1.16466
66.2755	1.1357
66.3621	1.10942
66.4451	1.15694
66.5301	1.12869
66.6166	1.10974
66.7001	1.14966
66.7847	1.13504
66.8687	1.14281
66.9543	1.12208
67.0372	1.15797
67.1175	1.19439
67.2016	1.14247
67.2866	1.12934
67.371	1.13637
67.4541	1.15659
67.5365	1.16396
67.6216	1.12902
67.7056	1.14281
67.7879	1.1657
67.873	1.12869
67.958	1.12934
68.0435	1.12241
68.129	1.12273
68.2108	1.17319
68.2896	1.21828
68.3705	1.18663
68.4541	1.14932
68.5401	1.11556
68.6246	1.27879
68.706	1.17898
68.7895	1.14932
68.8751	1.12208
68.9605	0.842534
69.0404	0.450843
69.1218	0.294744
69.2048	0.578296
69.2898	0.988176
69.3722	1.165
69.4537	1.17898
69.5387	1.12934
69.6247	1.25536
69.7092	1.1357
69.7947	1.12273
69.8813	0.832064
69.9663	0.705635
70.0493	0.578296
70.1348	0.561204
70.2178	0.578812
70.2987	0.593317
70.3842	0.982106
70.4687	1.13637
70.5496	1.18663
70.6341	1.1357
70.7195	1.1237
70.8036	1.14213
70.8886	1.12869
70.9741	1.12338
71.0534	1.21021
71.1348	1.17898
71.2204	1.12241
71.3064	1.11652
71.3893	1.15694
71.4708	1.17898
71.5573	0.970742
71.6422	0.70625
71.72	0.61737
71.8019	0.58571
71.8879	0.558578
71.9739	0.558258
72.0579	0.571403
72.1419	0.713834
72.2274	0.561366
72.3109	0.575339
72.3918	0.593317
72.4748	0.578296
72.5603	0.561042
72.6443	0.714044
72.7294	0.564508
72.8148	0.56169
72.8978	0.578296
72.9819	0.571067
73.0679	0.976671
73.1529	1.12967
73.2369	1.14247
73.3229	1.11684
73.4083	1.12338
73.4882	1.20225
73.5685	1.19439
73.6536	1.12869
73.738	1.1367
73.8221	1.14281
73.9081	1.1162
73.9941	1.11556
74.0791	1.13
74.1646	1.12241
74.2481	1.14966
74.3332	1.12836
74.4193	1.11492
74.5032	1.14449
74.5846	1.32635
74.6697	1.12836
74.7546	1.13033
74.8391	1.13603
74.9205	1.17898
75.0035	1.15659
75.0896	1.11588
75.172	1.165
75.2545	1.16396
75.341	1.1091
75.426	0.98875
75.5074	0.589489
75.5909	0.574659
75.6769	0.558418
75.7624	0.561528
75.8469	0.710022
75.9329	0.418453
76.0179	0.564672
76.1014	0.574659
76.186	0.56752
76.2715	0.561366
76.354	0.58198
76.4354	0.589489
76.5195	0.571067
76.6045	0.564672
76.69	0.420903
76.7741	0.571067
76.856	0.58571
76.9411	0.564344
77.0265	0.56169
77.111	0.567852
77.1976	0.554709
77.2816	0.428678
77.3656	0.571067
77.4516	0.558258
77.536	0.568515
77.6132	0.62157
77.6967	0.574829
77.7822	0.561528
77.8657	0.431249
77.9492	0.574659
78.0348	0.561042
78.1187	0.429056
78.2022	0.574659
78.2852	0.578296
78.3708	0.561042
78.4552	0.568349
78.5382	0.578296
78.6228	0.567686
78.7087	0.558418
78.7907	0.439547
78.8737	0.578296
78.9587	0.564181
79.0427	0.571739
79.1246	0.58571
79.2076	0.578296
79.2922	0.56752
79.3783	0.557938
79.4601	0.58624
79.5451	0.564836
79.6301	0.564836
79.7156	0.561528
79.8016	0.558258
79.885	0.575339
79.9701	0.564017
80.056	0.279209
80.1415	0.280683
80.2235	0.292855
80.3085	0.564508
80.394	0.421389
80.4775	0.574659
80.5614	0.428804
80.6439	0.58198
80.729	0.564344
80.814	0.564672
80.899	0.705635
80.984	1.12934
81.068	1.14314
81.153	1.12934
81.238	1.12902
81.3205	1.16396
81.404	1.14932
81.4891	1.12803
81.5752	1.11588
81.6606	1.12338
81.741	1.19439
81.8256	1.13504
81.9116	1.11652
81.9961	1.13603
82.0822	1.1146
82.1671	0.847746
82.2496	0.58198
82.3326	0.578296
82.4186	0.418693
82.5025	0.285869
82.5861	0.28733
82.6721	0.418453
82.7561	0.428678
82.8391	0.578296
82.9236	0.567686
83.0101	0.555184
83.0899	0.601309
83.1719	0.58571
83.2575	0.56088
83.3429	0.56169
83.4285	0.561042
83.5144	0.558258
83.5979	0.574829
83.6834	0.561528
83.7684	0.564672
83.853	0.567852
83.9385	0.561204
84.0225	0.571739
84.1055	0.72287
84.1895	0.571235
84.274	0.425764
84.3595	0.561366
84.4456	0.557778
84.529	0.431632
84.611	0.58571
84.6955	0.56752
84.7811	0.56088
84.8666	0.56169
84.9496	0.578296
85.0356	0.418333
85.1216	0.558258
85.203	0.589846
85.286	0.578296
85.3716	0.42066
85.4565	0.564836
85.5401	0.574659
85.6256	0.561042
85.7106	0.282418
85.7947	0.285534
85.8797	0.282172
85.9652	0.280845
86.0492	0.285534
86.1333	0.285534
86.2193	0.418333
86.3049	0.280521
86.3878	0.28932
86.4729	0.423381
86.5584	0.421024
86.6413	0.57864
86.7264	0.564344
86.8103	0.571739
86.8923	0.58571
86.9742	0.58571
87.0567	0.58198
87.1423	0.56088
87.2283	0.558418
87.3117	0.431376
87.3968	0.564344
87.4828	0.557778
87.5647	0.586063
87.6462	0.589489
87.7307	0.568017
87.8162	0.982106
87.9006	1.13736
87.9851	1.1357
88.0701	1.13
88.1561	1.1162
88.2412	1.12836
88.3272	1.11588
88.4112	1.14281
88.4947	1.14932
88.5797	1.12934
88.6647	1.13033
88.7456	1.18663
88.8291	1.14932
88.9151	1.11588
88.998	1.15797
89.0795	1.17898
89.1625	1.15659
89.247	1.13504
89.3331	1.11556
89.417	1.14348
89.4995	1.16396
89.5836	1.14213
89.6691	1.12241
89.7526	1.14966
89.8361	1.14932
89.9207	1.13504
90.0067	1.11588
90.0907	1.14381
90.1752	1.13603
90.2596	1.13736
90.3441	1.13537
90.4292	1.12803
90.5152	1.25608
90.6001	0.989324
90.6821	0.878565
90.7625	0.597195
90.8428	0.597195
90.9248	0.58571
91.0103	0.982106
91.0958	1.12306
91.1741	1.22645
91.2534	1.21021
91.3375	1.2849
91.422	1.13504
91.508	1.11684
91.5925	1.13603
91.6755	1.15659
91.7606	1.12836
91.8471	0.832539
91.929	0.292855
92.0145	0.561204
92.1	0.561528
92.1814	0.737084
92.2644	0.578296
92.3494	0.564836
92.4339	0.568183
92.5132	0.605105
92.5987	0.561366
92.6837	0.564672
92.7687	0.564508
92.8538	0.564508
92.9367	0.578812
93.0176	0.593317
93.1032	0.56088
93.1872	0.571403
93.2702	0.578296
93.3562	0.558098
93.4417	0.561528
93.5241	0.436615
93.6102	0.557458
93.6948	0.567852
93.7807	0.558418
93.8648	0.571235
93.9498	0.564508
94.0358	0.418693
94.1182	0.582328
94.2027	0.567852
94.2892	0.555026
94.3695	0.448309
94.4473	0.61737
94.5297	0.58198
94.6153	0.561204
94.6998	0.568017
94.7853	0.420781
94.8714	0.557778
94.9564	0.564672
95.0398	0.575339
95.1202	0.597195
95.2006	0.597195
95.2841	0.574659
95.3696	0.420781
95.4556	0.558418
95.5381	0.58198
95.6216	0.574659
95.7076	0.557938
95.7931	0.421267
95.8766	0.574829
95.9626	0.558098
96.0481	0.561528
96.129	0.593317
96.2125	0.574659
96.2981	0.561042
96.3836	0.561528
96.465	0.589489
96.5475	0.58198
96.6325	0.564344
96.719	0.416388
96.8034	0.284092
96.8849	0.294744
96.9694	0.425889
97.0549	0.421267
97.14	0.564017
97.2259	0.418813
97.3099	0.285869
97.3944	0.283843
97.4804	0.279129
97.5644	0.571571
97.6463	0.585887
97.7329	0.970465
97.8158	1.15831
97.893	1.24314
97.976	1.15659
98.0595	1.14932
98.1455	1.11588
98.2311	1.12241
98.316	1.13
98.3995	1.14966
98.4846	1.12902
98.5701	1.12273
98.6546	1.13537
98.7366	1.17142
98.8206	1.14213
98.9066	1.1162
98.9911	1.1367
99.0756	1.1357
99.1601	1.13637
99.2461	1.11588
99.3312	1.12869
99.4172	1.11556
99.5027	1.12338
99.5841	1.17898
99.6661	1.17142
99.7511	1.12902
99.8336	1.16396
99.9145	1.18663
99.9991	1.13504
100.085	1.12241
100.17	1.12869
100.255	1.12902
100.34	1.12869
100.424	1.14213
100.509	1.12306
100.594	1.12836
100.678	1.14247
100.764	1.25572
100.849	1.13537
100.934	0.988176
101.019	0.28376
101.104	0.279209
101.189	0.282336
101.271	0.292943
101.357	0.421024
101.442	0.56088
101.526	0.574999
101.612	0.558098
101.696	0.568515
101.782	0.561204
101.865	0.434497
101.945	0.597195
102.027	0.589489
102.11	0.574659
102.196	0.558418
102.278	0.582851
102.355	0.625827
102.437	0.589489
102.52	0.574659
102.606	0.56088
102.691	0.56169
102.772	0.593317
102.852	0.597195
102.936	0.571067
103.022	0.418693
103.106	0.285701
103.193	0.278729
103.277	0.423996
103.36	0.58198
103.445	0.564508
103.53	0.561204
103.612	0.439415
103.695	0.578296
103.78	0.56752
103.866	0.560719
103.951	0.56169
104.034	0.58198
104.117	0.574659
104.203	0.56169
104.285	0.436615
104.366	0.589489
104.451	0.564672
104.537	0.418813
104.621	0.571571
104.707	0.56088
104.79	0.431249
104.876	0.561204
104.961	0.421146
105.045	0.571235
105.13	0.56752
105.216	0.558258
105.301	0.425764
105.386	0.564836
105.471	0.561204
105.556	0.564508
105.641	0.56752
105.727	0.557938
105.81	0.431504
105.896	0.557778
105.982	0.561528
106.064	0.58198
106.148	0.574659
106.234	0.558418
106.314	0.746723
106.398	0.571067
106.484	0.561204
106.568	0.568681
106.647	0.605105
106.729	0.732138
106.815	1.11684
106.898	1.15762
106.983	1.13537
107.069	1.11588
107.153	1.14449
107.229	1.26029
107.311	1.17142
107.397	1.1162
107.481	1.14381
107.566	1.12869
107.652	1.1162
107.737	1.12241
107.821	1.14966
107.903	1.16396
107.989	1.11588
108.074	1.1367
108.156	1.17142
108.24	1.14213
108.325	1.12273
108.408	1.15659
108.493	1.13537
108.578	1.12338
108.659	1.18663
108.741	1.17142
108.827	1.12208
108.912	0.988463
108.995	0.72287
109.08	0.561042
109.165	0.564672
109.251	0.561204
109.336	0.564836
109.42	0.993161
109.506	1.12241
109.591	1.12176
109.677	1.12241
109.763	1.11652
109.847	1.14281
109.93	1.15659
110.016	1.1162
110.099	1.15068
110.181	1.17142
110.265	1.14247
110.351	1.12306
110.436	1.12934
110.519	1.15659
110.603	1.13537
110.688	1.12967
110.773	1.12803
110.858	1.12934
110.943	1.13033
111.027	1.29298
111.111	1.13537
111.195	1.00054
111.277	0.884233
111.357	0.597195
111.44	0.58198
111.525	0.561204
111.609	0.42893
111.692	0.58198
111.776	0.567852
111.862	0.558578
111.944	0.589489
112.027	0.574829
112.113	0.558258
112.195	0.585887
112.275	0.601124
112.358	0.578296
112.442	0.56752
112.528	0.558098
112.613	0.568017
112.694	0.593317
112.778	0.571067
112.864	0.558258
112.947	0.57864
113.031	0.567686
113.117	0.558258
113.2	0.43398
113.284	0.574659
113.37	0.558098
113.454	0.426137
113.537	0.58198
113.623	0.418333
113.709	0.277434
113.791	0.292943
113.875	0.428552
113.961	0.56169
114.045	0.567686
114.131	0.561852
114.217	0.558098
114.301	0.426137
114.385	0.574659
114.47	0.561204
114.555	0.565
114.64	0.56752
114.726	0.279049
114.81	0.284258
114.894	0.28733
114.979	0.564508
115.064	0.421146
115.149	0.567852
115.232	0.578296
115.316	0.56752
115.402	0.561042
115.488	0.279209
115.57	0.29099
115.655	0.28376
115.741	0.279209
115.825	0.284009
115.909	0.285534
115.995	0.418813
116.081	0.279049
116.165	0.287414
116.251	0.418453
116.335	0.426262
116.419	0.574659
116.504	0.56088
116.59	0.280764
116.673	0.28733
116.759	0.282009
116.845	0.279209
116.928	0.28932
117.01	0.29099
117.096	0.558418
117.179	0.578984
117.257	0.613227
117.341	0.574659
117.427	0.418573
117.513	0.558258
117.595	0.586063
117.681	0.557618
117.766	0.423627
117.851	0.564181
117.935	0.56752
118.021	0.561204
118.106	0.561204
118.192	0.561204
118.277	0.564836
118.36	0.574659
118.444	0.574659
118.529	0.561204
118.614	0.564836
118.696	0.590025
118.776	0.597195
118.861	0.567686
118.946	0.56169
119.028	0.589668
119.114	0.418333
119.197	0.575169
119.275	0.613227
119.358	1.01202
119.443	1.12836
119.529	1.11652
119.614	1.12869
119.7	1.12273
119.785	1.12241
119.869	1.14314
119.955	1.12273
120.04	1.12803
120.126	1.11556
120.209	1.15762
120.292	1.15659
120.377	1.1357
120.461	1.13066
120.542	1.18663
120.623	1.19439
120.708	1.12208
120.793	1.1367
120.877	1.14213
120.963	1.11588
121.047	1.1367
121.128	1.19439
121.211	1.15694
121.296	1.12338
121.382	1.12241
121.467	1.12306
121.553	1.11652
121.638	1.12902
121.723	1.12869
121.81	1.10942
121.895	1.12967
121.978	1.14966
122.064	1.12144
122.15	1.11588
122.233	1.15068
122.319	1.255
122.405	1.12273
122.491	0.976951
122.572	0.890247
122.654	0.732138
122.74	1.1162
122.824	1.13603
122.909	1.12836
122.995	1.12306
123.08	1.12902
123.165	1.12869
123.25	1.26344
123.33	1.05926
123.406	0.625827
123.49	0.574921
123.576	0.418846
123.653	0.62157
123.732	0.453828
123.817	0.56752
123.901	0.567735
123.987	0.561042
124.07	0.575509
124.149	0.609139
124.23	0.593317
124.311	0.589499
124.392	0.594085
124.475	0.578296
124.561	0.558899
124.642	0.593498
124.722	0.597195
124.799	0.630143
124.878	0.601124
124.96	0.58571
125.044	0.571961
125.123	0.76283
125.198	0.639547
125.274	0.634368
125.349	0.634519
125.424	0.798696
125.5	1.26915
125.573	1.32203
125.643	1.35982
125.713	1.54126
125.784	1.36142
125.855	1.14896
