10.0345	34
19.7741	34
19.8161	35
19.8596	36
19.9016	37
19.9446	38
19.9856	38
20.0255	38
20.0644	38
20.1048	38
20.1463	44
20.1884	49
20.2304	53
20.273	57
20.3154	60
20.3584	63
20.3994	66
20.4404	68
20.4803	69
20.5207	71
20.5218	67
20.5633	64
20.5643	61
20.6063	59
20.6073	57
20.6462	55
20.6472	53
20.685	51
20.6861	49
20.7234	48
20.7244	47
20.7612	50
20.7623	49
20.8006	52
20.8017	50
20.8416	54
20.8426	52
20.8847	56
21.0111	59
21.0536	62
21.0962	65
21.1392	68
21.1817	70
21.2237	71
21.2636	73
21.2646	69
21.3056	65
21.3067	62
21.3481	60
21.3492	58
21.3907	56
21.3917	54
21.4342	53
21.4352	51
21.4751	50
21.4762	49
21.5156	48
21.5166	47
21.5566	46
21.5576	45
21.5991	45
21.6002	45
21.6416	50
21.6426	49
21.6831	53
21.6841	52
21.724	55
21.7251	54
21.765	57
21.7661	55
21.8065	58
21.8076	56
21.8491	59
21.8501	57
21.8911	61
21.8921	58
21.9336	61
21.9347	59
21.9767	62
22.1814	64
22.2234	67
22.2665	69
22.31	71
22.4675	72
22.5074	68
22.5489	64
22.5904	62
22.633	59
22.675	57
22.7176	55
22.7606	53
22.8041	52
22.8451	51
22.8866	49
22.9281	48
22.9696	47
23.0121	47
23.0551	46
23.0981	46
23.1406	45
23.1805	45
23.2183	44
23.2562	43
23.2956	42
23.3365	42
23.3775	42
23.419	42
23.461	42
23.5031	42
23.5456	42
23.5892	42
23.6316	42
23.6721	42
23.7115	41
23.7519	41
23.7929	41
23.8344	46
23.8774	51
23.9204	55
23.9603	59
24.0012	61
24.0422	64
24.0848	66
24.1278	69
24.4212	65
24.4637	68
24.5047	69
24.5435	71
24.5829	72
24.6234	73
24.6659	74
24.708	75
24.7505	76
24.793	77
24.919	78
24.9595	78
25.001	78
25.044	79
25.0865	80
25.129	80
25.17	81
25.2094	81
25.2519	81
25.2954	81
25.465	82
25.5054	82
25.5443	82
25.5863	81
25.6273	82
25.6698	82
25.7128	82
25.7558	82
25.7967	83
25.7978	77
25.8388	73
25.8398	69
25.8808	66
25.8818	63
25.9223	60
25.9233	58
25.9653	56
25.9664	54
26.0078	53
26.0089	51
26.0493	50
26.0504	49
26.0892	48
26.0903	47
26.1292	46
26.1302	45
26.1696	44
26.1707	44
26.2116	43
26.2127	43
26.2537	43
26.2547	43
26.2962	43
26.2973	43
26.3388	43
26.3398	42
26.3818	42
26.3828	42
26.4247	42
26.4258	42
26.4662	42
26.4672	42
26.5071	42
26.5082	42
26.5486	42
26.5497	42
26.5891	41
26.5901	41
26.6306	41
26.6316	41
26.6736	41
26.6747	41
26.7156	41
26.7167	41
26.7576	41
26.7587	41
26.7997	41
26.8007	41
26.8412	41
26.8422	41
26.8832	41
26.8842	41
26.9262	42
26.9273	42
26.9687	42
26.9698	42
27.0117	42
27.0128	42
27.0532	42
27.0543	42
27.0952	42
27.0963	42
27.1383	42
27.1393	42
27.1813	42
27.1823	42
27.2238	42
27.2248	42
27.2652	42
27.2663	42
27.3057	42
27.3067	41
27.3467	41
27.3477	41
27.3882	41
27.3892	41
27.4302	41
27.4312	41
27.4732	41
27.4742	42
27.5156	47
27.5167	46
27.5581	51
27.5592	50
27.5986	54
27.5996	52
27.6385	56
27.6395	54
27.68	57
27.681	55
27.7225	59
27.7236	57
27.7655	60
27.7666	58
27.8085	61
27.8096	59
27.851	62
27.8521	60
27.8941	63
28.0217	66
28.0642	68
28.1072	70
28.1471	72
28.187	73
28.2254	73
28.2648	74
28.2658	69
28.3057	66
28.3068	63
28.3488	60
28.3498	58
28.3918	56
28.3928	54
28.4348	53
28.4358	52
28.4772	50
28.4783	49
28.5182	48
28.5193	47
28.5576	46
28.5587	45
28.596	44
28.597	44
28.6354	48
28.6364	47
28.6758	51
28.6769	49
28.7157	53
28.7168	51
28.7557	55
28.7567	53
28.7977	57
28.7987	55
28.8402	58
28.8412	56
28.8832	60
29.0086	63
29.0464	65
29.0853	66
29.1258	68
29.1657	69
29.2067	71
29.2497	72
29.2927	74
29.416	75
29.4564	75
29.4985	76
29.5415	77
29.5845	78
29.6274	79
29.6647	79
29.702	79
29.7409	78
29.7814	78
29.8223	79
29.8649	79
29.9079	80
29.9509	80
29.9892	81
30.027	80
30.0654	80
30.1042	79
30.1447	79
30.1862	79
30.2272	80
30.2687	80
30.3112	80
30.3542	81
30.3972	82
30.4402	82
30.4812	82
30.5232	82
30.5662	83
30.7353	83
30.7773	83
30.8199	83
30.8629	83
30.9059	83
30.9488	84
30.9909	84
31.0297	83
31.0691	83
31.1085	82
31.1485	82
31.1889	81
31.2299	81
31.2719	81
31.3149	82
31.3579	82
31.3988	82
31.4398	82
31.4828	82
31.5248	83
31.5684	83
31.7369	83
31.7784	83
31.8209	83
31.8634	83
31.9064	83
32.0729	83
32.2414	83
32.2823	83
32.3244	83
32.3653	83
32.4068	83
32.4494	83
32.4914	83
32.5334	83
32.5765	83
32.7449	83
32.7854	83
32.8264	83
32.8684	83
32.9115	83
32.9539	83
32.9969	83
33.0394	84
33.0824	84
33.2484	84
33.5433	79
33.7071	79
33.7486	74
33.7917	70
33.8342	67
34.0772	89
34.2888	88
34.3308	82
34.3738	77
34.4168	73
34.4583	69
34.5003	65
34.5434	63
34.5849	60
34.6274	58
34.67	56
34.7129	54
34.7559	53
34.7979	51
34.8404	50
34.8814	49
34.9229	48
34.9654	47
35.0084	47
35.0514	46
35.0924	45
35.1349	45
35.1779	45
35.2204	44
35.2634	44
35.306	44
35.3484	44
35.3899	43
35.4315	43
35.474	43
35.516	43
35.5581	43
35.6006	42
35.6436	42
35.8131	48
35.8556	52
35.8971	56
35.937	59
35.9775	62
36.019	64
36.061	67
36.1036	69
36.1465	71
36.1886	73
36.2311	74
36.2741	75
36.441	76
36.4804	77
36.5204	77
36.5624	77
36.6055	78
36.904	79
36.9465	80
36.9874	80
37.0295	80
37.071	81
37.113	81
37.156	82
37.198	82
37.2395	82
37.2821	82
37.3246	83
37.3676	83
37.4096	83
37.4515	83
37.4941	83
37.5367	83
37.5797	84
37.6217	84
37.6647	84
37.7077	84
37.7507	84
37.7927	84
37.8331	84
37.8736	84
37.9146	83
37.9555	83
37.9976	83
38.0401	83
38.0831	83
38.1256	84
38.1681	84
38.2091	84
38.2501	83
38.29	83
38.3294	82
38.3693	82
38.4098	82
38.4513	82
38.4943	82
38.6648	82
38.7079	83
38.8764	83
38.9194	83
38.9614	83
39.0018	83
39.0433	83
39.0854	83
39.1284	83
39.1709	83
39.2134	83
39.2554	84
39.2969	83
39.339	83
39.3815	83
39.4246	84
39.4671	84
39.5101	84
39.5521	84
39.5941	84
39.633	84
39.6739	83
39.7139	83
39.7543	82
39.7953	82
39.8373	82
39.8793	82
39.9224	83
39.9649	83
40.0078	83
40.0488	83
40.0903	83
40.1308	83
40.1712	83
40.2127	82
40.2563	83
40.5517	83
40.5937	83
40.6368	83
40.8073	84
40.8498	84
40.8902	84
41.0126	83
41.0557	83
41.0986	83
41.1411	84
41.1815	84
41.2209	83
41.2619	83
41.3024	82
41.3449	82
41.3874	83
41.515	83
41.5554	83
41.5964	82
41.639	82
41.682	83
41.725	83
41.7669	83
41.8068	83
41.8468	83
41.8478	77
41.8888	73
41.8898	69
41.9323	66
41.9334	63
41.9753	60
41.9764	58
42.0178	56
42.0189	54
42.0609	53
42.0619	52
42.0997	50
42.1008	48
42.1391	47
42.1402	46
42.1806	46
42.1817	45
42.2216	44
42.2227	44
42.2626	44
42.2636	43
42.3041	43
42.3051	43
42.3471	43
42.3482	43
42.3901	43
42.3912	43
42.4331	43
42.4341	43
42.4751	42
42.4761	42
42.5166	42
42.5176	42
42.5586	42
42.5596	42
42.6011	42
42.6022	42
42.6442	42
42.6453	42
42.6872	42
42.6883	42
42.7307	42
42.7318	42
42.769	42
42.7701	41
42.8084	41
42.8095	41
42.8463	40
42.8473	40
42.8841	40
42.8851	39
42.9235	39
42.9245	39
42.9645	39
42.9655	39
43.0049	39
43.006	39
43.0469	40
43.048	40
43.09	40
43.091	41
43.1329	41
43.134	41
43.1754	41
43.1765	41
43.218	41
43.219	42
43.2595	42
43.2605	41
43.302	42
43.3031	42
43.3451	42
43.3462	42
43.3881	42
43.3891	42
43.429	42
43.4301	42
43.4705	42
43.4716	41
43.5125	41
43.5136	41
43.554	41
43.5551	41
43.5971	42
43.5981	42
43.6396	42
43.6406	42
43.6826	42
43.6836	42
43.7235	42
43.7245	42
43.7634	41
43.7645	41
43.8044	41
43.8054	41
43.8459	41
43.8469	41
43.8874	41
43.8884	41
43.9304	41
43.9315	41
43.9719	41
43.9729	41
44.0134	41
44.0144	41
44.0564	41
44.0575	42
44.0978	41
44.0989	41
44.1393	41
44.1404	41
44.1808	41
44.1819	41
44.2229	41
44.2239	41
44.2664	42
44.2675	42
44.3094	42
44.3105	42
44.3514	42
44.3525	42
44.3908	41
44.3919	41
44.4318	41
44.4328	41
44.4712	41
44.4722	41
44.5111	40
44.5122	40
44.5526	40
44.5537	40
44.5951	46
44.5962	45
44.6387	50
44.7599	53
44.7977	56
44.7988	54
44.8366	52
44.8377	50
44.876	49
44.8771	48
44.9186	47
44.9196	46
44.9611	46
44.9621	45
45.0041	45
45.0052	45
45.0456	44
45.0466	44
45.0886	44
45.0897	43
45.1321	43
45.1332	43
45.1731	43
45.1741	43
45.2135	42
45.2146	42
45.2566	42
45.2576	42
45.2996	42
45.3006	42
45.3415	42
45.3426	42
45.3841	47
45.3851	47
45.4261	51
45.4271	50
45.4686	54
45.4697	53
45.5117	57
45.6382	60
45.6797	63
45.7228	65
45.8891	67
45.9306	64
45.9727	61
46.0147	59
46.0572	57
46.1002	55
46.1411	53
46.1821	52
46.2231	50
46.2656	49
46.3086	48
46.3516	48
46.3941	47
46.4367	46
46.4782	46
46.5207	45
46.5637	45
46.6067	45
46.6486	44
46.6901	44
46.7316	43
46.7747	43
46.8172	43
46.8602	43
46.9027	43
46.9447	43
46.9873	43
47.0303	43
47.0733	43
47.1163	43
47.1578	42
47.1987	42
47.2392	42
47.2796	47
47.3211	51
47.3637	55
47.4067	59
47.4496	62
47.4906	65
47.5294	67
47.5688	68
47.5699	64
47.6109	62
47.6119	59
47.6539	57
47.655	55
47.6969	54
47.6979	52
47.7389	51
47.7399	50
47.7814	49
47.7825	48
47.8235	47
47.8245	47
47.8644	51
47.8655	50
47.9059	54
47.907	52
47.9479	56
47.949	54
47.9905	58
47.9915	56
48.0335	60
48.0346	58
48.1573	60
48.1941	62
48.2308	64
48.2681	65
48.3075	66
48.348	68
48.349	64
48.3911	62
48.3921	59
48.4345	57
48.4356	55
48.4765	54
48.4775	52
48.5185	51
48.5196	50
48.56	49
48.5611	48
48.6026	47
48.6036	46
48.6456	51
48.6466	50
48.7741	49
48.8167	53
48.8587	57
48.9002	60
48.9427	63
48.9857	66
49.0287	68
49.3221	71
49.362	72
49.4019	73
49.4434	74
49.4849	75
49.5274	76
49.5704	77
49.6134	78
49.6559	79
49.6979	80
49.7394	80
49.7825	81
50.0785	81
50.1214	82
50.1644	82
50.2064	82
50.2484	82
50.2894	82
50.3303	82
50.3739	83
50.5418	82
50.7423	102
52.1958	120
52.2379	110
52.281	102
52.4095	94
52.4514	93
52.494	92
52.536	91
52.579	90
52.6215	89
52.6634	89
52.706	88
52.7485	88
52.8765	87
52.9185	87
52.96	86
53.001	86
53.042	85
53.085	85
53.127	85
53.17	85
53.51	85
53.553	85
53.5934	85
53.6354	84
53.678	84
53.7211	84
54.0196	84
54.0622	79
54.1047	74
54.1478	70
54.1903	67
54.2333	64
54.2753	61
54.3163	58
54.3572	56
54.3998	54
54.4427	53
54.4836	51
54.5241	50
54.5635	49
54.6039	47
54.6449	47
54.6869	46
54.7295	45
54.7725	45
54.8155	45
54.8559	44
54.8958	44
54.9368	43
54.9762	43
55.0166	42
55.0592	42
55.1012	42
55.1442	42
55.1872	42
55.2291	42
55.2675	42
55.3048	41
55.3436	41
55.3836	45
55.4251	50
55.4676	54
55.5106	58
55.5536	61
55.5971	64
55.7626	67
55.8056	69
55.8475	71
55.8874	72
55.9279	73
55.9689	74
56.0114	75
56.0544	77
56.0974	78
56.1372	78
56.1766	78
56.2176	78
56.2602	79
56.3026	80
56.3457	80
56.5166	81
56.5576	81
56.5981	81
56.6391	81
56.6811	81
56.7241	82
56.7676	82
56.9346	82
56.9776	83
57.0191	83
57.0606	83
57.1021	83
57.1441	83
57.1867	83
57.2297	83
57.2727	83
57.3157	84
57.3551	84
57.3945	83
57.4339	82
57.4743	82
57.5174	82
57.5603	83
57.6028	83
57.6438	83
57.6858	83
57.7289	83
57.8998	78
57.9423	79
57.9853	79
58.0262	80
58.0683	80
58.1113	81
58.1533	81
58.1964	82
58.4524	82
58.4944	82
58.5364	83
58.5784	83
58.6215	83
58.6645	83
58.7075	84
58.7504	84
58.7935	84
58.96	79
59.0024	80
59.0454	80
59.0879	81
59.1309	81
59.1729	82
59.2139	82
59.2559	82
59.299	82
59.3415	83
59.5882	82
59.6313	83
59.6738	83
59.7167	83
59.7593	83
59.8023	84
59.9718	84
60.0149	79
60.0553	74
60.0963	70
60.1389	66
60.1819	63
60.2249	61
60.2679	58
60.3104	56
60.3519	54
60.3929	53
60.4354	51
60.4784	50
60.5214	49
60.5644	48
60.6059	47
60.6479	47
60.6904	46
60.7334	46
60.7764	45
60.8178	45
60.8588	44
60.9003	44
60.9413	43
60.9833	43
61.0264	43
61.0693	43
61.1118	43
61.1538	43
61.1969	43
61.2383	43
61.2803	42
61.3234	42
61.4933	48
61.5343	52
61.5752	56
61.6162	59
61.6582	62
61.7008	65
61.7438	67
61.7868	69
61.8282	71
61.8698	73
61.9123	74
61.9553	75
61.9988	77
62.1668	77
62.2099	78
62.3794	79
62.4204	79
62.4613	79
62.5028	80
62.5454	80
62.5879	81
62.6305	81
62.6735	82
62.8426	82
62.8851	82
62.9276	82
62.9706	83
63.0121	83
63.0525	83
63.0955	83
63.1385	83
63.1815	83
63.2214	83
63.2624	83
63.3028	83
63.3449	82
63.3874	83
63.4305	83
63.4734	83
63.516	84
63.5584	84
63.6015	84
63.768	84
63.8105	84
63.8535	84
63.896	84
63.9374	84
63.9789	84
64.021	84
64.063	84
64.105	84
64.148	84
64.191	84
64.2335	84
64.2765	84
64.3175	84
64.3574	84
64.3994	83
64.4404	83
64.4819	83
64.5229	83
64.5639	83
64.6054	83
64.6484	83
64.6909	83
64.7338	83
64.7753	83
64.8158	83
64.8568	83
64.8988	83
64.9413	83
64.9843	83
65.0273	84
65.0702	84
65.1112	84
65.1516	83
65.1527	78
65.1942	74
65.1952	70
65.2372	66
65.2383	63
65.2802	61
65.2813	58
65.3232	56
65.3242	55
65.3647	53
65.3657	51
65.4056	50
65.4067	49
65.4477	48
65.4487	47
65.4907	47
65.4918	46
65.5332	46
65.5342	45
65.5757	45
65.5767	44
65.6161	44
65.6171	43
65.6581	43
65.6592	43
65.7011	43
65.7022	43
65.7441	43
65.7452	43
65.7861	43
65.7872	42
65.8287	42
65.8297	42
65.8722	42
65.8733	43
65.9152	43
65.9163	43
65.9582	43
65.9593	43
65.9997	42
66.0007	42
66.0422	42
66.0433	42
66.0853	42
66.0863	42
66.1282	42
66.1293	42
66.1692	42
66.1702	42
66.2107	42
66.2117	42
66.2527	42
66.2537	42
66.2952	42
66.2962	42
66.3382	42
66.3393	42
66.3817	42
66.3828	42
66.4227	42
66.4237	42
66.4647	42
66.4658	42
66.5067	42
66.5078	42
66.5498	42
66.5508	42
66.5933	42
66.5943	42
66.6363	42
66.6373	42
66.6777	42
66.6788	42
66.7198	42
66.7208	42
66.7618	42
66.7629	42
66.8044	42
66.8054	42
66.8458	47
66.8469	46
66.8878	51
66.8889	50
66.9304	54
66.9314	53
66.9744	57
67.0962	55
67.1367	58
67.1776	61
67.2207	63
67.2632	66
67.3057	68
67.3487	70
67.4732	72
67.5142	73
67.5557	74
67.5977	75
67.6407	76
67.6822	77
67.7247	78
67.7677	79
67.9346	80
67.9771	80
68.0201	81
68.1911	81
68.23	81
68.2688	81
68.3088	80
68.3492	80
68.3897	80
68.4312	81
68.4732	81
68.5163	81
68.7168	102
68.9283	94
68.9702	93
69.0112	92
69.0506	90
69.09	89
69.1315	88
69.173	87
69.2145	86
69.2565	86
69.2995	86
69.3426	86
69.3824	85
69.4229	85
69.4633	84
69.5048	84
69.5478	84
69.5908	84
69.6333	84
69.6764	84
69.7189	84
69.7614	84
69.8044	85
69.8474	85
69.8899	85
69.9329	85
69.9749	85
70.0159	84
70.0579	84
70.1005	84
70.1435	84
70.186	84
70.2274	84
70.2674	84
70.3078	83
70.3089	78
70.3504	74
70.3514	70
70.3933	66
70.3944	63
70.4363	61
70.4374	58
70.4778	56
70.4789	54
70.5177	52
70.5188	51
70.5577	49
70.5587	48
70.5992	47
70.6002	47
70.6427	46
70.6852	51
70.8122	55
70.8542	59
70.8968	62
70.9397	65
70.9827	67
71.0226	69
71.0631	70
71.103	72
71.144	73
71.145	69
71.1875	66
71.1886	63
71.2295	60
71.2306	58
71.2725	56
71.2736	54
71.3155	53
71.3166	51
71.3575	50
71.3586	49
71.399	48
71.4001	47
71.4395	46
71.4405	45
71.4804	45
71.4815	44
71.5235	44
71.5245	44
71.5665	44
71.5675	44
71.6094	43
71.6105	43
71.6519	43
71.653	43
71.6908	42
71.6918	42
71.7297	41
71.7307	41
71.7685	41
71.7696	40
71.81	41
71.8111	41
71.853	41
71.8541	41
71.896	41
71.8971	41
71.939	42
71.9401	42
71.982	42
71.983	42
72.0245	42
72.0255	42
72.0665	42
72.0675	42
72.1085	42
72.1096	42
72.1505	42
72.1516	42
72.1931	42
72.1941	42
72.2361	42
72.2371	42
72.2791	42
72.2801	42
72.3195	42
72.3205	42
72.3605	41
72.3615	41
72.4004	41
72.4014	41
72.4408	41
72.4419	41
72.4829	41
72.4839	41
72.5254	41
72.5264	41
72.5679	41
72.569	41
72.6104	41
72.6115	42
72.6519	41
72.653	41
72.6945	41
72.6955	42
72.7375	42
72.7385	42
72.78	42
72.781	42
72.8229	42
72.824	42
72.8644	42
72.8655	42
72.9059	42
72.907	41
72.948	41
72.949	42
72.99	42
72.991	42
73.033	42
73.0341	42
73.0755	42
73.0765	42
73.1185	42
73.1195	42
73.161	42
73.162	42
73.2035	42
73.2045	42
73.245	42
73.246	42
73.288	42
73.2891	42
73.331	42
73.332	42
73.374	42
73.375	42
73.4169	42
73.418	42
73.4563	42
73.4574	41
73.4968	41
73.4978	41
73.5362	41
73.5372	41
73.5761	41
73.5772	40
73.6192	41
73.6202	41
73.6617	41
73.6627	41
73.7031	41
73.7042	41
73.7462	41
73.7472	41
73.7881	41
73.7892	41
73.8301	41
73.8312	41
73.8727	41
73.8737	42
73.9151	47
73.9162	46
73.9576	51
73.9587	50
74.0006	54
74.0017	53
74.0436	57
74.0447	55
74.1717	54
74.2136	57
74.2147	55
74.2562	54
74.2573	52
74.2987	51
74.2998	50
74.3413	49
74.3423	48
74.3833	47
74.3844	47
74.4264	46
74.4274	46
74.4693	45
74.4704	45
74.5118	44
74.5128	44
74.5528	44
74.5538	43
74.5943	43
74.5953	43
74.6358	43
74.6368	42
74.6778	42
74.6788	42
74.7208	42
74.7218	42
74.7638	42
74.7648	42
74.8908	42
74.9313	47
74.9712	51
75.0127	55
75.0552	58
75.0982	62
75.1412	65
75.1811	67
75.3072	69
75.4756	71
75.5171	72
75.558	74
75.6001	75
75.6431	76
75.9421	77
76.11	78
76.1521	78
76.1946	79
76.2376	80
76.4025	80
76.444	80
76.4861	80
76.5281	81
76.5711	81
76.6131	82
76.6561	82
76.6986	82
76.7412	83
76.7827	83
76.8237	83
76.8646	82
76.9067	82
76.9497	83
77.2482	83
77.2907	83
77.3322	83
77.3748	83
77.4173	83
77.4602	84
77.5032	84
77.5452	84
77.5835	83
77.6224	82
77.6628	82
77.7054	82
77.7478	82
77.7909	83
77.8328	83
77.8754	83
77.9169	83
77.9589	83
78.0015	83
78.0445	84
78.3353	84
78.3784	84
78.4214	84
78.4633	84
78.5048	84
78.5463	84
78.5878	84
78.6304	84
78.6734	84
78.7163	84
78.7583	84
78.7993	84
78.8402	84
78.8812	83
78.9233	83
78.9658	83
79.0083	83
79.0513	84
79.2152	83
79.2572	83
79.2993	83
79.3418	83
79.3848	84
79.4283	84
79.5962	84
79.7672	84
79.8102	84
79.9777	84
80.0206	84
80.0636	84
80.1066	84
80.1496	85
80.1911	85
80.2316	84
80.2731	84
80.3161	84
80.3591	84
80.4021	84
80.5291	79
80.5695	80
80.6105	80
80.652	80
80.694	80
80.7366	81
80.7796	81
80.8216	82
80.8631	82
80.8641	77
80.9061	73
80.9071	69
80.9481	65
80.9491	62
80.9911	60
80.9921	58
81.0341	56
81.0351	54
81.0761	53
81.0771	51
81.1181	50
81.1192	49
81.1611	48
81.1622	47
81.2036	47
81.2047	46
81.2461	46
81.2472	45
81.2876	45
81.2887	44
81.3286	44
81.3297	43
81.3701	43
81.3712	43
81.4121	43
81.4132	43
81.4542	42
81.4552	42
81.4967	42
81.4978	42
81.5393	42
81.5403	42
81.5822	42
81.5833	42
81.6252	42
81.6263	42
81.6682	42
81.6692	42
81.7081	42
81.7092	42
81.7486	41
81.7496	41
81.7906	41
81.7917	41
81.8326	41
81.8337	41
81.8756	41
81.8767	42
81.9186	42
81.9197	42
81.9606	42
81.9616	42
82.0031	42
82.0042	42
82.0446	42
82.0457	42
82.0877	42
82.0887	42
82.1307	42
82.1317	42
82.1736	42
82.1747	42
82.2146	42
82.2157	42
82.2561	42
82.2572	42
82.2971	42
82.2982	41
82.3386	41
82.3397	41
82.3816	41
82.3827	41
82.4246	42
82.4257	42
82.4676	42
82.4686	42
82.5091	42
82.5101	42
82.55	42
82.5511	42
82.5926	42
82.5936	42
82.6341	42
82.6351	42
82.6771	42
82.6781	42
82.7201	42
82.7211	42
82.7626	42
82.7637	42
82.8041	42
82.8052	42
82.8456	42
82.8467	41
82.8871	41
82.8882	41
82.9297	41
82.9312	42
82.9726	42
82.9742	42
83.0156	42
83.0172	42
83.057	42
83.0591	42
83.0964	41
83.098	41
83.1369	41
83.139	41
83.1779	41
83.18	41
83.2204	41
83.2225	41
83.2635	41
83.2656	41
83.3065	42
83.3086	42
83.3494	42
83.3515	42
83.392	42
83.3941	42
83.4371	42
83.564	47
83.6055	52
83.6486	56
83.8191	59
83.8611	62
83.9036	65
83.9466	67
83.9891	70
84.0311	72
84.072	73
84.1141	74
84.155	75
84.1981	76
84.2401	77
84.2827	78
84.3257	79
84.3682	80
84.4102	80
84.4532	81
84.4962	81
84.5371	82
84.5786	82
84.6196	82
84.6611	82
84.7031	82
84.7457	82
84.7887	82
84.8317	83
84.8742	83
84.9162	83
84.9577	83
85.0012	83
85.1706	83
85.2111	83
85.251	83
85.2925	83
85.3356	83
85.3781	83
85.4211	83
85.4631	83
85.5046	83
85.5466	83
85.5891	83
85.6322	84
85.6752	84
85.7177	84
85.7592	84
85.8017	84
85.8437	84
85.8868	84
85.9298	84
85.9728	84
86.0148	84
86.0568	84
86.0988	84
86.1409	84
86.1839	84
86.2269	84
86.2694	84
86.312	84
86.3539	84
86.3954	84
86.4374	84
86.4805	84
86.5234	84
86.5654	84
86.6074	84
86.6489	84
86.6909	84
86.734	84
86.777	84
86.8184	84
86.8594	84
86.9004	84
86.9414	83
86.9818	83
87.0228	83
87.0643	83
87.1068	83
87.1499	83
87.1929	83
87.2358	84
87.2778	84
87.3193	84
87.3618	84
87.4043	84
87.4474	84
87.4899	84
87.5313	84
87.5718	84
87.6122	83
87.6532	83
87.6958	83
87.7382	83
87.7808	83
87.8238	83
87.8668	84
87.9092	84
88.0362	84
88.0792	84
88.2487	84
88.2918	84
88.3348	84
88.3773	84
88.4188	84
88.4603	84
88.5023	84
88.5443	84
88.5873	84
88.6303	84
88.6728	84
88.7132	84
88.7537	84
88.7946	83
88.8361	83
88.8792	83
88.9216	83
88.9646	84
89.0056	84
89.046	83
89.087	83
89.128	83
89.17	83
89.2121	83
89.2541	83
89.2966	83
89.3396	83
89.3826	84
89.4241	84
89.4656	84
89.5066	83
89.5475	83
89.5901	83
89.6331	83
89.6756	84
89.7176	84
89.7602	84
89.8012	84
89.8437	83
89.8857	83
89.9278	83
89.9288	78
89.9708	74
89.9719	70
90.0138	67
90.0149	64
90.0568	61
90.0578	59
90.0988	56
90.0998	55
90.1403	53
90.1413	52
90.1833	50
90.3108	54
90.3538	58
90.3958	61
90.4379	64
90.4814	67
90.7312	68
90.7706	70
90.811	71
90.8515	72
90.8924	73
90.9334	74
90.976	75
91.0189	76
91.0619	78
91.1039	78
91.1464	79
91.1848	79
91.2237	79
91.2631	79
91.3051	79
91.3471	80
91.3891	80
91.4317	81
91.4747	81
91.5177	82
91.5602	82
91.6022	82
91.6442	83
91.6852	83
91.7277	83
91.7708	83
91.8137	83
91.8568	83
92.0232	84
92.3145	83
92.3575	83
92.4005	84
92.4425	84
92.4824	83
92.5224	83
92.5639	83
92.6068	83
92.9054	83
92.9464	83
92.9863	83
93.0268	82
93.0693	82
93.1124	83
93.1548	83
93.1963	83
93.2378	83
93.2799	83
93.3234	83
93.4934	83
93.5343	83
93.5764	83
93.5774	78
93.6194	74
93.6205	70
93.6614	66
93.6624	63
93.7039	60
93.705	58
93.7469	56
93.748	54
93.7899	53
93.7909	52
93.8314	50
93.8324	49
93.8745	48
93.8755	48
93.9169	47
93.918	46
93.9595	46
93.9605	45
94.0025	45
94.0035	45
94.0449	44
94.046	44
94.0869	44
94.0879	43
94.1273	43
94.1284	43
94.1688	42
94.1699	42
94.2119	42
94.2129	42
94.2549	42
94.2559	42
94.2984	42
94.2994	43
94.3403	42
94.3414	42
94.3792	42
94.3802	41
94.4175	41
94.4186	41
94.4564	40
94.4575	40
94.4958	40
94.4969	40
94.5378	40
94.5389	40
94.5804	40
94.5814	41
94.6239	41
94.625	41
94.6669	41
94.6679	41
94.7089	41
94.71	41
94.7525	42
94.7535	42
94.7945	42
94.7955	42
94.837	42
94.8381	42
94.88	42
94.8811	42
94.9226	42
94.9236	42
94.9656	42
94.9666	42
95.0091	42
95.0101	42
95.0495	42
95.0505	42
95.091	42
95.092	42
95.1309	41
95.132	41
95.1708	41
95.1719	41
95.2108	40
95.2118	40
95.2517	40
95.2528	40
95.2938	41
95.2948	41
95.3363	41
95.3373	41
95.3788	41
95.3798	41
95.4218	41
95.4228	41
95.4648	42
95.4658	42
95.5063	42
95.5073	42
95.5478	42
95.5488	41
95.5893	41
95.5903	41
95.6313	41
95.6323	41
95.6743	42
95.6754	42
95.7173	42
95.7184	42
95.7603	42
95.7613	42
95.8033	42
95.8043	42
95.8442	42
95.8453	42
95.8868	42
95.8878	42
95.9299	42
95.9309	42
95.9728	42
95.9739	42
96.0158	42
96.0169	42
96.0583	42
96.0593	42
96.0993	42
96.1003	42
96.1402	42
96.1413	42
96.1817	41
96.1828	41
96.2238	41
96.2248	41
96.2663	41
96.2674	42
96.3093	42
96.3104	42
96.3528	42
96.3539	42
96.3948	42
96.3959	42
96.4358	42
96.4368	42
96.4757	41
96.4768	41
96.5162	41
96.5172	41
96.5571	41
96.5582	41
96.5992	46
96.6002	46
96.6422	50
96.6433	49
96.6852	54
96.6862	53
96.7281	57
96.7292	55
96.7711	59
96.7722	57
96.8966	60
96.9376	62
96.9387	60
96.9812	58
96.9822	56
97.0236	54
97.0247	53
97.0661	51
97.0672	50
97.1076	49
97.1087	48
97.1502	47
97.1512	47
97.1931	46
97.1942	46
97.2361	45
97.2372	45
97.2786	45
97.2796	44
97.3195	44
97.3206	43
97.3621	48
97.3631	48
97.4041	52
97.4052	51
97.4476	55
97.5751	59
97.6161	62
97.657	64
97.7001	67
97.8675	68
97.9058	64
97.9463	61
97.9883	59
98.0298	57
98.0718	55
98.1149	53
98.1573	52
98.2003	51
98.2423	50
98.2853	49
98.3283	48
98.3709	47
98.4118	46
98.4539	46
98.4969	45
98.5394	45
98.5824	45
98.6238	44
98.6659	44
98.7068	43
98.7478	43
98.7893	43
98.8319	43
98.8749	43
98.9179	43
98.9609	43
99.0023	42
99.0438	42
99.0869	42
99.1283	42
99.1714	42
99.2149	42
99.3854	48
99.428	52
99.4709	56
99.5134	60
99.5539	63
99.5948	65
99.6358	67
99.6768	69
99.7188	71
99.7618	72
99.8044	74
99.8443	75
99.8842	76
99.9252	76
99.9672	77
100.01	78
100.053	79
100.095	79
100.138	80
100.18	81
100.222	81
100.265	82
100.308	82
100.35	82
100.392	83
100.435	83
100.478	83
100.521	83
100.563	84
100.606	84
100.648	84
100.69	84
100.733	84
100.776	84
100.818	84
100.861	84
100.903	84
100.946	84
100.987	84
101.029	84
101.072	84
101.115	84
101.157	84
101.2	84
101.241	84
101.282	84
101.325	84
101.368	84
101.411	84
101.454	84
101.496	84
101.538	84
101.581	84
101.624	84
101.666	84
101.709	85
101.752	85
101.795	85
101.838	85
101.998	84
102.039	84
102.081	83
102.123	83
102.166	83
102.449	83
102.491	83
102.533	83
102.575	83
102.618	83
102.661	84
102.704	84
102.746	84
102.785	83
102.825	83
102.865	82
102.907	82
102.949	82
102.992	83
103.035	83
103.078	83
103.119	83
103.12	78
103.161	74
103.162	70
103.205	66
103.206	63
103.247	61
103.248	58
103.291	56
103.292	55
103.332	53
103.333	52
103.374	50
103.375	49
103.416	48
103.417	47
103.459	47
103.46	46
103.501	46
103.502	45
103.544	45
103.545	45
103.585	44
103.586	43
103.626	43
103.627	43
103.668	43
103.669	42
103.709	42
103.71	42
103.751	42
103.752	42
103.794	42
103.795	42
103.836	42
103.837	42
103.879	42
103.881	42
103.922	42
103.923	42
103.965	42
103.966	42
104.006	42
104.007	42
104.047	42
104.048	42
104.088	41
104.089	41
104.131	41
104.132	41
104.174	42
104.175	42
104.217	42
104.218	42
104.26	42
104.261	42
104.299	42
104.3	41
104.339	41
104.34	41
104.381	41
104.382	41
104.424	41
104.425	41
104.466	41
104.467	41
104.509	41
104.51	42
104.552	42
104.553	42
104.594	42
104.595	42
104.636	42
104.637	42
104.678	42
104.679	42
104.721	42
104.722	42
104.762	42
104.763	41
104.804	42
104.805	42
104.847	42
104.848	42
104.89	42
104.891	42
104.933	42
104.934	42
104.976	42
104.977	42
105.018	42
105.019	42
105.06	42
105.061	42
105.102	42
105.103	42
105.144	42
105.145	42
105.187	42
105.188	42
105.231	42
105.232	42
105.273	42
105.274	42
105.315	42
105.317	42
105.358	42
105.359	42
105.4	42
105.401	42
105.442	42
105.443	42
105.485	42
105.486	42
105.527	47
105.528	47
105.57	51
105.571	50
105.612	54
105.613	53
105.655	57
105.656	55
105.698	59
105.911	62
105.954	65
105.997	67
106.037	69
106.079	71
106.08	67
106.12	64
106.121	61
106.162	59
106.163	57
106.205	55
106.206	53
106.248	52
106.249	51
106.288	49
106.289	48
106.328	47
106.329	46
106.369	50
106.37	49
106.412	54
106.413	52
106.454	56
106.455	54
106.498	58
106.623	61
106.662	63
106.703	65
106.744	67
106.787	69
106.988	91
107.315	90
107.358	89
107.528	83
107.57	83
107.613	83
107.907	83
107.951	78
107.993	73
108.036	70
108.078	66
108.119	63
108.159	60
108.201	58
108.243	56
108.286	54
108.328	52
108.37	51
108.411	50
108.453	49
108.496	48
108.539	47
108.582	47
108.623	46
108.663	45
108.704	45
108.745	44
108.788	44
108.831	44
108.874	43
108.916	43
108.956	43
108.998	43
109.041	43
109.084	43
109.127	43
109.169	43
109.212	42
109.255	42
109.297	48
109.34	53
109.382	57
109.425	60
109.468	63
109.51	66
109.552	68
109.595	70
109.638	72
109.766	73
109.808	75
109.851	76
109.892	77
109.934	77
109.976	78
110.019	79
110.062	80
110.104	80
110.105	76
110.145	71
110.146	67
110.186	64
110.187	61
110.227	58
110.228	56
110.269	55
110.27	53
110.312	52
110.313	50
110.355	49
110.356	48
110.398	48
110.399	47
110.44	47
110.441	46
110.482	45
110.483	45
110.523	44
110.524	44
110.565	44
110.566	43
110.607	43
110.608	43
110.65	43
110.651	43
110.692	43
110.693	43
110.734	42
110.735	42
110.777	42
110.778	42
110.819	42
110.82	42
110.862	42
110.863	42
110.905	42
110.906	42
110.948	42
110.949	42
110.989	42
110.99	42
111.031	42
111.032	42
111.073	42
111.074	42
111.115	42
111.116	42
111.158	42
111.159	42
111.199	42
111.2	42
111.241	41
111.242	41
111.281	41
111.282	41
111.321	41
111.322	41
111.361	41
111.362	41
111.402	41
111.403	41
111.444	41
111.445	41
111.486	41
111.487	41
111.529	41
111.53	41
111.572	41
111.573	42
111.613	41
111.614	41
111.656	41
111.657	41
111.696	41
111.697	41
111.738	41
111.739	41
111.781	41
111.782	41
111.824	42
111.825	42
111.867	42
111.868	42
111.907	42
111.909	42
111.948	41
111.95	41
111.989	41
111.99	41
112.032	41
112.033	41
112.075	42
112.076	42
112.118	42
112.119	42
112.16	42
112.161	42
112.2	41
112.201	41
112.24	41
112.241	41
112.281	41
112.282	41
112.322	41
112.323	41
112.363	41
112.364	41
112.405	41
112.406	41
112.447	41
112.448	41
112.49	41
112.491	41
112.533	42
112.534	42
112.576	42
112.577	42
112.617	42
112.618	42
112.658	41
112.659	41
112.699	41
112.7	41
112.74	41
112.741	41
112.782	41
112.783	41
112.825	41
112.826	41
112.867	47
112.868	46
112.91	51
112.911	50
112.951	54
112.952	52
112.992	56
112.993	54
113.035	58
113.036	56
113.078	59
113.205	62
113.246	65
113.247	62
113.288	59
113.289	57
113.331	55
113.332	54
113.374	52
113.375	51
113.417	50
113.418	49
113.459	48
113.46	47
113.5	46
113.501	46
113.541	45
113.542	44
113.583	44
113.584	44
113.626	44
113.627	43
113.669	43
113.67	43
113.712	43
113.713	43
113.754	43
113.755	43
113.795	42
113.796	42
113.835	47
113.836	46
113.878	51
114.006	55
114.048	58
114.091	62
114.388	64
114.43	61
114.473	59
114.516	57
114.559	55
114.6	53
114.642	52
114.684	51
114.727	50
114.771	49
114.813	48
114.853	47
114.896	46
114.938	46
114.981	45
115.024	45
115.066	50
115.109	54
115.15	58
115.192	61
115.233	64
115.275	66
115.318	68
115.36	70
115.403	72
115.446	74
115.489	75
115.53	76
115.571	77
115.613	78
115.655	78
115.698	79
115.741	80
115.784	81
115.826	81
115.869	81
115.911	82
115.954	82
115.997	82
116.04	83
116.718	83
116.76	78
116.803	73
116.846	70
116.889	66
116.93	63
116.97	60
117.012	58
117.055	56
117.098	54
117.141	53
117.183	51
117.222	50
117.262	48
117.303	47
117.345	47
117.388	46
117.431	46
117.474	45
117.517	45
117.559	45
117.599	44
117.642	44
117.684	44
117.727	43
117.77	43
117.813	43
117.855	43
117.897	43
117.939	43
117.982	43
118.025	43
118.068	43
118.238	48
118.405	52
118.447	56
118.49	59
118.533	63
118.576	65
118.618	68
118.661	70
118.701	72
118.741	72
118.781	73
118.822	74
118.865	75
118.908	77
118.951	78
118.991	78
119.032	79
119.075	79
119.117	80
119.16	80
119.201	81
119.24	81
119.279	80
119.321	80
119.363	81
119.405	81
119.447	81
119.49	82
119.533	82
119.574	82
119.617	82
119.659	83
119.702	83
119.745	83
119.914	83
119.957	84
119.999	84
120.041	84
120.083	84
120.126	84
120.169	84
120.211	84
120.253	84
120.294	84
120.336	84
120.379	84
120.422	84
120.465	84
120.506	84
120.547	84
120.587	83
120.628	83
120.67	83
120.713	83
120.756	83
120.798	83
120.839	83
120.88	83
120.923	83
120.966	84
121.13	83
121.17	83
121.213	83
121.256	83
121.299	83
121.341	83
121.385	84
121.683	84
121.726	84
121.769	84
121.812	84
121.854	84
121.897	84
121.939	84
121.981	84
122.023	84
122.066	84
122.108	84
122.151	84
122.194	84
122.237	84
122.28	84
122.322	85
122.365	85
122.7	85
122.743	85
122.785	85
122.827	85
122.869	84
122.911	84
122.954	84
122.998	85
123.125	79
123.168	80
123.211	80
123.254	81
123.296	82
123.336	82
123.374	81
123.412	80
123.452	80
123.453	75
123.494	71
123.495	67
123.537	64
123.538	62
123.58	59
123.581	57
123.622	55
123.623	53
123.661	52
123.662	50
123.7	48
123.701	47
123.739	46
123.74	45
123.782	45
123.783	44
123.824	44
123.825	44
123.866	43
123.867	43
123.908	43
123.909	43
123.95	43
123.952	43
123.994	43
123.995	43
124.036	43
124.038	43
124.076	42
124.077	42
124.115	41
124.116	41
124.155	41
124.156	40
124.194	40
124.195	40
124.235	40
124.236	40
124.276	40
124.277	40
124.316	40
124.317	40
124.357	40
124.358	40
124.397	40
124.398	40
124.437	40
124.438	40
124.479	40
124.48	40
124.522	41
124.523	41
124.565	41
124.566	41
124.607	41
124.608	41
124.646	41
124.648	41
124.685	40
124.686	40
124.725	40
124.726	40
124.767	40
124.768	40
124.806	40
124.807	40
124.845	40
124.846	40
124.885	39
124.886	39
124.926	40
124.927	40
124.967	40
124.968	40
125.008	40
125.009	40
125.051	40
125.052	41
125.092	41
125.093	40
125.129	40
125.131	40
125.167	39
125.168	39
125.204	39
125.205	39
125.241	38
125.242	38
125.28	38
125.281	38
125.318	38
125.319	38
125.355	38
125.356	38
125.394	38
125.395	38
125.433	38
125.434	38
125.471	38
125.472	38
125.51	38
125.511	38
125.548	38
125.549	38
125.583	38
125.584	37
125.619	37
125.62	37
125.654	37
125.655	36
125.69	36
125.691	36
125.725	36
125.726	36
125.76	36
125.761	35
125.796	35
125.797	35
125.832	35
125.833	35
125.867	35
125.868	35
125.902	35
125.903	35
125.937	35
125.938	35
125.973	35
125.974	35
126.008	35
126.009	35
126.043	35
126.044	35
126.079	35
126.08	35
126.114	35
126.115	35
126.149	35
126.15	35
126.184	35
126.186	35
126.219	39
126.22	39
126.255	42
126.256	42
126.29	45
126.291	44
126.325	47
126.326	46
126.36	49
126.361	47
126.395	49
126.396	48
126.429	50
126.431	48
126.464	51
126.465	49
126.5	51
126.501	49
126.535	52
126.536	50
126.537	48
126.572	46
