10.1036	2.24237
10.1732	0.862627
10.2427	0.690102
10.3133	0.849885
10.3829	0.69018
10.453	1.19876
10.5236	1.52979
10.5931	1.38036
10.6626	1.5529
10.7332	2.03972
10.8038	2.2097
10.8734	2.07054
10.9429	2.07054
11.0155	2.47943
11.101	2.24546
11.1746	2.77164
11.2442	2.76072
11.3137	2.76072
11.3833	2.76072
11.4549	3.18221
11.5271	3.32531
11.6018	3.2129
11.6796	3.08685
11.7573	3.24119
11.8382	2.96658
11.9181	3.00562
11.9979	3.00562
12.0778	3.00562
12.1576	3.00562
12.2375	3.00562
12.3173	3.00562
12.3987	2.94744
12.4816	2.17173
12.5522	2.03972
12.6233	2.02466
12.698	2.40968
12.7747	2.50331
12.8541	2.57169
12.9339	2.40449
13.0127	2.43655
13.0936	2.37327
13.177	2.01419
13.2466	1.5529
13.3172	2.03972
13.3883	2.02466
13.4604	1.998
13.531	2.03972
13.6016	2.03972
13.6727	2.19338
13.7446	2.00082
13.8177	1.97203
13.8959	1.83968
13.9737	1.85211
14.0535	2.25421
14.1381	2.27008
14.2232	2.25607
14.3082	2.25934
14.3881	2.40449
14.471	2.31456
14.5488	2.46948
14.6281	2.42042
14.7095	2.35796
14.7915	2.34284
14.877	2.24417
14.9594	2.32931
15.0414	2.34284
15.127	2.24287
15.2115	2.27207
15.2945	2.31318
15.3801	2.24417
15.4562	2.52221
15.5319	2.53467
15.6081	2.52057
15.6853	2.48628
15.7678	2.32792
15.8498	2.34284
15.9343	2.27141
16.0141	2.40449
16.094	2.40449
16.1754	2.35796
16.2605	2.25672
16.344	2.30067
16.4233	2.42042
16.5031	2.40449
16.5851	2.34284
16.6681	2.31318
16.7521	2.42704
16.8382	2.23111
16.9138	1.58733
16.9849	1.85583
17.0555	2.03972
17.1285	1.97203
17.2037	1.91687
17.2798	2.04797
17.3565	1.87748
17.4327	1.89043
17.5105	2.00645
17.5924	2.34284
17.6744	2.34284
17.7589	2.27074
17.8413	2.32931
17.9217	2.53808
18.0016	2.40449
18.0825	2.37327
18.1628	2.38878
18.2448	2.34284
18.3283	2.29864
18.4124	2.28427
18.4979	2.24417
18.5778	2.40524
18.6534	2.53808
18.7301	2.50331
18.8089	2.43655
18.8924	2.29864
18.9779	2.24741
19.051	2.62572
19.1282	2.48628
19.2091	2.37327
19.2926	2.29864
19.3772	2.27008
19.4628	2.24417
19.5415	2.43732
19.6193	2.46948
19.6986	2.42042
19.7764	2.46948
19.8583	2.34284
19.9412	2.31652
20.0138	1.32243
20.088	1.77961
20.1641	1.89043
20.2414	1.86471
20.3196	1.83968
20.4011	1.91584
20.4856	1.70256
20.5702	1.70306
20.6543	2.1415
20.7398	2.24481
20.8175	2.47183
20.8952	2.46948
20.9761	2.5216
21.0607	2.27008
21.1452	2.27141
21.2302	2.25803
21.3122	2.34355
21.3899	2.46948
21.4729	2.31318
21.557	2.28427
21.6416	2.27008
21.7276	1.81321
21.8074	1.50288
21.8904	1.73489
21.9755	1.69352
22.0548	1.81531
22.1346	1.95365
22.2155	1.77995
22.298	1.74594
22.3815	1.86764
22.4681	2.21947
22.5412	2.62661
22.6132	2.664
22.6899	2.50331
22.7682	2.60621
22.8491	2.37327
22.9332	2.28427
23.0187	2.24352
23.0949	1.57638
23.1695	1.28691
23.2446	1.43765
23.3234	1.82742
23.4089	1.68313
23.4908	1.9047
23.5696	1.82742
23.6516	1.75713
23.7382	1.66263
23.8191	1.03836
23.9016	1.16396
23.9881	1.10974
24.0632	1.43765
24.1388	1.26904
24.2155	1.25165
24.2938	1.22645
24.3747	1.18663
24.4593	1.56159
24.5385	1.81701
24.6115	1.97203
24.6872	1.90356
24.7649	1.85211
24.8453	1.79158
24.9283	1.73489
25.0124	1.7132
25.0968	1.70455
25.1751	1.83968
25.2492	1.94406
25.3227	1.95795
25.3989	1.89043
25.4782	1.81531
25.5581	1.80337
25.64	1.75713
25.7225	1.74594
25.8076	1.69205
25.8917	1.7132
25.9767	1.69352
26.0597	1.7354
26.1395	1.80337
26.2194	1.95365
26.3013	1.75713
26.3869	1.68167
26.4714	0.994565
26.5507	1.05899
26.6327	1.17142
26.7162	1.29298
26.7997	1.14932
26.8853	1.12208
26.9666	1.32796
27.0392	1.98354
27.1159	1.87748
27.1973	1.76847
27.2793	1.75713
27.3638	1.84606
27.4462	1.74646
27.5287	1.74594
27.6117	1.73489
27.6953	1.72398
27.7803	1.69303
27.8628	1.74594
27.9463	1.72398
28.0309	1.70256
28.1169	1.6747
28.1946	0.772203
28.2707	1.10281
28.349	1.22645
28.4289	1.20225
28.5119	1.30155
28.5958	1.14314
28.6725	1.25165
28.7529	1.64229
28.8385	1.68216
28.9209	1.74855
28.9949	1.94406
29.0743	1.96659
29.1583	1.7132
29.2433	1.69352
29.3205	1.8659
29.3946	1.94406
29.4702	1.90356
29.5496	1.81531
29.631	1.76847
29.716	1.69303
29.7969	1.78158
29.8725	1.90356
29.9461	1.95795
30.0201	1.94406
30.0974	1.86471
30.1783	1.77995
30.2597	1.76847
30.3457	1.67429
30.4245	1.82799
30.5054	1.77995
30.5873	1.75713
30.6698	1.74594
30.7539	1.7132
30.8394	1.68402
30.9197	1.19445
30.9975	1.23474
31.0763	1.21828
31.1546	1.22645
31.236	1.17898
31.3195	1.14932
31.4046	1.55105
31.488	1.72653
31.5668	1.82742
31.6461	1.81531
31.726	1.95365
31.8069	1.77995
31.891	1.7132
31.975	1.7132
32.0601	1.69205
32.1457	1.68313
32.225	1.81531
32.3022	1.86471
32.3836	1.76847
32.4666	1.73489
32.5496	1.73489
32.6321	1.74594
32.7156	1.72398
32.799	1.72704
32.8691	2.0549
32.9407	2.01267
33.0168	1.89043
33.0977	1.77995
33.1807	1.73489
33.2642	1.725
33.3472	1.73489
33.4313	1.7132
33.5173	1.53382
33.5915	1.45612
33.6625	1.3517
33.7366	1.29604
33.8133	1.25165
33.8958	1.16396
33.9792	1.29369
34.057	0.617402
34.1326	0.634519
34.213	0.597195
34.2976	0.709607
34.3805	0.434197
34.4582	0.308685
34.5354	0.310801
34.6137	0.613258
34.6957	0.58571
34.7792	0.574659
34.8653	0.557618
34.9467	0.589639
35.0213	0.64349
35.0995	0.613227
35.1789	0.605105
35.2619	0.578296
35.347	0.564181
35.431	0.571403
35.5098	0.609139
35.5896	0.601124
35.6731	0.574659
35.7592	0.557938
35.8359	0.625739
35.9069	0.67589
35.9811	0.647132
36.0588	0.61737
36.1371	0.613227
36.2185	0.589489
36.3036	0.564344
36.3824	0.609139
36.4622	0.601124
36.5458	0.574659
36.6309	0.564017
36.7137	0.434326
36.7899	0.315088
36.8671	0.466201
36.9475	0.746493
37.0336	1.11556
37.1082	1.28559
37.1788	1.35982
37.2494	1.35982
37.3225	1.31469
37.4044	1.17142
37.4895	1.12836
37.573	1.15
37.6512	1.22645
37.7332	1.17142
37.813	1.20225
37.8966	1.14932
37.9826	1.11524
38.0646	1.17177
38.1465	1.17142
38.229	1.16396
38.3115	1.16396
38.3961	1.13504
38.4821	1.11588
38.5619	1.20262
38.6428	1.18663
38.7289	1.11524
38.8092	1.19549
38.8854	1.26029
38.9663	1.18663
39.0488	1.16396
39.1348	1.11588
39.212	1.24314
39.2892	1.24314
39.368	1.21828
39.4463	1.22645
39.5283	1.17142
39.6123	1.14213
39.6979	1.12208
39.7798	1.17177
39.8596	1.20225
39.9379	1.22645
40.0193	1.32635
40.1018	1.16396
40.1864	1.13504
40.2714	1.4112
40.3528	0.590054
40.43	1.08775
40.5078	1.23474
40.586	1.22645
40.6664	1.19439
40.7484	1.17142
40.8303	1.31785
40.9128	1.16396
40.9978	1.12896
41.0761	0.613258
41.1523	0.630143
41.2279	0.634519
41.3051	0.62157
41.3866	0.589489
41.4721	0.701472
41.5535	0.736897
41.6344	0.593317
41.7179	0.574659
41.8035	0.561042
41.8827	0.605858
41.956	1.14677
42.0306	1.28691
42.1083	1.23474
42.1897	1.17898
42.2748	1.12836
42.3535	1.22057
42.4246	1.34977
42.4952	1.35982
42.5673	1.332
42.6429	1.26904
42.7201	1.24314
42.7979	1.23474
42.8772	1.21021
42.955	1.23474
43.0343	1.21021
43.112	1.23474
43.1908	1.21828
43.2744	1.14932
43.3584	1.14213
43.4425	1.14213
43.5271	1.13504
43.6111	1.14213
43.6967	1.12111
43.7827	1.11684
43.8542	1.34178
43.9299	1.26904
44.0076	1.23474
44.087	1.21021
44.1679	1.18663
44.2524	1.13504
44.338	0.841524
44.4178	0.751442
44.4998	0.732138
44.5844	1.13537
44.6689	1.13504
44.7555	1.10942
44.827	1.34178
44.9016	1.28691
44.9794	1.23474
45.0608	1.17898
45.1453	1.13537
45.2272	1.17283
45.3039	1.25165
45.3816	1.23474
45.4641	1.16396
45.5487	1.13504
45.631	1.16605
45.7061	1.27791
45.786	1.20225
45.8685	1.16396
45.953	1.13537
46.0376	1.13504
46.1217	1.14213
46.2072	1.12208
46.2881	1.18663
46.3685	1.19439
46.4515	1.15659
46.5361	1.13504
46.6221	1.11556
46.704	1.17213
46.7876	1.14932
46.8711	1.14932
46.9562	1.12836
47.0386	1.16396
47.1242	1.12241
47.2014	1.24354
47.2765	1.27791
47.3542	1.23474
47.4341	1.20225
47.5181	1.2849
47.6005	1.16535
47.6767	1.26029
47.7539	1.24314
47.8338	1.20225
47.9168	1.59031
48.0013	1.42039
48.0832	1.02504
48.1625	1.05893
48.245	1.16396
48.3306	1.12144
48.4136	1.15694
48.4971	1.29298
48.5826	1.12273
48.6567	0.972353
48.7328	0.630143
48.8111	0.613227
48.892	0.593317
48.9771	0.564344
49.0547	1.08143
49.1309	1.26029
49.2087	1.23474
49.2896	1.18663
49.3705	1.18663
49.4545	1.14213
49.5401	1.12241
49.622	1.17142
49.7019	1.20225
49.7817	1.20225
49.8637	1.17142
49.9482	1.13504
50.0328	1.13504
50.1189	1.11588
50.1981	1.21134
50.2764	1.22645
50.3583	1.17142
50.4429	1.13504
50.5263	1.15136
50.6072	1.18663
50.6881	1.18663
50.7716	1.14932
50.8567	1.12836
50.9364	1.20373
51.0105	1.29604
51.0877	1.24314
51.1671	1.21021
51.2474	1.19439
51.3278	1.34369
51.4108	1.15659
51.4949	1.14213
51.5805	1.12176
51.6598	1.21059
51.7396	1.20225
51.82	1.19439
51.9009	1.18663
51.9855	1.13504
52.0705	1.12869
52.1524	1.0253
52.2312	0.609139
52.3132	0.58571
52.3988	0.7011
52.4801	0.737719
52.5516	0.670927
52.6262	0.643456
52.7029	0.625827
52.7828	0.601124
52.8647	0.58571
52.9477	0.578296
53.0333	0.56088
53.1137	0.597561
53.1925	0.609139
53.2702	0.61737
53.3506	0.597195
53.4351	0.567686
53.5187	0.574659
53.6027	0.571067
53.6866	0.572075
53.7612	0.643456
53.8353	0.64802
53.9115	0.630143
53.9892	0.61737
54.0717	0.58198
54.1573	0.560719
54.2412	0.572075
54.3174	0.630143
54.3962	0.609139
54.4744	0.613227
54.5532	0.609139
54.6331	0.601124
54.7171	0.571067
54.8016	0.568157
54.8746	0.657379
54.9524	0.61737
55.0317	0.605105
55.1147	0.578296
55.2003	0.561178
55.2838	0.574686
55.3693	0.561042
55.4517	0.582649
55.5284	0.62586
55.6067	0.613227
55.6871	0.597195
55.7685	0.589489
55.852	0.574659
55.9361	0.571067
56.0216	0.561042
56.1019	0.597745
56.174	0.665963
56.246	0.66694
56.3195	0.652649
56.3941	0.643456
56.4719	0.61737
56.5522	0.597195
56.6368	0.567686
56.7223	0.561366
56.8048	0.58198
56.8878	0.578296
56.9738	0.69779
57.0468	0.657566
57.1214	0.804363
57.197	0.634519
57.2748	0.61737
57.3567	0.58571
57.4392	0.727474
57.5253	1.11524
57.6077	1.165
57.6912	1.14932
57.7752	1.14247
57.8612	1.1162
57.9343	1.3133
58.0075	1.31286
58.0831	1.26904
58.1635	1.19439
58.249	1.12208
58.3319	1.15797
58.4071	1.27791
58.4838	1.25165
58.5647	1.18663
58.6477	1.15659
58.7322	1.13504
58.8163	1.14213
58.9019	1.12176
58.9843	1.165
59.0578	1.3053
59.1324	1.28691
59.2112	1.21828
59.2937	1.16396
59.3782	1.1357
59.4586	1.19439
59.5385	1.20225
59.6194	1.18663
59.7049	1.12208
59.7811	1.26029
59.8567	1.26904
59.9324	1.26904
60.0096	1.24314
60.0889	1.21021
60.1714	1.30945
60.257	1.12144
60.3394	1.01933
60.4203	0.890019
60.5028	1.16396
60.5874	1.13504
60.6734	1.11524
60.7554	1.17177
60.8363	1.18663
60.9188	1.16396
61.0012	1.30945
61.0869	1.12111
61.1718	0.706217
61.2485	0.469395
61.3273	0.609139
61.4082	0.593317
61.4902	0.58571
61.5742	0.999368
61.6576	1.15102
61.7364	1.21828
61.8173	1.18663
61.8998	1.30945
61.9828	1.15659
62.0679	1.12803
62.1508	0.868218
62.2312	0.597195
62.3153	0.571067
62.4003	0.564508
62.4796	1.05893
62.5621	1.16396
62.6476	1.12241
62.7289	1.03343
62.8015	0.661216
62.8782	0.625827
62.9565	0.613227
63.0384	0.58571
63.124	0.56088
63.2059	0.586063
63.292	0.557592
63.3713	0.302631
63.4485	0.310801
63.5278	0.605135
63.6082	0.597195
63.6916	0.575339
63.772	0.597195
63.8524	0.597195
63.9349	0.58198
64.0199	0.564344
64.1018	0.586388
64.1759	0.648054
64.2515	0.634519
64.3277	0.630143
64.4075	0.601124
64.49	0.58198
64.573	0.578296
64.6596	0.554368
64.7399	0.298858
64.8171	0.310801
64.8985	0.589518
64.9805	0.58571
65.0635	0.578296
65.149	0.561042
65.2304	0.589668
65.3113	0.593317
65.3964	0.564181
65.4805	0.571067
65.5656	0.564017
65.6516	0.557912
65.7324	0.59407
65.8075	0.638957
65.8837	0.630143
65.9609	1.08775
66.0424	1.17898
66.1269	1.13504
66.2129	1.1162
66.2928	1.20262
66.3721	1.21021
66.4546	1.16396
66.5396	1.12869
66.6178	1.22761
66.6919	1.29604
66.7702	1.22645
66.8485	1.22645
66.9288	1.19439
67.0124	1.14932
67.0979	1.12176
67.1808	1.15866
67.2533	1.32421
67.3248	1.34178
67.3989	1.29604
67.4793	1.19439
67.5616	1.1657
67.6415	1.20225
67.7229	1.17898
67.8069	1.14247
67.8925	1.12176
67.9729	1.19476
68.0538	1.18663
68.1362	1.16396
68.2203	1.14213
68.3059	1.12144
68.3888	1.15797
68.4687	1.20225
68.5506	1.17142
68.6357	1.12836
68.7197	1.14213
68.8033	1.14932
68.8872	1.28679
68.9618	1.28691
69.0411	1.21021
69.1236	1.60044
69.2061	1.74594
69.2917	1.82286
69.3694	1.8527
69.4498	1.94088
69.5348	2.25738
69.6136	2.58884
69.694	2.53808
69.7796	2.8044
69.862	3.05722
69.945	3.03605
70.0306	3.5055
70.114	3.59587
70.1923	4.29259
70.2716	4.38701
70.3546	4.4818
70.4391	4.83097
70.52	5.48818
70.6014	5.45277
70.6869	4.34893
70.7589	4.00208
70.8335	3.86074
70.9107	4.1956
70.9911	4.32966
71.073	4.09997
71.156	4.19265
71.2401	4.56854
71.3247	4.68204
71.4097	4.51475
71.4933	4.74094
71.5788	4.06971
71.6555	3.59869
71.7311	3.80712
71.8073	3.9384
71.8861	3.65483
71.9675	3.53693
72.05	3.63737
72.135	3.95156
72.2169	4.10491
72.292	4.4727
72.3703	4.29259
72.4517	4.2738
72.5352	4.02261
72.6203	3.95041
72.7022	2.93031
72.7815	3.02552
72.8624	2.96658
72.9433	2.96658
73.0274	3.28364
73.1114	3.42741
73.1969	3.50651
73.2726	2.37858
73.3437	2.69955
73.4163	2.64472
73.4899	2.77376
73.5661	2.52057
73.6485	2.32792
73.7315	2.74691
73.8161	2.8376
73.9022	2.78889
73.9804	3.06904
74.051	3.56952
74.1225	3.35445
74.1997	3.10785
74.2817	2.92855
74.3663	2.8376
74.4513	2.82172
74.5343	2.89148
74.6184	2.85534
74.7029	2.84092
74.7817	3.04569
74.8631	2.94744
74.9466	2.8733
75.0317	2.82009
75.1168	2.82009
75.2008	2.28741
75.2743	2.12134
75.3478	1.95795
75.4261	2.2996
75.5065	2.38878
75.589	2.47341
75.6709	2.34284
75.755	2.28427
75.8396	2.41196
75.9256	1.67381
76.0002	2.09123
76.0774	1.86471
76.1583	1.77995
76.2444	1.6723
76.3274	0.868001
76.4035	0.630143
76.4823	0.609139
76.5638	0.589489
76.6483	0.709781
76.7328	0.710055
76.8105	0.61737
76.8888	0.613227
76.9703	0.589489
77.0527	0.58198
77.1373	0.567686
77.2208	0.574971
77.3038	0.578324
77.3888	0.564344
77.4691	0.597561
77.5443	0.638957
77.6204	0.630143
77.6961	0.634519
77.7775	0.589489
77.8635	0.558098
77.9371	0.652185
78.0081	0.675852
78.0796	0.671844
78.1547	0.638957
78.2372	0.58198
78.3201	0.579129
78.3973	0.621602
78.4693	0.66694
78.5428	0.652649
78.6216	0.609139
78.7036	0.58571
78.7891	0.561042
78.8726	0.574802
78.9577	0.564207
79.0411	0.575169
79.1205	1.05893
79.2035	1.15659
79.288	1.13637
79.3641	1.26029
79.4419	1.23474
79.5217	1.20225
79.6032	1.17898
79.6856	1.16396
79.7702	1.1357
79.8516	1.17898
79.9314	1.20225
80.0165	1.12836
80.1015	1.13
80.1808	1.21021
80.2633	1.16396
80.3473	1.14213
80.4319	1.13504
80.518	1.11556
80.6004	1.16466
80.6823	1.17142
80.7659	1.14932
80.8499	1.14213
80.934	1.14213
81.0191	1.12836
81.1031	1.14247
81.1877	1.13504
81.2701	1.165
81.3411	1.3517
81.4141	1.31469
81.4913	1.24314
81.5717	1.19439
81.6537	1.17142
81.7387	1.12836
81.8154	1.25286
81.8869	1.34178
81.9586	1.33988
82.0296	1.52067
82.1063	1.25165
82.1856	1.21021
82.2681	1.30945
82.3515	1.58164
82.4303	0.609169
82.5112	1.0383
82.5958	1.13504
82.6808	1.12934
82.7559	1.27791
82.828	1.332
82.9	1.50062
82.9756	1.26904
83.0565	1.18663
83.1401	1.14932
83.224	1.28597
83.3034	0.605135
83.3822	0.609139
83.4615	0.605105
83.5434	1.02499
83.6279	1.1367
83.7035	1.26904
83.7797	1.41782
83.8559	1.26029
83.9321	1.26029
84.0109	1.21828
84.0912	1.34369
84.1773	1.39398
84.2524	0.798738
84.325	0.66118
84.3986	0.815811
84.4779	1.21021
84.5645	1.10879
84.6428	1.37976
84.7231	1.19439
84.803	1.20225
84.8855	1.16396
84.9684	1.15791
85.044	0.634552
85.1186	0.643456
85.1943	0.634519
85.272	0.61737
85.3503	0.613227
85.4328	1.01846
85.5183	1.12176
85.5971	1.21904
85.6754	1.22645
85.7552	1.20225
85.8377	1.16396
85.9233	1.12176
86.002	1.22019
86.0731	1.34977
86.1437	1.35982
86.2157	1.332
86.2914	1.26904
86.3712	1.20225
86.4537	1.16396
86.5398	1.11588
86.6227	1.15728
86.7047	1.17142
86.7892	1.1357
86.8669	1.23513
86.9462	1.21021
87.0266	1.34369
87.1117	1.12836
87.1982	1.10937
87.2687	0.340425
87.3393	0.679946
87.4094	0.684967
87.4805	0.674886
87.551	0.680889
87.6251	1.13403
87.7028	1.23474
87.7848	1.17142
87.8673	1.16396
87.9508	1.29298
88.0348	1.14213
88.1194	1.13598
88.1997	0.597224
88.2796	0.601124
88.3636	0.571067
88.4477	0.713834
88.5311	1.15068
88.6089	1.23474
88.6866	1.23474
88.7649	1.22645
88.8453	1.34369
88.9293	1.14213
89.0144	1.12869
89.0957	0.884769
89.174	0.613227
89.2549	0.593317
89.3353	0.597195
89.4199	0.993161
89.5043	1.13703
89.5753	1.35163
89.6459	1.35982
89.719	1.47902
89.7946	1.26904
89.8734	1.21828
89.9527	1.21021
90.0342	1.17898
90.1145	1.19439
90.1986	1.14213
90.2837	1.12836
90.3676	1.14342
90.4485	0.593346
90.5284	0.601124
90.6087	0.597195
90.6933	0.709607
90.7757	0.728529
90.8472	0.670927
90.9223	0.638957
90.9985	0.630143
91.0762	0.61737
91.155	0.609139
91.2365	0.589489
91.3184	0.58571
91.4035	0.987603
91.4833	1.20299
91.5548	1.34178
91.6264	1.34178
91.6989	1.32421
91.7729	1.29604
91.8512	1.22645
91.9316	1.19439
92.0146	1.15659
92.1001	1.12208
92.181	1.18736
92.2577	1.25165
92.3344	1.25165
92.4137	1.21021
92.4951	1.17898
92.5771	1.17142
92.6627	1.12208
92.7457	1.15659
92.8297	1.14213
92.9143	1.13504
92.9978	1.15
93.0802	1.16396
93.1653	1.12902
93.2498	1.1357
93.3328	1.15659
93.4169	1.14213
93.4992	1.1657
93.5764	1.24314
93.6531	1.25165
93.733	1.20225
93.8149	1.17142
93.8969	1.31785
93.9824	1.12273
94.0606	1.22684
94.1373	1.40811
94.2209	1.72398
94.3059	1.69254
94.3878	1.90528
94.4656	1.85211
94.5449	2.26914
94.6269	2.34284
94.7123	2.38638
94.787	1.28565
94.8611	1.29604
94.9373	1.41782
95.0161	1.82742
95.1006	1.70256
95.1857	1.83465
95.2639	1.84084
95.3385	1.93037
95.4147	2.36304
95.4919	2.48628
95.5749	2.31318
95.6609	2.23175
95.7386	2.62466
95.818	2.42042
95.8983	2.38878
95.9824	2.28427
96.0675	2.25672
96.152	1.42004
96.2329	1.63162
96.3148	1.75713
96.3984	1.72398
96.4814	1.87946
96.5669	1.68309
96.6467	1.35424
96.7182	1.34178
96.7939	1.26904
96.87	1.26029
96.9499	1.20225
97.0318	1.31785
97.1169	1.12869
97.1977	1.18736
97.275	1.24314
97.3569	1.17142
97.4389	1.17142
97.5219	1.15659
97.6053	1.15034
97.6836	1.22645
97.7624	1.21828
97.8454	1.15659
97.9299	1.13603
98.0145	1.13537
98.099	1.13504
98.1845	1.12306
98.2659	1.17898
98.3505	1.1357
98.434	1.14932
98.5186	1.13504
98.5999	1.18077
98.673	1.31286
98.7441	1.34977
98.8177	1.3053
98.8917	1.29604
98.9711	1.21021
99.0546	1.14932
99.1392	1.13504
99.2247	1.12208
99.3045	0.902243
99.3802	0.793149
99.4579	1.23474
99.5367	1.21828
99.6223	1.12208
99.7068	1.13603
99.7856	1.21828
99.8639	1.22645
99.9421	1.37976
100.022	1.20225
100.107	1.12836
100.193	1.12338
100.272	1.21021
100.351	1.21021
100.435	1.14213
100.521	1.1162
100.592	1.35163
100.666	1.3053
100.74	1.28691
100.819	1.21828
100.901	1.17142
100.986	1.12869
101.066	1.21021
101.148	1.16396
101.234	1.1162
101.314	1.20225
101.397	1.14932
101.483	1.12176
101.566	1.15728
101.646	1.20225
101.729	1.15659
101.814	1.12236
101.896	0.589875
101.978	1.02499
102.063	1.12869
102.145	1.17283
102.221	1.25165
102.301	1.20225
102.384	1.16396
102.469	1.26904
102.554	1.12273
102.632	1.22645
102.711	1.21828
102.791	1.20225
102.874	1.16396
102.954	1.18772
103.033	1.22645
103.111	1.22645
103.193	1.16396
103.276	1.15659
103.359	1.16396
103.441	1.16396
103.527	1.12208
103.609	1.01933
103.683	0.815854
103.76	0.625827
103.837	0.62157
103.917	1.04509
104.001	1.14213
104.081	1.20299
104.156	1.28691
104.231	1.43765
104.313	1.16396
104.399	1.12111
104.485	0.832064
104.561	0.634519
104.641	0.601124
104.725	0.56752
104.811	0.705602
104.895	0.713868
104.977	0.58198
105.062	0.56752
105.148	0.418535
105.226	0.306726
105.305	0.456877
105.389	0.56752
105.474	0.564344
105.557	0.579157
105.631	0.64802
105.706	0.643456
105.784	0.61737
105.865	0.589489
105.95	0.567686
106.034	0.568349
106.113	0.605105
106.198	0.993161
106.281	1.15762
106.358	1.24314
106.439	1.18663
106.523	1.14247
106.604	1.187
106.685	1.18663
106.769	1.14348
106.847	1.22645
106.925	1.22645
107.008	1.16396
107.091	1.14932
107.175	1.14314
107.257	1.17142
107.342	1.12869
107.425	1.165
107.509	1.14247
107.591	1.165
107.665	1.29604
107.74	1.27791
107.817	1.26029
107.894	1.23474
107.972	1.23474
108.05	1.22645
108.13	1.21021
108.21	1.19439
108.292	1.16396
108.375	1.15659
108.458	1.30117
108.54	1.17142
108.624	1.14932
108.708	1.42928
108.786	0.617402
108.868	0.58571
108.951	0.719386
109.035	1.14213
109.121	1.12208
109.201	1.34451
109.271	1.37001
109.343	1.33988
109.416	1.31469
109.491	1.27791
109.57	1.36149
109.656	1.68313
109.739	1.7354
109.816	1.85211
109.897	1.79158
109.981	1.71371
110.067	1.67333
110.149	1.75766
110.231	1.75713
110.316	1.68216
110.398	1.75978
110.474	1.88781
110.555	1.77995
110.637	1.75713
110.723	1.68313
110.801	1.84026
110.876	1.91687
110.953	1.86471
111.032	1.82742
111.116	1.7132
111.202	1.68361
111.281	1.82799
111.363	1.75713
111.447	1.7132
111.532	1.69205
111.616	1.84498
111.698	1.75872
111.78	1.76847
111.862	1.74594
111.948	1.68216
112.031	1.0068
112.11	1.05899
112.192	1.17898
112.274	1.17142
112.357	1.29298
112.442	1.13504
112.526	1.27692
112.612	0.976671
112.691	0.613227
112.769	0.61737
112.848	0.601124
112.93	1.03161
113.015	1.12176
113.097	1.17213
113.178	1.19439
113.258	1.35253
113.339	1.17142
113.422	1.16396
113.504	1.16396
113.588	1.15034
113.664	1.26029
113.738	1.29604
113.815	1.24314
113.897	1.17142
113.983	1.12241
114.058	1.26904
114.133	1.29604
114.207	1.29604
114.284	1.23474
114.368	1.14213
114.453	1.13504
114.537	1.14247
114.619	1.17142
114.702	1.14932
114.787	1.13504
114.872	1.12836
114.956	1.14213
115.041	1.13504
115.127	1.11588
115.204	1.25154
115.279	1.27791
115.361	1.17142
115.445	1.13504
115.531	1.1162
115.602	1.3521
115.678	1.2691
115.758	1.19439
115.838	1.20225
115.921	1.16396
116.005	1.57044
116.09	1.6841
116.169	1.81644
116.243	1.94406
116.318	2.10606
116.395	1.85211
116.475	1.80337
116.555	1.94088
116.641	1.96469
116.718	1.40625
116.79	1.8315
116.866	1.90356
116.943	1.86471
117.027	1.7132
117.111	1.71522
117.192	1.91584
117.272	1.80337
117.355	1.73489
117.441	1.68264
117.525	1.85706
117.61	2.25738
117.69	2.39025
117.766	2.53808
117.844	2.43655
117.927	2.31318
118.014	2.22983
118.096	2.32931
118.169	2.62938
118.245	2.53808
118.324	2.40449
118.404	2.40449
118.485	2.37327
118.565	2.40449
118.648	2.31318
118.724	2.52435
118.796	2.66709
118.868	2.68738
118.94	2.66835
119.011	2.70272
119.081	2.71963
119.152	2.71963
119.222	2.71963
119.495	0.572458
