10.1261	0.495533
10.1957	0.690102
10.2652	0.690102
10.3353	0.685006
10.4054	0.685006
10.477	0.837423
10.5492	1.33012
10.6193	1.54126
10.6898	1.35982
10.7604	1.86975
10.8326	1.99519
10.9027	2.22627
10.9722	2.07054
11.0526	2.23948
11.1339	2.21528
11.2045	1.69968
11.2745	1.54126
11.3455	1.3524
11.4161	1.35982
11.4867	1.35982
11.5596	1.318
11.6368	1.70932
11.7145	1.85211
11.7939	1.81531
11.8748	1.77995
11.9546	1.80337
12.0345	1.80337
12.1143	1.80337
12.1942	1.80337
12.274	1.80337
12.3554	1.76847
12.4404	1.69451
12.511	2.03961
12.5816	2.03972
12.6542	1.98354
12.7309	1.87748
12.8081	1.86471
12.889	1.77995
12.9684	1.81531
13.0472	1.82742
13.1327	1.68361
13.2042	2.01325
13.2748	2.03972
13.3465	2.00981
13.4171	2.03972
13.4882	2.02466
13.5588	2.03972
13.6294	2.03972
13.7024	1.97203
13.7744	2.00082
13.8516	1.86471
13.9293	1.85211
14.0076	1.83968
14.0912	1.72398
14.1752	1.7132
14.2613	1.67333
14.3437	1.74646
14.4282	0.851777
14.5065	1.07315
14.5853	0.761423
14.6667	0.589489
14.7487	0.58571
14.8327	0.571235
14.9156	1.01322
14.9965	1.18663
15.0811	1.13504
15.1672	1.11556
15.2491	1.17142
15.3342	1.12803
15.416	1.17319
15.4892	1.31286
15.5648	1.26904
15.6415	1.25165
15.7224	1.18663
15.8049	1.16396
15.8899	1.12869
15.9714	1.17898
16.0512	1.20225
16.1327	1.17898
16.2157	1.15659
16.3012	1.12241
16.3805	1.21021
16.4604	1.20225
16.5413	1.18663
16.6237	1.16396
16.7083	1.13504
16.7934	1.12869
16.8731	1.20373
16.9441	1.3517
17.0153	1.3497
17.0873	1.332
17.1619	1.44778
17.2381	1.26029
17.3148	1.25165
17.391	1.26029
17.4682	1.24314
17.5496	1.17898
17.6316	1.17142
17.7141	1.16396
17.7986	0.99403
17.8805	0.878565
17.9604	0.601124
18.0413	0.593317
18.1211	0.601124
18.2025	1.03161
18.285	1.16396
18.3691	1.14213
18.4547	1.12111
18.5387	1.14348
18.6143	0.634519
18.691	0.625827
18.7693	0.613227
18.8502	0.741646
18.9372	0.964884
19.0135	0.787139
19.0886	0.638957
19.1684	0.601124
19.2514	0.578296
19.336	0.56752
19.4216	0.56088
19.5019	0.597561
19.5792	0.62157
19.658	0.609139
19.7362	0.613227
19.8161	0.601124
19.9005	0.568349
19.9752	0.642581
20.0489	0.651748
20.124	0.638957
20.2007	0.625827
20.279	0.613227
20.3593	0.597195
20.4434	0.571067
20.528	0.567686
20.6115	0.574659
20.6971	0.56088
20.7784	0.590383
20.8551	0.625827
20.9349	0.601124
21.019	0.571067
21.104	0.564344
21.1897	0.560557
21.2736	0.428804
21.3503	0.625827
21.4312	0.593317
21.5147	0.574659
21.5993	0.56752
21.6854	0.557778
21.7662	0.593498
21.8487	0.58198
21.9338	0.564344
22.0136	0.601309
22.0935	0.601124
22.1738	0.597195
22.2558	0.58571
22.3383	0.727474
22.4238	1.12241
22.503	1.21172
22.5747	1.33988
22.6498	1.27791
22.7275	1.23474
22.8069	1.21021
22.8904	1.14932
22.9755	1.12836
23.0552	1.20336
23.1304	1.27791
23.2055	1.27791
23.2827	1.24314
23.3662	1.14966
23.4517	1.12241
23.5305	1.21828
23.6114	1.18663
23.6965	1.12902
23.779	1.16396
23.8604	1.17898
23.9464	1.11588
24.0231	1.25246
24.0998	1.25165
24.1759	1.26029
24.2532	1.24314
24.3335	1.19439
24.4171	1.14932
24.4999	1.3031
24.5735	1.3053
24.647	1.3053
24.7243	1.70932
24.8031	1.82742
24.8866	1.86764
24.9706	1.7132
25.0557	1.83412
25.135	1.96781
25.2106	1.42767
25.2842	1.3053
25.3593	1.43765
25.4376	1.83968
25.5174	1.80337
25.5983	1.92828
25.6803	1.75713
25.7643	1.7132
25.8489	1.70256
25.9335	1.70256
26.0185	1.69402
26.0994	1.33496
26.1792	1.20225
26.2601	1.33496
26.3447	1.70256
26.4297	1.69451
26.5085	1.9797
26.591	1.74594
26.6745	1.72398
26.7585	1.7132
26.8431	1.84444
26.9286	2.24676
27.0017	2.62572
27.0758	2.59208
27.1556	2.40449
27.2376	2.34284
27.3216	2.28427
27.4061	2.27273
27.4886	2.32792
27.5711	2.32792
27.6551	2.28427
27.7397	2.27074
27.8237	2.28494
27.9057	2.34284
27.9908	2.25607
28.0768	2.23175
28.1565	2.40747
28.2311	2.57383
28.3099	2.43655
28.3893	2.42042
28.4717	2.32792
28.5552	2.44519
28.635	2.40449
28.7143	2.42042
28.7989	2.27008
28.8823	2.30272
28.9574	2.55583
29.0357	2.45291
29.1192	2.29864
29.2043	2.25607
29.2862	1.61313
29.3597	1.14213
29.4343	1.28691
29.5131	1.21828
29.594	1.63162
29.6781	1.7132
29.762	1.71572
29.8376	1.42767
29.9112	1.3053
29.9852	1.29604
30.0625	1.24314
30.1428	1.19439
30.2238	1.33496
30.3088	1.12902
30.3901	1.03286
30.47	0.601124
30.5514	0.589489
30.6339	0.58198
30.7163	0.727474
30.8018	1.12273
30.8822	1.19439
30.9605	1.22645
31.0388	1.37976
31.1176	1.21828
31.199	1.17898
31.2815	1.16396
31.3661	1.13504
31.4495	1.00714
31.5304	0.889975
31.6086	0.766533
31.689	1.19439
31.7694	1.19439
31.8529	1.14932
31.937	1.14213
32.0215	1.13504
32.1071	1.12208
32.1869	1.35253
32.2642	1.24314
32.343	1.21828
32.426	1.15659
32.5085	1.16396
32.592	1.14932
32.6745	1.16396
32.7605	1.1162
32.832	1.34171
32.9037	1.33988
32.9777	1.29604
33.0565	1.21828
33.139	1.16396
33.2241	1.12869
33.3065	1.16396
33.3895	1.15659
33.4751	1.12208
33.5539	1.06633
33.6245	0.679908
33.6975	0.657344
33.7731	0.634519
33.8525	0.756381
33.937	1.1357
34.0158	1.21828
34.0914	1.26904
34.1697	1.22645
34.2532	1.29298
34.3372	1.14381
34.4144	1.24314
34.4921	1.23474
34.5704	1.22645
34.6524	1.17142
34.7349	1.16396
34.8205	1.12144
34.905	0.99403
34.9796	0.643456
35.0568	1.08775
35.1356	1.21828
35.2175	1.17142
35.3021	1.13504
35.3877	1.12208
35.467	1.21021
35.5458	1.21828
35.6298	1.2849
35.7149	1.12869
35.7988	0.858364
35.8694	0.339916
35.942	0.661216
36.0182	0.630143
36.097	0.609139
36.1758	0.761423
36.2598	1.14213
36.3428	1.15728
36.4205	1.23474
36.5025	1.17142
36.5865	1.2849
36.671	1.1367
36.7477	1.25165
36.8244	1.25165
36.9042	1.20225
36.9898	1.12176
37.0685	1.06699
37.1391	0.679908
37.2097	0.679908
37.2818	0.666
37.3595	0.771713
37.4441	1.13504
37.5297	1.12208
37.6074	1.23474
37.6873	1.20225
37.7692	1.31785
37.8512	1.17142
37.9368	1.12176
38.0202	1.15
38.1017	1.17898
38.1841	1.16396
38.2666	1.16396
38.3507	1.14213
38.4367	1.11524
38.5191	1.01938
38.5985	0.605105
38.683	0.99374
38.767	1.00054
38.8437	0.782284
38.923	0.605105
39.0055	0.58198
39.0915	0.557618
39.1703	0.45714
39.2459	0.634519
39.3253	0.605105
39.4035	0.613227
39.4844	0.593317
39.5685	0.571067
39.6536	0.564017
39.7375	0.428804
39.8179	0.597195
39.8962	0.613227
39.9771	0.593317
40.0596	0.58198
40.1436	0.571067
40.2292	0.561042
40.3121	0.434109
40.3899	0.61737
40.4681	0.613227
40.5459	0.61737
40.6252	0.605105
40.7066	0.589489
40.7891	0.58198
40.8711	0.58571
40.9556	0.567852
41.0349	0.605293
41.1105	0.634519
41.1867	0.630143
41.2629	0.630143
41.3422	0.605105
41.4283	0.557458
41.5097	0.442385
41.5906	0.593317
41.672	0.589489
41.7577	0.560557
41.8431	0.421267
41.9132	0.684726
41.9868	0.652684
42.0645	0.61737
42.1433	0.609139
42.2279	0.56752
42.3139	0.558098
42.3845	0.509931
42.4555	0.676087
42.5271	0.669938
42.6012	0.64802
42.6774	0.630143
42.7551	0.61737
42.8339	0.609139
42.9122	0.613227
42.991	0.609139
43.0693	0.613227
43.147	0.61737
43.2285	0.589489
43.3125	0.571067
43.3966	0.571067
43.4811	0.56752
43.5652	0.571067
43.6498	0.56752
43.7358	0.558098
43.8103	0.643882
43.885	0.642581
43.9612	0.630143
44.041	0.601124
44.1214	0.597195
44.2049	0.574659
44.2905	0.561042
44.3709	0.597195
44.4513	1.04509
44.5363	1.12836
44.6193	1.15659
44.7059	1.10879
44.7836	0.926643
44.8578	0.647132
44.934	0.630143
45.0143	0.597195
45.0968	0.58198
45.1828	0.418453
45.2595	0.625827
45.3357	0.315072
45.415	0.605105
45.4996	0.56752
45.5857	0.557938
45.6623	0.469521
45.7406	0.613227
45.8215	0.444988
45.9061	0.567686
45.9906	0.56752
46.0747	0.571067
46.1597	0.564344
46.2432	0.574829
46.3236	0.597195
46.4045	0.593317
46.4886	0.571067
46.5742	0.56088
46.6581	0.571739
46.7406	0.58198
46.8236	0.578296
46.9087	0.564181
46.9922	0.574659
47.0773	0.564181
47.1586	0.590204
47.2337	0.638957
47.3104	0.625827
47.3903	0.601124
47.4717	0.589489
47.5572	0.561204
47.6339	0.625827
47.7117	0.61737
47.79	0.613227
47.8724	0.58198
47.958	0.420903
48.0394	0.589489
48.1182	0.609139
48.2007	0.58198
48.2852	0.56752
48.3698	0.567852
48.4533	0.574659
48.5388	0.561204
48.6171	0.613614
48.6917	0.643456
48.7699	0.613227
48.8493	0.605105
48.9338	0.56752
49.0136	0.45154
49.0892	0.634519
49.1654	0.630143
49.2463	0.593317
49.3272	0.593317
49.4091	0.58571
49.4947	0.561042
49.5766	0.585887
49.657	0.597195
49.7368	0.601124
49.8177	0.593317
49.9023	0.56752
49.9864	0.571067
50.0719	0.561042
50.1538	0.586593
50.2315	0.61737
50.3119	0.597195
50.3965	0.56752
50.482	0.561042
50.5623	0.448309
50.6437	0.589489
50.7257	0.58571
50.8097	0.999368
50.8942	1.1367
50.9678	1.3053
51.045	1.24314
51.1232	1.22645
51.2036	1.19439
51.2835	1.20225
51.3654	1.17142
51.4495	1.14213
51.5341	1.13504
51.6159	1.17248
51.6953	1.21021
51.7756	1.19439
51.8555	1.20225
51.9385	1.15659
52.0236	1.12803
52.107	1.15034
52.1864	1.21021
52.2667	1.19439
52.3524	1.12111
52.4384	1.1162
52.5115	1.31286
52.5861	1.28691
52.6618	1.26904
52.74	1.22645
52.8215	1.17898
52.9034	1.17142
52.988	1.13537
53.0698	1.17248
53.1492	1.21021
53.2269	1.23474
53.3068	1.20225
53.3892	1.16396
53.4743	1.12836
53.5573	1.15659
53.6434	1.11588
53.7184	1.43812
53.792	1.3053
53.8676	1.26904
53.9454	1.23474
54.0268	1.62109
54.1109	1.7132
54.1974	1.6646
54.2736	1.41782
54.3529	1.21021
54.4306	1.23474
54.51	1.36149
54.5898	1.20225
54.6718	1.17142
54.7578	1.39444
54.8335	1.11041
54.9102	1.0952
54.9895	1.21021
55.0709	1.17898
55.1559	1.12902
55.2405	1.13537
55.326	1.12208
55.4079	1.31944
55.4867	1.21828
55.5639	1.24314
55.6448	1.18663
55.7252	1.19439
55.8077	1.16396
55.8917	1.14213
55.9773	1.12144
56.0623	0.847254
56.1344	0.332982
56.2069	0.662107
56.2804	0.652649
56.355	0.643456
56.4312	0.787679
56.5111	1.20225
56.5935	1.16396
56.6796	1.11588
56.7631	1.14966
56.8455	1.30945
56.9316	0.976391
57.0098	0.920711
57.0833	0.652649
57.1584	0.638957
57.2357	0.62157
57.3166	1.0383
57.3985	1.17142
57.4836	1.12836
57.5686	1.12967
57.6511	1.30945
57.7341	1.15659
57.8201	0.976111
57.8979	0.92602
57.9694	0.838612
58.0445	1.27791
58.1223	1.23474
58.2074	1.12803
58.2918	1.13736
58.3674	1.26904
58.4415	1.29604
58.5214	1.35253
58.6049	1.14932
58.6889	1.14213
58.7735	1.13504
58.8581	1.13504
58.942	1.14381
59.0177	1.26904
59.0907	1.31469
59.1695	1.21828
59.2515	1.17142
59.336	1.1357
59.4179	1.17142
59.4978	1.20225
59.5782	1.19439
59.6632	1.12902
59.7415	1.22645
59.8166	1.27791
59.8928	1.26029
59.9689	1.26029
60.0483	1.21021
60.1302	1.17142
60.2148	1.13504
60.2993	0.994321
60.3812	0.878565
60.4626	0.589489
60.5462	0.574659
60.6318	0.560719
60.7142	0.436877
60.7951	0.593317
60.8781	0.72287
60.9606	0.58198
61.0446	0.571067
61.1306	0.557938
61.2068	0.630347
61.2856	1.06599
61.366	1.19439
61.4479	1.17142
61.5309	1.15659
61.6154	1.1367
61.6942	1.21828
61.7746	1.19439
61.8576	1.15659
61.94	1.16396
62.0236	1.14932
62.107	1.15034
62.1869	1.20225
62.2693	1.16396
62.3549	1.12208
62.4348	1.20225
62.5167	1.17142
62.6018	1.12836
62.6877	1.11716
62.7603	1.32236
62.8344	1.29604
62.9121	1.23474
62.9909	1.21828
63.0755	1.13537
63.1584	1.15762
63.2429	1.1357
63.3238	1.18736
63.401	1.24314
63.4788	1.23474
63.5597	1.18663
63.6447	1.12869
63.7251	1.19512
63.8049	1.20225
63.8858	1.33496
63.9704	1.13504
64.0553	0.98875
64.1315	0.630143
64.2061	0.643456
64.2823	0.630143
64.359	0.782284
64.4409	1.17142
64.5239	1.15659
64.6095	1.12176
64.6919	1.1657
64.7707	1.37056
64.8505	1.20225
64.933	1.16396
65.0155	1.16396
65.0995	1.14213
65.184	0.994321
65.2639	0.901685
65.3474	0.718324
65.4319	1.13537
65.5165	1.13504
65.6021	1.12176
65.6875	1.12338
65.7616	1.29604
65.8367	1.27791
65.9134	1.40811
65.9943	1.18663
66.0784	1.14213
66.164	1.12208
66.2469	0.868477
66.3246	0.308685
66.4066	0.58571
66.4896	0.578296
66.573	0.575509
66.646	0.82168
66.7227	1.25165
66.801	1.22645
66.8819	1.18663
66.9628	1.18663
67.0479	1.26904
67.1339	0.976671
67.2089	0.959065
67.28	0.675852
67.3535	0.652649
67.4307	0.62157
67.5163	0.561204
67.5966	0.448034
67.678	0.589489
67.761	0.578296
67.8461	0.564181
67.9306	0.568017
68.01	0.605105
68.0919	0.58571
68.1754	0.574659
68.26	0.56752
68.3455	0.561366
68.4248	0.605105
68.5052	0.597195
68.5898	0.567686
68.6733	0.574659
68.7568	0.574659
68.8429	0.418333
68.9206	0.617566
68.9973	0.625827
69.0793	0.58571
69.1617	0.58198
69.2458	0.571067
69.3271	0.590025
69.4054	0.766533
69.49	0.567686
69.5719	0.585887
69.6517	0.601124
69.7358	0.571067
69.8213	0.561204
69.9033	0.732138
69.9884	0.564181
70.0733	0.564836
70.1516	0.613227
70.2315	0.601124
70.3129	0.736861
70.3984	1.12241
70.4798	1.17934
70.5618	1.17142
70.6473	1.12208
70.7219	1.28734
70.7944	1.32421
70.8711	1.25165
70.9515	1.19439
71.0324	1.18663
71.1159	1.14932
71.1994	1.14932
71.284	1.13504
71.3691	1.12869
71.4531	1.14213
71.5387	1.12208
71.6158	1.24393
71.6915	1.26904
71.7671	1.26904
71.8454	1.22645
71.9253	1.20225
72.0077	1.16396
72.0923	1.13537
72.1767	1.13703
72.2519	1.27791
72.3296	1.23474
72.4105	1.18663
72.4925	1.17142
72.5775	1.12836
72.6594	1.17248
72.7387	1.21021
72.8191	1.19439
72.8995	1.19439
72.9814	1.17142
73.0665	1.26941
73.1516	1.12836
73.2303	1.22019
73.3019	1.33988
73.372	1.54126
73.4466	1.93037
73.5222	1.90356
73.6026	1.79158
73.6856	1.87946
73.7702	1.70256
73.8553	1.83412
73.9392	1.8587
74.0113	1.4985
74.0834	1.33012
74.158	1.28691
74.2379	1.65309
74.3214	1.72398
74.4065	1.69205
74.491	1.84552
74.5735	1.74594
74.6591	1.68313
74.741	1.61119
74.8193	1.07315
74.9023	1.30117
74.9868	1.13504
75.072	1.12803
75.1575	1.12241
75.2331	1.26945
75.3067	1.3053
75.3834	1.25165
75.4632	1.20225
75.5446	1.17898
75.6276	1.15659
75.7112	1.14932
75.7957	1.13504
75.8807	1.12967
75.9595	1.21828
76.0357	1.26029
76.1155	1.20225
76.1991	1.14932
76.2835	1.13637
76.3613	1.23474
76.439	1.23474
76.5194	1.19439
76.604	1.1357
76.689	1.12836
76.7688	1.05262
76.8461	0.62157
76.927	1.0383
77.0084	1.17898
77.0914	1.15659
77.1748	1.15034
77.2563	1.17898
77.3408	1.13504
77.4243	1.15068
77.5015	0.932355
77.5777	0.630143
77.6538	0.630143
77.7321	0.613227
77.8187	0.83159
77.8949	0.787567
77.9669	0.666073
78.0384	0.671844
78.1119	0.652649
78.1923	0.597195
78.2778	0.561204
78.3577	0.601309
78.4302	0.662107
78.5032	0.657344
78.5804	0.62157
78.6624	0.58571
78.7469	0.567686
78.8304	0.431376
78.915	0.56752
78.9994	0.568183
79.0798	0.597195
79.1612	0.589489
79.2468	0.561204
79.324	0.62157
79.4007	0.625827
79.48	0.605105
79.5604	0.597195
79.6429	0.58198
79.7274	0.567852
79.8088	0.589489
79.8887	0.601124
79.9727	0.571067
80.0588	0.557938
80.1386	0.601495
80.2205	0.58571
80.304	0.574659
80.3876	0.574659
80.4736	0.557618
80.5571	0.287584
80.638	0.296658
80.721	0.289148
80.8051	0.571067
80.8891	0.571067
80.9732	0.571067
81.0582	0.564344
81.1428	0.56752
81.2278	0.564508
81.3025	0.642581
81.374	0.671844
81.4496	0.634519
81.5284	0.609139
81.6109	0.58198
81.6939	0.578296
81.7747	0.594041
81.8477	0.657344
81.9194	0.669938
81.9905	0.674886
82.064	0.652649
82.1423	0.613227
82.2243	0.58571
82.3093	0.564508
82.3876	0.613227
82.4674	0.601124
82.552	0.56752
82.637	0.564344
82.7163	0.605481
82.7883	1.00041
82.8604	0.666
82.9344	0.64802
83.0138	0.605105
83.0957	0.58571
83.1808	0.987603
83.2611	1.19476
83.3399	1.21828
83.4182	1.22645
83.4991	1.18663
83.5836	1.13603
83.6618	1.22723
83.7375	1.26904
83.8136	1.26029
83.8893	1.26904
83.9676	1.22645
84.0474	1.20225
84.1319	1.13603
84.2091	1.24314
84.2812	1.332
84.3542	1.31469
84.4309	1.25165
84.516	1.12902
84.5974	1.17934
84.6767	1.21021
84.7565	1.20225
84.838	1.17898
84.9241	1.11524
85.0007	1.25206
85.0743	1.3053
85.1499	1.26904
85.2271	1.24314
85.3044	1.24314
85.3842	1.20225
85.4693	1.12836
85.5517	1.01938
85.6305	0.761423
85.7088	0.613227
85.7913	0.58198
85.8753	0.571067
85.9618	0.554868
86.0314	0.517606
86.1013	0.686039
86.174	0.82532
86.2476	0.652649
86.3264	0.609139
86.4073	0.593317
86.4933	0.976111
86.5768	1.15034
86.6587	1.17142
86.7428	1.14213
86.8252	1.165
86.904	1.21828
86.9844	1.19439
87.069	1.13504
87.1545	1.12273
87.2291	1.28587
87.3001	1.35178
87.3713	1.34977
87.4419	1.35982
87.513	1.3497
87.5855	1.32421
87.6616	1.26029
87.742	1.19439
87.8245	1.16396
87.908	1.14932
87.9926	1.13504
88.0777	1.12869
88.1596	1.17177
88.2389	1.21021
88.3219	1.15659
88.4065	1.13504
88.4894	1.15797
88.5682	1.21828
88.6459	1.23474
88.7237	1.23474
88.8035	1.20225
88.8881	1.13504
88.9727	1.13504
89.0577	1.12934
89.1344	1.25165
89.2158	1.32635
89.2957	1.20225
89.3782	1.16396
89.4642	1.11588
89.5356	1.34415
89.6067	0.674849
89.6788	1.1655
89.7555	1.25165
89.8338	1.22645
89.9126	1.21828
89.9935	1.18663
90.0744	1.33496
90.1574	1.15659
90.2425	1.12836
90.3269	1.13637
90.4068	1.35253
90.4872	1.79158
90.5676	1.79158
90.6511	1.72398
90.7366	1.68458
90.8092	1.98354
90.8822	1.97203
90.9584	1.89043
91.035	1.87748
91.1133	1.83968
91.1948	1.76847
91.2772	1.74594
91.3613	1.7132
91.4437	1.74803
91.5163	1.98354
91.5878	2.01267
91.6598	2.00082
91.7338	1.94406
91.8111	1.86471
91.8909	1.80337
91.9734	1.74594
92.058	1.70306
92.1414	1.72602
92.2186	1.86471
92.2948	1.89043
92.3731	1.83968
92.4534	1.79158
92.5354	1.75713
92.6199	1.70355
92.7029	1.7354
92.7859	1.73489
92.8699	1.7132
92.955	1.69303
93.0375	1.74594
93.122	1.84552
93.206	1.71471
93.2895	1.72398
93.3725	1.73489
93.458	1.6841
93.5363	1.68637
93.6119	1.74493
93.6897	1.85211
93.7706	1.77995
93.8531	1.74594
93.9376	1.70355
94.021	1.86985
94.0967	1.90356
94.1781	1.76847
94.2622	1.7132
94.3466	1.70455
94.4244	1.69777
94.5027	1.22645
94.5841	1.17898
94.6681	1.57182
94.7468	1.82971
94.8194	1.98354
94.8955	2.04797
94.9733	1.85211
95.0552	1.75713
95.1403	1.69254
95.2227	1.60236
95.2983	1.5863
95.3735	1.27791
95.4512	1.23474
95.5311	1.35253
95.6171	1.67285
95.699	1.75872
95.7778	1.9797
95.8571	1.81531
95.9401	1.73489
96.0242	1.7132
96.1082	1.57228
96.1901	1.17142
96.2721	1.17142
96.3545	1.16396
96.4381	1.29298
96.5226	1.13537
96.6081	1.12306
96.6791	0.844815
96.7527	1.14213
96.8294	1.25165
96.9076	1.22645
96.9896	1.17142
97.0736	1.14213
97.1571	1.15068
97.2343	1.24314
97.3157	1.32635
97.3977	1.17142
97.4802	1.16396
97.5657	0.981823
97.6456	0.901685
97.7233	0.61737
97.8053	0.58571
97.8898	0.56752
97.9754	0.420903
98.0605	0.564017
98.1465	0.418333
98.2279	0.589846
98.3119	0.571235
98.396	0.571235
98.48	0.571067
98.5634	0.575509
98.6365	0.65643
98.7082	0.669938
98.7812	0.657344
98.8537	0.662107
98.9315	0.61737
99.0145	0.578296
99.099	0.56752
99.1841	0.564017
99.267	0.289578
99.3437	0.312914
99.4204	0.312914
99.4987	0.613227
99.5832	0.567686
99.6688	0.420903
99.7465	0.617566
99.8253	0.609139
99.9036	0.613227
99.9834	0.601124
100.066	0.58198
100.152	0.418573
100.233	0.296839
100.312	0.304569
100.394	0.436485
100.48	0.557778
100.554	0.485646
100.626	0.66694
100.701	0.638957
100.778	0.625827
100.858	0.597195
100.943	0.564017
101.026	0.582328
101.106	0.597195
101.349	0.0989465
101.433	0.28376
101.518	0.426137
101.597	0.756381
101.678	0.597195
101.763	0.561042
101.847	0.575169
101.927	0.746493
102.011	0.571067
102.094	0.575679
102.172	0.61737
102.25	0.613227
102.332	0.736861
102.416	1.14213
102.501	1.12934
102.582	1.17934
102.661	1.21828
102.74	1.21021
102.822	1.17898
102.907	1.12902
102.984	1.25165
103.062	1.22645
103.142	1.19439
103.225	1.15659
103.308	1.16396
103.39	1.16396
103.474	1.14213
103.56	1.12306
103.635	1.26904
103.712	1.26029
103.788	1.25165
103.867	1.21828
103.95	1.16396
104.035	1.12869
104.109	1.28691
104.183	1.29604
104.265	1.17898
104.349	1.13504
104.435	1.11556
104.516	1.18736
104.593	1.25165
104.675	1.16396
104.761	1.12144
104.845	1.14281
104.929	1.14932
105.011	1.16396
105.097	1.25464
105.179	1.01968
105.257	0.62157
105.34	1.01202
105.424	1.14213
105.51	1.11588
105.585	1.27875
105.658	1.3053
105.735	1.25165
105.815	1.19439
105.898	1.30117
105.984	0.98239
106.064	0.896067
106.147	0.58198
106.232	0.564508
106.309	0.62157
106.389	1.05197
106.471	1.16396
106.554	1.16466
106.635	1.17898
106.72	1.26941
106.802	1.02592
106.879	0.625827
106.96	0.593317
107.042	0.58571
107.127	0.564508
107.209	0.727474
107.293	0.571067
107.379	0.421024
107.46	0.593317
107.545	0.420903
107.622	0.625827
107.697	0.643456
107.773	0.630143
107.85	0.62157
107.927	0.62157
108.005	0.61737
108.084	0.609139
108.164	0.601124
108.245	0.58571
108.327	0.58571
108.411	0.571067
108.494	0.58198
108.576	0.58571
108.661	0.561204
108.739	0.61737
108.818	0.609139
108.903	0.564508
108.985	0.436746
109.071	0.564181
109.156	0.564672
109.229	0.65643
109.3	0.674886
109.372	0.66118
109.446	0.652649
109.524	0.61737
109.608	0.567686
109.692	0.428678
109.769	0.62157
109.85	0.597195
109.932	0.58198
110.018	0.561204
110.102	0.571403
110.183	0.589489
110.267	0.571067
110.353	0.557938
110.428	0.482069
110.507	0.605105
110.59	0.58198
110.674	0.571067
110.756	0.586416
110.831	0.634519
110.908	1.0952
110.985	1.24314
111.067	1.17898
111.152	1.12241
111.232	1.20262
111.314	1.17898
111.397	1.15659
111.481	1.13504
111.566	1.12803
111.651	1.12934
111.732	1.18663
111.814	1.17142
111.898	1.14213
111.984	1.12273
112.063	1.21021
112.143	1.20225
112.225	1.17142
112.308	1.14932
112.392	1.14213
112.476	1.14213
112.562	1.11588
112.642	1.20262
112.72	1.23474
112.798	1.22645
112.879	1.18663
112.964	1.12803
113.05	1.11556
113.129	1.22645
113.209	1.18663
113.291	1.17898
113.373	1.16396
113.455	1.17142
113.54	1.13603
113.618	1.37976
113.693	1.28691
113.767	1.28691
113.847	1.35253
113.933	1.68264
114.013	1.80449
114.087	2.10606
114.161	1.94406
114.236	2.37945
114.317	2.37327
114.402	2.41196
114.487	2.25672
114.569	1.74594
114.652	1.73489
114.736	1.85597
114.822	1.69254
114.905	1.87946
114.989	2.28427
115.074	2.24352
115.157	2.44736
115.231	2.62558
115.309	2.43655
115.393	2.28427
115.479	2.25738
115.558	1.81814
115.629	1.5095
115.709	1.81531
115.788	1.80337
115.869	1.77995
115.953	1.85597
116.038	1.69303
116.122	1.72653
116.197	1.75713
116.271	1.3053
116.347	1.25165
116.426	1.21828
116.506	1.19439
116.59	1.57136
116.673	1.74751
116.744	2.02455
116.819	1.93037
116.895	1.89043
116.976	1.76847
117.062	1.68313
117.143	1.769
117.225	1.76847
117.306	1.75713
117.391	1.70256
117.477	1.68361
117.561	1.7132
117.646	1.69402
117.722	1.89043
117.798	1.89043
117.88	1.75713
117.964	1.7132
118.05	1.68361
118.126	1.89043
118.2	1.93037
118.278	1.85211
118.358	1.79158
118.439	1.77995
118.519	1.80337
118.6	1.77995
118.681	1.76847
118.754	1.97463
118.826	2.01553
118.898	2.00127
118.97	2.00032
119.04	2.03972
119.111	2.03972
119.182	2.03972
119.252	2.2097
119.323	2.03972
119.393	2.03972
119.464	2.03972
119.735	0.354652
