10.0341	34
10.0694	34
10.1047	38
10.3149	38
10.3497	42
10.3845	45
10.4192	48
10.4203	47
10.4551	45
10.4561	44
10.4904	43
10.4914	42
10.5262	41
10.5272	40
10.561	44
10.562	43
10.5957	46
10.5968	45
10.6305	47
10.6315	46
10.6653	49
10.6663	47
10.6674	46
10.7011	44
10.7021	43
10.7032	42
10.7364	41
10.7374	40
10.7385	40
10.7717	39
10.7727	39
10.7738	38
10.8075	38
10.8086	38
10.8096	37
10.8423	41
10.8433	41
10.8444	40
10.8771	43
10.8781	42
10.8792	42
10.9118	45
10.9129	43
10.9139	42
10.9466	45
10.9477	44
10.9487	43
10.9814	46
10.9824	45
10.9835	44
10.9845	43
11.0197	42
11.0208	41
11.0218	41
11.0229	40
11.0618	41
11.0628	41
11.0639	41
11.0649	41
11.1052	41
11.1063	42
11.1078	42
11.1804	41
11.2136	44
11.2152	43
11.2484	46
11.25	45
11.2832	48
11.2847	46
11.3179	49
11.3195	47
11.3527	50
11.3552	48
11.3875	51
11.39	49
11.4228	51
11.4247	49
11.4597	52
11.4607	50
11.4955	53
11.4965	51
11.5318	53
11.5329	51
11.5687	54
11.5698	52
11.5708	50
11.6071	48
11.6081	47
11.6092	46
11.6459	45
11.647	44
11.648	43
11.6848	43
11.6859	42
11.6869	42
11.7237	41
11.7247	41
11.7258	41
11.7631	40
11.7641	40
11.7652	40
11.803	40
11.8041	40
11.8051	40
11.844	40
11.845	40
11.8461	40
11.8839	40
11.885	40
11.886	40
11.9238	40
11.9249	40
11.9259	40
11.9638	40
11.9648	40
11.9659	40
12.0037	40
12.0047	40
12.0058	40
12.0436	40
12.0447	40
12.0457	40
12.0835	40
12.0846	40
12.0856	40
12.1235	40
12.1245	40
12.1256	40
12.1634	40
12.1644	40
12.1655	40
12.2033	40
12.2044	40
12.2054	40
12.2432	40
12.2443	40
12.2453	40
12.2832	40
12.2842	40
12.2853	40
12.3231	40
12.3241	40
12.3252	40
12.3646	40
12.3656	40
12.3667	40
12.4076	40
12.4087	40
12.4097	41
12.4501	41
12.4511	41
12.4522	41
12.4858	40
12.4869	40
12.4879	39
12.5211	39
12.5222	38
12.5232	38
12.5564	37
12.5575	37
12.5585	37
12.5917	36
12.5928	36
12.5938	36
12.6275	36
12.6286	36
12.6296	36
12.6644	36
12.6655	36
12.6665	36
12.7028	36
12.7038	36
12.7049	37
12.7411	37
12.7422	37
12.7432	37
12.7795	37
12.7805	37
12.7816	37
12.8183	37
12.8194	38
12.8204	38
12.8593	38
12.8604	38
12.8614	39
12.8992	39
12.9003	39
12.9013	39
12.9392	39
12.9402	39
12.9413	39
12.9786	39
12.9796	39
12.9807	39
13.018	39
13.019	39
13.0201	39
13.0574	39
13.0584	39
13.0595	39
13.0989	39
13.0999	39
13.101	39
13.1419	40
13.1429	40
13.144	40
13.1802	40
13.1812	40
13.1823	40
13.2155	39
13.2165	39
13.2176	38
13.2508	38
13.2518	37
13.2529	37
13.2861	37
13.2871	37
13.2882	36
13.3214	36
13.3224	36
13.3235	36
13.3577	36
13.3588	36
13.3598	36
13.393	36
13.3941	36
13.3951	36
13.4283	35
13.4294	35
13.4304	35
13.4636	35
13.4647	35
13.4657	35
13.4989	35
13.5	35
13.501	35
13.5342	35
13.5353	35
13.5363	35
13.5695	35
13.5706	35
13.5716	35
13.6048	35
13.6059	35
13.6069	35
13.6401	35
13.6417	35
13.6427	35
13.6764	35
13.6785	35
13.6795	35
13.7126	35
13.7147	35
13.7158	35
13.7483	35
13.7504	35
13.7515	35
13.784	35
13.7861	35
13.7872	35
13.8213	36
13.8234	36
13.8245	36
13.8607	36
13.8628	36
13.8639	37
13.8996	37
13.9017	37
13.9028	37
13.9385	37
13.9406	38
13.9416	38
13.9774	38
13.9795	38
13.9805	38
14.0168	38
14.0189	38
14.0199	38
14.0577	38
14.0604	39
14.0614	39
14.1003	40
14.1024	40
14.1034	40
14.1423	40
14.1444	40
14.1455	41
14.1844	41
14.1865	41
14.1875	41
14.2274	41
14.2295	41
14.2306	41
14.2699	41
14.272	42
14.273	42
14.3119	47
14.3135	46
14.3145	46
14.3513	50
14.3529	49
14.3539	47
14.3917	51
14.3933	50
14.3944	49
14.4342	53
14.4358	52
14.4369	51
14.4747	54
14.4768	53
14.4778	51
14.513	54
14.5151	53
14.5162	51
14.5524	54
14.5545	52
14.5556	51
14.5918	54
14.5939	52
14.595	50
14.6318	54
14.6328	52
14.6349	50
14.636	49
14.6727	48
14.6738	47
14.6759	46
14.6769	46
14.7137	45
14.7148	44
14.7169	44
14.7179	44
14.7547	43
14.7557	43
14.7578	43
14.7589	42
14.7957	42
14.7967	42
14.7988	42
14.7999	42
14.8382	42
14.8393	42
14.8414	42
14.8424	42
14.8812	42
14.9636	42
14.9657	42
15.0036	46
15.0046	46
15.0067	45
15.0456	45
15.0466	44
15.0488	44
15.0882	44
15.0892	44
15.0913	43
15.1312	43
15.1323	43
15.1343	43
15.1742	43
15.1753	43
15.1774	43
15.2157	43
15.2168	42
15.2183	42
15.2567	42
15.2577	42
15.2593	42
15.2987	42
15.2998	42
15.3013	42
15.3402	47
15.3413	46
15.3428	46
15.3837	50
15.462	49
15.4983	47
15.5004	46
15.5361	45
15.5382	44
15.574	43
15.5761	43
15.6123	42
15.6144	41
15.6501	41
15.6522	41
15.6895	40
15.6916	40
15.7305	40
15.7326	40
15.772	40
15.7741	40
15.813	40
15.8151	40
15.854	40
15.8561	41
15.8965	46
15.8986	46
15.938	50
15.9401	49
15.9779	53
15.98	51
16.0178	55
16.0199	53
16.0577	56
16.0598	54
16.0977	57
16.0998	55
16.1381	58
16.1402	56
16.1791	59
16.1812	57
16.2211	60
16.2232	58
16.2642	61
16.2663	59
16.3881	56
16.428	59
16.4679	62
16.5079	64
16.5488	66
16.5898	68
16.6308	70
16.6318	66
16.6733	63
16.6744	60
16.7154	58
16.7164	56
16.7579	54
16.759	53
16.8004	51
16.8015	50
16.8434	49
16.8445	48
16.8817	47
16.8828	46
16.9175	45
16.9185	43
16.9528	42
16.9538	41
16.9886	45
16.9896	44
17.0239	47
17.0249	46
17.0592	49
17.0602	47
17.0949	50
17.096	48
17.1322	51
17.1333	49
17.1695	52
17.1706	51
17.2073	53
17.2084	52
17.2457	54
17.2467	52
17.284	55
17.2851	53
17.3224	56
17.3234	54
17.3607	56
17.3618	54
17.3986	57
17.3996	54
17.4369	57
17.438	55
17.4758	57
17.4768	55
17.5152	58
17.5162	56
17.5562	59
17.5572	57
17.5971	60
17.5982	57
17.6381	60
17.6392	58
17.6791	61
17.6801	58
17.7206	61
17.7216	59
17.7636	62
17.7647	59
17.8051	62
17.8061	60
17.8461	63
17.8471	60
17.8865	62
17.8876	60
17.927	62
17.928	59
17.9669	62
17.9679	59
18.0068	61
18.0079	59
18.0473	61
18.0483	59
18.0877	61
18.0888	59
18.1276	61
18.1287	59
18.1681	61
18.1691	59
18.2091	62
18.2101	59
18.25	62
18.2511	59
18.2915	62
18.2926	59
18.3336	62
18.3346	60
18.3756	62
18.3766	60
18.4176	63
18.4187	60
18.4602	63
18.4612	61
18.5032	64
18.5042	61
18.5452	64
18.5462	61
18.583	63
18.5841	60
18.6214	62
18.6224	59
18.6587	61
18.6597	58
18.697	60
18.6981	57
18.6991	55
18.7359	53
18.7369	51
18.738	49
18.7753	48
18.7763	47
18.7774	46
18.8147	45
18.8157	44
18.8168	44
18.8557	43
18.8567	43
18.8578	43
18.8982	43
18.8993	43
18.9003	43
18.9412	43
18.9422	43
18.9433	43
18.9836	42
18.9847	42
18.9857	42
19.0204	41
19.0215	41
19.0225	40
19.0568	40
19.0578	39
19.0589	39
19.0946	39
19.0956	38
19.0967	38
19.134	38
19.135	38
19.1361	39
19.1739	39
19.175	39
19.176	39
19.2149	39
19.2159	39
19.217	39
19.2564	40
19.2574	40
19.2585	40
19.2984	40
19.2995	40
19.3005	40
19.341	41
19.342	41
19.3431	41
19.383	41
19.384	41
19.3851	41
19.426	41
19.4271	42
19.4281	42
19.4685	42
19.4696	42
19.4706	42
19.5084	41
19.5095	41
19.5105	41
19.5473	41
19.5484	40
19.5494	40
19.5862	40
19.5872	40
19.5883	40
19.6251	39
19.6261	39
19.6272	39
19.6645	39
19.6655	39
19.6666	39
19.7044	39
19.7054	39
19.7065	39
19.7433	39
19.7443	39
19.7454	39
19.7821	39
19.7832	39
19.7842	39
19.8221	39
19.8231	39
19.8242	39
19.8641	39
19.8651	40
19.8662	40
19.9071	40
19.9081	40
19.9092	41
19.947	40
19.948	40
19.9491	40
19.9823	40
19.9833	39
19.9844	38
20.0176	38
20.0186	38
20.0197	37
20.0543	41
20.0554	41
20.0564	40
20.0916	44
20.0927	43
20.0937	43
20.1295	46
20.1305	45
20.1316	45
20.1678	48
20.1689	47
20.1699	46
20.2062	49
20.2072	48
20.2083	47
20.245	51
20.2461	49
20.2471	48
20.2839	51
20.285	50
20.286	48
20.2871	47
20.3238	46
20.3249	46
20.3259	45
20.327	44
20.3643	43
20.3653	43
20.3664	43
20.3674	42
20.4058	42
20.4068	42
20.4079	42
20.4089	42
20.4478	42
20.4489	42
20.4499	42
20.451	42
20.4904	42
20.4914	42
20.4925	42
20.4935	42
20.5324	47
20.5334	47
20.5345	46
20.5355	46
20.5744	50
20.5755	49
20.5765	48
20.5776	48
20.617	52
20.618	51
20.6191	50
20.6201	49
20.659	53
20.66	52
20.6611	51
20.6621	50
20.6632	49
20.7026	48
20.7036	47
20.7047	47
20.7057	46
20.7068	46
20.745	45
20.7461	45
20.7471	45
20.7482	44
20.7492	44
20.7849	43
20.7859	43
20.787	43
20.788	42
20.7891	42
20.8222	46
20.8232	45
20.8243	44
20.8253	43
20.8264	43
20.8605	46
20.8616	45
20.8626	44
20.8637	44
20.8647	43
20.8999	47
20.901	46
20.902	45
20.9031	45
20.9041	44
20.9399	48
20.9409	47
20.942	46
20.943	45
20.9441	45
20.9451	44
20.9819	44
20.9829	44
20.984	43
20.985	43
20.9861	43
20.9871	43
21.0239	43
21.025	42
21.026	42
21.0271	42
21.0281	42
21.0292	42
21.0665	42
21.0675	42
21.0686	42
21.0696	42
21.0707	42
21.0717	42
21.1084	47
21.1095	46
21.1105	46
21.1116	46
21.1126	45
21.1137	45
21.1505	49
21.1515	48
21.1526	47
21.1536	47
21.1547	46
21.1557	46
21.1568	45
21.193	45
21.1941	45
21.1951	44
21.1962	44
21.1972	44
21.1983	44
21.1993	44
21.236	44
21.2371	43
21.2381	43
21.2392	43
21.2402	43
21.3185	43
21.3195	42
21.3206	42
21.3216	41
21.3227	41
21.3563	40
21.3573	40
21.3584	40
21.3595	39
21.3605	39
21.3957	39
21.3967	39
21.3978	39
21.3989	39
21.3999	39
21.4367	39
21.4377	39
21.4388	40
21.4398	40
21.4409	40
21.4782	45
21.4792	45
21.4803	44
21.4813	44
21.4824	44
21.5202	48
21.5213	48
21.5223	47
21.5234	46
21.5244	46
21.5622	50
21.5633	49
21.5643	48
21.5654	48
21.5664	47
21.6043	51
21.6053	50
21.6064	49
21.6074	48
21.6085	48
21.6095	47
21.6473	46
21.6484	46
21.6494	45
21.6505	45
21.6515	45
21.6526	44
21.6903	44
21.6914	44
21.6924	44
21.6935	44
21.6945	44
21.6956	43
21.7318	43
21.7328	43
21.7339	42
21.7349	42
21.736	42
21.737	42
21.7717	42
21.7728	41
21.7738	41
21.7749	41
21.7759	41
21.777	40
21.8127	40
21.8137	41
21.8148	41
21.8158	41
21.8169	41
21.8179	41
21.8537	45
21.8547	45
21.8558	44
21.8568	44
21.8579	44
21.8589	44
21.8952	48
21.8962	47
21.8973	47
21.8983	46
21.8994	46
21.9004	45
21.9382	49
21.9833	48
22.0206	47
22.0217	46
22.0227	45
22.0238	45
22.06	44
22.0611	43
22.0621	43
22.0632	43
22.1005	42
22.1015	42
22.1026	42
22.1036	41
22.1404	41
22.1415	41
22.1425	41
22.1436	41
22.1809	40
22.1819	40
22.183	40
22.184	40
22.2213	40
22.2224	40
22.2234	41
22.2245	41
22.2623	45
22.2634	45
22.2644	44
22.2655	44
22.3033	48
22.3043	47
22.3054	47
22.3064	46
22.3448	50
22.3458	49
22.3469	48
22.3479	47
22.3873	51
22.3884	50
22.3894	50
22.3905	49
22.4309	53
22.5838	51
22.5849	49
22.6195	48
22.6206	46
22.6216	45
22.6574	49
22.6584	47
22.6595	46
22.6957	50
22.6968	48
22.6978	47
22.7351	51
22.7362	49
22.7372	48
22.7745	52
22.7756	50
22.7766	49
22.8144	52
22.8155	51
22.8165	50
22.8554	53
22.8565	52
22.8575	50
22.8969	54
22.898	52
22.899	51
22.9395	55
22.9405	54
22.9416	52
22.982	56
22.983	54
22.9841	53
23.025	57
23.0261	55
23.0271	54
23.0618	57
23.0628	54
23.0639	52
23.0991	54
23.1001	52
23.1012	51
23.1369	53
23.1379	51
23.139	50
23.1737	52
23.1747	51
23.1758	49
23.2115	52
23.2125	50
23.2136	49
23.2146	47
23.2498	46
23.2509	45
23.2519	44
23.253	43
23.2887	43
23.2898	42
23.2908	42
23.2919	41
23.3286	41
23.3297	41
23.3307	41
23.3318	41
23.3712	41
23.3722	41
23.3733	41
23.3743	41
23.4142	42
23.4152	42
23.4163	42
23.4173	42
23.4572	42
23.4583	42
23.4593	42
23.4604	42
23.4966	42
23.4977	41
23.4987	41
23.4998	41
23.536	40
23.5371	40
23.5381	40
23.5392	40
23.5754	40
23.5765	40
23.5775	40
23.5786	39
23.6159	39
23.6169	39
23.618	39
23.619	40
23.6574	40
23.6584	40
23.6595	40
23.6605	40
23.7004	41
23.7014	41
23.7025	41
23.7035	41
23.7424	41
23.7434	41
23.7445	41
23.7455	41
23.7828	41
23.7839	41
23.7849	41
23.786	41
23.8233	41
23.8243	41
23.8254	41
23.8264	41
23.8637	40
23.8648	40
23.8658	40
23.8669	40
23.9058	40
23.9068	40
23.9079	41
23.9089	41
23.9493	41
23.9503	41
23.9514	42
23.9524	42
23.9918	42
23.9928	42
23.9939	42
23.9949	42
24.0291	41
24.0301	41
24.0312	40
24.0322	40
24.0669	40
24.0679	39
24.069	39
24.07	39
24.1047	39
24.1058	38
24.1068	38
24.1079	38
24.1425	38
24.1436	38
24.1446	38
24.1457	38
24.1809	38
24.1819	38
24.183	38
24.184	38
24.2192	38
24.2203	38
24.2213	38
24.2224	38
24.2581	38
24.2591	38
24.2602	38
24.2613	38
24.2975	38
24.2985	38
24.2996	38
24.3007	38
24.3379	38
24.339	39
24.3401	39
24.3411	39
24.3784	39
24.3795	39
24.3805	39
24.3816	39
24.421	40
24.422	40
24.4231	40
24.4241	41
24.4645	41
24.4655	41
24.4666	41
24.4676	41
24.5049	41
24.5059	41
24.507	41
24.508	41
24.5427	40
24.5438	40
24.5448	40
24.5459	39
24.579	39
24.58	39
24.5811	38
24.5821	38
24.6157	38
24.6168	38
24.6178	37
24.6189	37
24.653	37
24.6541	37
24.6551	37
24.6562	37
24.6914	37
24.6924	37
24.6935	37
24.6945	37
24.7302	37
24.7313	38
24.7323	38
24.7334	38
24.7691	38
24.7702	38
24.7712	38
24.7723	38
24.8085	38
24.8096	38
24.8106	38
24.8117	38
24.8495	39
24.8505	39
24.8516	39
24.8527	39
24.8915	39
24.8926	40
24.8936	40
24.8947	40
24.9336	40
24.9346	40
24.9357	41
24.9367	41
24.9756	41
24.9766	41
24.9777	41
24.9787	41
25.0176	41
25.0187	41
25.0197	41
25.0208	41
25.0607	41
25.0617	42
25.0628	42
25.0638	42
25.1021	42
25.1031	42
25.1042	42
25.1052	42
25.1415	41
25.1425	41
25.1436	41
25.1446	40
25.1804	40
25.1814	40
25.1825	40
25.1835	40
25.2177	39
25.2187	39
25.2198	39
25.2208	38
25.2544	38
25.2555	38
25.2565	38
25.2576	38
25.2912	37
25.2923	37
25.2933	37
25.2944	37
25.328	37
25.329	37
25.3301	37
25.3311	37
25.3658	37
25.3669	37
25.3679	37
25.369	37
25.4042	37
25.4052	37
25.4063	37
25.4073	37
25.4436	38
25.4446	38
25.4457	38
25.4467	38
25.4835	38
25.4845	38
25.4856	38
25.4866	39
25.5234	39
25.5245	39
25.5255	39
25.5266	39
25.5633	39
25.5644	39
25.5654	39
25.5665	39
25.6043	39
25.6054	39
25.6064	40
25.6075	40
25.6453	40
25.6463	40
25.6474	40
25.6484	40
25.6863	40
25.6873	40
25.6884	40
25.6894	40
25.7278	40
25.7288	40
25.7299	40
25.7309	40
25.7703	41
25.7714	41
25.7724	41
25.7735	41
25.8129	41
25.8139	41
25.815	41
25.816	41
25.8549	41
25.8559	41
25.857	41
25.858	41
25.8969	41
25.898	41
25.899	42
25.9001	42
25.9389	42
25.94	42
25.941	42
25.9421	42
25.9814	47
25.9825	46
25.9835	46
25.9846	46
26.0239	50
26.025	49
26.026	48
26.0271	48
26.0644	52
26.0654	50
26.0665	49
26.0675	48
26.1048	52
26.1059	50
26.1069	49
26.108	48
26.1442	52
26.1453	50
26.1463	49
26.1474	48
26.1847	52
26.1857	50
26.1868	49
26.1878	48
26.2246	51
26.2257	50
26.2267	49
26.2278	48
26.2651	52
26.2661	50
26.2672	49
26.2682	48
26.2693	47
26.3071	47
26.3081	46
26.3092	45
26.3102	45
26.3113	45
26.3496	44
26.3507	44
26.3518	44
26.3528	43
26.3539	43
26.3927	43
26.3938	43
26.3948	43
26.3959	43
26.3969	43
26.4352	43
26.4362	43
26.4373	43
26.4383	43
26.4394	43
26.4751	42
26.4761	42
26.4772	42
26.4782	41
26.4793	41
26.5129	41
26.514	40
26.515	40
26.5161	40
26.5171	40
26.5544	44
26.5555	44
26.5565	44
26.5576	43
26.5586	43
26.5954	47
26.5964	47
26.5975	46
26.5985	45
26.5996	45
26.6364	49
26.6374	48
26.6385	47
26.6395	47
26.6406	46
26.6784	50
26.6794	49
26.6805	48
26.6815	48
26.6826	47
26.7204	51
26.7215	50
26.7225	49
26.7236	48
26.7246	47
26.7257	47
26.7624	46
26.7635	46
26.7645	45
26.7656	45
26.7666	44
26.7677	44
26.8045	44
26.8055	43
26.8066	43
26.8076	43
26.8087	43
26.8097	43
26.847	43
26.8481	43
26.8491	43
26.8502	43
26.8512	43
26.8523	43
26.89	43
26.8911	43
26.8921	43
26.8932	43
26.9719	42
26.9729	41
26.974	41
26.975	40
27.0077	40
27.0087	39
27.0098	39
27.0108	39
27.0439	42
27.045	42
27.046	41
27.0471	41
27.0812	44
27.0823	44
27.0833	43
27.0844	42
27.1206	46
27.1217	45
27.1227	45
27.1238	44
27.1611	48
27.1621	47
27.1632	46
27.1642	46
27.2021	50
27.2031	49
27.2042	48
27.2052	47
27.243	51
27.2441	50
27.2451	49
27.2462	48
27.284	52
27.2851	50
27.2861	49
27.2872	48
27.2882	47
27.3266	47
27.3276	46
27.3287	46
27.3297	45
27.3308	45
27.3696	44
27.3706	44
27.3717	44
27.3727	44
27.3738	44
27.4111	43
27.4121	43
27.4132	43
27.4142	43
27.4153	43
27.452	42
27.4531	42
27.4541	42
27.4552	42
27.4562	42
27.493	46
27.4941	46
27.4951	45
27.4962	45
27.4972	44
27.534	48
27.535	47
27.5361	47
27.5371	46
27.5382	45
27.5755	49
27.5765	49
27.5776	48
27.5786	47
27.5797	46
27.6175	50
27.6186	49
27.6196	48
27.6207	48
27.6217	47
27.6595	51
27.6606	50
27.6616	49
27.6627	48
27.6637	48
27.7005	51
27.7016	50
27.7026	49
27.7037	48
27.7047	47
27.7058	47
27.7436	46
27.7446	46
27.7457	45
27.7467	45
27.7478	45
27.7488	44
27.7861	44
27.7871	44
27.7882	44
27.7892	44
27.7903	43
27.7913	43
27.8286	43
27.8297	43
27.8307	43
27.8318	43
27.8328	42
27.8339	42
27.8686	42
27.8696	42
27.8707	41
27.8717	41
27.8728	41
27.8738	41
27.9095	41
27.9106	41
27.9116	41
27.9127	41
27.9137	41
27.9148	41
27.9521	41
27.9531	41
27.9542	41
27.9552	41
27.9563	42
27.9573	42
27.9946	42
27.9957	42
27.9967	42
27.9978	42
27.9988	42
27.9999	42
28.0377	42
28.0388	42
28.0398	42
28.0409	42
28.0419	42
28.043	42
28.0807	42
28.0818	42
28.0828	42
28.0839	43
28.0849	43
28.086	43
28.1652	42
28.1662	42
28.1993	41
28.2004	40
28.2014	40
28.2025	39
28.2377	39
28.2387	39
28.2398	39
28.2408	38
28.276	38
28.2771	38
28.2781	38
28.2792	38
28.3154	38
28.3165	39
28.3175	39
28.3186	39
28.3538	43
28.3548	43
28.3559	42
28.3569	42
28.3937	46
28.3947	45
28.3958	44
28.3968	44
28.4341	48
28.4352	47
28.4362	47
28.4373	46
28.4756	50
28.4767	49
28.4777	48
28.4788	47
28.5182	51
28.5197	50
28.6032	49
28.6042	48
28.6053	47
28.6405	46
28.6415	45
28.6426	44
28.6794	43
28.6804	43
28.6815	42
28.7193	42
28.7203	41
28.7214	41
28.7608	41
28.7618	41
28.7629	41
28.8039	41
28.8049	41
28.806	41
28.8469	42
28.9666	41
29.0039	41
29.0049	40
29.0438	40
29.0448	40
29.0848	40
29.0858	40
29.1263	40
29.1273	40
29.1683	41
29.1693	41
29.2108	41
29.2119	41
29.2544	41
29.2554	42
29.2927	41
29.2937	41
29.3289	45
29.33	44
29.3662	47
29.3673	46
29.403	49
29.404	48
29.4403	51
29.4413	49
29.4792	53
29.4802	51
29.5186	54
29.5196	52
29.558	55
29.559	53
29.5984	57
29.5995	55
29.6399	58
29.641	56
29.6825	59
29.6835	57
29.7255	61
29.8447	62
29.882	64
29.9187	65
29.9555	66
29.9923	67
30.0296	68
30.0685	69
30.0695	65
30.1084	62
30.1094	59
30.1483	57
30.1494	55
30.1893	53
30.1903	51
30.2292	50
30.2303	49
30.2707	48
30.2718	47
30.3137	46
30.3148	46
30.3567	45
30.3578	45
30.3966	44
30.3977	44
30.436	43
30.4371	43
30.476	47
30.477	46
30.5159	50
30.5169	49
30.5563	53
30.5574	51
30.5978	55
30.5989	53
30.6393	57
30.6404	55
30.6803	58
30.6814	56
30.7218	59
30.7229	57
30.7644	60
30.7654	58
30.8073	61
30.9292	63
30.9681	65
31.0069	67
31.0463	68
31.0857	69
31.1246	70
31.164	71
31.1651	68
31.205	64
31.206	61
31.246	59
31.247	56
31.2875	54
31.2885	53
31.3295	51
31.3305	50
31.372	49
31.3731	48
31.4151	48
31.4161	47
31.4555	46
31.4565	45
31.497	45
31.498	44
31.5358	49
31.5369	47
31.5747	51
31.5758	49
31.6141	53
31.6152	51
31.654	55
31.6551	53
31.6945	56
31.6955	54
31.7344	57
31.7355	55
31.7749	58
31.7759	56
31.8164	59
31.8174	57
31.8584	60
31.8594	58
31.9004	61
31.9015	59
31.9424	62
31.9435	59
31.985	62
31.986	60
32.027	63
32.0281	60
32.0696	63
32.0706	61
32.1126	63
32.1136	61
32.1551	64
32.1562	61
32.194	64
32.195	61
32.2323	62
32.2334	60
32.2707	61
32.2717	59
32.3096	61
32.3106	58
32.3495	60
32.3505	58
32.391	61
32.392	58
32.4325	61
32.4335	59
32.474	62
32.475	59
32.515	62
32.516	59
32.557	62
32.558	60
32.5985	62
32.5995	60
32.6395	63
32.6405	60
32.681	62
32.682	60
32.7241	63
32.9133	64
32.9491	65
32.9501	61
32.9869	58
32.9879	55
33.0263	53
33.0273	52
33.0657	50
33.0667	49
33.1067	48
33.1077	47
33.1476	46
33.1487	45
33.1897	45
33.1907	44
33.2322	44
33.2332	44
33.2731	43
33.2742	43
33.3146	43
33.3157	43
33.3561	42
33.3572	42
33.3976	42
33.3987	42
33.4402	42
33.4412	42
33.4832	42
33.4842	42
33.5241	42
33.5252	42
33.5614	46
33.5625	45
33.5967	48
33.5978	47
33.6315	49
33.6326	48
33.6678	50
33.6688	49
33.7051	52
33.7061	50
33.7429	53
33.7439	51
33.7807	54
33.7818	52
33.8196	55
33.8206	53
33.86	56
33.8611	54
33.9026	58
33.9036	56
33.9451	59
33.9461	57
33.9861	60
33.9871	58
34.0244	61
34.0255	58
34.0622	60
34.0633	57
34.1001	59
34.1011	57
34.1379	59
34.1389	56
34.1778	59
34.1789	56
34.2193	59
34.2204	57
34.2608	60
34.2619	58
34.3038	61
34.3049	59
34.3468	62
34.3479	60
34.3862	62
34.3873	60
34.4251	62
34.4262	59
34.464	61
34.465	58
34.5029	61
34.5039	58
34.5412	60
34.5423	58
34.5801	60
34.5811	57
34.62	60
34.6211	57
34.661	60
34.662	58
34.702	60
34.703	58
34.7435	61
34.7445	59
34.7855	62
34.7866	59
34.8281	62
34.8291	60
34.871	63
34.8721	61
34.9131	63
34.9141	61
34.9509	63
34.9519	60
34.9882	61
34.9892	59
35.0265	61
35.0276	58
35.0654	60
35.0665	57
35.1048	60
35.1059	57
35.1442	60
35.1453	57
35.1841	60
35.1852	58
35.2251	60
35.2262	58
35.2671	61
35.2682	59
35.3097	62
35.3107	59
35.3527	62
35.4756	64
35.515	66
35.5539	67
35.5954	69
35.6374	71
35.6794	72
35.7225	74
36.0257	74
36.0651	74
36.1045	75
36.1434	75
36.1833	76
36.2248	76
36.2674	77
36.3099	78
36.3503	79
36.3887	79
36.4281	78
36.4685	79
36.51	79
36.5521	80
36.5941	80
36.6371	81
36.6801	81
36.7195	81
36.7573	81
36.7957	80
36.834	80
36.8734	79
36.9134	79
36.9144	74
36.9549	70
36.9559	66
36.9979	63
36.999	61
37.0388	58
37.0398	56
37.0782	54
37.0792	52
37.1135	50
37.1145	48
37.1488	46
37.1498	45
37.1841	44
37.1851	43
37.2194	42
37.2204	41
37.2552	40
37.2563	40
37.2915	39
37.2925	39
37.3288	38
37.3298	38
37.3687	38
37.3697	38
37.4107	39
37.4118	39
37.4533	40
37.4543	40
37.4958	40
37.4968	40
37.5388	41
37.5399	41
37.5777	41
37.5787	40
37.6166	40
37.6176	40
37.656	40
37.657	40
37.6964	40
37.6975	40
37.7384	40
37.7395	40
37.7784	40
37.7794	40
37.8183	40
37.8193	40
37.8593	40
37.8603	40
37.9018	40
37.9029	40
37.9449	41
37.9459	41
37.9879	41
37.989	41
38.0299	41
38.031	41
38.0698	41
38.0709	41
38.1108	41
38.1119	41
38.1518	41
38.1528	41
38.1933	41
38.1943	41
38.2343	41
38.2353	41
38.2752	41
38.2763	41
38.3167	41
38.3178	41
38.3588	41
38.3598	41
38.4013	41
38.4024	41
38.4443	41
38.4454	42
38.4868	42
38.4878	42
38.5272	41
38.5283	41
38.5656	41
38.5666	40
38.6055	40
38.6066	40
38.647	40
38.6481	40
38.6901	41
38.6911	41
38.7331	41
38.7342	41
38.7756	41
38.7766	41
38.8134	41
38.8145	40
38.8512	40
38.8523	40
38.8896	39
38.8906	39
38.929	39
38.93	39
38.9705	39
38.9715	40
39.0115	40
39.0125	40
39.0535	40
39.0545	40
39.097	41
39.2152	45
39.2535	49
39.2929	52
39.3328	55
39.3717	58
39.4111	61
39.45	63
39.451	60
39.4904	58
39.4915	55
39.5325	54
39.5335	52
39.5745	51
39.5755	50
39.6165	49
39.6176	48
39.6591	47
39.6601	46
39.7021	46
39.7031	46
39.7435	45
39.7446	44
39.7845	44
39.7856	43
39.8244	48
39.8255	47
39.8633	51
39.8644	49
39.9022	53
39.9032	51
39.9416	54
39.9426	52
39.9826	56
39.9836	54
40.0235	57
40.0246	55
40.0645	58
40.0656	56
40.106	59
40.1071	57
40.148	60
40.1491	58
40.1906	61
40.1917	59
40.2336	62
40.2347	60
40.2762	63
40.2772	60
40.3165	63
40.3176	60
40.3559	62
40.357	60
40.3938	62
40.3948	59
40.4337	61
40.4347	58
40.4726	61
40.4736	58
40.5114	60
40.5125	58
40.5503	60
40.5514	58
40.5897	60
40.5908	57
40.6296	60
40.6307	57
40.6701	60
40.6711	58
40.7111	61
40.7121	58
40.752	61
40.7531	59
40.7935	61
40.7946	59
40.8345	62
40.8356	59
40.8755	62
40.8765	59
40.917	62
40.918	59
40.96	62
40.9611	60
41.002	63
41.0031	61
41.0409	63
41.0419	60
41.0792	62
41.0803	59
41.1171	61
41.1181	58
41.1554	60
41.1565	58
41.1932	60
41.1943	57
41.2311	59
41.2321	57
41.2694	59
41.2705	56
41.3083	59
41.3093	56
41.3482	59
41.3493	57
41.3897	59
41.3908	57
41.4328	60
41.4338	58
41.4752	62
41.4763	59
41.5167	62
41.5178	60
41.5567	62
41.5577	59
41.5971	62
41.5982	59
41.6376	62
41.6386	59
41.6785	62
41.6796	59
41.7211	62
41.7221	60
41.7637	63
41.7647	60
41.8067	63
41.9964	64
42.0343	66
42.0353	62
42.0737	59
42.0747	57
42.1125	54
42.1136	52
42.1525	51
42.1535	49
42.194	48
42.195	47
42.236	47
42.237	46
42.279	46
42.2801	45
42.322	45
42.323	45
42.3577	43
42.3587	42
42.393	41
42.394	41
42.4283	40
42.4293	39
42.4636	39
42.4646	38
42.4994	38
42.5005	38
42.5347	37
42.5358	37
42.5715	37
42.5725	37
42.6088	41
42.6098	41
42.6466	45
42.6476	44
42.6849	48
42.686	47
42.7238	50
42.7249	49
42.7627	52
42.7637	51
42.8016	54
42.8026	52
42.8415	55
42.8425	54
42.8809	57
42.8819	54
42.9198	57
42.9208	55
42.9586	58
42.9597	55
42.998	58
42.9991	56
43.038	59
43.039	56
43.0768	59
43.0779	56
43.1157	59
43.1168	56
43.1546	59
43.1556	57
43.1945	59
43.1956	57
43.236	60
43.2371	58
43.278	61
43.2791	58
43.3201	61
43.3211	59
43.3621	62
43.3632	60
43.4041	62
43.4052	60
43.4462	63
43.4472	60
43.4887	63
43.4898	60
43.5307	63
43.5318	61
43.5728	63
43.5738	61
43.6148	63
43.6158	61
43.6573	64
43.6584	61
43.7004	64
43.7014	62
43.7434	64
43.7444	62
43.7848	64
43.7858	62
43.821	63
43.8221	60
43.8569	61
43.8579	58
43.8942	60
43.8952	57
43.9325	59
43.9336	57
43.9709	59
43.9719	56
44.0103	59
44.0113	57
44.0497	59
44.0507	57
44.0896	59
44.0906	57
44.13	60
44.1311	58
44.1715	60
44.1726	58
44.2136	61
44.2146	59
44.2561	62
44.2572	59
44.2996	63
44.421	65
44.4615	66
44.4625	63
44.5045	61
44.5056	58
44.5465	56
44.5476	54
44.5886	53
44.5896	51
44.6301	50
44.6311	49
44.6731	48
44.6742	48
44.7161	47
44.7172	46
44.7581	46
44.7591	45
44.7943	44
44.7954	43
44.8302	42
44.8312	41
44.8675	41
44.8685	40
44.9048	40
44.9058	39
44.9431	39
44.9442	39
44.9825	39
44.9836	39
45.023	39
45.024	39
45.0634	44
45.0645	44
45.1054	49
45.1065	48
45.149	52
45.2687	55
45.3065	58
45.3454	60
45.3843	62
45.4247	64
45.4667	66
45.5088	69
45.5098	65
45.5518	62
45.5529	60
45.5948	58
45.5959	56
45.6342	54
45.6352	52
45.6715	50
45.6725	48
45.7093	47
45.7103	46
45.7487	45
45.7497	44
45.7891	44
45.7902	43
45.8296	43
45.8306	42
45.8716	42
45.8727	42
45.9136	47
45.9147	47
45.9557	51
45.9567	50
45.9982	54
45.9993	53
46.0402	57
46.0413	55
46.0823	58
46.0833	56
46.1243	60
46.1253	58
46.1673	61
46.1684	59
46.2098	62
46.2109	59
46.2503	62
46.2513	60
46.2907	62
46.2918	59
46.3312	62
46.3322	59
46.3711	62
46.3722	59
46.4121	62
46.4131	59
46.4541	62
46.4552	60
46.4961	62
46.4972	60
46.5387	63
46.5397	60
46.5817	63
46.5828	61
46.6247	64
46.6258	61
46.6657	64
46.6667	61
46.7061	63
46.7072	61
46.7476	63
46.7487	60
46.7897	63
46.7907	61
46.8312	63
46.8322	61
46.8737	63
46.8748	61
46.9162	64
46.9173	61
46.9588	64
46.9598	61
46.9998	64
47.0008	61
47.0418	64
47.0428	61
47.0849	64
47.2802	65
47.3185	66
47.3196	63
47.3584	60
47.3595	57
47.3984	55
47.3994	53
47.4383	52
47.4393	50
47.4798	49
47.4808	48
47.5229	47
47.5239	47
47.5653	46
47.5664	46
47.6053	45
47.6063	44
47.6431	43
47.6441	43
47.6814	42
47.6825	41
47.7198	41
47.7208	40
47.7586	40
47.7597	40
47.798	40
47.7991	40
47.8385	40
47.8396	40
47.8795	40
47.8805	40
47.9215	45
47.9226	45
47.965	50
48.0864	53
48.1252	57
48.1662	59
48.2072	62
48.2487	65
48.2912	67
48.3343	69
48.5018	66
48.5438	68
48.5868	70
48.6241	71
48.6598	72
48.6971	72
48.736	72
48.7749	73
48.8143	73
48.8542	74
48.8952	75
48.9372	76
48.9802	77
49.0211	78
49.0584	78
49.0968	77
49.1346	77
49.1724	77
49.2123	77
49.2528	77
49.2933	78
49.3332	78
49.3742	78
49.4157	79
49.4582	79
49.5013	80
49.6656	80
49.7055	80
49.7455	80
49.7854	80
49.8258	80
49.8673	80
49.9099	80
49.9519	81
49.9939	81
50.0365	82
50.0795	82
50.1225	83
50.1613	82
50.2002	82
50.2396	81
50.279	81
50.3195	81
50.362	81
50.404	81
50.4466	82
50.4896	82
50.6513	82
50.6918	82
50.7333	82
50.7753	82
50.8173	82
50.8609	82
51.0142	81
51.0525	81
51.0914	80
51.1308	80
51.1707	80
51.2112	80
51.2511	80
51.291	80
51.332	80
51.373	80
51.415	80
51.4571	81
51.4991	81
51.5416	81
51.5847	82
51.6256	82
51.664	82
51.7044	81
51.7438	81
51.7843	81
51.8242	81
51.8641	81
51.9051	81
51.9471	81
51.9897	81
52.0317	81
52.0747	82
52.1157	82
52.1556	82
52.195	81
52.2344	81
52.2748	81
52.3163	81
52.3589	81
52.4019	82
52.4449	82
52.4838	82
52.5186	81
52.5548	80
52.5559	74
52.5916	70
52.5926	65
52.6299	62
52.631	59
52.6677	56
52.6688	54
52.7066	52
52.7077	50
52.746	49
52.7471	48
52.7865	47
52.7875	46
52.8274	45
52.8285	45
52.8684	44
52.8695	44
52.9094	43
52.9105	43
52.9514	43
52.9525	43
52.994	42
52.995	42
53.037	43
53.0381	43
53.0779	42
53.079	42
53.1173	42
53.1184	41
53.1573	41
53.1583	41
53.1961	41
53.1972	40
53.235	40
53.2361	40
53.2739	40
53.2749	39
53.3138	39
53.3149	39
53.3543	40
53.3553	40
53.3958	40
53.3968	40
53.4388	40
53.4399	40
53.4808	41
53.4819	41
53.5223	41
53.5234	41
53.5644	41
53.5654	41
53.6074	41
53.6085	41
53.6504	42
53.6515	42
53.6913	41
53.6924	41
53.7292	41
53.7302	40
53.7659	40
53.767	39
53.8022	39
53.8032	39
53.84	39
53.8411	38
53.8778	38
53.8789	38
53.9167	38
53.9178	38
53.9545	38
53.9556	38
53.9939	38
53.995	38
54.0349	38
54.036	39
54.0764	39
54.0775	39
54.1184	45
54.1195	45
54.1615	49
54.1625	49
54.2044	53
54.2055	52
54.2438	56
54.2449	54
54.2822	56
54.2832	54
54.321	57
54.3221	55
54.3231	53
54.361	51
54.362	50
54.3631	48
54.3998	47
54.4009	46
54.4019	45
54.4387	44
54.4398	43
54.4408	43
54.4781	42
54.4792	42
54.4802	42
54.5175	41
54.5186	41
54.5196	41
54.5574	45
54.5585	45
54.5595	44
54.5974	48
54.5984	47
54.5995	47
54.6373	50
54.6383	49
54.6394	48
54.6783	52
54.6793	51
54.6804	49
54.6814	48
54.7219	48
54.7229	47
54.724	46
54.725	46
54.7649	46
54.7659	45
54.767	45
54.768	45
54.8064	44
54.8074	44
54.8085	44
54.8095	44
54.8421	47
54.8431	46
54.8442	45
54.8452	44
54.8789	47
54.8799	46
54.881	44
54.882	44
54.9177	47
54.9188	46
54.9198	45
54.9209	45
54.9566	48
54.9577	47
54.9587	46
54.9598	45
54.9608	45
54.9965	44
54.9976	43
54.9986	43
54.9997	42
55.0007	42
55.0365	42
55.0375	41
55.0386	41
55.0396	41
55.0407	41
55.0769	41
55.078	41
55.079	41
55.0801	41
55.0811	41
55.1194	46
55.1205	45
55.1215	45
55.1226	45
55.1236	45
55.162	49
55.163	48
55.1641	48
55.1651	47
55.1662	47
55.1672	46
55.2045	46
55.2055	45
55.2066	45
55.2076	44
55.2087	44
55.2097	44
55.2465	43
55.2475	43
55.2486	43
55.2496	43
55.2507	43
55.2517	42
55.2885	42
55.2896	42
55.2906	42
55.2917	42
55.2927	42
55.2938	42
55.331	47
55.3321	47
55.3331	46
55.3342	46
55.3352	46
55.3363	45
55.3735	50
55.3751	49
55.4202	48
55.4564	47
55.4575	46
55.4585	45
55.4596	44
55.4948	48
55.4958	47
55.4969	46
55.4979	45
55.5326	48
55.5337	47
55.5347	46
55.5358	45
55.571	49
55.572	47
55.5731	46
55.5741	46
55.5752	45
55.6114	44
55.6125	44
55.6135	43
55.6146	43
55.6156	42
55.6519	42
55.6529	42
55.654	41
55.655	41
55.6561	41
55.6918	41
55.6928	41
55.6939	41
55.6949	40
55.696	40
55.7322	40
55.7333	40
55.7343	40
55.7354	40
55.7364	40
55.7732	40
55.7743	40
55.7753	41
55.7764	41
55.7774	41
55.8142	45
55.8152	45
55.8163	44
55.8173	44
55.8184	44
55.8562	48
55.8573	47
55.8583	47
55.8594	46
55.8604	46
55.8983	50
55.8993	49
55.9004	48
55.9014	48
55.9025	47
55.9403	51
55.9413	50
55.9424	49
55.9434	48
55.9445	47
55.9455	47
55.9839	46
55.9849	46
55.986	45
55.987	45
55.9881	45
55.9891	45
56.0264	44
56.0274	44
56.0285	44
56.0295	44
56.0306	43
56.0316	43
56.0683	43
56.0694	43
56.0704	43
56.0715	42
56.0725	42
56.0736	42
56.1056	42
56.1067	41
56.1077	40
56.1088	40
56.1098	39
56.1109	39
56.1414	39
56.1425	38
56.1435	38
56.1446	38
56.1456	37
56.1467	37
56.1777	37
56.1787	37
56.1798	37
56.1808	37
56.1819	37
56.1829	37
56.2134	40
56.2145	40
56.2155	40
56.2166	39
56.2176	39
56.2187	39
56.2497	42
56.2507	41
56.2518	41
56.2528	40
56.2539	40
56.2549	39
56.287	43
56.288	42
56.2891	42
56.2901	41
56.2912	41
56.2922	41
56.3237	44
56.3248	43
56.3258	43
56.3269	42
56.3279	41
56.329	41
56.361	44
56.3621	43
56.3631	43
56.3642	42
56.3652	42
56.3663	41
56.3983	45
56.3994	44
56.4004	43
56.4015	42
56.4025	42
56.4036	41
56.4367	45
56.4377	44
56.4388	43
56.4398	43
56.4409	42
56.4419	42
56.4766	46
56.4776	45
56.4787	44
56.4798	44
56.4808	43
56.4819	43
56.5165	47
56.5176	46
56.5186	45
56.5197	45
56.5207	44
56.5218	44
56.5564	48
56.5575	47
56.5585	46
56.5596	45
56.5607	45
56.5617	44
56.5628	44
56.5985	43
56.5995	43
56.6006	43
56.6016	43
56.6027	43
56.6037	42
56.6048	42
56.6415	42
56.6426	42
56.6436	42
56.6447	42
56.6457	42
56.6468	42
56.6478	42
56.6845	42
56.6856	42
56.6866	42
56.6877	42
56.6887	42
56.6898	42
56.6908	42
56.727	42
56.7281	42
56.7291	42
56.7302	42
56.7312	42
56.7323	42
56.7333	42
56.7685	42
56.7696	42
56.7706	42
56.7717	42
56.7727	42
56.7738	41
56.7748	41
56.8095	41
56.8106	41
56.8116	41
56.8127	41
56.8137	41
56.8148	41
56.8158	41
56.851	41
56.8521	41
56.8531	41
56.8542	41
56.8552	41
56.8563	41
56.8573	41
56.8936	41
56.8946	41
56.8957	41
56.8967	41
56.8978	41
56.8988	41
56.8999	41
56.9365	42
56.9376	42
56.9386	42
56.9397	42
56.9407	42
56.9418	42
56.9428	42
56.9795	42
56.9806	42
56.9816	42
56.9827	42
56.9837	42
56.9848	42
56.9858	42
57.0163	42
57.0173	41
57.0184	40
57.0194	40
57.0205	39
57.0215	39
57.0226	39
57.0525	38
57.0536	38
57.0546	38
57.0557	37
57.0567	37
57.0578	37
57.0588	37
57.0898	37
57.0909	37
57.0919	37
57.093	37
57.094	37
57.0951	37
57.0961	37
57.1271	37
57.1282	37
57.1292	37
57.1303	37
57.1313	37
57.1324	37
57.1334	37
57.1644	37
57.1655	37
57.1665	37
57.1676	37
57.1686	37
57.1697	37
57.1707	37
57.2028	37
57.2038	37
57.2049	37
57.2059	37
57.207	37
57.208	37
57.2091	37
57.2411	38
57.2422	38
57.2432	38
57.2443	38
57.2453	38
57.2464	38
57.2474	38
57.2805	38
57.2816	38
57.2826	38
57.2837	38
57.2847	38
57.2858	38
57.2868	38
57.3215	39
57.3226	39
57.3236	39
57.3247	39
57.3257	39
57.3268	39
57.3278	40
57.3625	40
57.3635	40
57.3646	40
57.3656	40
57.3667	40
57.3677	40
57.3688	40
57.4035	40
57.4045	40
57.4056	40
57.4066	40
57.4077	40
57.4087	40
57.4098	40
57.4455	41
57.4465	41
57.4476	41
57.4486	41
57.4497	41
57.4507	41
57.4518	41
57.4886	41
57.4896	41
57.4907	42
57.4917	42
57.4928	42
57.4938	42
57.4949	42
57.5316	42
57.5326	42
57.5337	42
57.5347	42
57.5358	42
57.5368	42
57.5379	42
57.574	42
57.5751	42
57.5762	42
57.5772	42
57.5783	42
57.5793	42
57.5804	42
57.614	42
57.615	42
57.6161	41
57.6171	41
57.6182	41
57.6192	41
57.6203	41
57.6565	41
57.6576	41
57.6586	41
57.6597	41
57.6607	41
57.6618	41
57.6628	41
57.6975	41
57.6986	41
57.6996	41
57.7007	41
57.7017	41
57.7028	41
57.7038	41
57.7385	41
57.7395	41
57.7406	41
57.7416	41
57.7427	41
57.7437	41
57.7448	41
57.7815	41
57.7826	41
57.7836	41
57.7847	41
57.7857	42
57.7868	42
57.7878	42
57.824	42
57.8251	42
57.8261	42
57.8272	42
57.8282	42
57.8293	42
57.8303	42
57.8675	42
57.8686	42
57.8701	42
57.9406	42
57.9417	41
57.9427	40
57.9438	40
57.9759	43
57.977	42
57.978	41
57.9791	41
57.9801	40
58.0138	40
58.0148	40
58.0159	39
58.0169	39
58.018	39
58.0516	38
58.0526	38
58.0537	38
58.0547	38
58.0558	38
58.0894	38
58.0905	38
58.0915	38
58.0926	38
58.0936	38
58.1288	38
58.1299	38
58.1309	38
58.132	38
58.133	38
58.1698	39
58.1708	39
58.1719	39
58.1729	39
58.174	39
58.2123	40
58.2134	40
58.2144	40
58.2155	41
58.2165	41
58.2553	41
58.2564	41
58.2574	42
58.3382	41
58.3393	41
58.3403	41
58.3755	45
58.3766	44
58.3776	43
58.4128	47
58.4139	45
58.4149	44
58.4501	48
58.4512	47
58.4522	46
58.4895	49
58.4906	48
58.4916	47
58.53	51
58.531	50
58.5321	49
58.5704	52
58.5715	51
58.5725	50
58.5736	48
58.6119	47
58.613	47
58.614	46
58.6151	45
58.654	45
58.655	45
58.6561	44
58.6571	44
58.696	44
58.697	43
58.6981	43
58.6991	43
58.7385	43
58.7396	43
58.7406	43
58.7417	42
58.7806	42
58.7816	42
58.7827	42
58.7837	42
58.8226	42
58.8236	42
58.8247	42
58.8257	42
58.8651	42
58.8662	42
58.8672	42
58.8683	42
58.9082	42
58.9092	42
58.9103	42
58.9113	42
59.0274	46
59.0284	45
59.0636	48
59.0647	47
59.0998	50
59.1009	48
59.1382	51
59.1392	50
59.1771	53
59.1781	52
59.1792	50
59.2175	49
59.2186	48
59.2196	47
59.2585	46
59.2595	45
59.2606	45
59.3	44
59.3011	44
59.3021	43
59.343	43
59.3441	43
59.3451	43
59.3845	43
59.3856	43
59.3866	43
59.4245	47
59.4255	46
59.4266	46
59.4644	50
59.4654	48
59.4665	47
59.5043	51
59.5054	50
59.5064	49
59.5448	52
59.5458	51
59.5469	50
59.5847	53
59.5857	51
59.5868	50
59.6251	54
59.6262	52
59.6272	51
59.6283	50
59.6687	49
59.6697	48
59.6708	47
59.6718	47
59.7096	46
59.7107	45
59.7117	45
59.7128	44
59.7485	43
59.7496	43
59.7506	42
59.7517	42
59.7858	41
59.7869	41
59.7879	40
59.789	40
59.8236	39
59.8247	39
59.8257	39
59.8268	39
59.862	39
59.863	39
59.8641	39
59.8651	39
59.8998	38
59.9009	38
59.9019	38
59.903	38
59.9376	38
59.9387	38
59.9397	38
59.9408	38
59.9755	38
59.9765	38
59.9776	38
59.9786	38
60.0143	42
60.0154	42
60.0164	42
60.0175	41
60.0537	46
60.0548	45
60.0558	44
60.0569	44
60.0942	48
60.0952	47
60.0963	46
60.0973	46
60.1352	50
60.1362	49
60.1373	48
60.1383	47
60.1767	51
60.1777	50
60.1788	49
60.1798	48
60.2192	52
60.2203	51
60.2213	50
60.2224	49
60.2622	53
60.2633	52
60.2643	51
60.2654	50
60.3037	54
60.3047	52
60.3058	51
60.3068	50
60.3441	53
60.3452	52
60.3462	51
60.3473	49
60.3851	53
60.3862	52
60.3872	50
60.3883	49
60.4261	53
60.4271	51
60.4282	50
60.4292	49
60.4671	53
60.4681	51
60.4692	50
60.4702	49
60.5086	53
60.5096	51
60.5107	50
60.5117	49
60.5506	53
60.5516	52
60.5527	50
60.5537	49
60.5931	53
60.5942	52
60.5952	51
60.5963	50
60.6362	54
60.7622	52
60.8011	56
60.8021	54
60.8032	52
60.8426	51
60.8436	49
60.8447	48
60.8841	47
60.8851	47
60.8862	46
60.9251	45
60.9261	45
60.9272	44
60.9666	44
60.9676	43
60.9687	43
61.0081	43
61.0091	43
61.0102	43
61.0506	42
61.0517	42
61.0527	42
61.0937	42
61.0947	42
61.0958	42
61.1367	42
61.1377	42
61.1388	43
61.1765	47
61.1776	46
61.1786	46
61.2149	49
61.2159	48
61.217	47
61.2538	50
61.2548	49
61.2559	48
61.2932	51
61.2942	50
61.2953	49
61.3326	52
61.3336	51
61.3347	49
61.3735	53
61.3746	51
61.3756	50
61.4135	54
61.4145	52
61.4156	51
61.4166	49
61.455	48
61.456	47
61.4571	47
61.4581	46
61.4959	45
61.497	45
61.498	44
61.4991	44
61.5374	43
61.5385	43
61.5395	43
61.5406	43
61.5805	43
61.5815	43
61.5826	43
61.5836	43
61.6219	42
61.623	42
61.624	42
61.6251	42
61.6613	42
61.6624	41
61.6634	41
61.6645	41
61.7012	41
61.7023	40
61.7033	40
61.7044	40
61.7412	40
61.7422	40
61.7433	40
61.7443	40
61.7811	45
61.7821	44
61.7832	44
61.7842	43
61.8221	48
61.8231	47
61.8242	46
61.8252	46
61.8636	50
61.8646	49
61.8657	48
61.8667	47
61.9051	51
61.9061	50
61.9072	49
61.9082	48
61.9466	52
61.9476	51
61.9487	50
61.9497	49
61.9881	52
61.9891	51
61.9902	50
61.9912	49
62.0301	53
62.0311	52
62.0322	51
62.0332	50
62.0737	54
62.1556	52
62.1566	50
62.1955	54
62.1965	52
62.2354	55
62.2365	53
62.2769	57
62.278	55
62.32	58
62.321	57
62.4434	59
62.4833	62
62.4843	59
62.5248	57
62.5258	55
62.5663	53
62.5673	52
62.6089	50
62.6099	49
62.6518	48
62.6529	48
62.6948	47
62.6958	46
62.7326	45
62.7336	44
62.7679	43
62.7689	42
62.8041	41
62.8052	41
62.8425	40
62.8435	40
62.8808	40
62.8819	39
62.9202	39
62.9213	39
62.9591	39
62.9602	39
62.999	39
63.0001	39
63.0411	40
63.0421	40
63.0831	45
63.0841	45
63.1261	50
63.1271	49
63.167	53
63.1681	52
63.2085	55
63.2096	54
63.2516	57
63.2526	55
63.2941	59
63.2951	57
63.3335	60
63.3345	57
63.3729	60
63.3739	57
63.4117	60
63.4128	57
63.4501	60
63.4511	57
63.4895	60
63.4905	57
63.5299	60
63.531	57
63.5704	60
63.5714	58
63.6114	61
63.6124	58
63.6544	61
63.7752	63
63.8151	65
63.8555	67
63.8965	69
63.938	71
63.9806	72
64.0231	74
64.0661	75
64.179	75
64.2168	75
64.2547	75
64.293	75
64.3308	75
64.3697	75
64.4107	76
64.4517	76
64.4932	77
64.5341	78
64.5762	78
64.6192	79
64.6622	80
64.8197	79
64.8602	79
64.9017	80
64.9427	80
64.9836	80
65.0251	80
65.0666	81
65.1092	81
65.1522	82
65.1937	82
65.2336	82
65.2735	81
65.3145	81
65.3571	82
65.3996	82
65.4416	82
65.4842	82
65.5262	83
65.5687	83
65.6118	83
65.6548	83
65.6972	84
65.7356	83
65.7734	82
65.8107	81
65.8485	80
65.8869	80
65.9252	79
65.9646	79
66.0045	79
66.046	79
66.0881	80
66.1306	80
66.1736	81
66.2166	81
66.3747	81
66.4162	81
66.4572	81
66.4992	81
66.5422	82
66.5821	82
66.6205	81
66.6567	80
66.6951	80
66.7334	79
66.7728	79
66.8117	79
66.8511	79
66.8915	79
66.9315	79
66.9724	79
67.015	80
67.0575	80
67.1005	81
67.1435	81
67.1829	81
67.2191	81
67.2554	80
67.2907	79
67.3275	78
67.3642	77
67.4015	77
67.4404	77
67.4819	77
67.5249	78
67.5643	78
67.5653	74
67.6042	69
67.6052	66
67.6446	62
67.6457	59
67.6851	57
67.6861	55
67.7261	53
67.7271	52
67.7681	50
67.7691	49
67.8101	48
67.8111	47
67.8526	47
67.8537	46
67.8956	46
67.8967	45
67.9377	45
67.9387	44
67.976	44
67.9771	43
68.0165	43
68.0175	42
68.0569	42
68.058	42
68.0979	41
68.099	41
68.1394	41
68.1405	41
68.1809	41
68.182	41
68.2235	41
68.2245	41
68.266	42
68.2671	42
68.309	42
68.3101	42
68.351	42
68.352	42
68.392	42
68.393	41
68.4319	41
68.4329	41
68.4718	41
68.4729	41
68.5123	41
68.5133	41
68.5538	41
68.5548	41
68.5963	41
68.5974	41
68.6388	41
68.6399	41
68.6814	41
68.6824	41
68.7229	41
68.7239	41
68.7639	41
68.7649	41
68.8064	41
68.8075	41
68.8494	42
68.8505	42
68.8909	42
68.8919	41
68.9277	41
68.9287	40
68.9655	40
68.9665	40
69.0044	39
69.0054	39
69.0448	39
69.0459	39
69.0863	40
69.0874	40
69.1278	40
69.1289	40
69.1688	40
69.1698	40
69.2103	40
69.2113	40
69.2528	41
69.2539	41
69.2959	41
69.2969	41
69.3358	41
69.3368	41
69.3741	40
69.3752	40
69.4135	40
69.4146	40
69.4545	45
69.4555	44
69.497	49
69.4981	48
69.5395	53
69.5406	52
69.5795	55
69.5805	53
69.6189	56
69.6199	54
69.6588	57
69.6598	55
69.6609	53
69.7003	52
69.7013	50
69.7024	49
69.7428	48
69.7439	48
69.7449	47
69.7858	46
69.7869	46
69.788	45
69.8284	45
69.8294	45
69.8305	44
69.8688	44
69.8699	43
69.8709	43
69.9098	47
69.9109	47
69.9119	46
69.9518	50
69.9529	49
69.9539	49
69.9949	53
69.9959	52
69.997	51
70.0379	55
70.039	53
70.1219	52
70.1229	50
70.1602	54
70.1613	52
70.1996	55
70.2007	53
70.2401	56
70.2411	54
70.28	58
70.2811	55
70.321	58
70.322	56
70.3231	54
70.3641	53
70.3651	52
70.3662	51
70.407	50
70.4081	49
70.4091	48
70.4485	47
70.4496	46
70.4506	45
70.489	45
70.49	44
70.4911	44
70.5299	43
70.531	43
70.532	43
70.5704	42
70.5714	42
70.5725	42
70.6119	47
70.613	46
70.614	46
70.6554	50
70.7311	48
70.7321	47
70.7673	46
70.7684	44
70.8035	43
70.8046	42
70.8414	42
70.8424	41
70.8797	41
70.8808	40
70.9191	40
70.9202	40
70.959	40
70.9601	40
71	40
71.0011	40
71.0405	40
71.0415	40
71.082	40
71.083	40
71.1235	45
71.1245	45
71.165	50
71.166	49
71.207	53
71.2081	52
71.249	56
71.2501	54
71.2916	57
71.2926	56
71.3341	59
71.3352	57
71.3766	60
71.3777	58
71.4192	61
71.4202	59
71.4607	62
71.4617	59
71.5032	62
71.5043	60
71.5463	63
71.5473	61
71.5856	63
71.5866	60
71.625	62
71.626	59
71.6623	61
71.6633	59
71.7001	60
71.7012	58
71.7379	60
71.739	57
71.7758	59
71.7768	56
71.8146	59
71.8157	56
71.8535	59
71.8546	56
71.8934	59
71.8945	57
71.9339	60
71.9349	57
71.9749	60
71.9759	58
72.0164	61
72.0174	58
72.0579	61
72.0589	59
72.1004	62
72.1015	59
72.1439	63
72.262	64
72.2999	65
72.3009	62
72.3387	59
72.3398	56
72.3787	54
72.3797	52
72.4196	51
72.4207	50
72.4606	49
72.4617	48
72.5016	47
72.5027	46
72.5442	45
72.5452	45
72.5867	45
72.5877	44
72.6307	44
72.7489	48
72.7889	52
72.8293	56
72.8698	59
72.9102	61
72.9507	64
72.9922	66
73.0352	68
73.2053	71
73.3495	71
73.3848	70
73.4221	71
73.4594	71
73.4962	71
73.5335	72
73.5724	72
73.6133	73
73.6548	74
73.6963	75
73.7384	76
73.7809	77
73.8229	78
73.866	79
74.1299	78
74.1677	77
74.2071	77
74.2475	78
74.289	78
74.3311	79
74.3736	79
74.4162	80
74.4587	81
74.5007	81
74.5417	81
74.5832	81
74.6257	82
74.6688	82
74.8289	81
74.8704	81
74.9119	81
74.954	81
74.9965	82
75.0391	82
75.0816	83
75.1242	83
75.1672	83
75.206	83
75.2438	82
75.2796	81
75.3163	80
75.3174	74
75.3536	70
75.3547	66
75.3925	62
75.3935	59
75.4324	57
75.4335	55
75.4723	53
75.4734	51
75.5128	50
75.5139	48
75.5538	47
75.5548	47
75.5958	46
75.5969	45
75.6368	45
75.6378	44
75.6783	44
75.6793	44
75.7203	43
75.7214	43
75.7629	43
75.7639	43
75.8049	43
75.8059	42
75.8479	42
75.849	42
75.8893	42
75.8904	42
75.9324	42
75.9335	42
75.9697	42
75.9708	41
76.007	41
76.0081	40
76.0448	40
76.0459	39
76.0842	39
76.0853	39
76.1247	39
76.1257	39
76.1662	40
76.1672	40
76.2082	40
76.2093	40
76.2512	41
76.2523	41
76.2927	41
76.2937	41
76.3331	41
76.3342	41
76.3715	40
76.3725	40
76.4098	40
76.4109	39
76.4492	39
76.4503	39
76.4892	39
76.4902	39
76.5296	39
76.5307	39
76.5711	40
76.5722	40
76.6136	40
76.6147	40
76.6551	40
76.6562	41
76.6982	41
76.6992	41
76.7381	41
76.7391	41
76.778	40
76.779	40
76.8163	40
76.8174	40
76.8552	40
76.8563	39
76.8946	39
76.8957	39
76.9361	40
76.9372	40
76.976	40
76.9771	40
77.0175	40
77.0186	40
77.0585	40
77.0596	40
77.1	40
77.1011	40
77.143	41
77.1441	41
77.184	41
77.185	41
77.2255	41
77.2265	41
77.2665	41
77.2675	41
77.3085	41
77.3095	41
77.3505	41
77.3516	41
77.3935	41
77.3946	41
77.4334	41
77.4345	41
77.4744	41
77.4754	41
77.5106	40
77.5117	40
77.549	39
77.55	39
77.5868	39
77.5879	39
77.6252	39
77.6262	39
77.663	38
77.664	38
77.7008	38
77.7019	38
77.7397	38
77.7407	38
77.7822	39
77.7833	39
77.8252	40
77.8263	40
77.8682	40
77.8693	41
77.9034	45
77.9044	44
77.9413	47
77.9424	46
77.9766	49
77.9777	48
78.0123	50
78.0134	49
78.0481	51
78.0491	50
78.0838	52
78.0848	50
78.1206	53
78.1216	51
78.1227	49
78.1594	48
78.1605	47
78.1615	46
78.1999	45
78.2009	44
78.202	44
78.2419	43
78.243	43
78.244	43
78.2849	43
78.286	43
78.287	43
78.3248	42
78.3258	42
78.3269	42
78.3647	46
78.3658	46
78.3668	45
78.4015	49
78.4025	47
78.4036	46
78.4377	49
78.4388	48
78.4398	46
78.4735	49
78.4745	47
78.4756	46
78.4766	45
78.5102	44
78.5113	43
78.5123	42
78.5134	41
78.5475	41
78.5486	40
78.5496	40
78.5507	39
78.5869	39
78.588	39
78.589	39
78.5901	39
78.6263	39
78.6274	39
78.6284	40
78.6295	40
78.6668	44
78.6678	44
78.6689	43
78.6699	43
78.7083	47
78.7093	47
78.7104	46
78.7114	46
78.7514	50
78.8374	49
78.8385	48
78.8784	48
78.8794	47
78.8805	46
78.9204	46
78.9215	45
78.9225	45
78.9635	44
78.9645	44
78.9656	44
79.0049	43
79.006	43
79.007	43
79.0469	43
79.048	43
79.049	43
79.0863	47
79.0874	46
79.0884	46
79.1263	50
79.1273	48
79.1284	47
79.1667	51
79.1678	50
79.1688	49
79.2093	53
79.2108	52
79.2953	50
79.3321	49
79.3331	47
79.3699	51
79.371	49
79.4083	52
79.4093	51
79.4477	54
79.4487	52
79.4876	55
79.4886	53
79.5275	57
79.5286	55
79.568	58
79.569	56
79.6089	59
79.61	56
79.6504	59
79.6515	57
79.6914	60
79.6925	58
79.6935	56
79.7355	54
79.8185	53
79.8574	56
79.8584	54
79.8973	52
79.8983	51
79.9377	49
79.9388	48
79.9798	47
79.9808	46
80.0228	46
80.0239	46
80.0658	45
80.0669	45
80.1078	44
80.1088	44
80.1472	43
80.1482	43
80.1871	43
80.1882	42
80.2281	42
80.2291	42
80.2691	47
80.2701	46
80.3116	50
80.3127	49
80.3531	54
80.3542	52
80.3951	56
80.3962	54
80.4377	58
80.4387	56
80.4807	59
80.6881	62
80.7296	65
80.7716	67
80.8137	69
80.8557	71
80.8977	72
80.9398	74
80.9818	75
81.0248	76
81.194	72
81.2364	73
81.2758	74
81.3111	74
81.3469	74
81.3826	74
81.4204	74
81.4582	74
81.4971	74
81.5365	75
81.5376	70
81.578	67
81.5791	63
81.619	60
81.62	58
81.66	56
81.661	54
81.702	52
81.703	51
81.745	50
81.7461	49
81.7844	48
81.7854	47
81.8206	45
81.8217	44
81.8574	43
81.8584	42
81.8927	41
81.8937	40
81.9285	40
81.9296	39
81.9638	39
81.9649	38
81.9996	38
82.0007	38
82.0354	37
82.0364	37
82.0732	37
82.0742	37
82.1121	37
82.1131	37
82.1515	38
82.1525	38
82.1919	38
82.193	38
82.2334	39
82.2345	39
82.2754	39
82.2765	40
82.319	40
82.32	40
82.3589	40
82.3599	40
82.3978	40
82.3988	40
82.4366	40
82.4377	39
82.476	39
82.4771	39
82.5175	40
82.5186	40
82.5601	40
82.5611	40
82.6021	40
82.6032	41
82.6451	41
82.6462	41
82.6855	41
82.6866	41
82.7244	40
82.7255	40
82.7601	40
82.7612	39
82.7964	39
82.7974	38
82.8322	38
82.8333	38
82.8685	37
82.8695	37
82.9047	37
82.9058	37
82.9425	37
82.9436	37
82.9814	37
82.9825	37
83.0213	38
83.0224	38
83.0623	38
83.0634	38
83.1038	39
83.1049	39
83.1458	39
83.1469	40
83.1883	45
83.1894	45
83.2298	50
83.2309	49
83.2687	52
83.2697	51
83.3081	54
83.3091	52
83.3475	56
83.3485	54
83.3864	56
83.3874	54
83.4258	57
83.4268	55
83.4657	58
83.4667	56
83.5067	59
83.5077	56
83.5482	60
83.5492	57
83.5912	61
83.5922	59
83.6321	62
83.6331	59
83.6699	61
83.671	58
83.7077	60
83.7088	57
83.7461	60
83.7471	57
83.7839	59
83.785	57
83.8223	59
83.8233	56
83.8601	59
83.8611	56
83.8979	58
83.899	56
83.9363	58
83.9373	56
83.9751	58
83.9762	56
84.0151	59
84.0161	56
84.055	59
84.056	57
84.0965	60
84.0975	57
84.14	61
84.2545	62
84.2904	63
84.3271	64
84.3639	65
84.4012	66
84.4396	67
84.4811	69
84.4821	66
84.5251	63
84.6459	65
84.6864	66
84.7263	68
84.7662	70
84.8061	71
84.8471	72
84.8886	73
84.9316	75
84.9715	76
85.0099	76
85.0461	76
85.0829	75
85.1207	75
85.1585	75
85.1964	75
85.2352	75
85.2741	76
85.313	76
85.3524	76
85.3928	76
85.4354	77
85.4779	78
85.5209	79
85.5603	79
85.5997	79
85.6391	79
85.678	79
85.7174	79
85.7578	79
85.7988	79
85.8403	79
85.8829	80
85.9259	81
85.9689	81
86.0046	81
86.0404	80
86.0757	79
86.111	78
86.1463	77
86.1827	76
86.2184	75
86.2557	75
86.294	75
86.3339	75
86.3739	76
86.4143	76
86.4564	77
86.4994	78
86.7918	79
86.8312	79
86.8695	79
86.9089	79
86.9489	79
86.9893	79
87.0298	79
87.0718	79
87.1148	80
87.1578	81
87.2009	81
87.2356	81
87.2704	79
87.3067	78
87.3414	77
87.3762	76
87.4115	75
87.4468	75
87.4826	74
87.5174	74
87.5531	73
87.5899	73
87.6277	73
87.6655	73
87.7055	74
87.7464	75
87.7874	76
87.8284	76
87.8699	77
87.9114	78
87.9539	78
87.996	79
88.038	80
88.081	80
88.1225	81
88.163	81
88.2024	81
88.2423	80
88.2827	80
88.2838	75
88.3248	71
88.3258	67
88.3673	64
88.3684	62
88.4093	59
88.4104	57
88.4519	55
88.4529	53
88.4954	52
88.4964	51
88.5353	50
88.5364	48
88.5742	47
88.5752	46
88.6131	45
88.6141	44
88.6514	43
88.6525	43
88.6908	42
88.6919	42
88.7297	41
88.7307	41
88.7691	41
88.7701	41
88.809	40
88.8101	40
88.85	40
88.851	40
88.892	41
88.8931	41
88.934	41
88.9351	41
88.9761	41
88.9771	41
89.0191	41
89.0201	41
89.0616	41
89.0627	41
89.0994	41
89.1005	40
89.1378	40
89.1388	40
89.1777	40
89.1788	40
89.2182	40
89.2192	40
89.2586	40
89.2597	40
89.2985	40
89.2996	40
89.339	40
89.34	40
89.381	40
89.3821	40
89.4241	41
89.4251	41
89.4671	41
89.4681	41
89.5085	41
89.5096	41
89.5442	40
89.5453	40
89.5795	39
89.5806	39
89.6148	38
89.6159	38
89.6501	37
89.6512	37
89.6859	37
89.6869	36
89.7237	37
89.7247	37
89.761	37
89.762	37
89.7993	37
89.8004	37
89.8382	37
89.8393	38
89.8776	42
89.8787	42
89.917	46
89.9181	46
89.9569	50
89.958	48
89.9979	52
89.999	51
90.0384	55
90.0394	53
90.0783	56
90.0793	54
90.0804	53
90.1193	51
90.1203	50
90.1214	49
90.1613	48
90.1623	47
90.1634	46
90.2033	46
90.2044	45
90.2054	45
90.2464	44
90.2474	44
90.2485	44
90.2889	44
90.29	44
90.291	44
90.3298	48
90.3308	47
90.3319	47
90.3708	51
90.3718	49
90.3729	48
90.4107	52
90.4117	51
90.4128	49
90.4506	53
90.4517	51
90.4527	50
90.4538	49
90.4911	48
90.4921	47
90.4932	46
90.4942	45
90.531	45
90.532	44
90.5331	43
90.5341	43
90.5714	43
90.5725	42
90.5735	42
90.5746	42
90.6124	41
90.6135	41
90.6145	41
90.6156	41
90.6534	46
90.6544	46
90.6555	45
90.6565	45
90.6964	49
90.6975	48
90.6985	48
90.6996	47
90.8152	50
90.8162	49
90.8173	47
90.8509	45
90.8519	44
90.853	43
90.8882	42
90.8892	42
90.8903	41
90.926	41
90.927	40
90.9281	40
90.9638	40
90.9649	39
90.9659	39
91.0016	43
91.0027	43
91.0037	42
91.0405	46
91.0416	45
91.0426	45
91.0794	49
91.0804	47
91.0815	46
91.1183	50
91.1193	49
91.1204	48
91.1587	51
91.1598	50
91.1608	49
91.1619	48
91.1997	47
91.2007	46
91.2018	45
91.2028	45
91.2412	44
91.2422	44
91.2433	44
91.2443	43
91.2822	43
91.2832	43
91.2843	42
91.2853	42
91.3231	42
91.3242	42
91.3252	42
91.3263	41
91.3652	41
91.3662	41
91.3673	41
91.3683	41
91.4087	42
91.4875	41
91.4885	41
91.5227	45
91.5237	43
91.558	47
91.559	45
91.5943	48
91.5954	47
91.63	50
91.6311	48
91.6663	51
91.6673	49
91.7025	52
91.7036	50
91.7046	48
91.7393	47
91.7404	46
91.7414	44
91.7771	44
91.7782	43
91.7792	42
91.816	42
91.8171	41
91.8181	41
91.8554	41
91.8565	40
91.8575	40
91.8953	40
91.8964	40
91.8974	40
91.9358	40
91.9368	40
91.9379	40
91.9773	40
91.9783	40
91.9794	40
92.0188	40
92.0198	40
92.0209	40
92.0613	41
92.0624	41
92.0634	41
92.1038	46
92.1048	46
92.1059	46
92.1453	50
92.1463	49
92.1474	48
92.1841	52
92.1852	50
92.1862	49
92.2225	52
92.2235	51
92.2246	49
92.2603	52
92.2614	50
92.2624	49
92.2981	52
92.2992	50
92.3002	49
92.337	52
92.3381	50
92.3391	49
92.3764	52
92.3775	51
92.3785	49
92.4163	53
92.4174	51
92.4184	50
92.4568	53
92.4578	52
92.4589	50
92.4978	54
92.4988	52
92.4999	51
92.5387	55
92.5398	53
92.5408	51
92.5802	55
92.5813	54
92.5823	52
92.6238	56
92.7078	54
92.7089	52
92.7488	51
92.7499	50
92.7903	54
92.7914	52
92.8323	56
92.8334	54
92.8744	58
92.8754	56
92.9169	59
92.918	57
92.9594	60
92.9605	58
93.0004	61
93.0014	59
93.0419	62
93.0429	59
93.0834	62
93.0844	59
93.1265	62
93.254	60
93.295	63
93.3365	65
93.378	67
93.4205	69
93.464	71
93.5796	67
93.6174	68
93.6558	69
93.6952	70
93.7356	71
93.7761	72
93.8176	74
93.8585	75
93.9	76
93.9431	77
93.9866	78
94.1421	78
94.1836	78
94.2256	79
94.2676	79
94.3107	80
94.4708	79
94.5102	79
94.5507	79
94.5917	79
94.6326	80
94.6762	80
94.8275	79
94.8653	78
94.9031	78
94.942	78
94.9809	78
95.0208	78
95.0623	78
95.1054	79
95.2691	79
95.3064	78
95.3437	78
95.3821	77
95.4204	77
95.4588	77
95.4977	77
95.5381	77
95.5807	78
95.6237	79
95.9046	79
95.9467	79
95.9887	80
96.0307	80
96.0737	81
96.1147	81
96.1562	81
96.1966	81
96.2376	81
96.2786	81
96.3196	81
96.3611	81
96.4031	82
96.4446	82
96.4866	82
96.5291	82
96.5721	83
96.6146	83
96.6503	82
96.6856	81
96.7219	79
96.7592	79
96.7975	78
96.8354	78
96.8364	73
96.8742	69
96.8753	65
96.9136	62
96.9147	59
96.9541	56
96.9551	54
96.9956	53
96.9966	51
97.0371	50
97.0381	49
97.0796	48
97.0807	47
97.1227	47
97.1237	46
97.1631	45
97.1641	45
97.2035	44
97.2046	44
97.2413	43
97.2424	42
97.2813	42
97.2823	42
97.3217	41
97.3228	41
97.3627	41
97.3637	41
97.4037	41
97.4047	41
97.4446	41
97.4457	41
97.4861	41
97.4872	41
97.5287	41
97.5297	41
97.5717	41
97.5728	41
97.6122	41
97.6132	41
97.6516	41
97.6526	41
97.6904	40
97.6915	40
97.7293	40
97.7304	40
97.7698	40
97.7708	40
97.8107	40
97.8118	40
97.8533	40
97.8543	40
97.8953	41
97.8964	41
97.9378	41
97.9388	41
97.9803	41
97.9814	41
98.0229	41
98.0239	41
98.0654	41
98.0665	42
98.108	42
98.109	42
98.151	42
98.152	42
98.1934	42
98.1945	42
98.2355	42
98.2365	42
98.2759	42
98.277	41
98.319	42
98.3201	42
98.3605	42
98.3615	41
98.403	42
98.4041	42
98.4445	42
98.4456	41
98.4871	42
98.4881	42
98.5301	42
98.5312	42
98.5731	42
98.5741	42
98.6114	41
98.6125	41
98.6467	40
98.6478	39
98.682	39
98.6831	39
98.7173	38
98.7184	38
98.7531	37
98.7541	37
98.7904	37
98.7914	37
98.8266	37
98.8277	37
98.8629	36
98.8639	36
98.9007	36
98.9017	37
98.9401	37
98.9411	37
98.9805	43
98.9816	42
99.022	47
99.0231	47
99.0641	51
99.0651	50
99.1066	54
99.1077	53
99.1486	56
99.1497	55
99.1907	58
99.1917	56
99.1928	54
99.2347	53
99.314	51
99.3523	54
99.3902	57
99.429	59
99.4679	62
99.5068	63
99.5078	60
99.5478	58
99.5488	56
99.5903	54
99.5913	53
99.6328	51
99.6338	50
99.6758	49
99.6769	48
99.7141	47
99.7152	46
99.753	45
99.7541	44
99.7924	48
99.7935	47
99.8318	51
99.8329	49
99.8707	53
99.8717	51
99.9101	54
99.9111	53
99.95	56
99.9511	54
99.9899	57
99.991	55
100.03	58
100.031	56
100.072	59
100.073	57
100.115	60
100.36	62
100.402	65
100.444	67
100.445	64
100.487	62
100.488	59
100.528	57
100.529	55
100.563	52
100.564	50
100.599	48
100.6	47
100.635	45
100.636	44
100.673	43
100.674	42
100.71	42
100.711	41
100.748	41
100.749	40
100.787	40
100.788	40
100.827	45
100.828	44
100.867	49
100.868	48
100.909	52
100.91	51
100.951	55
100.952	53
100.994	57
100.995	55
101.033	58
101.035	56
101.073	59
101.074	56
101.114	59
101.115	57
101.156	60
101.158	58
101.282	56
101.322	59
101.364	61
101.406	64
101.448	67
101.491	69
101.532	71
101.652	72
101.693	73
101.735	74
101.778	75
101.942	76
101.983	77
102.026	77
102.07	78
102.226	78
102.265	78
102.306	78
102.347	79
102.389	79
102.431	80
102.474	80
102.516	81
102.558	81
102.597	81
102.637	81
102.676	81
102.715	80
102.755	80
102.795	80
102.836	80
102.878	80
102.921	81
102.959	81
102.997	80
103.037	80
103.076	79
103.115	79
103.156	79
103.198	80
103.239	80
103.281	80
103.322	81
103.363	81
103.404	81
103.446	81
103.488	81
103.531	82
103.574	82
103.613	82
103.649	81
103.686	80
103.724	80
103.763	79
103.801	79
103.84	78
103.88	78
103.921	79
103.962	79
104.005	80
104.047	80
104.085	80
104.122	79
104.159	79
104.196	78
104.236	78
104.276	78
104.319	79
104.361	79
104.404	80
104.447	81
104.604	80
104.645	80
104.687	80
104.73	81
104.773	81
104.815	82
104.857	82
104.899	82
104.94	82
104.981	82
105.023	82
105.066	82
105.109	83
105.151	83
105.191	83
105.23	82
105.268	82
105.309	81
105.351	81
105.393	82
105.435	82
105.479	82
105.522	83
105.672	81
105.71	81
105.748	80
105.788	79
105.828	79
105.869	80
105.911	80
105.954	81
106.118	80
106.16	81
106.203	81
106.245	81
106.284	81
106.323	81
106.362	80
106.402	80
106.403	75
106.443	71
106.444	67
106.485	64
106.486	61
106.527	59
106.528	57
106.567	55
106.568	53
106.608	51
106.609	50
106.648	48
106.649	47
106.69	46
106.691	46
106.733	45
106.734	45
106.774	45
106.775	44
106.814	44
106.816	43
106.852	42
106.853	42
106.891	41
106.892	41
106.931	41
106.932	41
106.972	41
106.973	41
107.013	41
107.014	41
107.054	41
107.055	41
107.097	41
107.098	41
107.139	41
107.14	41
107.181	41
107.182	41
107.222	41
107.223	41
107.263	41
107.264	41
107.306	41
107.307	41
107.349	41
107.35	41
107.391	42
107.392	42
107.431	41
107.432	41
107.472	41
107.473	41
107.515	41
107.516	41
107.558	41
107.559	41
107.597	41
107.598	41
107.634	40
107.635	40
107.672	39
107.673	39
107.709	39
107.71	39
107.747	38
107.748	38
107.785	38
107.786	38
107.823	38
107.824	38
107.862	38
107.863	38
107.901	38
107.902	38
107.939	38
107.94	38
107.978	38
107.979	38
108.017	38
108.018	38
108.057	38
108.058	38
108.096	38
108.097	39
108.136	39
108.137	39
108.176	39
108.177	39
108.216	39
108.217	39
108.258	39
108.259	40
108.299	40
108.3	40
108.34	40
108.341	40
108.382	40
108.383	40
108.424	40
108.425	41
108.465	41
108.466	41
108.506	41
108.507	41
108.547	41
108.548	41
108.588	41
108.589	41
108.631	41
108.632	41
108.674	41
108.675	41
108.715	41
108.716	41
108.753	41
108.754	40
108.791	40
108.792	40
108.831	40
108.832	40
108.873	40
108.874	40
108.916	40
108.917	41
108.957	41
108.958	41
108.999	41
109	41
109.041	41
109.042	41
109.084	41
109.085	41
109.127	41
109.128	41
109.168	41
109.169	42
109.207	46
109.208	45
109.243	49
109.244	47
109.278	50
109.279	48
109.314	51
109.315	49
109.349	52
109.351	50
109.386	52
109.387	51
109.422	53
109.423	51
109.424	49
109.459	48
109.46	46
109.461	45
109.498	44
109.499	43
109.5	43
109.537	42
109.538	42
109.539	42
109.577	41
109.579	41
109.58	41
109.62	41
109.621	41
109.622	42
109.662	47
109.664	46
109.665	46
109.705	50
109.706	49
109.707	49
109.743	52
109.744	51
109.745	49
109.782	52
109.783	51
109.784	49
109.785	48
109.822	47
109.823	46
109.824	45
109.825	44
109.862	44
109.863	43
109.864	43
109.865	43
109.902	42
109.903	42
109.904	42
109.905	41
109.944	41
109.945	42
109.946	42
109.947	42
109.987	47
109.988	46
109.989	46
109.99	45
110.03	50
110.156	49
110.196	52
110.197	51
110.198	50
110.237	49
110.238	48
110.239	47
110.28	46
110.281	46
110.282	45
110.323	45
110.324	45
110.325	44
110.365	44
110.366	44
110.367	44
110.402	48
110.403	47
110.404	46
110.44	49
110.441	47
110.442	46
110.479	50
110.48	49
110.481	48
110.519	51
110.52	50
110.521	49
110.56	52
110.561	51
110.562	50
110.563	49
110.601	48
110.602	47
110.603	46
110.604	45
110.643	45
110.644	44
110.645	44
110.646	43
110.685	43
110.686	43
110.687	43
110.688	43
110.728	43
110.729	43
110.73	43
110.731	43
110.767	42
110.768	42
110.769	41
110.77	41
110.805	41
110.806	40
110.807	40
110.808	40
110.842	44
110.843	43
110.844	42
110.845	42
110.88	45
110.881	44
110.882	44
110.883	43
110.919	47
110.92	46
110.921	45
110.922	44
110.957	48
110.958	47
110.959	46
110.96	45
110.996	49
110.997	48
110.998	47
110.999	46
111.036	49
111.037	48
111.038	47
111.039	46
111.077	50
111.078	49
111.08	48
111.081	48
111.12	52
111.121	51
111.122	50
111.123	49
111.163	53
111.164	52
111.245	50
111.246	49
111.285	48
111.286	47
111.287	46
111.326	45
111.327	44
111.328	44
111.367	43
111.368	43
111.369	43
111.409	43
111.41	42
111.411	42
111.451	42
111.452	42
111.453	42
111.493	47
111.494	47
111.495	46
111.535	51
111.536	50
111.538	49
111.578	53
111.579	52
111.58	51
111.62	55
111.622	54
111.703	52
111.704	50
111.744	54
111.745	52
111.746	51
111.785	49
111.786	48
111.787	47
111.826	47
111.827	46
111.828	45
111.868	45
111.869	44
111.87	44
111.91	43
111.911	43
111.912	43
111.953	43
111.954	43
111.956	43
111.996	43
111.997	43
111.998	43
112.035	42
112.036	42
112.037	41
112.075	41
112.076	41
112.077	41
112.115	41
112.116	40
112.117	40
112.155	40
112.156	40
112.157	40
112.196	40
112.197	40
112.198	40
112.237	40
112.238	40
112.239	40
112.278	40
112.279	40
112.28	40
112.321	41
112.322	41
112.323	41
112.362	41
112.363	41
112.364	41
112.405	41
112.406	41
112.407	41
112.447	41
112.448	41
112.449	41
112.489	41
112.49	41
112.491	41
112.532	41
112.533	42
112.534	42
112.575	42
112.576	42
112.577	42
112.616	42
112.617	42
112.618	42
112.656	41
112.657	41
112.658	41
112.694	40
112.695	40
112.697	40
112.733	40
112.734	40
112.735	39
112.772	39
112.773	39
112.774	39
112.812	39
112.813	39
112.814	39
112.852	39
112.853	39
112.854	39
112.892	39
112.894	39
112.895	39
112.934	40
112.935	40
112.936	40
112.977	40
112.978	40
112.979	41
113.02	41
113.021	41
113.022	41
113.063	41
113.064	42
113.065	42
113.101	41
113.103	41
113.104	41
113.141	40
113.142	40
113.143	40
113.182	40
113.183	40
113.184	40
113.222	40
113.223	40
113.224	40
113.262	40
113.263	40
113.264	40
113.303	40
113.304	40
113.305	40
113.344	40
113.345	40
113.346	40
113.386	40
113.387	40
113.388	40
113.427	40
113.428	40
113.429	40
113.468	40
113.469	40
113.47	40
113.509	41
113.51	41
113.511	41
113.552	41
113.553	41
113.554	41
113.593	41
113.594	41
113.595	41
113.631	40
113.633	40
113.634	40
113.669	40
113.67	39
113.671	39
113.706	39
113.707	39
113.708	38
113.743	38
113.744	38
113.745	37
113.781	37
113.782	37
113.783	37
113.82	38
113.821	38
113.822	38
113.861	38
113.862	38
113.863	39
113.902	39
113.903	39
113.904	40
113.945	40
113.946	40
113.947	41
113.988	41
113.989	41
113.99	41
114.026	40
114.027	40
114.028	40
114.063	39
114.064	39
114.065	39
114.1	39
114.101	38
114.102	38
114.137	38
114.138	38
114.139	38
114.174	38
114.175	37
114.176	37
114.211	37
114.212	37
114.213	37
114.25	37
114.251	37
114.252	37
114.289	37
114.29	38
114.291	38
114.331	38
114.332	39
114.333	39
114.373	39
114.374	40
114.375	40
114.415	40
114.416	40
114.417	41
114.458	41
114.459	41
114.46	41
114.5	41
114.501	41
114.502	41
114.542	41
114.543	41
114.544	41
114.583	41
114.584	41
114.585	41
114.624	41
114.625	41
114.626	41
114.666	41
114.667	41
114.668	41
114.707	41
114.708	41
114.709	41
114.749	41
114.75	41
114.751	42
114.792	47
114.793	46
114.794	46
114.834	50
114.835	49
114.836	49
114.875	53
114.876	51
114.877	50
114.917	54
114.918	52
114.919	51
114.959	55
114.96	53
114.961	52
115.001	56
115.002	54
115.003	53
115.044	56
115.045	55
115.046	53
115.087	57
115.209	54
115.244	52
115.245	50
115.246	48
115.282	47
115.283	46
115.284	45
115.323	44
115.324	44
115.325	43
115.364	43
115.365	43
115.366	43
115.407	42
115.408	42
115.409	42
115.449	42
115.45	42
115.451	42
115.492	42
115.493	42
115.494	42
115.535	42
115.536	42
115.537	42
115.571	42
115.572	41
115.573	40
115.606	40
115.607	39
115.608	38
115.643	38
115.644	38
115.645	37
115.682	38
115.683	38
115.684	38
115.721	43
115.722	43
115.724	42
115.761	47
115.762	46
115.763	45
115.801	49
115.802	48
115.803	47
115.841	51
115.842	50
115.843	49
115.882	52
115.883	51
115.884	50
115.924	53
115.925	52
115.926	51
115.966	55
115.967	53
115.968	52
116.008	56
116.009	54
116.01	53
116.051	56
116.052	55
116.136	53
116.137	51
116.173	55
116.174	53
116.211	55
116.212	53
116.247	55
116.248	53
116.284	56
116.285	53
116.322	56
116.323	53
116.324	51
116.361	50
116.362	48
116.363	47
116.4	46
116.401	45
116.402	45
116.439	44
116.44	43
116.441	43
116.48	42
116.481	42
116.482	42
116.52	41
116.521	41
116.522	41
116.561	41
116.562	41
116.563	41
116.603	46
116.604	46
116.605	45
116.645	50
116.646	49
116.647	48
116.686	52
116.687	51
116.688	49
116.721	52
116.722	50
116.723	49
116.757	51
116.758	49
116.759	48
116.794	50
116.795	49
116.796	47
116.831	50
116.832	49
116.833	48
116.869	51
116.87	49
116.871	48
116.907	51
116.908	50
116.909	48
116.91	47
116.947	46
116.948	45
116.949	44
116.95	44
116.988	43
116.989	43
116.991	43
116.992	43
117.031	42
117.032	42
117.033	42
117.034	42
117.074	43
117.075	43
117.076	43
117.077	43
117.115	42
117.116	42
117.117	42
117.118	42
117.155	41
117.156	41
117.157	41
117.159	41
117.197	41
117.198	41
117.199	41
117.2	41
117.237	41
117.238	41
117.239	40
117.24	40
117.277	40
117.278	40
117.279	40
117.28	40
117.318	40
117.319	40
117.32	40
117.321	40
117.36	40
117.361	40
117.362	41
117.363	41
117.402	41
117.403	41
117.404	41
117.405	41
117.445	42
117.446	42
117.447	42
117.448	42
117.488	42
117.489	42
117.49	42
117.491	42
117.53	42
117.531	42
117.532	42
117.533	42
117.572	42
117.573	42
117.574	42
117.575	42
117.615	42
117.616	42
117.617	42
117.618	42
117.657	42
117.658	42
117.659	42
117.66	42
117.695	41
117.696	41
117.697	41
117.698	40
117.733	40
117.734	40
117.735	39
117.736	39
117.771	39
117.772	39
117.773	38
117.774	38
117.809	38
117.81	38
117.811	38
117.812	38
117.85	38
117.851	38
117.852	39
117.853	39
117.891	39
117.892	39
117.893	40
117.894	40
117.933	40
117.934	40
117.935	40
117.936	40
117.975	40
117.976	41
117.977	41
117.978	41
118.018	41
118.019	41
118.02	42
118.021	42
118.061	42
118.062	42
118.063	42
118.064	42
118.101	41
118.102	41
118.103	41
118.104	41
118.137	40
118.138	40
118.139	39
118.14	39
118.174	38
118.175	38
118.176	38
118.177	38
118.212	38
118.213	38
118.214	37
118.215	37
118.25	37
118.251	37
118.252	37
118.253	38
118.289	38
118.29	38
118.291	38
118.292	38
118.33	38
118.331	39
118.332	39
118.333	39
118.37	39
118.371	39
118.372	39
118.373	39
118.41	39
118.411	39
118.412	39
118.413	39
118.451	39
118.452	40
118.453	40
118.454	40
118.49	40
118.492	40
118.493	40
118.494	40
118.53	40
118.531	40
118.533	40
118.534	40
118.57	40
118.571	40
118.572	40
118.573	40
118.611	40
118.612	40
118.613	40
118.614	40
118.653	40
118.654	40
118.655	40
118.656	41
118.693	40
118.694	40
118.695	40
118.696	40
118.729	39
118.73	39
118.732	39
118.733	38
118.766	38
118.767	38
118.768	37
118.769	37
118.801	37
118.802	37
118.803	37
118.805	36
118.837	36
118.838	36
118.839	36
118.84	36
118.873	36
118.874	36
118.875	36
118.876	35
118.909	36
118.91	36
118.911	36
118.912	36
118.945	36
118.946	36
118.947	35
118.948	35
118.981	35
118.982	36
118.983	36
118.984	36
119.017	36
119.018	35
119.052	35
