10.1245	0.670238
10.1941	0.862627
10.2636	0.690102
10.3342	0.849885
10.4038	0.69018
10.4749	1.18105
10.5466	1.50736
10.6161	1.38036
10.6867	1.52979
10.7573	2.03972
10.8289	2.1773
10.8985	2.07054
10.968	2.24308
11.0484	2.38878
11.1297	2.36297
11.2003	2.88961
11.2698	2.76072
11.3413	2.68479
11.4109	2.93326
11.4815	3.39954
11.5543	3.29501
11.6315	3.10785
11.7093	3.08685
11.7886	3.1768
11.8695	2.96658
11.9494	3.00562
12.0292	3.00562
12.1091	3.00562
12.1889	3.00562
12.2688	3.00562
12.3502	2.94744
12.4357	2.66649
12.5073	2.6796
12.5773	2.058
12.65	2.14583
12.7267	2.50331
12.8039	2.48628
12.8848	2.5216
12.9642	2.42042
13.043	2.43655
13.1275	2.41407
13.2011	2.44556
13.2717	2.03972
13.3433	2.00981
13.4139	2.03972
13.4845	2.2097
13.5551	2.03972
13.6262	2.02466
13.6993	1.97203
13.7707	2.01553
13.8474	2.34685
13.9251	2.46948
14.0034	2.45291
14.0869	2.29864
14.171	2.28427
14.2571	2.23111
14.3379	2.37399
14.4209	2.31456
14.5002	2.42042
14.579	2.43655
14.6604	2.35796
14.7424	2.34284
14.8259	2.4423
14.9083	2.3314
14.9902	2.34284
15.0748	2.27008
15.1609	2.23111
15.2428	2.34284
15.3269	2.28427
15.4087	2.05308
15.485	1.73059
15.5606	1.26904
15.6368	1.26029
15.7172	1.64229
15.7996	1.74594
15.8847	1.83412
15.9661	1.76847
16.046	1.80337
16.1263	1.94088
16.2093	2.31318
16.2949	2.24481
16.3742	2.42042
16.4541	2.55478
16.535	2.37327
16.6174	2.32792
16.702	2.27008
16.7871	2.25738
16.8684	2.21327
16.9399	1.67722
17.0111	1.3497
17.0821	1.52067
17.1567	1.93037
17.2329	1.89043
17.3096	2.03394
17.3857	1.89043
17.463	1.86471
17.5433	1.94088
17.6253	2.34284
17.7078	2.32792
17.7923	2.27207
17.8737	2.35796
17.9541	2.53808
18.0344	2.38878
18.1148	2.38878
18.1962	2.35796
18.2787	2.32792
18.3628	2.28427
18.4474	2.27008
18.5329	2.10451
18.6085	1.5863
18.6847	1.73289
18.763	1.83968
18.8434	1.79158
18.9294	1.67381
19.0071	1.85388
19.0823	1.11666
19.1616	1.21021
19.2441	1.16396
19.3287	1.13504
19.4137	1.26941
19.4961	1.01938
19.5739	0.926055
19.6522	0.613227
19.731	0.609139
19.8103	0.605105
19.8958	0.982106
19.971	1.27661
20.0436	1.32236
20.1187	1.27791
20.1954	1.40811
20.2737	1.22645
20.3541	1.19439
20.4376	1.14932
20.5227	0.987316
20.6073	0.851281
20.6934	0.557299
20.7763	0.434497
20.8519	0.634519
20.9318	0.601124
21.0158	0.571067
21.1009	0.423258
21.186	0.564017
21.2705	0.426137
21.3472	0.625827
21.4281	0.593317
21.5116	0.574659
21.5962	0.56752
21.6822	0.418213
21.7636	0.294923
21.8461	0.29099
21.9306	0.425764
22.0104	0.451121
22.0903	0.601124
22.1707	0.597195
22.2526	0.58571
22.3351	0.58198
22.4206	0.561204
22.4999	0.605858
22.5715	0.669938
22.6466	0.638957
22.7244	0.61737
22.8037	0.605105
22.8872	0.574659
22.9723	0.564181
23.0521	0.451261
23.1272	0.638957
23.2023	0.638957
23.2796	0.62157
23.3631	0.574659
23.4491	0.278969
23.5279	0.304569
23.6083	0.298597
23.6933	0.564344
23.7758	0.436615
23.8572	0.589489
23.9433	0.557938
24.021	0.463322
24.0966	0.634519
24.1728	0.630143
24.25	0.62157
24.3304	0.597195
24.4139	0.574659
24.4968	0.434368
24.5703	0.652649
24.6439	0.652649
24.7211	0.62157
24.7994	0.613227
24.8824	0.578296
24.9664	0.571067
25.0515	0.564344
25.1308	0.605481
25.2064	0.634519
25.28	0.652649
25.3551	0.638957
25.4334	0.613227
25.5132	0.601124
25.5941	0.593317
25.6761	0.58571
25.7601	0.571067
25.8447	0.56752
25.9293	0.56752
26.0143	0.564672
26.0952	0.741646
26.175	0.601124
26.2559	0.593317
26.3405	0.56752
26.4255	0.564836
26.5032	0.771713
26.5857	1.16396
26.6692	1.14932
26.7533	1.14213
26.8379	1.13504
26.9233	1.12338
26.9964	1.31286
27.0705	1.29604
27.1504	1.20225
27.2323	1.17142
27.3164	1.14213
27.4009	1.13637
27.4833	1.16396
27.5658	1.16396
27.6499	1.14213
27.7344	1.13537
27.8184	1.14247
27.8993	1.18663
27.9844	1.12803
28.0705	1.11588
28.1502	1.20373
28.2248	1.28691
28.3031	1.22645
28.3819	1.21828
28.4639	1.17142
28.5478	1.14348
28.6271	1.21021
28.7059	1.21828
28.7905	1.13504
28.877	1.10942
28.9511	1.29604
29.0294	1.22645
29.1119	1.16396
29.1964	1.13504
29.2788	1.31141
29.3523	1.3053
29.4264	1.29604
29.5047	1.22645
29.5845	1.35253
29.6686	1.7132
29.7531	1.70505
29.8298	2.03394
29.9038	1.94406
29.9774	1.95795
30.0541	2.34685
30.1339	2.40449
30.2148	2.5216
30.2993	2.27207
30.3817	2.03937
30.4616	1.80337
30.5425	1.77995
30.6255	1.87946
30.7079	1.74594
30.7934	1.6841
30.8749	1.62109
30.9531	1.22645
31.0314	1.22645
31.1097	1.22645
31.1906	1.63162
31.2731	1.74594
31.3576	1.70256
31.4411	1.72653
31.522	1.77995
31.6002	1.83968
31.6806	1.79158
31.761	1.79158
31.8445	1.72398
31.9286	1.7132
32.0131	1.70256
32.0987	1.68264
32.1801	1.769
32.2568	1.87748
32.3356	1.82742
32.4186	1.73489
32.5011	1.74594
32.5846	1.72398
32.6671	1.74594
32.7531	1.67381
32.8273	1.94194
32.8984	2.02466
32.9725	1.94406
33.0513	1.82742
33.1332	1.75713
33.2178	1.70355
33.3002	1.74594
33.3832	1.73489
33.4688	1.68313
33.5476	1.82799
33.6182	2.03972
33.6912	1.97203
33.7668	1.90356
33.8462	1.81531
33.9312	1.83412
34.0105	1.81531
34.0862	1.90356
34.1639	1.85211
34.2475	1.72398
34.333	1.96478
34.4112	1.37976
34.489	1.23474
34.5662	1.24314
34.6471	1.63162
34.7296	1.74594
34.8147	1.69254
34.8997	1.83465
34.9743	1.93037
35.0515	1.86471
35.1303	1.82742
35.2112	1.92828
35.2958	2.27008
35.3814	2.24417
35.4607	2.42042
35.5395	2.43655
35.6235	2.28427
35.7086	2.25738
35.7925	2.28897
35.8631	2.71933
35.9357	2.64486
36.0118	2.52057
36.0906	2.43655
36.1694	2.43655
36.2535	2.28427
36.3365	2.31456
36.4142	2.62382
36.4962	2.34284
36.5802	2.28427
36.6663	2.09167
36.7435	1.0881
36.8202	1.25165
36.9	1.20225
36.9846	1.27729
37.0648	1.34534
37.1354	0.849885
37.206	0.679908
37.2781	0.666
37.3553	1.08775
37.4399	1.13504
37.5255	1.12208
37.6032	1.23474
37.6831	1.35253
37.765	1.17142
37.8459	1.18663
37.9315	1.12144
38.0166	0.846762
38.0975	0.296658
38.1799	0.58198
38.2619	0.58571
38.3454	0.574659
38.431	0.561042
38.5139	0.723515
38.5922	0.613227
38.6767	0.567852
38.7607	0.571739
38.8368	0.630143
38.9151	0.613227
38.9981	0.578296
39.0837	0.56088
39.164	0.448309
39.2396	0.634519
39.319	0.605105
39.3972	0.613227
39.4776	0.597195
39.5611	0.574659
39.6457	0.56752
39.7302	0.568183
39.8106	0.597195
39.8883	0.61737
39.9687	0.597195
40.0512	0.58198
40.1352	0.571067
40.2208	0.56088
40.3037	0.434238
40.3815	0.61737
40.4597	0.613227
40.5375	0.61737
40.6168	0.605105
40.6982	0.589489
40.7807	0.58198
40.8627	0.58571
40.9472	0.567686
41.0281	0.593679
41.1042	0.630143
41.1804	0.630143
41.2566	0.630143
41.3354	0.609139
41.4199	0.709607
41.5039	1.14314
41.5843	1.19439
41.6657	1.17898
41.7508	1.12803
41.8368	1.1162
41.9084	1.34178
41.9826	1.29426
42.0603	1.23474
42.1391	1.21828
42.2226	1.14932
42.3086	1.1162
42.3792	1.35982
42.4502	1.35217
42.5214	1.34977
42.596	1.28691
42.6721	1.26029
42.7499	1.23474
42.8287	1.21828
42.9069	1.22645
42.9857	1.21828
43.064	1.22645
43.1418	1.23474
43.2232	1.17898
43.3073	1.14213
43.3913	1.14213
43.4759	1.27692
43.5599	1.14213
43.6445	1.13504
43.7305	1.11588
43.8082	1.08143
43.8813	0.65643
43.958	0.625827
44.0368	0.761423
44.1172	1.19439
44.2007	1.14932
44.2863	1.26234
44.3677	1.17898
44.4481	1.19439
44.5332	1.12836
44.6157	1.16396
44.7017	1.53389
44.7799	1.84084
44.8536	1.95524
44.9298	1.89043
45.0101	1.79158
45.0926	1.74594
45.1787	1.67333
45.2548	1.89104
45.3315	1.87748
45.4108	1.81531
45.4954	1.70256
45.5815	1.67381
45.6571	1.90418
45.7353	1.83968
45.8162	1.77995
45.9008	1.70306
45.9854	1.70256
46.0694	1.7132
46.1545	1.69303
46.238	1.72449
46.3184	1.79158
46.3993	1.77995
46.4833	1.7132
46.5689	1.68264
46.6529	1.71522
46.7348	1.75713
46.8183	1.86764
46.9034	1.69254
46.9869	1.72398
47.072	1.69254
47.1533	1.77061
47.2285	1.91687
47.3052	1.87748
47.385	1.80337
47.4664	1.76847
47.552	1.68361
47.6287	1.87748
47.7054	2.03394
47.7836	2.45291
47.8661	2.32792
47.9517	2.38512
48.0331	2.35796
48.1114	2.45291
48.1933	2.78212
48.2774	2.85534
48.3619	2.98122
48.4449	3.03605
48.5299	3.38803
48.6092	3.78426
48.6822	4.1084
48.7599	4.32159
48.8398	4.35815
48.9233	4.16628
49.0073	4.57525
49.0829	3.1726
49.1585	3.1726
49.2389	3.43387
49.3193	3.58317
49.4018	3.63737
49.4874	3.36528
49.5708	2.87499
49.6517	2.5216
49.7316	2.40449
49.812	2.38878
49.896	2.71257
49.9801	2.85534
50.0656	2.8044
50.1475	2.93385
50.2257	3.21944
50.3056	3.00562
50.3902	2.8376
50.4757	2.80521
50.556	2.98873
50.6374	2.94744
50.7194	2.92855
50.8034	2.85534
50.8879	2.84175
50.9614	3.26324
51.0387	3.10785
51.1169	3.06613
51.1973	2.98597
51.2772	3.00562
51.3591	2.92855
51.4432	2.85534
51.5278	2.8376
51.6117	2.57207
51.6905	1.9797
51.7704	2.25421
51.8502	2.40449
51.9332	2.31318
52.0178	2.27008
52.1018	2.42918
52.1811	2.42042
52.261	2.40449
52.345	2.71257
52.431	2.79049
52.5042	3.28215
52.5782	3.2401
52.6544	3.30825
52.7327	3.06613
52.8141	2.94744
52.8961	2.92855
52.9806	2.83843
53.0646	2.71496
53.1439	1.81531
53.2217	1.85211
53.3005	1.9797
53.3824	2.34284
53.4675	2.25672
53.551	2.4423
53.6371	2.23111
53.7148	1.85329
53.7878	1.64336
53.8634	1.90356
53.9407	1.86471
54.0216	1.77995
54.1056	1.7132
54.1916	1.67429
54.2693	1.8527
54.3487	1.96659
54.4264	1.85211
54.5057	1.81531
54.5856	1.80337
54.667	1.76847
54.7536	1.52458
54.8298	0.945215
54.906	1.10275
54.9853	1.21021
55.0662	1.18663
55.1517	1.26234
55.2363	1.13537
55.3219	1.12176
55.4047	1.01352
55.483	0.766533
55.5597	1.0952
55.6406	1.18663
55.721	1.19439
55.8035	1.16396
55.8875	1.14213
55.9731	1.12144
56.0581	1.12967
56.1312	0.984592
56.2037	0.662107
56.2773	0.652649
56.3514	0.64802
56.427	1.11041
56.5069	1.20225
56.5893	1.16396
56.6754	1.11588
56.7589	1.29336
56.8413	1.16396
56.9274	0.976391
57.0066	0.908504
57.0802	0.652649
57.1553	0.638957
57.232	0.625827
57.3124	1.04509
57.3943	1.17142
57.4794	1.12836
57.5644	1.12967
57.6469	1.30945
57.7293	1.16396
57.8149	0.982106
57.8931	0.919759
57.9647	0.670927
58.0403	0.634519
58.1176	0.62157
58.2011	1.00565
58.2865	1.12338
58.3627	1.26029
58.4373	1.28691
58.5172	1.35253
58.5996	1.16396
58.6837	1.14213
58.7683	1.13504
58.8528	1.13504
58.9368	1.00084
59.0135	0.938741
59.086	0.662107
59.1637	1.0804
59.2451	1.17898
59.3297	1.1357
59.4116	1.17142
59.4915	1.20225
59.5719	1.19439
59.6569	1.26977
59.7362	1.05926
59.8113	0.638957
59.8875	0.630143
59.9637	0.630143
60.042	0.766533
60.1239	1.17142
60.2085	1.13504
60.293	1.13637
60.3744	1.17898
60.4563	1.31785
60.5399	1.14932
60.6255	1.12144
60.7079	1.165
60.7888	1.18663
60.8718	1.15659
60.9543	1.16396
61.0383	1.14213
61.1249	0.970465
61.2021	0.621769
61.2803	0.45992
61.3607	0.597195
61.4427	0.58571
61.5251	0.58198
61.6096	0.852524
61.6889	0.756381
61.7693	0.597195
61.8518	0.58198
61.9348	0.578296
62.0183	0.574659
62.1018	0.575169
62.1816	0.601124
62.263	0.589489
62.3486	0.561042
62.4284	0.601124
62.5104	0.58571
62.5955	0.564017
62.6814	0.418934
62.7545	0.656652
62.8291	0.643456
62.9069	0.61737
62.9857	0.609139
63.0702	0.567686
63.1542	0.571571
63.2388	0.567686
63.3206	0.58624
63.3989	0.613227
63.4767	0.61737
63.5576	0.593317
63.6416	0.571403
63.7219	0.597561
63.8017	0.601124
63.8826	0.593317
63.9667	0.571067
64.0522	0.561528
64.1284	0.787679
64.203	0.643456
64.2791	0.630143
64.3558	0.625827
64.4378	0.58571
64.5203	0.58198
64.6053	0.987316
64.6882	1.15866
64.767	1.21828
64.8463	1.21021
64.9288	1.16396
65.0113	1.16396
65.0953	1.14213
65.1798	1.13637
65.2597	1.20225
65.3432	1.14932
65.4277	1.13537
65.5123	1.13504
65.5979	1.12144
65.6839	1.11684
65.7585	1.28691
65.8336	1.27791
65.9103	1.25165
65.9907	1.19439
66.0742	1.14932
66.1597	1.12208
66.2427	1.15797
66.3204	1.23474
66.4024	1.17142
66.4854	1.15659
66.5688	1.15102
66.6418	1.31469
66.7185	1.25165
66.7968	1.22645
66.8777	1.18663
66.9586	1.18663
67.0437	1.12803
67.1297	1.1162
67.2053	1.26987
67.2768	1.5095
67.3504	1.3053
67.4271	1.25165
67.5121	1.12934
67.5919	1.20262
67.6728	1.63162
67.7558	1.73489
67.8403	1.70306
67.9254	1.83465
68.0042	1.82742
68.0856	2.21058
68.1686	2.31318
68.2537	2.39707
68.3387	2.11813
68.4196	2.07661
68.5	1.79158
68.584	1.7132
68.6691	1.83359
68.7516	1.74594
68.8371	2.10451
68.9154	2.45368
68.9921	2.50331
69.074	2.48927
69.1565	2.32792
69.2405	2.28427
69.3235	2.17055
69.4017	1.53307
69.4858	1.57044
69.5677	1.75819
69.6475	1.80337
69.7316	1.7132
69.8171	1.68361
69.8991	1.75713
69.9842	1.83359
70.0691	1.5533
70.1485	1.36149
70.2283	1.20225
70.3097	1.17898
70.3953	1.26271
70.4767	1.17934
70.5586	1.17142
70.6431	1.27804
70.7177	1.93101
70.7902	1.98632
70.8669	1.87748
70.9467	1.80337
71.0282	1.91584
71.1117	1.72398
71.1952	1.72398
71.2798	1.70256
71.3649	1.69303
71.4489	1.7132
71.5345	1.68313
71.6116	1.8659
71.6873	1.90356
71.7629	1.90356
71.8412	1.83968
71.9211	1.80337
72.0035	1.74594
72.0881	1.70306
72.1725	1.70555
72.2476	1.91687
72.3254	1.85211
72.4063	1.77995
72.4883	1.75713
72.5733	1.69254
72.6557	1.60188
72.7351	1.36149
72.816	1.33496
72.8963	1.19439
72.9783	1.17142
73.0634	1.12836
73.1479	1.13504
73.2282	1.34617
73.2998	0.669938
73.3699	0.685006
73.4445	0.643456
73.5191	0.80432
73.5995	1.19439
73.6825	1.15659
73.767	1.13504
73.8521	1.12869
73.936	1.28679
74.0081	1.332
74.0797	1.33988
74.1538	1.29604
74.2337	1.20225
74.3172	1.14932
74.4023	1.12803
74.4868	1.1357
74.5693	1.16396
74.6549	1.12208
74.7368	1.17177
74.8151	1.22645
74.8981	1.15659
74.9826	1.13504
75.0678	1.12803
75.1533	1.12208
75.23	1.0959
75.303	0.657344
75.3791	1.10275
75.459	1.20225
75.5404	1.17898
75.6234	1.15659
75.707	1.14932
75.7915	1.13504
75.876	1.1367
75.9553	1.36149
76.0315	1.26029
76.1113	1.20225
76.1949	1.14932
76.2793	0.994321
76.3581	0.913708
76.4359	0.61737
76.5163	0.597195
76.6003	0.571403
76.6848	0.99345
76.7646	1.20299
76.8419	1.24314
76.9228	1.18663
77.0042	1.32635
77.0867	1.16396
77.1706	1.00025
77.2531	0.872969
77.3372	0.571067
77.4201	0.578984
77.4962	0.630143
77.5724	1.10275
77.6486	1.26029
77.7258	1.24314
77.8119	1.11524
77.8907	1.21823
77.9638	0.984978
78.0352	0.671844
78.1083	0.657344
78.1876	0.605105
78.2726	0.988176
78.3524	1.20262
78.4249	1.32421
78.4979	1.31469
78.5746	1.40811
78.6561	1.17898
78.7406	1.13537
78.8241	1.15034
78.9081	1.14213
78.9931	0.988176
79.0746	0.884233
79.1549	0.746493
79.2405	1.12241
79.3193	1.21828
79.3954	1.26029
79.4748	1.21021
79.5551	1.19439
79.6376	1.16396
79.7221	1.27767
79.8036	1.17898
79.8834	1.20225
79.9664	1.15659
80.0525	0.976111
80.1338	0.590025
80.2153	0.442117
80.2988	0.574659
80.3823	0.574659
80.4679	0.420781
80.5513	0.862753
80.6327	0.736861
80.7157	0.578296
80.7998	0.571067
80.8839	0.571067
80.9679	0.571067
81.053	0.564344
81.1375	0.56752
81.2226	0.564508
81.2973	0.642581
81.3687	0.671844
81.4444	0.634519
81.5232	0.609139
81.6056	0.58198
81.6886	0.578296
81.771	0.582677
81.844	0.657344
81.9152	0.674886
81.9863	0.674886
82.0598	0.652649
82.1381	0.613227
82.2201	0.58571
82.3051	0.564344
82.3834	0.460065
82.4622	0.609139
82.5467	0.56752
82.6318	0.564344
82.7111	0.605481
82.783	0.66694
82.8551	0.666
82.9292	0.64802
83.0085	0.605105
83.0905	0.58571
83.1755	0.564344
83.2559	0.597378
83.3347	0.609139
83.4129	0.613227
83.4938	0.593317
83.5783	0.568017
83.6566	0.613614
83.7322	0.634519
83.8084	0.630143
83.884	0.634519
83.9623	0.613227
84.0422	0.601124
84.1267	0.567852
84.2055	0.609329
84.277	1.17406
84.35	1.31469
84.4257	1.26904
84.5107	1.12902
84.5916	1.187
84.6714	1.20225
84.7513	1.20225
84.8322	1.18663
84.9178	1.12176
84.996	1.22723
85.069	1.31469
85.1447	1.26904
85.2219	1.24314
85.2991	1.24314
85.379	1.20225
85.464	1.12836
85.5464	1.31063
85.6252	1.21828
85.7035	1.22645
85.7849	1.32635
85.869	1.7132
85.955	1.67429
86.0255	2.21366
86.0971	2.00981
86.1688	2.1773
86.2418	2.62938
86.3201	2.60621
86.4004	2.38878
86.4855	2.68141
86.57	2.98296
86.6514	3.09482
86.7349	3.44795
86.8173	3.64064
86.8951	4.16725
86.9754	4.32966
87.0579	4.51034
87.144	4.60167
87.2207	4.06599
87.2917	4.05534
87.3623	4.24943
87.4319	4.14084
87.5035	4.18711
87.576	4.63475
87.6517	4.44164
87.7326	4.30155
87.815	4.07386
87.8975	4.21935
87.9821	4.54016
88.0672	4.51475
88.1491	4.83356
88.2284	4.84084
88.3114	4.62637
88.396	4.54016
88.4815	4.48963
88.5598	3.37275
88.637	3.72942
88.7153	3.83267
88.7946	3.63063
88.8787	3.85471
88.9627	3.99747
89.0483	4.06873
89.1244	4.411
89.2053	4.59821
89.2852	4.80899
89.3677	4.65584
89.4537	4.4635
89.5293	4.12572
89.6004	3.37424
89.6725	3.33
89.7476	3.35452
89.8254	3.70422
89.9042	3.65483
89.9851	3.70823
90.066	3.5599
90.149	3.46978
90.2341	3.38508
90.318	3.43043
90.3979	4.05758
90.4788	4.15322
90.5591	4.18036
90.6421	4.04807
90.7287	3.74429
90.8029	3.23566
90.8759	3.28672
90.952	3.15072
91.0287	3.12914
91.1065	3.08685
91.1884	3.07498
91.2709	2.9099
91.3539	3.03605
91.4363	3.49606
91.5089	3.96708
91.5804	4.19306
91.6524	4.00164
91.7265	3.88812
91.8037	3.72942
91.883	3.63063
91.965	3.95354
92.0496	3.97264
92.1335	4.00335
92.2107	4.35099
92.2864	4.44164
92.3646	4.29259
92.445	4.18036
92.527	4.09997
92.6115	3.9738
92.6945	4.05048
92.7775	4.04807
92.8615	3.99747
92.9466	3.95041
93.0291	4.07386
93.1136	3.9738
93.1976	4.00217
93.2811	4.02261
93.3641	4.04807
93.4496	3.92843
93.5279	4.29394
93.6035	4.44164
93.6813	4.32159
93.7622	4.15322
93.8447	4.07386
93.9292	4.11692
94.0126	4.02737
94.0883	4.44164
94.1697	4.12642
94.2537	3.99747
94.3382	3.83524
94.4181	3.45646
94.4964	3.06613
94.5778	3.09482
94.6623	2.83926
94.7426	1.94387
94.8136	2.19652
94.8892	2.37945
94.967	2.46948
95.0484	2.35796
95.134	2.38305
95.2164	2.33071
95.292	2.53808
95.3672	2.55583
95.4439	2.65977
95.5237	3.00562
95.6098	2.78809
95.6917	2.9312
95.7705	3.04569
95.8498	3.02552
95.9328	2.89148
96.0168	2.85534
96.1008	2.85869
96.1828	2.92855
96.2647	2.92855
96.3472	2.9099
96.4307	2.8733
96.5153	2.83843
96.6007	2.80764
96.6718	3.37926
96.7453	3.26324
96.822	3.12914
96.9003	3.06613
96.9822	2.92855
97.0663	2.85534
97.1497	2.87669
97.2269	3.10785
97.3084	2.94744
97.3903	2.92855
97.4728	2.9099
97.5584	2.80521
97.6382	3.00562
97.716	3.08685
97.7979	2.92855
97.882	2.85534
97.967	2.82336
98.0521	2.82009
98.1376	2.80521
98.2211	3.01964
98.3046	2.87414
98.3886	2.85618
98.4721	2.8733
98.5576	3.08751
98.6313	2.44405
98.7019	2.71963
98.7749	2.62938
98.8474	2.64843
98.9252	2.46948
99.0071	2.48927
99.0917	2.8376
99.1763	2.8376
99.2597	3.02142
99.3364	3.12914
99.4131	3.12914
99.4913	3.06613
99.5748	3.01785
99.6604	3.36722
99.7381	3.7054
99.8169	3.65483
99.8952	3.67936
99.975	3.60674
100.057	3.49188
100.144	3.34859
100.224	3.56207
100.303	3.65483
100.386	3.49188
100.472	3.34571
100.548	2.99194
100.62	2.66776
100.694	2.57383
100.772	2.64167
100.852	2.38878
100.936	2.42704
101.019	2.91164
101.099	2.98597
101.185	2.92917
101.266	2.94834
101.348	2.94744
101.432	2.8376
101.516	2.57282
101.596	2.25421
101.677	2.53808
101.762	2.24417
101.846	2.30067
101.926	2.38878
102.01	2.71257
102.093	2.8784
102.171	3.10785
102.249	3.19798
102.331	2.94744
102.415	2.85534
102.5	2.68219
102.581	2.35867
102.66	1.82742
102.739	1.81531
102.82	1.77995
102.905	2.13007
102.982	2.50331
103.06	2.45291
103.14	2.38878
103.223	2.45776
103.306	2.32792
103.388	2.32792
103.472	2.28427
103.558	2.10573
103.633	1.90356
103.708	1.43765
103.785	1.87748
103.864	1.82742
103.946	1.74594
104.031	1.83412
104.106	1.93037
104.18	1.94406
104.261	1.94088
104.345	2.27008
104.431	2.23111
104.512	2.37472
104.588	2.52057
104.671	2.45776
104.757	2.24287
104.841	2.28561
104.924	2.29864
105.007	2.32792
105.093	2.23047
105.175	2.33071
105.252	2.48628
105.335	2.31318
105.42	2.28427
105.506	2.09227
105.583	1.8659
105.656	1.3053
105.732	1.26029
105.812	1.65309
105.895	1.73489
105.981	1.82444
106.061	1.79213
106.144	1.74594
106.229	1.69352
106.307	1.68637
106.387	1.20225
106.469	1.16396
106.552	1.16466
106.632	1.34369
106.717	1.69254
106.799	1.75872
106.876	1.87748
106.957	1.77995
107.039	1.75713
107.124	1.69352
107.206	1.74594
107.29	1.7132
107.376	1.6841
107.457	1.77995
107.542	1.68361
107.619	1.87748
107.693	1.93037
107.77	1.89043
107.847	2.0201
107.924	1.86471
108.002	1.85211
108.081	1.82742
108.16	1.80337
108.242	1.75713
108.324	1.75713
108.408	1.7132
108.491	1.74594
108.573	1.75713
108.658	1.68313
108.737	1.52332
108.816	1.21828
108.901	1.12902
108.983	1.31024
109.068	1.12836
109.153	0.988176
109.228	0.970698
109.299	0.674886
109.371	0.66118
109.445	0.652649
109.523	0.61737
109.606	0.718324
109.691	0.847008
109.768	0.62157
109.849	0.597195
109.931	0.58198
110.017	0.561204
110.1	0.7233
110.181	1.17898
110.265	1.14213
110.351	1.11588
110.426	1.28552
110.505	1.21021
110.588	1.16396
110.672	1.14213
110.754	1.17283
110.829	1.26904
110.906	1.25165
110.983	1.24314
111.065	1.17898
111.15	1.12241
111.23	1.20262
111.311	1.17898
111.394	1.15659
111.479	1.13504
111.564	1.12803
111.649	1.12934
111.73	1.18663
111.812	1.17142
111.896	1.14213
111.982	1.12273
112.061	1.36149
112.141	1.20225
112.223	1.17142
112.306	1.14932
112.39	1.14213
112.474	1.14213
112.56	1.11556
112.641	1.03894
112.719	0.61737
112.797	0.613227
112.878	0.593317
112.962	0.713834
113.048	1.11556
113.126	1.22645
113.207	1.18663
113.289	1.32635
113.371	1.16396
113.453	1.17142
113.538	1.1357
113.617	1.05926
113.692	0.643456
113.766	0.643456
113.846	0.601124
113.931	0.709607
114.011	0.89079
114.086	0.64802
114.16	0.64802
114.235	0.634519
114.316	0.593317
114.401	0.56752
114.486	0.564181
114.568	0.58198
114.651	0.578296
114.735	0.571067
114.82	0.564181
114.903	0.578296
114.988	0.571067
115.073	0.56088
115.156	0.575849
115.23	0.656395
115.308	0.609139
115.392	0.571067
115.477	0.564344
115.557	0.454535
115.628	0.67089
115.708	0.605105
115.787	0.601124
115.868	0.593317
115.952	0.571067
116.037	0.564344
116.121	0.575509
116.196	0.638957
116.269	0.652649
116.346	0.625827
116.425	0.609139
116.505	0.597195
116.589	0.571403
116.672	0.582502
116.743	0.674849
116.817	0.643456
116.894	0.630143
116.975	0.589489
117.061	0.56088
117.142	0.442385
117.223	0.589489
117.304	0.741646
117.389	1.13504
117.474	1.12241
117.559	1.14213
117.644	1.12934
117.72	1.26029
117.796	1.26029
117.878	1.17142
117.962	1.14213
118.047	1.12241
118.124	1.26029
118.198	1.28691
118.276	1.23474
118.356	1.19439
118.437	1.18663
118.517	1.20225
118.598	1.18663
118.679	1.17898
118.752	1.31642
118.824	1.34369
118.896	1.33418
118.968	1.33355
119.038	1.35982
119.109	1.35982
119.18	1.35982
119.25	1.35982
119.321	1.35982
119.391	1.35982
119.462	1.35982
119.532	1.35982
119.603	1.35982
119.674	1.35982
119.744	1.35982
119.815	1.35982
119.885	1.35982
119.956	1.35982
120.027	1.35982
120.097	1.35982
120.168	1.35442
120.239	1.35982
120.309	1.52979
120.379	1.38036
120.448	1.38036
120.518	1.38036
120.588	1.88377
120.659	2.03972
120.729	2.2097
120.8	2.04789
120.87	2.03972
120.941	2.54966
121.011	2.71963
121.082	2.88961
121.153	2.71963
121.224	3.20571
121.294	3.56952
121.364	3.4509
121.434	3.93878
121.505	4.24943
121.575	0.800037
