11.3371	0.0862678
12.3423	0.0238763
12.4268	0.710436
12.4978	1.35163
12.5684	1.35982
12.6406	1.49639
12.7167	1.26029
12.7934	1.25165
12.8738	1.64229
12.9531	1.96659
13.0319	1.82742
13.1159	1.85706
13.1916	2.06143
13.2622	1.52979
13.3328	1.35982
13.4034	1.35982
13.475	1.84484
13.5456	2.03972
13.6161	2.03972
13.6887	2.14884
13.7602	2.01553
13.8369	1.87748
13.9146	1.85211
13.9924	1.85211
14.0743	1.90356
14.1584	2.28427
14.2439	2.24417
14.3259	2.34425
14.4088	2.31456
14.4876	2.43655
14.5664	2.43655
14.6468	2.38878
14.7287	2.34284
14.8123	2.29864
14.8962	2.28763
14.9781	2.34284
15.0622	2.28427
15.1483	2.23047
15.2307	2.32861
15.3148	2.28427
15.3977	2.17184
15.4739	1.57326
15.5501	1.41782
15.6263	1.26029
15.7056	1.36149
15.7881	1.74594
15.8721	1.71421
15.9535	1.91584
16.0334	1.80337
16.1137	1.79158
16.1967	1.73489
16.2828	1.53389
16.3632	1.19439
16.4435	1.19439
16.5239	1.19439
16.6054	1.62109
16.6894	1.7132
16.7745	1.69303
16.8579	1.72602
16.9294	1.5095
17.0006	1.3497
17.0716	1.3517
17.1462	1.28691
17.2218	1.26904
17.2991	1.39853
17.3752	1.26029
17.4524	1.24314
17.5318	1.21021
17.6137	1.17142
17.6962	1.16396
17.7807	1.13603
17.8616	1.18663
17.9425	1.18663
18.0229	1.19439
18.1033	1.19439
18.1847	1.17898
18.2672	1.16396
18.3512	1.14213
18.4358	1.13504
18.5208	0.988176
18.598	0.932355
18.6737	0.634519
18.7514	0.61737
18.8313	0.601124
18.9163	0.988176
18.9955	1.21172
19.0697	1.29426
19.149	1.21021
19.2315	1.30945
19.3161	1.13504
19.4011	1.12836
19.4835	1.165
19.5613	1.23474
19.6396	1.22645
19.7184	1.21828
19.7972	1.21828
19.8822	1.12902
19.9594	1.24393
20.0315	1.33012
20.1061	1.28691
20.1828	1.25165
20.2606	1.23474
20.3399	1.21021
20.424	1.14213
20.509	1.12836
20.5931	1.14213
20.6771	1.14213
20.76	1.159
20.8362	1.26029
20.9155	1.21021
20.999	1.14932
21.0841	1.12869
21.1681	1.14213
21.2531	0.988176
21.3324	0.907657
21.4118	0.756381
21.4958	1.14213
21.5799	1.14213
21.6655	1.12176
21.7473	1.17248
21.8293	1.17142
21.9133	1.14213
21.9957	1.31063
22.0756	1.20225
22.156	1.19439
22.2379	1.17142
22.3204	1.16396
22.4054	1.12869
22.4878	0.874539
22.5584	0.339954
22.633	0.643456
22.7102	0.62157
22.79	0.601124
22.8715	0.736861
22.9566	1.12836
23.0379	1.18005
23.1136	1.26904
23.1876	1.29604
23.2638	1.41782
23.3463	1.16396
23.4318	1.12273
23.5111	1.21021
23.591	1.20225
23.676	1.12836
23.7606	0.99374
23.8404	0.601124
23.9254	0.987889
24.0062	1.18808
24.0819	1.26904
24.1581	1.26029
24.2353	1.24314
24.3151	1.20225
24.3966	1.17898
24.4805	1.28679
24.5551	1.28691
24.6292	1.29604
24.7064	1.24314
24.7847	1.22645
24.8671	1.16396
24.9507	1.14932
25.0358	1.12836
25.1166	1.18772
25.1928	1.26029
25.2663	1.3053
25.3409	1.28691
25.4186	1.23474
25.4985	1.20225
25.5794	1.18663
25.6613	1.17142
25.7454	1.14213
25.83	1.13504
25.914	1.14213
25.9996	0.982106
26.0815	0.878565
26.1608	0.605105
26.2417	0.593317
26.3253	0.574659
26.4108	0.982106
26.4896	1.21866
26.5721	1.16396
26.6545	1.16396
26.7386	1.2849
26.8232	1.13504
26.9092	0.976671
26.9844	0.638303
27.0579	0.489486
27.1367	0.761423
27.2187	1.17142
27.3011	1.16396
27.3872	0.976111
27.4697	0.727474
27.5522	0.58198
27.6362	0.571067
27.7197	0.574659
27.8048	0.564344
27.8857	0.593317
27.9703	0.56752
28.0558	0.561042
28.1403	0.568515
28.2138	0.652649
28.2915	0.61737
28.3703	0.609139
28.4507	0.597195
28.5363	0.561204
28.6156	0.605105
28.6939	0.613227
28.7769	0.578296
28.8629	0.418333
28.9396	0.313115
29.0157	0.315072
29.0982	0.436485
29.1823	0.571067
29.2651	0.579157
29.3397	0.643456
29.4138	0.64802
29.4921	0.613227
29.5719	0.601124
29.6549	0.578296
29.7394	0.568349
29.8166	0.62157
29.8912	0.643456
29.9648	0.652649
30.0404	0.634519
30.1192	0.609139
30.2001	0.593317
30.2847	0.567686
30.368	0.28784
30.4479	0.300562
30.5277	0.300562
30.6107	0.578296
30.6932	0.58198
30.7793	0.557618
30.8628	0.431249
30.9405	0.61737
31.0188	0.613227
31.0971	0.613227
31.1769	0.601124
31.2594	0.58198
31.3435	0.571067
31.429	0.561204
31.5093	0.448034
31.5876	0.613227
31.6675	0.601124
31.7478	0.597195
31.8308	0.578296
31.9149	0.571067
31.9995	0.56752
32.0851	0.560557
32.1691	0.428678
32.2453	0.630143
32.3241	0.609139
32.4065	0.58198
32.4895	0.578296
32.5731	0.574659
32.655	0.58571
32.7405	0.561204
32.8163	0.634048
32.8862	0.686001
32.9588	1.15707
33.0376	1.21828
33.1196	1.17142
33.2041	1.1357
33.2866	1.16396
33.3696	1.15659
33.4557	1.11492
33.5365	1.18736
33.6071	1.35982
33.6802	1.31469
33.7553	1.27791
33.8346	1.21021
33.9202	1.12176
34	1.20225
34.0757	1.26904
34.1529	1.24314
34.2354	1.16396
34.3214	1.11556
34.4002	1.21866
34.4774	1.24314
34.5547	1.24314
34.6356	1.18663
34.718	1.16396
34.8026	1.13504
34.8876	1.12934
34.9643	1.25165
35.041	1.25165
35.1198	1.21828
35.2007	1.18663
35.2848	1.14213
35.3709	1.25428
35.4523	1.03192
35.5306	0.613227
35.613	0.58198
35.6981	0.564181
35.7825	0.568848
35.8531	0.84979
35.9252	0.666036
36.0013	0.630143
36.0801	0.609139
36.1589	0.609139
36.243	0.571067
36.3259	0.57864
36.4037	0.61737
36.4856	0.58571
36.5692	0.574659
36.6547	0.981823
36.7324	1.23552
36.8091	1.25165
36.8879	1.21828
36.9709	1.15659
37.0533	1.1657
37.1239	1.35982
37.1945	1.35982
37.2655	1.3517
37.3427	1.24314
37.4268	1.14213
37.5129	1.11492
37.5922	1.21059
37.6715	1.21021
37.7535	1.17142
37.8344	1.18663
37.92	1.12144
38.005	1.12902
38.0859	1.18663
38.1678	1.17142
38.2503	1.16396
38.3339	1.14932
38.4194	1.12176
38.5044	1.12934
38.5817	1.24314
38.6662	1.13537
38.7512	1.12967
38.8274	1.26029
38.9051	1.23474
38.9876	1.30945
39.0722	1.13537
39.1551	1.01322
39.2312	0.945215
39.3106	0.605105
39.3888	0.613227
39.4671	0.613227
39.5506	1.00565
39.6352	1.13504
39.7197	1.13637
39.8006	1.18663
39.8789	1.37976
39.9587	1.20225
40.0412	1.16396
40.1247	1.14932
40.2108	1.11492
40.2953	0.994321
40.3715	0.630143
40.4492	1.0804
40.527	1.23474
40.6063	1.21021
40.6877	1.17898
40.7697	1.17142
40.8522	1.16396
40.9362	1.14213
41.0186	1.31063
41.0948	1.26029
41.171	1.26029
41.2471	1.26029
41.3259	1.21828
41.41	1.14213
41.4939	1.14348
41.5748	1.18663
41.6563	1.17898
41.7414	1.12803
41.8274	1.11588
41.9	1.32281
41.9731	1.31286
42.0498	1.25165
42.1286	1.21828
42.2121	1.14932
42.2982	1.11588
42.3691	1.35264
42.4402	1.34977
42.5108	1.35982
42.5854	1.28691
42.6616	1.26029
42.7394	1.23474
42.8182	1.21828
42.8964	1.22645
42.9742	1.23474
43.0535	1.21021
43.1313	1.23474
43.2127	1.17898
43.2967	1.14213
43.3808	1.14213
43.4654	1.13504
43.5494	1.14213
43.6335	1.14213
43.719	1.54331
43.7982	1.81757
43.8708	1.98354
43.9475	1.87748
44.0263	1.9797
44.1062	1.80337
44.1892	1.73489
44.2742	1.83412
44.3567	2.32861
44.4365	2.40449
44.5206	2.42775
44.6036	2.31318
44.6891	2.66495
44.771	2.9312
44.8436	1.98354
44.9193	1.90356
44.9981	1.9797
45.0805	2.32792
45.1661	2.24481
45.2443	2.60704
45.321	2.50331
45.3998	2.43655
45.4833	2.72963
45.5689	2.80602
45.6455	3.13115
45.7227	3.10785
45.8036	3.11491
45.8882	2.83843
45.9728	2.8376
46.0568	2.85534
46.1419	2.8209
46.2249	2.8932
46.3058	2.96658
46.3867	2.96658
46.4707	2.85534
46.5563	2.80359
46.6408	2.84175
46.7227	2.92855
46.8057	2.89148
46.8908	2.8209
46.9743	2.8733
47.0584	2.85534
47.1413	2.89578
47.2159	3.21728
47.292	3.15072
47.3714	3.02552
47.4523	2.96658
47.5373	3.24686
47.615	3.70422
47.6917	3.75496
47.77	3.67936
47.8509	3.5599
47.9364	3.36625
48.0194	3.47081
48.0982	3.65483
48.1797	3.53693
48.2637	3.4264
48.3482	3.40711
48.4312	3.46978
48.5162	3.38803
48.5966	3.58537
48.6706	3.88812
48.7484	3.70422
48.8272	3.65483
48.9107	3.59162
48.9968	3.20722
49.0719	2.07729
49.147	2.39609
49.2274	2.53808
49.3077	2.38878
49.3897	2.34284
49.4748	2.67986
49.5577	2.89406
49.6391	3.09482
49.719	3.00562
49.7988	3.00562
49.8818	3.3252
49.9664	3.40512
50.052	3.36431
50.1354	3.4551
50.2131	3.85856
50.2924	3.63063
50.3765	3.4264
50.4621	3.36431
50.545	2.46142
50.6259	2.22494
50.7073	2.35796
50.7919	2.41196
50.8774	2.10451
50.9525	1.43812
51.0282	1.90356
51.1064	1.83968
51.1868	1.79158
51.2667	1.80337
51.3486	1.75713
51.4327	1.7132
51.5172	1.70256
51.6012	1.71471
51.6806	1.51276
51.7609	1.34369
51.8408	1.20225
51.9227	1.31785
52.0073	1.70256
52.0902	1.73644
52.1717	1.91584
52.2515	1.80337
52.3356	1.7132
52.4216	1.67381
52.4958	1.78011
52.5688	1.4791
52.6449	1.26029
52.7222	1.39853
52.8036	1.76847
52.8855	1.75713
52.9701	1.84498
53.0546	1.56205
53.1339	1.36149
53.2122	1.37976
53.291	1.21828
53.373	1.17142
53.458	0.987316
53.5421	0.856601
53.6276	0.561042
53.7064	0.457283
53.7799	0.652649
53.855	0.479217
53.9317	0.625827
54.0121	0.597195
54.0962	0.571067
54.1822	0.557938
54.2609	0.60952
54.3392	0.613227
54.417	0.61737
54.4952	0.613227
54.5751	0.601124
54.656	0.593317
54.7415	0.561042
54.8198	0.61342
54.8954	0.634519
54.9737	0.613227
55.0541	0.597195
55.1392	0.564181
55.2242	0.705635
55.3088	0.567686
55.3943	0.421024
55.4725	0.61342
55.5487	0.630143
55.6285	0.601124
55.7094	0.593317
55.7919	0.58198
55.876	0.571067
55.9605	0.56752
56.046	0.561528
56.1197	0.651713
56.1922	0.662107
56.2647	0.662107
56.3387	0.64802
56.4144	0.634519
56.4942	0.601124
56.5757	0.589489
56.6618	0.418213
56.7463	0.284009
56.8282	0.292855
56.9127	0.426013
56.9924	0.45154
57.0655	0.657344
57.1406	0.638957
57.2173	0.625827
57.2977	0.597195
57.3796	0.58571
57.4637	0.571067
57.5491	0.561528
57.6316	0.58198
57.7136	0.58571
57.7991	0.420903
57.881	0.439812
57.9521	0.337443
58.0267	0.482592
58.1039	0.62157
58.1874	0.574659
58.2734	0.418573
58.3517	0.30671
58.4263	0.321728
58.5056	0.453828
58.587	0.589489
58.6711	0.571067
58.7557	0.56752
58.8402	0.56752
58.9236	0.431632
59.0024	0.913708
59.0755	0.82168
59.1527	0.62157
59.2336	0.593317
59.3181	0.567852
59.399	0.741646
59.4789	1.20225
59.5592	1.19439
59.6428	1.14966
59.7241	1.17969
59.7987	1.28691
59.8749	1.26029
59.9505	1.26904
60.0293	1.21828
60.1102	1.18663
60.1948	1.13504
60.2793	1.13637
60.3602	1.18663
60.4416	1.17898
60.5252	1.14932
60.6108	1.12111
60.6953	1.13637
60.7756	1.19439
60.8581	1.16396
60.9401	1.17142
61.0247	1.13504
61.1107	1.11524
61.191	1.19549
61.2688	1.23474
61.3492	1.19439
61.4301	1.18663
61.512	1.17142
61.5975	1.12241
61.6774	1.20262
61.7567	1.21021
61.8386	1.17142
61.9222	1.14932
62.0057	1.14932
62.0907	1.27014
62.1722	1.17898
62.2536	1.17898
62.3386	1.12902
62.4195	1.18663
62.4999	1.64229
62.5839	1.7132
62.6699	1.67525
62.745	2.07797
62.8197	1.92774
62.8964	2.03394
62.9752	2.43655
63.0597	2.41267
63.1432	2.30067
63.2267	2.4423
63.3091	2.91338
63.3879	3.19798
63.4641	3.30825
63.5444	3.73247
63.6274	3.46978
63.7114	2.71576
63.7907	2.57169
63.8716	2.37327
63.9551	2.72963
64.0412	2.78969
64.1184	2.33163
64.1935	2.07661
64.2697	1.89043
64.3458	1.89043
64.4273	2.21058
64.5097	2.32792
64.5949	2.25607
64.6782	2.3034
64.757	2.58884
64.8358	2.43655
64.9183	2.32792
65.0008	2.32792
65.0848	2.28427
65.1693	2.13069
65.2507	1.76847
65.3337	1.59031
65.4183	1.70306
65.5029	1.70256
65.588	1.69205
65.6744	1.66508
65.7516	0.932653
65.8262	1.12605
65.9024	1.26029
65.9812	1.21828
66.0647	1.14932
66.1503	1.12176
66.2353	1.12967
66.3125	0.62157
66.3939	1.03161
66.477	1.15659
66.5598	1.15831
66.6344	1.28691
66.7111	1.25165
66.7894	1.22645
66.8687	1.21021
66.9502	1.32635
67.0353	1.12803
67.1218	0.970465
67.199	0.622166
67.2704	0.335922
67.343	0.495885
67.4192	0.630143
67.5042	0.564508
67.5824	0.46021
67.6639	0.589489
67.7463	0.436485
67.8309	0.567686
67.9159	0.564508
67.9947	0.609139
68.0761	0.589489
68.1591	0.578296
68.2443	0.564017
68.3292	0.564836
68.4101	0.593317
68.4905	0.597195
68.5746	0.571067
68.6596	0.564181
68.7421	0.58198
68.8276	0.561204
68.9059	0.61342
68.9826	0.625827
69.064	0.736861
69.146	0.58571
69.23	0.571067
69.313	0.434109
69.3907	0.61737
69.4737	0.578296
69.5556	0.586063
69.6355	0.601124
69.7179	0.58198
69.8029	0.564672
69.8854	0.58198
69.9695	0.571067
70.055	0.561528
70.1343	0.605105
70.2131	0.609139
70.294	0.593317
70.379	0.564344
70.4609	0.43968
70.5423	0.589489
70.6264	0.571235
70.7051	0.609711
70.7776	0.662107
70.8532	0.634519
70.932	0.609139
71.0135	0.589489
71.097	0.574659
71.1795	0.58198
71.264	0.56752
71.3491	0.564344
71.4332	0.571067
71.5182	0.564181
71.6001	0.586416
71.6736	0.815811
71.7493	1.26904
71.827	1.23474
71.9074	1.19439
71.9899	1.16396
72.0724	1.16396
72.1583	1.11652
72.2345	1.26029
72.3107	1.26029
72.3911	1.19439
72.4735	1.16396
72.5581	1.13537
72.6431	1.12902
72.7225	1.21021
72.8028	1.19439
72.8837	1.18663
72.9652	1.17898
73.0497	1.13537
73.1343	1.13504
73.2171	1.15866
73.2888	1.33988
73.3594	1.35982
73.4335	1.29604
73.5081	1.28691
73.5874	1.21021
73.6704	1.30117
73.7544	1.14213
73.8395	1.12836
73.925	1.26344
73.997	0.66694
74.0681	0.674886
74.1417	0.651748
74.2211	1.05893
74.3046	1.14932
74.3892	1.13504
74.4742	1.26977
74.5567	1.16396
74.6423	1.12144
74.7252	1.01292
74.8035	0.613227
74.8865	0.578296
74.9711	0.56752
75.0562	0.564017
75.1412	0.70543
75.2189	1.23592
75.2914	1.32421
75.3671	1.26904
75.4464	1.21021
75.5278	1.17898
75.6108	1.15659
75.6933	1.16396
75.7779	1.13504
75.8634	1.12273
75.9432	1.20225
76.0189	1.26904
76.0982	1.21021
76.1812	1.15659
76.2662	1.27051
76.3466	1.19439
76.4233	1.25165
76.5037	1.19439
76.5877	1.14281
76.6712	1.14932
76.7536	1.165
76.8303	1.25165
76.9107	1.19439
76.9926	1.17142
77.0751	1.16396
77.1601	1.12902
77.2426	1.16396
77.3267	1.14213
77.4096	1.15797
77.4868	1.24314
77.563	1.26029
77.6391	1.26029
77.7158	1.25165
77.8014	1.12208
77.8811	1.20411
77.9528	1.33973
78.0247	1.33403
78.0972	1.32421
78.1755	1.22645
78.2606	1.55195
78.3419	1.47506
78.4155	0.652649
78.4874	0.66694
78.5636	0.630143
78.6435	1.05197
78.727	1.14932
78.8115	1.13637
78.8955	1.2849
78.98	1.13637
79.0614	1.17898
79.1413	1.20225
79.2263	1.27014
79.3061	1.35295
79.3839	1.0804
79.4632	0.605105
79.5431	0.601124
79.625	1.02499
79.709	1.14247
79.792	1.15694
79.8713	1.36149
79.9538	1.16396
80.0399	0.976111
80.1223	0.873753
80.2021	0.751405
80.2862	1.14213
80.3697	1.14932
80.4553	1.12176
80.5403	1.12934
80.6212	1.18663
80.7042	1.15659
80.7882	1.14213
80.8723	1.14213
80.9563	1.14213
81.0414	1.12869
81.126	1.13504
81.211	1.12902
81.2857	1.28516
81.3572	1.34369
81.4328	1.26904
81.5111	1.22645
81.593	1.17142
81.676	1.15659
81.7595	1.15068
81.832	1.32421
81.9036	1.33988
81.9742	1.35982
82.0483	1.29604
82.1265	1.22645
82.2075	1.18663
82.292	1.13537
82.3729	1.18736
82.4506	1.23474
82.5341	1.14932
82.6192	1.12836
82.7	1.18772
82.7725	1.32421
82.8441	1.34178
82.9182	1.29604
82.9964	1.22645
83.0789	1.16396
83.1635	1.13537
83.2454	1.31864
83.3242	1.21828
83.4024	1.22645
83.4828	1.19439
83.5663	1.29336
83.6476	1.47551
83.7228	0.638957
83.7989	1.10275
83.8746	1.26904
83.9518	1.24314
84.0317	1.20225
84.1152	1.14966
84.1976	1.31024
84.2691	1.34178
84.3427	1.3053
84.4173	1.28691
84.5008	1.29375
84.5832	1.74698
84.663	1.80337
84.7429	1.80337
84.8238	1.77995
84.9083	1.70306
84.9876	1.81701
85.0606	1.97203
85.1363	1.90356
85.213	1.87748
85.2907	1.85211
85.37	1.81531
85.4546	1.70306
85.537	1.74751
85.6158	1.82742
85.6941	1.83968
85.7755	1.76847
85.8595	1.7132
85.9456	1.67381
86.0171	2.01406
86.0877	2.03972
86.1593	2.00981
86.2323	1.97203
86.3106	1.83968
86.391	1.79158
86.476	1.69303
86.561	1.69451
86.6425	1.76847
86.7255	1.73489
86.8079	1.74751
86.8856	1.85211
86.9655	1.80337
87.0485	1.73489
87.1345	1.67285
87.2138	1.81757
87.2849	1.51841
87.355	1.54118
87.4256	1.35982
87.4962	1.35982
87.5681	1.33388
87.6433	1.27791
87.7231	1.35253
87.8051	1.75713
87.8881	1.73489
87.9726	1.70256
88.0577	1.69254
88.1417	1.57136
88.22	1.22645
88.302	1.17142
88.3865	1.27692
88.4716	1.12902
88.5509	1.05926
88.6281	0.932355
88.7058	1.0804
88.7846	1.21828
88.8682	1.14932
88.9522	1.14213
89.0377	1.12241
89.115	1.24314
89.1953	1.19439
89.2757	1.19439
89.3577	1.17142
89.4432	1.12241
89.5204	1.24393
89.591	1.35974
89.662	1.3517
89.7371	1.27791
89.8143	1.24314
89.8937	1.21021
89.974	1.19439
90.0549	1.18663
90.1374	1.16396
90.222	1.13504
90.308	1.11588
90.3895	1.17898
90.4693	1.20225
90.5492	1.20225
90.6311	1.17142
90.7166	1.12273
90.7918	1.27654
90.8654	1.30537
90.941	1.26904
91.0182	1.24314
91.096	1.23474
91.1758	1.20225
91.2583	1.16396
91.3408	1.16396
91.4253	1.13637
91.4999	1.28691
91.571	1.34977
91.6424	1.34369
91.7155	1.47902
91.7922	1.25165
91.8715	1.21021
91.9529	1.17898
92.0364	1.29298
92.1209	1.70505
92.1986	1.85211
92.2748	2.04797
92.3531	1.83968
92.4329	1.80337
92.5144	2.21058
92.5979	2.29864
92.6829	2.39916
92.7654	2.32792
92.8489	2.72963
92.934	2.96281
93.0159	2.92855
93.0984	3.34638
93.1839	3.50853
93.2664	3.63737
93.3494	4.19265
93.4345	4.0915
93.5153	3.71163
93.592	3.12914
93.6687	3.28559
93.7496	3.5599
93.8321	3.63737
93.9161	3.42741
94.0011	3.24781
94.0772	2.67811
94.1571	2.40449
94.2411	2.28427
94.3261	2.25869
94.406	1.80337
94.4843	1.99299
94.5652	1.77995
94.6492	1.71371
94.7321	1.59316
94.8041	1.4985
94.8798	1.26904
94.9565	1.25165
95.0379	1.17898
95.123	1.12836
95.2059	1.15797
95.2831	0.932355
95.3582	0.638957
95.4344	0.630143
95.5132	0.609139
95.5983	0.987603
95.6806	1.16535
95.7594	1.21828
95.8382	1.21828
95.9212	1.30117
96.0053	1.14213
96.0908	1.12241
96.1728	1.17142
96.2542	1.17898
96.3361	1.17142
96.4202	1.14213
96.5048	1.13537
96.5908	1.1162
96.6622	1.34369
96.7359	1.3035
96.812	1.26029
96.8898	1.23474
96.9712	1.17898
97.0547	1.14932
97.1382	1.00684
97.2175	0.907657
97.2968	0.756381
97.3788	1.17142
97.4607	1.17142
97.5457	1.12902
97.6251	1.21021
97.7033	1.22645
97.7837	1.19439
97.8678	1.2849
97.9533	1.12241
98.0374	1.14213
98.1224	1.12869
98.2069	1.13637
98.2894	1.16396
98.3739	1.1357
98.4569	1.15659
98.5425	1.12208
98.6181	1.11113
98.6897	1.00491
98.7628	0.65643
98.8358	0.657344
98.9115	0.793149
98.9934	1.17142
99.0775	1.14213
99.1621	1.13504
99.2465	0.994611
99.3243	1.0804
99.4005	0.787679
99.4782	0.61737
99.5607	0.58198
99.6467	0.557778
99.7265	0.751869
99.8064	0.601124
99.8847	0.613227
99.9635	0.609139
100.046	0.58198
100.132	0.418333
100.215	0.289492
100.293	0.306613
100.375	0.439283
100.46	0.564344
100.538	0.459879
100.61	0.66694
100.685	0.643456
100.761	0.634519
100.842	0.593317
100.926	0.571067
101.008	0.582328
101.087	0.605105
101.172	0.994321
101.254	1.16466
101.336	1.17898
101.421	1.12803
101.506	1.12241
101.586	1.20225
101.667	1.18663
101.753	1.11492
101.837	1.14348
101.917	1.20225
102	1.15659
102.085	1.13
102.162	1.24314
102.241	1.21828
102.322	1.17898
102.406	1.14213
102.492	1.12241
102.574	1.17177
102.653	1.21828
102.732	1.21021
102.813	1.18663
102.897	1.13603
102.974	1.25165
103.052	1.22645
103.133	1.19439
103.216	1.15659
103.298	1.16396
103.381	1.16396
103.465	1.14213
103.55	1.12306
103.626	1.26029
103.702	1.27791
103.779	1.39853
103.857	1.22645
103.939	1.17898
104.023	1.56159
104.098	1.93037
104.172	2.10606
104.251	1.81531
104.335	1.7132
104.421	2.10391
104.503	2.49152
104.578	2.53808
104.661	2.7644
104.746	2.96109
104.829	2.87584
104.912	3.3252
104.995	3.63737
105.08	3.78594
105.166	3.92956
105.242	2.97268
105.324	2.92855
105.409	2.97948
105.495	2.66495
105.574	2.5749
105.647	2.46504
105.723	2.52057
105.802	2.42042
105.886	2.4423
105.971	2.24481
106.054	2.18373
106.135	1.33496
106.22	1.69352
106.299	1.82742
106.378	1.81531
106.459	1.76847
106.542	1.73592
106.623	1.79158
106.707	1.85651
106.789	1.75872
106.865	1.87748
106.946	1.77995
107.028	1.75713
107.113	1.69352
107.196	1.74594
107.279	1.73489
107.364	1.6841
107.445	1.77995
107.532	1.52458
107.609	0.932355
107.683	1.13403
107.759	1.26029
107.836	1.25165
107.913	1.38908
107.991	1.23474
108.07	1.22645
108.149	1.66404
108.231	1.75713
108.313	1.75713
108.396	1.72398
108.479	1.87946
108.561	1.75713
108.647	1.68313
108.727	1.80393
108.805	1.82742
108.89	1.69303
108.973	1.45626
109.058	1.26941
109.142	0.994321
109.218	0.95714
109.289	0.669938
109.362	0.66118
109.434	0.662107
109.512	0.61737
109.593	0.741646
109.679	1.12241
109.757	1.21828
109.837	1.20225
109.919	1.17898
110.004	1.12208
110.089	1.12902
110.17	1.18663
110.254	1.14932
110.34	1.11588
110.415	1.26768
110.495	1.21021
110.576	1.17898
110.66	1.14213
110.742	1.17283
110.819	1.25165
110.895	1.25165
110.973	1.24314
111.054	1.17898
111.14	1.12208
111.221	1.17969
111.302	1.18663
111.385	1.15659
111.47	1.13504
111.554	1.13504
111.64	1.12241
111.72	1.19439
111.801	1.17898
111.885	1.14213
111.972	1.11556
112.052	1.19476
112.131	1.21021
112.213	1.17142
112.296	1.16396
112.381	1.26904
112.465	1.14213
112.55	1.12208
112.634	0.857356
112.712	0.310785
112.789	0.61737
112.869	1.05197
112.953	1.14932
113.039	1.11556
113.117	1.22645
113.198	1.18663
113.279	1.17898
113.362	1.30945
113.444	1.17142
113.528	1.1357
113.608	1.21059
113.682	1.29604
113.757	1.27791
113.837	1.20225
113.922	1.12836
114.003	1.03254
114.077	0.64802
114.151	0.64802
114.227	0.634519
114.307	0.751405
114.391	1.13504
114.476	1.12836
114.559	1.16396
114.641	1.16396
114.725	1.2849
114.81	1.12836
114.895	1.13504
114.979	1.14213
115.065	1.12144
115.15	1.13066
115.221	1.34171
115.3	1.21828
115.384	1.14213
115.469	1.12836
115.549	1.04702
115.62	0.675852
115.699	1.06599
115.779	1.20225
115.86	1.18663
115.943	1.14932
116.028	1.13537
116.112	1.14415
116.187	1.27791
116.261	1.45804
116.337	1.26904
116.416	1.21828
116.496	1.19439
116.579	1.14966
116.663	1.14348
116.734	1.35974
116.808	1.29604
116.884	1.26904
116.965	1.18663
117.05	1.12176
117.131	1.18736
117.213	1.17142
117.294	1.18663
117.378	1.13504
117.464	1.12241
117.547	1.15659
117.632	0.988176
117.709	0.932355
117.785	0.630143
117.867	0.58571
117.951	0.574659
118.036	0.988176
118.112	1.26029
118.187	1.28691
118.264	1.23474
118.345	1.34369
118.426	1.18663
118.506	1.20225
118.586	1.18663
118.668	1.17898
118.741	1.31642
118.812	1.34369
118.884	1.34369
118.956	1.33384
119.026	1.35982
119.097	1.35982
119.167	1.35982
119.238	1.35982
119.309	1.35982
119.379	1.35982
119.45	1.35982
119.52	1.35982
119.591	1.35982
119.662	1.35982
119.732	1.35982
119.803	1.35982
119.873	1.35982
119.944	1.35982
120.015	1.35982
120.085	1.35982
120.156	1.35982
120.226	1.35982
120.297	1.35982
120.368	1.35982
120.438	1.35982
120.509	1.86975
120.579	2.03972
120.65	2.02466
120.721	2.03972
120.792	2.03972
120.862	2.03972
120.933	2.03972
121.003	2.03972
121.074	2.03972
121.145	2.03972
121.215	2.03972
121.286	2.03972
121.357	1.65112
