10.0342	34
10.0721	34
10.3555	38
10.3902	42
10.4255	46
10.4635	49
10.4645	48
10.5009	46
10.5019	45
10.5377	44
10.5388	43
10.5746	42
10.5757	42
10.6094	45
10.6104	44
10.6442	47
10.6452	46
10.6789	48
10.68	47
10.681	45
10.7158	44
10.7169	43
10.7179	42
10.7522	42
10.7532	41
10.7543	40
10.7875	40
10.7885	39
10.7896	38
10.8243	38
10.8254	38
10.8264	38
10.8607	42
10.8617	41
10.8628	41
10.8955	44
10.8965	43
10.8976	42
10.9302	45
10.9313	44
10.9323	43
10.965	46
10.966	45
10.9671	43
11.0003	46
11.0013	45
11.0024	44
11.0035	43
11.0407	43
11.0418	42
11.0429	42
11.0439	42
11.0848	42
11.0859	42
11.0869	42
11.1262	47
11.1979	46
11.1989	44
11.2326	47
11.2337	46
11.2674	49
11.2685	47
11.3022	50
11.3032	48
11.337	50
11.338	49
11.3723	51
11.3733	49
11.4075	52
11.4086	50
11.4434	52
11.4444	50
11.4787	53
11.4797	50
11.514	53
11.515	51
11.5493	53
11.5503	51
11.5514	49
11.5871	48
11.5881	46
11.5892	45
11.626	44
11.627	44
11.6281	43
11.6648	42
11.6659	42
11.6669	41
11.7037	41
11.7048	41
11.7058	40
11.7426	40
11.7436	40
11.7447	40
11.783	40
11.7841	40
11.7851	40
11.8235	40
11.8245	40
11.8256	40
11.8639	40
11.865	40
11.866	40
11.9039	40
11.9049	40
11.906	40
11.9438	40
11.9448	40
11.9459	40
11.9837	40
11.9848	40
11.9858	40
12.0236	40
12.0247	40
12.0257	40
12.0636	40
12.0646	40
12.0657	40
12.1035	40
12.1045	40
12.1056	40
12.1434	40
12.1445	40
12.1455	40
12.1833	40
12.1844	40
12.1854	40
12.2233	40
12.2243	40
12.2254	40
12.2632	40
12.2642	40
12.2653	40
12.3031	40
12.3042	40
12.3052	40
12.343	40
12.3441	40
12.3451	40
12.3845	40
12.3856	40
12.3866	40
12.4276	40
12.4286	40
12.4297	41
12.4674	41
12.4685	40
12.4695	40
12.5027	40
12.5038	39
12.5048	38
12.538	38
12.5391	38
12.5401	37
12.5733	37
12.5744	37
12.5754	36
12.6086	36
12.6097	36
12.6107	36
12.645	36
12.646	36
12.6471	36
12.6823	36
12.6833	36
12.6844	36
12.7206	36
12.7217	37
12.7227	37
12.759	37
12.76	37
12.7611	37
12.7973	37
12.7984	37
12.7994	37
12.8367	38
12.8378	38
12.8388	38
12.8777	38
12.8787	38
12.8798	39
12.9171	39
12.9181	39
12.9192	39
12.957	39
12.9581	39
12.9591	39
12.9964	39
12.9975	39
12.9985	39
13.0358	39
13.0369	39
13.0379	39
13.0768	39
13.0778	39
13.0789	39
13.1199	40
13.1209	40
13.122	40
13.1613	41
13.1623	41
13.1634	41
13.1966	40
13.1976	39
13.1987	39
13.2319	38
13.2329	38
13.234	37
13.2672	37
13.2682	37
13.2693	37
13.3024	36
13.3035	36
13.3046	36
13.3377	36
13.3388	36
13.3399	35
13.373	35
13.3741	35
13.3751	35
13.4083	35
13.4094	35
13.4104	35
13.4441	35
13.4451	35
13.4462	35
13.4799	35
13.4809	35
13.482	35
13.5152	35
13.5162	35
13.5173	35
13.5505	35
13.5515	35
13.5526	35
13.5858	35
13.5868	35
13.5879	35
13.6211	35
13.6221	35
13.6232	35
13.6564	35
13.6574	35
13.6585	35
13.6937	35
13.6947	35
13.6958	35
13.7294	35
13.7305	35
13.7315	35
13.7651	35
13.7662	35
13.7672	35
13.8019	35
13.803	35
13.804	36
13.8408	36
13.8418	36
13.8429	36
13.8797	37
13.8807	37
13.8818	37
13.9185	37
13.9196	37
13.9206	38
13.9574	38
13.9585	38
13.9595	38
13.9963	38
13.9973	38
13.9984	38
14.0362	38
14.0373	38
14.0383	39
14.0782	39
14.0793	39
14.0803	40
14.1203	40
14.1213	40
14.1224	40
14.1623	40
14.1633	40
14.1644	41
14.2043	41
14.2054	41
14.2064	41
14.2473	41
14.2484	41
14.2494	42
14.2898	47
14.2909	46
14.2919	46
14.3308	50
14.3318	49
14.3329	48
14.3702	52
14.3712	50
14.3723	49
14.4137	53
14.4936	51
14.4946	49
14.5325	48
14.5335	47
14.5713	51
14.5724	49
14.6107	53
14.6118	51
14.6512	54
14.6522	53
14.6922	56
14.6932	54
14.7331	58
14.7342	56
14.7741	59
14.7752	57
14.8156	60
14.8167	57
14.8587	60
14.8597	58
14.9017	62
14.9027	59
14.9421	62
14.9432	60
14.9442	57
14.9826	55
14.9836	53
14.9847	51
15.023	50
15.0241	49
15.0251	48
15.065	47
15.0661	46
15.0671	46
15.1081	45
15.1091	45
15.1102	45
15.1506	44
15.1516	44
15.1527	44
15.1921	43
15.1931	43
15.1942	43
15.2336	43
15.2346	42
15.2357	42
15.2751	42
15.2761	42
15.2772	42
15.3166	47
15.3176	46
15.3187	46
15.3596	50
15.4799	48
15.5172	47
15.5183	46
15.5551	45
15.5561	44
15.5934	43
15.5945	43
15.6312	42
15.6323	41
15.6701	41
15.6711	41
15.7095	40
15.7105	40
15.7499	45
15.751	44
15.7914	49
15.7925	48
15.8324	52
15.8335	51
15.8755	55
15.8765	53
15.918	57
15.9191	56
15.9579	59
15.959	56
15.96	54
15.9984	53
15.9994	51
16.0005	50
16.0383	48
16.0394	47
16.0404	46
16.0782	45
16.0793	45
16.0803	44
16.1187	43
16.1197	43
16.1208	43
16.1597	42
16.1607	42
16.1618	42
16.2012	42
16.2022	42
16.2033	42
16.2437	42
16.2448	42
16.2458	42
16.2867	42
16.2878	42
16.2888	42
16.3287	47
16.3298	47
16.3308	46
16.3681	50
16.3692	49
16.3702	48
16.4075	52
16.4086	50
16.4096	49
16.448	52
16.449	51
16.4501	50
16.4879	53
16.4889	52
16.49	50
16.5278	53
16.5289	52
16.5299	50
16.5688	54
16.5698	52
16.5709	51
16.6098	55
16.6108	53
16.6119	51
16.6518	55
16.6528	54
16.6539	52
16.6938	56
16.6949	54
16.6959	53
16.7358	56
16.7369	55
16.738	53
16.7789	57
16.78	55
16.781	54
16.8214	57
16.8225	56
16.8235	54
16.8628	57
16.8639	55
16.8649	54
16.8996	56
16.9007	54
16.9017	52
16.9349	54
16.936	52
16.937	50
16.9707	52
16.9718	50
16.9728	49
17.0055	51
17.0066	49
17.0076	47
17.0407	50
17.0418	48
17.0428	46
17.0771	49
17.0781	48
17.0792	47
17.1144	50
17.1154	48
17.1165	47
17.1511	50
17.1522	48
17.1532	47
17.1884	50
17.1895	48
17.1905	47
17.2262	50
17.2273	49
17.2283	48
17.2646	51
17.2656	49
17.2667	48
17.3035	51
17.3045	50
17.3056	48
17.3418	52
17.3429	50
17.3439	49
17.3796	52
17.3807	50
17.3817	49
17.418	52
17.419	50
17.4201	49
17.4569	52
17.4579	51
17.459	49
17.4957	52
17.4968	51
17.4978	49
17.5357	53
17.5367	51
17.5378	50
17.5772	53
17.5782	52
17.5793	51
17.6181	55
17.6192	53
17.6202	52
17.6591	55
17.6602	53
17.6612	52
17.7006	55
17.7017	54
17.7027	52
17.7432	56
17.7442	54
17.7453	53
17.7857	57
17.7867	55
17.7878	53
17.8272	57
17.8282	55
17.8293	53
17.8671	57
17.8681	55
17.8692	53
17.9081	56
17.9091	54
17.9102	53
17.948	56
17.949	54
17.9501	52
17.9879	55
17.989	53
17.99	52
18.0278	55
18.0289	53
18.0299	52
18.0688	55
18.0699	53
18.0709	52
18.1087	55
18.1098	53
18.1108	52
18.1492	55
18.1502	53
18.1513	52
18.1902	55
18.1912	54
18.1923	52
18.2311	55
18.2322	54
18.2332	52
18.2721	56
18.2732	54
18.2742	52
18.3136	56
18.3147	54
18.3157	52
18.3556	56
18.3567	54
18.3577	53
18.3977	56
18.3987	55
18.3998	53
18.4402	57
18.4413	55
18.4423	54
18.4833	57
18.5657	55
18.5667	53
18.603	51
18.604	49
18.6408	52
18.6418	51
18.6791	54
18.6802	52
18.7175	55
18.7185	53
18.7569	56
18.7579	54
18.7958	56
18.7968	54
18.8357	57
18.8367	55
18.8777	58
18.8788	56
18.9207	60
19.0384	61
19.0751	63
19.0762	59
19.1151	57
19.1161	55
19.155	53
19.156	51
19.1954	50
19.1965	48
19.2369	47
19.238	47
19.2784	46
19.2795	45
19.321	45
19.3221	45
19.363	44
19.3641	44
19.4056	44
19.4066	43
19.4486	43
19.4497	43
19.4895	43
19.4906	43
19.5289	42
19.53	42
19.5673	41
19.5683	41
19.6062	41
19.6072	40
19.6456	40
19.6466	40
19.685	40
19.686	40
19.7244	40
19.7254	40
19.7632	39
19.7643	39
19.8021	39
19.8032	39
19.8431	39
19.8441	39
19.8861	40
19.8872	40
19.9275	40
19.9286	40
19.9659	40
19.9669	40
20.0017	39
20.0028	39
20.0381	38
20.0391	38
20.0748	38
20.0759	38
20.1121	38
20.1132	38
20.15	37
20.151	37
20.1888	38
20.1899	38
20.2272	38
20.2282	38
20.2666	38
20.2676	38
20.306	38
20.307	38
20.3459	38
20.347	38
20.3869	39
20.3879	39
20.4279	39
20.4289	39
20.4704	40
20.4715	40
20.5129	40
20.514	40
20.555	41
20.556	41
20.5965	41
20.5975	41
20.6385	41
20.6395	41
20.681	41
20.6821	41
20.724	41
20.7251	42
20.7665	42
20.7675	42
20.8038	41
20.8048	40
20.8421	40
20.8432	40
20.8815	40
20.8826	40
20.9215	40
20.9225	40
20.9624	40
20.9635	40
21.005	40
21.0061	40
21.047	41
21.0481	41
21.0901	41
21.0911	41
21.1321	41
21.1331	41
21.1741	41
21.1752	41
21.2172	41
21.2182	42
21.2591	42
21.2602	42
21.3011	42
21.3022	42
21.3395	41
21.3405	41
21.3773	40
21.3784	40
21.4167	40
21.4178	40
21.4587	40
21.4598	40
21.5008	40
21.5018	40
21.5428	40
21.5438	41
21.5848	41
21.5859	41
21.6274	41
21.6284	41
21.6704	41
21.6714	42
21.7129	42
21.7139	42
21.7523	41
21.7533	41
21.7933	41
21.7943	41
21.8342	41
21.8353	41
21.8757	41
21.8768	41
21.9178	41
21.9188	41
21.9608	41
21.9618	41
22.0007	41
22.0017	41
22.0401	41
22.0411	41
22.08	40
22.0811	40
22.1194	45
22.1205	44
22.1604	49
22.1614	48
22.2008	52
22.2019	50
22.2423	54
22.2434	53
22.2833	56
22.2844	54
22.3248	58
22.3259	56
22.3668	59
22.3679	57
22.4099	60
22.4109	58
22.4534	62
22.5648	58
22.6006	60
22.6017	57
22.639	54
22.64	52
22.6773	51
22.6784	49
22.7157	48
22.7167	46
22.7556	45
22.7566	45
22.795	44
22.796	43
22.8349	43
22.836	42
22.8764	42
22.8775	42
22.919	42
22.92	42
22.9615	42
22.9625	42
23.004	42
23.0051	42
23.045	47
23.046	46
23.0817	50
23.0828	49
23.1195	52
23.1206	50
23.1568	53
23.1579	51
23.1936	54
23.1947	52
23.232	54
23.233	52
23.2703	55
23.2714	53
23.3102	56
23.3113	54
23.3523	58
23.3533	56
23.3544	54
23.3958	53
23.3969	51
23.3979	50
23.4389	49
23.4399	48
23.441	48
23.4788	47
23.4798	46
23.4809	45
23.5187	44
23.5197	44
23.5208	43
23.5581	43
23.5591	42
23.5602	42
23.598	42
23.5991	41
23.6001	41
23.6395	41
23.6406	41
23.6416	41
23.6821	41
23.6831	41
23.6842	41
23.7245	41
23.7256	41
23.7266	41
23.7671	42
23.7681	42
23.7692	42
23.8075	42
23.8086	41
23.8096	41
23.8475	41
23.8485	41
23.8496	41
23.8884	41
23.8895	41
23.8905	41
23.9315	41
23.9325	41
23.9336	41
23.9744	41
23.9755	41
23.9765	42
24.0138	41
24.0149	41
24.0159	41
24.0506	40
24.0516	40
24.0527	39
24.0889	39
24.09	39
24.091	39
24.1268	39
24.1278	38
24.1289	38
24.1651	38
24.1662	38
24.1672	38
24.2029	38
24.204	38
24.205	38
24.2413	38
24.2423	38
24.2434	38
24.2807	38
24.2817	38
24.2828	38
24.3206	38
24.3217	38
24.3227	39
24.3616	39
24.3626	39
24.3637	39
24.4026	39
24.4036	40
24.4047	40
24.4456	40
24.4467	40
24.4477	41
24.4886	41
24.4896	41
24.4907	41
24.5275	41
24.5285	41
24.5296	40
24.5642	40
24.5653	39
24.5663	39
24.601	39
24.6021	38
24.6031	38
24.6378	38
24.6388	38
24.6399	37
24.6756	37
24.6767	37
24.6777	37
24.7145	38
24.7155	38
24.7166	38
24.7534	38
24.7544	38
24.7555	38
24.7922	38
24.7933	38
24.7943	38
24.8322	38
24.8332	38
24.8343	39
24.8742	39
24.8752	39
24.8763	40
24.9157	40
24.9167	40
24.9178	40
24.9577	40
24.9588	40
24.9598	40
24.9997	41
25.0008	41
25.0018	41
25.0423	41
25.0433	41
25.0444	41
25.0853	41
25.0863	42
25.0874	42
25.1247	41
25.1257	41
25.1268	41
25.163	40
25.1641	40
25.1651	40
25.2008	40
25.2019	39
25.2029	39
25.2376	39
25.2387	38
25.2397	38
25.2744	38
25.2754	38
25.2765	38
25.3112	37
25.3122	37
25.3133	37
25.3485	37
25.3495	37
25.3506	37
25.3873	37
25.3884	37
25.3894	37
25.4267	38
25.4278	38
25.4288	38
25.4667	38
25.4677	38
25.4688	38
25.5066	39
25.5076	39
25.5087	39
25.5465	39
25.5476	39
25.5486	39
25.5875	39
25.5885	39
25.5896	39
25.6285	40
25.6295	40
25.6306	40
25.6694	40
25.6705	40
25.6715	40
25.7104	40
25.7115	40
25.7125	40
25.7524	40
25.7535	41
25.7545	41
25.795	41
25.796	41
25.7971	41
25.837	41
25.8381	41
25.8391	41
25.8791	41
25.8801	41
25.8812	41
25.9211	41
25.9221	41
25.9232	41
25.9641	42
25.9652	42
25.9662	42
26.0066	42
26.0077	42
26.0087	42
26.0476	42
26.0486	41
26.0497	41
26.088	46
26.0891	46
26.0901	45
26.1274	49
26.1285	48
26.1295	47
26.1674	51
26.1684	49
26.1695	48
26.2078	52
26.2089	50
26.2099	49
26.2483	53
26.2493	51
26.2504	50
26.2898	54
26.2908	52
26.2919	51
26.3318	55
26.3328	53
26.3339	52
26.3743	56
26.3754	54
26.3764	53
26.4173	57
26.4987	54
26.5381	53
26.5392	51
26.5786	55
26.5796	53
26.6195	56
26.6206	54
26.661	58
26.6621	56
26.7031	59
26.7041	57
26.7451	60
26.7462	58
26.7871	61
26.7882	59
26.8297	62
26.8307	59
26.8727	62
26.8738	60
27.1438	62
27.1842	64
27.2252	66
27.2662	68
27.3077	70
27.3507	72
27.3932	73
27.3942	70
27.4352	66
27.4363	63
27.4767	60
27.4778	58
27.5177	56
27.5187	54
27.5592	52
27.5602	51
27.6002	50
27.6012	48
27.6427	48
27.6438	47
27.6842	46
27.6853	46
27.7263	45
27.7273	45
27.7688	49
27.7698	49
27.8113	53
27.8124	52
27.8512	55
27.8523	54
27.8917	57
27.8927	55
27.9332	58
27.9342	56
27.9757	59
27.9768	57
28.0183	60
28.0193	58
28.0613	62
28.0624	59
28.1043	63
28.1053	60
28.1473	63
28.1483	61
28.1835	63
28.1846	60
28.2203	61
28.2214	58
28.2581	60
28.2592	57
28.2981	60
28.2991	57
28.3369	60
28.338	57
28.3769	59
28.3779	57
28.4168	60
28.4178	57
28.4572	60
28.4583	58
28.4998	61
28.5008	58
28.5433	62
28.6631	64
28.7019	65
28.703	62
28.7424	59
28.7434	57
28.7844	55
28.7855	53
28.827	52
28.828	51
28.8705	50
28.8715	49
28.9098	48
28.9109	46
28.9477	45
28.9487	44
28.985	43
28.986	43
29.0228	42
29.0238	41
29.0632	41
29.0643	41
29.1053	41
29.1063	41
29.1473	41
29.1483	41
29.1893	41
29.1904	41
29.2323	41
29.2334	42
29.2738	41
29.2748	41
29.3105	46
29.3116	45
29.3473	48
29.3484	47
29.3841	50
29.3851	49
29.4209	51
29.4219	50
29.4587	52
29.4597	51
29.4981	54
29.4991	52
29.538	56
29.5391	54
29.5785	57
29.5795	55
29.6194	58
29.6205	56
29.6615	59
29.6625	57
29.7045	60
29.7056	58
29.747	61
29.748	59
29.7869	62
29.7879	59
29.8242	61
29.8252	58
29.862	60
29.8631	58
29.8988	59
29.8998	57
29.9356	58
29.9366	56
29.9723	58
29.9734	55
30.0096	58
30.0107	55
30.0475	57
30.0485	55
30.0869	58
30.0879	55
30.1268	58
30.1278	56
30.1678	59
30.1688	57
30.2077	60
30.2087	57
30.2492	60
30.2502	58
30.2923	61
30.4954	63
30.5353	65
30.5768	67
30.6183	69
30.6593	71
30.7008	72
30.7428	73
30.7439	70
30.7864	66
30.7874	63
30.8289	61
30.8299	58
30.8709	56
30.8719	54
30.9092	52
30.9103	51
30.9486	49
30.9497	48
30.9875	47
30.9886	46
31.0269	45
31.028	44
31.0658	43
31.0668	43
31.1047	47
31.1057	46
31.1441	50
31.1451	49
31.1845	53
31.1856	51
31.2255	55
31.2265	53
31.2665	56
31.2675	55
31.308	58
31.309	56
31.35	59
31.351	57
31.3925	60
31.3936	58
31.4355	61
31.5558	63
31.5952	65
31.6351	67
31.675	69
31.7155	70
31.7554	71
31.7959	72
31.7969	68
31.8379	65
31.8389	62
31.8799	59
31.881	57
31.9219	55
31.923	53
31.964	52
31.965	51
32.0065	50
32.0076	49
32.0491	48
32.0501	47
32.0916	47
32.0927	46
32.1341	45
32.1352	45
32.1756	50
32.1767	49
32.2134	52
32.2145	51
32.2518	54
32.2528	52
32.2907	55
32.2917	53
32.3301	56
32.3311	54
32.3705	57
32.3716	55
32.412	58
32.4131	56
32.4535	59
32.4546	57
32.495	60
32.4961	58
32.5365	61
32.5376	58
32.5785	61
32.5796	59
32.6195	62
32.6206	59
32.6605	62
32.6615	59
32.7025	62
32.7036	60
32.7455	63
32.7466	60
32.788	63
32.789	61
32.8242	63
32.8253	60
32.859	61
32.8601	58
32.8948	59
32.8959	56
32.9301	58
32.9312	55
32.9669	57
32.968	54
33.0053	57
33.0063	55
33.0447	57
33.0457	55
33.0851	58
33.0862	56
33.1261	59
33.1271	57
33.1676	60
33.1686	58
33.2106	61
33.2117	59
33.3357	56
33.3766	60
33.3777	57
33.4187	55
33.4197	54
33.4622	52
33.4633	51
33.5042	50
33.5052	49
33.5452	48
33.5462	47
33.5809	45
33.5819	44
33.6162	43
33.6172	42
33.652	41
33.6531	41
33.6883	40
33.6893	39
33.7256	39
33.7266	39
33.7634	39
33.7644	38
33.8017	38
33.8028	38
33.8417	38
33.8427	38
33.8832	39
33.8842	39
33.9257	39
33.9267	40
33.9666	45
33.9677	45
34.0071	49
34.0081	48
34.0454	52
34.0465	50
34.0833	53
34.0843	51
34.1211	54
34.1221	52
34.16	55
34.161	53
34.2009	56
34.202	54
34.2419	57
34.243	55
34.285	59
34.286	57
34.328	60
34.329	58
34.3679	61
34.3689	59
34.4067	61
34.4078	58
34.4451	60
34.4461	58
34.484	60
34.485	58
34.5228	60
34.5239	57
34.5612	60
34.5622	57
34.6011	60
34.6022	57
34.6421	60
34.6431	58
34.6831	61
34.6841	58
34.7246	61
34.7256	59
34.7666	61
34.7676	59
34.8086	62
34.8097	60
34.8516	63
34.8527	60
34.8941	63
34.8952	61
34.9346	63
34.9356	60
34.9719	62
34.9729	59
35.0097	61
35.0108	58
35.0486	60
35.0496	58
35.088	60
35.089	58
35.1269	60
35.1279	57
35.1663	60
35.1673	57
35.2072	60
35.2083	58
35.2493	61
35.2503	59
35.2913	62
35.2923	59
35.3343	62
35.3354	60
35.3769	63
35.3779	60
35.4184	63
35.4194	60
35.4588	63
35.4599	60
35.4977	62
35.4987	59
35.5371	62
35.5381	59
35.5781	62
35.5791	59
35.6196	62
35.6206	59
35.6616	62
35.6626	60
35.7041	63
35.7052	60
35.7476	63
35.8632	64
35.899	65
35.9001	61
35.9348	58
35.9359	55
35.9721	53
35.9732	51
36.01	49
36.011	48
36.0488	47
36.0499	45
36.0882	45
36.0893	44
36.1271	43
36.1282	43
36.167	42
36.1681	42
36.208	42
36.2091	42
36.2506	42
36.2516	42
36.2936	42
36.2947	42
36.3346	42
36.3356	42
36.3734	41
36.3745	41
36.4128	41
36.4139	40
36.4528	40
36.4538	40
36.4937	45
36.4948	45
36.5363	49
36.5373	49
36.5778	53
36.5788	51
36.6198	55
36.6209	54
36.6623	57
36.6634	56
36.7017	59
36.7027	56
36.74	59
36.7411	56
36.7784	59
36.7794	56
36.8167	59
36.8178	56
36.8556	58
36.8566	56
36.8955	59
36.8966	56
36.936	59
36.937	57
36.9785	60
36.9796	58
37.022	61
37.1324	62
37.1677	63
37.203	64
37.2388	65
37.2752	66
37.3125	67
37.3513	68
37.3524	64
37.3928	61
37.3939	59
37.4349	57
37.4359	55
37.4779	53
37.479	52
37.521	51
37.522	50
37.5614	49
37.5625	47
37.6003	46
37.6013	45
37.6397	45
37.6407	44
37.6796	43
37.6807	43
37.7206	42
37.7216	42
37.761	47
37.7621	46
37.801	50
37.802	49
37.8419	53
37.843	51
37.8845	55
37.8855	54
37.9275	58
37.9286	56
37.9706	59
37.9716	57
38.0126	61
38.0136	58
38.0525	61
38.0535	59
38.0935	61
38.0945	59
38.1344	61
38.1355	59
38.1754	62
38.1765	59
38.2169	62
38.218	59
38.2579	62
38.2589	59
38.2994	62
38.3004	60
38.3414	63
38.3425	60
38.384	63
38.385	60
38.427	63
38.4281	61
38.47	64
38.5903	66
38.6313	67
38.6323	64
38.6743	61
38.6754	59
38.7173	57
38.7184	55
38.7603	54
38.7614	52
38.7987	50
38.7997	49
38.8365	47
38.8376	46
38.8749	45
38.8759	44
38.9143	44
38.9153	43
38.9552	43
38.9563	42
38.9967	42
38.9978	42
39.0377	42
39.0388	42
39.0803	42
39.0813	42
39.1233	42
39.1243	42
39.1637	42
39.1647	42
39.202	46
39.2031	45
39.2393	49
39.2404	47
39.2782	51
39.2792	49
39.3176	53
39.3186	51
39.357	54
39.358	53
39.3959	56
39.3969	54
39.4353	56
39.4363	54
39.4747	57
39.4757	55
39.5162	58
39.5172	56
39.5582	59
39.5593	57
39.6002	60
39.6013	58
39.6428	61
39.6438	59
39.6858	62
39.6869	60
39.7278	63
39.7288	60
39.7688	63
39.7698	60
39.8087	63
39.8097	60
39.8486	62
39.8497	59
39.8875	62
39.8885	59
39.9269	61
39.9279	58
39.9673	61
39.9684	58
40.0088	61
40.0099	59
40.0498	61
40.0509	59
40.0913	62
40.0924	59
40.1333	62
40.1344	60
40.1754	63
40.1764	60
40.2184	63
40.2195	61
40.2609	63
40.262	61
40.3039	64
40.305	61
40.3439	64
40.3449	61
40.3822	63
40.3833	60
40.4211	62
40.4221	59
40.4599	61
40.461	58
40.4988	61
40.4999	58
40.5377	60
40.5387	58
40.5766	60
40.5776	57
40.616	60
40.617	57
40.6559	60
40.6569	57
40.6963	60
40.6974	58
40.7373	61
40.7384	58
40.7783	61
40.7794	59
40.8198	61
40.8209	59
40.8608	62
40.8618	59
40.9023	62
40.9033	59
40.9443	62
40.9454	60
40.9873	63
40.9884	60
41.0267	63
41.0278	60
41.0656	62
41.0666	59
41.1034	61
41.1045	58
41.1418	60
41.1428	58
41.1796	60
41.1806	57
41.2174	59
41.2185	57
41.2552	59
41.2563	56
41.2936	59
41.2946	56
41.3335	59
41.3346	56
41.375	59
41.3761	57
41.4176	60
41.4186	58
41.4606	61
41.4616	59
41.5015	62
41.5026	59
41.5425	62
41.5435	60
41.5829	62
41.584	59
41.6239	62
41.625	59
41.6644	62
41.6654	59
41.7064	62
41.7074	60
41.7489	63
41.75	60
41.7925	63
41.9102	64
41.9455	65
41.9465	62
41.9822	58
41.9833	56
42.0195	53
42.0206	51
42.0579	49
42.0589	48
42.0968	47
42.0978	46
42.1367	45
42.1377	44
42.1777	44
42.1787	43
42.2202	43
42.2213	43
42.2633	43
42.2643	43
42.3068	43
42.3079	43
42.344	42
42.3451	42
42.3799	41
42.3809	40
42.4152	39
42.4162	39
42.4505	38
42.4515	38
42.4862	38
42.4872	37
42.5209	41
42.522	40
42.5578	44
42.5589	43
42.5956	47
42.5967	46
42.6329	49
42.634	48
42.6708	51
42.6718	50
42.7091	53
42.7102	51
42.748	54
42.749	52
42.7869	55
42.7879	53
42.8268	56
42.8278	54
42.8657	57
42.8667	55
42.9051	58
42.9061	56
42.9439	58
42.945	56
42.9828	58
42.9839	56
43.0227	59
43.0238	56
43.0621	59
43.0632	57
43.101	59
43.1021	57
43.1399	59
43.1409	57
43.1798	59
43.1809	57
43.2208	60
43.2218	57
43.2623	60
43.2633	58
43.3043	61
43.3054	59
43.3463	62
43.3474	59
43.3884	62
43.3894	60
43.4304	63
43.4314	60
43.4729	63
43.474	60
43.515	63
43.516	61
43.557	63
43.558	61
43.599	64
43.6001	61
43.6411	64
43.6421	61
43.6836	64
43.6847	61
43.7266	64
43.7277	61
43.9178	63
43.9562	65
43.995	66
44.035	68
44.0749	69
44.1148	70
44.1553	72
44.1563	68
44.1973	65
44.1983	62
44.2393	59
44.2404	57
44.2824	55
44.2834	54
44.3249	52
44.3259	51
44.3658	49
44.3669	48
44.4058	47
44.4068	46
44.4457	45
44.4467	45
44.4872	44
44.4882	44
44.5292	49
44.5302	48
44.5712	52
44.5723	51
44.6122	55
44.6132	53
44.6542	57
44.6553	55
44.6978	59
44.8533	60
44.8906	62
44.9289	64
44.9678	65
45.0072	67
45.0482	69
45.0886	70
45.0897	66
45.1327	63
45.254	65
45.2913	67
45.3296	68
45.3685	69
45.4079	70
45.4494	71
45.4505	68
45.4914	64
45.4925	61
45.534	59
45.535	57
45.577	55
45.578	54
45.6163	52
45.6174	50
45.6547	49
45.6557	47
45.6925	46
45.6935	45
45.7308	44
45.7319	43
45.7708	43
45.7718	42
45.8117	42
45.8128	42
45.8532	42
45.8543	42
45.8963	42
45.8974	42
45.9388	42
45.9399	42
45.9819	42
45.983	42
46.0239	42
46.025	42
46.066	42
46.067	42
46.108	42
46.1091	42
46.1506	42
46.1516	42
46.1936	42
46.1946	42
46.2351	42
46.2361	42
46.275	41
46.276	41
46.316	41
46.317	41
46.3559	41
46.3569	41
46.3963	41
46.3974	41
46.4378	41
46.4389	41
46.4799	41
46.4809	41
46.5219	41
46.5229	41
46.5644	41
46.5655	41
46.6074	41
46.6085	42
46.6504	42
46.6515	42
46.6909	42
46.6919	41
46.7319	41
46.7329	41
46.7734	41
46.7744	41
46.8149	41
46.8159	41
46.8569	41
46.858	41
46.9	41
46.901	42
46.9425	42
46.9436	42
46.9835	42
46.9845	41
47.0245	41
47.0255	41
47.0665	41
47.0675	41
47.1095	41
47.1105	42
47.1494	41
47.1504	41
47.1877	41
47.1888	40
47.225	40
47.2261	40
47.2628	39
47.2639	39
47.3012	39
47.3022	39
47.3401	39
47.3411	39
47.3805	39
47.3816	39
47.4204	39
47.4215	39
47.4609	39
47.4619	39
47.5024	39
47.5034	40
47.5454	40
47.5464	40
47.5853	40
47.5863	40
47.6236	40
47.6247	40
47.662	39
47.663	39
47.7009	39
47.7019	39
47.7397	39
47.7408	39
47.7791	39
47.7802	39
47.8191	39
47.8201	39
47.86	39
47.8611	39
47.9015	40
47.9026	40
47.9446	40
47.9456	40
47.9871	41
47.9881	41
48.028	41
48.0291	41
48.0685	41
48.0695	40
48.1074	40
48.1084	40
48.1478	40
48.1489	40
48.1888	40
48.1898	40
48.2303	40
48.2313	40
48.2729	41
48.2739	41
48.3154	41
48.3165	41
48.3574	46
48.3584	46
48.3994	51
48.4005	50
48.4409	54
48.442	52
48.4829	56
48.484	54
48.5265	58
48.6451	60
48.6819	62
48.6829	59
48.7208	56
48.7218	54
48.7596	52
48.7607	50
48.799	49
48.8001	48
48.8379	46
48.839	45
48.8789	45
48.8799	44
48.9204	44
48.9214	44
48.9634	43
48.9645	43
49.0059	43
49.007	43
49.0427	42
49.0437	41
49.0805	41
49.0815	41
49.1178	45
49.1188	44
49.1556	48
49.1567	46
49.1945	50
49.1955	49
49.236	52
49.237	51
49.2759	55
49.277	53
49.3164	56
49.3174	54
49.3573	58
49.3584	56
49.3983	59
49.3994	57
49.4398	60
49.4409	57
49.4419	55
49.4829	54
49.4839	52
49.485	51
49.5259	50
49.5269	49
49.528	48
49.5668	47
49.5679	46
49.569	46
49.6078	45
49.6089	44
49.6099	44
49.6483	44
49.6493	43
49.6504	43
49.6882	42
49.6893	42
49.6903	42
49.7281	41
49.7292	41
49.7302	41
49.7681	41
49.7691	41
49.7702	41
49.808	40
49.809	40
49.8101	40
49.849	40
49.85	40
49.8511	40
49.891	40
49.892	41
49.8931	41
49.9335	41
49.9346	41
49.9356	41
49.9756	41
49.9766	41
49.9777	41
50.0176	41
50.0186	41
50.0197	41
50.0601	41
50.0612	42
50.0622	42
50.1031	42
50.1042	42
50.1052	42
50.1445	42
50.1456	42
50.1466	41
50.1823	41
50.1834	41
50.1844	40
50.2212	40
50.2223	40
50.2233	40
50.2606	39
50.2617	39
50.2627	39
50.3	39
50.3011	39
50.3021	39
50.341	39
50.342	39
50.3431	40
50.3835	40
50.3846	40
50.3856	40
50.4261	41
50.4271	41
50.4282	41
50.4691	41
50.4702	41
50.4712	42
50.5121	42
50.5132	42
50.5142	42
50.552	42
50.5531	41
50.5541	41
50.5925	41
50.5935	41
50.5946	41
50.6329	40
50.634	40
50.635	40
50.6734	40
50.6744	40
50.6755	40
50.7144	40
50.7154	40
50.7165	40
50.7569	40
50.758	41
50.759	41
50.7989	41
50.8	41
50.801	41
50.8415	41
50.8425	41
50.8436	41
50.8845	42
50.8855	42
50.8866	42
50.9238	41
50.9249	41
50.9259	41
50.9596	40
50.9606	39
50.9617	39
50.9963	39
50.9974	38
50.9984	38
51.0352	38
51.0363	38
51.0373	38
51.0741	38
51.0751	38
51.0762	38
51.1135	38
51.1145	38
51.1156	38
51.1534	39
51.1545	39
51.1555	39
51.1939	39
51.1949	39
51.196	39
51.2338	39
51.2348	39
51.2359	39
51.2737	39
51.2748	39
51.2758	39
51.3142	39
51.3152	40
51.3163	40
51.3557	40
51.3567	40
51.3578	40
51.3977	40
51.3987	40
51.3998	40
51.4397	41
51.4408	41
51.4418	41
51.4817	41
51.4828	41
51.4838	41
51.5243	41
51.5253	41
51.5264	42
51.5668	42
51.5679	42
51.5689	42
51.6083	42
51.6093	42
51.6104	42
51.6477	41
51.6487	41
51.6498	41
51.6876	40
51.6886	40
51.6897	40
51.7275	40
51.7286	40
51.7296	40
51.768	40
51.769	40
51.7701	40
51.8079	40
51.8089	40
51.81	40
51.8478	40
51.8489	40
51.8499	40
51.8883	40
51.8893	40
51.8904	40
51.9298	40
51.9308	40
51.9319	40
51.9723	40
51.9734	41
51.9744	41
52.0144	41
52.0154	41
52.0165	41
52.0574	41
52.0584	41
52.0595	42
52.0973	41
52.0983	41
52.0994	41
52.1388	41
52.1398	41
52.1409	41
52.1777	46
52.1787	45
52.1798	44
52.2176	48
52.2186	47
52.2197	46
52.258	50
52.2591	49
52.2601	48
52.2995	52
52.3006	51
52.3016	50
52.3421	54
52.3431	52
52.3442	51
52.3851	55
52.3862	54
52.3872	53
52.4281	56
52.4292	55
52.5064	52
52.5411	50
52.5422	48
52.5774	51
52.5784	49
52.6157	52
52.6168	51
52.6536	54
52.6546	52
52.6919	55
52.693	53
52.7308	55
52.7318	53
52.7707	56
52.7718	54
52.8112	58
52.8122	56
52.8521	59
52.8532	57
52.8931	60
52.8942	57
52.9346	60
52.9357	58
52.9772	61
52.9787	59
53.1021	61
53.1415	64
53.1809	65
53.2198	67
53.2586	68
53.2986	69
53.3385	71
53.3395	67
53.3795	64
53.3805	61
53.4215	58
53.4226	56
53.464	55
53.4651	53
53.5066	52
53.5076	50
53.5476	49
53.5486	48
53.5896	47
53.5906	46
53.6326	46
53.6337	46
53.674	45
53.6751	45
53.7118	49
53.7129	47
53.7481	51
53.7491	49
53.7854	52
53.7864	50
53.8227	53
53.8237	51
53.8605	54
53.8616	52
53.8983	55
53.8994	53
53.9372	56
53.9383	54
53.9766	56
53.9777	54
54.0176	57
54.0186	55
54.0586	58
54.0596	56
54.1006	59
54.1016	57
54.1431	61
54.1442	58
54.1861	62
54.1872	59
54.2286	62
54.2296	60
54.2654	62
54.2664	59
54.3032	61
54.3042	58
54.3436	60
54.3447	58
54.3825	60
54.3836	58
54.4214	60
54.4224	58
54.4608	60
54.4618	57
54.4997	60
54.5007	57
54.5396	60
54.5406	57
54.5795	60
54.5806	58
54.6194	60
54.6205	58
54.6599	60
54.6609	58
54.7019	61
54.703	58
54.7449	62
54.746	59
54.7869	62
54.788	60
54.8232	62
54.8242	59
54.8599	61
54.861	58
54.8988	60
54.8999	57
54.9377	59
54.9387	57
54.9771	60
54.9781	57
55.017	60
55.0181	57
55.0569	60
55.058	57
55.099	60
55.1	58
55.1415	61
55.1425	59
55.1845	62
55.1855	60
55.2265	63
55.2276	60
55.268	63
55.2691	60
55.3111	63
55.3121	61
55.3536	64
55.3546	61
55.3966	64
55.3977	61
55.5137	58
55.5515	60
55.5526	58
55.5909	55
55.592	53
55.6314	52
55.6324	50
55.6718	49
55.6729	48
55.7123	47
55.7133	46
55.7533	45
55.7543	45
55.7948	44
55.7958	44
55.8368	43
55.8378	43
55.8788	43
55.8799	43
55.9208	43
55.9219	42
55.9634	42
55.9644	42
56.0064	42
56.0075	42
56.0499	42
56.051	42
56.0893	42
56.0904	42
56.1245	46
56.1256	45
56.1614	48
56.1624	47
56.1976	50
56.1987	48
56.2334	51
56.2344	49
56.2696	52
56.2707	50
56.3069	53
56.308	51
56.3437	53
56.3447	51
56.3815	54
56.3826	52
56.4199	55
56.4209	53
56.4587	56
56.4598	54
56.4987	57
56.4997	55
56.5386	58
56.5396	56
56.5796	59
56.5806	56
56.6221	60
56.6232	58
56.6651	61
56.6662	59
56.7081	62
56.7092	60
56.7491	63
56.7501	60
56.7906	62
56.7916	60
56.8316	62
56.8326	60
56.8731	63
56.8741	60
56.9166	63
57.0352	64
57.0715	65
57.1088	66
57.1461	67
57.1844	68
57.2227	69
57.2616	70
57.2627	66
57.3026	63
57.3037	60
57.3436	58
57.3446	56
57.3846	54
57.3856	52
57.4261	51
57.4271	50
57.4686	49
57.4697	48
57.5116	47
57.5127	46
57.5546	46
57.5557	46
57.5961	45
57.5972	45
57.6371	44
57.6381	44
57.6781	48
57.6791	48
57.719	52
57.7201	50
57.7616	54
57.7626	53
57.8051	57
57.9243	59
57.9596	60
57.9964	62
58.0342	63
58.0721	65
58.1099	66
58.1498	67
58.1509	64
58.1924	61
58.1934	59
58.2354	57
58.2365	55
58.2784	54
58.2795	52
58.3193	51
58.3204	49
58.3572	48
58.3582	47
58.395	45
58.396	44
58.4317	43
58.4328	42
58.4696	42
58.4706	41
58.51	41
58.5111	41
58.5499	46
58.551	45
58.5904	49
58.5915	48
58.6324	52
58.6335	51
58.6745	55
58.6755	54
58.7165	57
58.7175	55
58.759	59
58.7601	57
58.8011	60
58.8021	58
58.8436	61
58.8447	59
58.8862	62
58.8872	60
58.9297	63
59.0457	64
59.0815	65
59.0825	61
59.1193	58
59.1203	56
59.1576	54
59.1587	52
59.1976	50
59.1986	49
59.2385	48
59.2396	47
59.28	46
59.2811	46
59.3231	45
59.3241	45
59.3651	44
59.3661	44
59.4066	44
59.4076	43
59.446	43
59.447	42
59.4859	42
59.487	41
59.5258	41
59.5269	41
59.5663	41
59.5673	41
59.6067	41
59.6078	41
59.6498	41
59.77	45
59.8073	49
59.8457	52
59.8835	55
59.9213	58
59.9592	60
59.9975	62
59.9986	59
60.0374	56
60.0385	54
60.0774	52
60.0784	51
60.1178	49
60.1189	48
60.1593	47
60.1604	47
60.2019	46
60.2029	45
60.2449	45
60.246	45
60.288	44
60.289	44
60.3294	44
60.3305	44
60.3688	43
60.3699	42
60.4098	47
60.4109	46
60.4503	51
60.4513	49
60.4918	53
60.4928	52
60.5338	56
60.5348	54
60.5758	57
60.5769	56
60.6184	59
60.6194	57
60.6614	61
60.7843	63
60.8252	65
60.8667	67
60.9077	69
60.9487	71
60.9902	72
61.0317	73
61.0327	69
61.0748	66
61.0758	63
61.1178	61
61.1188	58
61.1597	56
61.1608	54
61.1981	52
61.1991	51
61.2364	49
61.2375	48
61.2758	46
61.2769	45
61.3152	45
61.3163	44
61.3552	43
61.3562	43
61.3956	48
61.3967	47
61.4361	51
61.4371	50
61.4776	53
61.4786	52
61.5185	56
61.5196	54
61.5611	57
61.5621	56
61.6051	59
61.7243	57
61.7643	60
61.8047	62
61.8452	64
61.8872	67
61.9287	69
61.9697	70
61.9707	67
62.0117	64
62.0127	61
62.0537	58
62.0548	56
62.0967	55
62.0978	53
62.1377	51
62.1388	50
62.1782	49
62.1792	48
62.2181	47
62.2191	46
62.2591	45
62.2601	45
62.3006	44
62.3016	44
62.343	49
62.3441	48
62.3856	52
62.3866	51
62.4234	55
62.4245	53
62.4633	56
62.4644	54
62.5043	57
62.5054	55
62.5453	58
62.5463	56
62.5873	59
62.5884	57
62.6303	60
62.6314	58
62.7878	60
62.8236	61
62.8246	58
62.8624	56
62.8635	54
62.9008	52
62.9018	50
62.9402	48
62.9412	47
62.9801	46
62.9812	46
63.0211	45
63.0221	44
63.0636	44
63.0647	44
63.1056	43
63.1067	43
63.1486	43
63.1497	43
63.1886	43
63.1896	42
63.2295	42
63.2306	42
63.2726	42
63.2736	42
63.3146	42
63.3156	42
63.3545	42
63.3555	41
63.3928	41
63.3939	41
63.4307	45
63.4317	44
63.469	48
63.4701	47
63.5084	51
63.5095	49
63.5489	53
63.5499	51
63.5893	55
63.5904	53
63.6308	57
63.6319	55
63.6738	58
63.6749	56
63.7148	60
63.7158	57
63.7536	60
63.7547	57
63.793	60
63.7941	57
63.8335	60
63.8345	58
63.8739	60
63.875	58
63.9144	61
63.9154	58
63.9559	61
63.9569	58
63.9989	61
64	59
64.0419	62
64.043	60
64.0829	63
64.0839	60
64.1223	63
64.1233	60
64.1585	62
64.1596	59
64.1958	60
64.1969	57
64.2336	59
64.2347	57
64.2715	59
64.2725	56
64.3098	59
64.3109	56
64.3482	59
64.3492	56
64.3876	59
64.3886	56
64.4285	59
64.4296	57
64.4695	60
64.4706	58
64.511	61
64.5121	58
64.5525	61
64.5536	59
64.5951	62
64.5961	59
64.6381	63
64.6391	60
64.6811	63
64.7992	65
64.8386	66
64.8796	68
64.9206	70
64.9616	71
65.0026	73
65.0441	74
65.0451	70
65.0866	66
65.0877	63
65.1297	61
65.1307	58
65.1706	56
65.1716	54
65.2121	53
65.2131	51
65.2515	50
65.2525	48
65.2919	47
65.293	46
65.3339	46
65.335	45
65.3765	45
65.3775	45
65.4185	49
65.4195	49
65.4605	53
65.4616	52
65.5031	56
65.5041	54
65.5456	58
65.5467	56
65.5876	59
65.5887	57
65.6307	60
65.6317	58
65.6736	62
65.6747	59
65.714	62
65.7151	60
65.7508	62
65.7519	58
65.7881	60
65.7892	57
65.8259	59
65.827	57
65.8638	59
65.8648	56
65.9016	59
65.9026	56
65.9399	58
65.941	56
65.9804	59
65.9814	56
66.0219	59
66.0229	57
66.0639	60
66.065	58
66.1065	61
66.1075	59
66.1495	62
66.1506	60
66.1925	63
66.1935	61
66.235	63
66.236	61
66.2739	63
66.2749	60
66.3122	62
66.3133	59
66.3521	62
66.3532	59
66.3931	62
66.3942	59
66.4341	62
66.4351	59
66.4761	62
66.4772	60
66.5192	63
66.6388	64
66.6761	65
66.6772	62
66.715	59
66.7161	56
66.7539	54
66.7549	52
66.7933	50
66.7943	49
66.8327	48
66.8337	47
66.8721	46
66.8731	45
66.9131	44
66.9141	44
66.9535	43
66.9546	43
66.9955	43
66.9966	43
67.0376	42
67.0386	42
67.0806	42
67.0817	42
67.1231	42
67.1242	42
67.165	42
67.1661	42
67.2008	41
67.2018	40
67.237	40
67.2381	40
67.2722	43
67.2732	42
67.3075	46
67.3085	44
67.3443	48
67.3453	46
67.381	50
67.3821	48
67.4194	51
67.4204	50
67.4604	53
67.4614	52
67.5034	56
67.6263	58
67.6672	61
67.7077	64
67.7487	66
67.7917	68
67.9603	70
67.9997	66
68.0396	67
68.0806	69
68.1215	71
68.1636	72
68.2061	74
68.2487	75
68.2917	76
68.4545	76
68.4949	77
68.5364	77
68.579	78
68.6215	79
68.6641	80
68.7056	80
68.7465	80
68.7891	81
68.8321	81
68.8735	82
68.9145	82
68.9513	81
68.9902	80
69.0301	80
69.0711	80
69.1126	80
69.1535	81
69.195	81
69.2371	81
69.2801	82
69.3226	82
69.3605	82
69.3999	81
69.4403	81
69.4823	81
69.5248	81
69.5642	81
69.6042	81
69.6441	81
69.6845	81
69.7266	81
69.7701	81
69.9366	81
69.9791	82
70.0216	82
70.0647	82
70.1056	82
70.1434	82
70.1823	81
70.2222	81
70.2622	81
70.3026	81
70.3446	81
70.3877	81
70.4296	82
70.4695	82
70.51	81
70.551	81
70.5919	81
70.635	82
70.7862	80
70.8235	80
70.8619	79
70.9007	79
70.9407	79
70.9811	79
71.0221	79
71.0636	79
71.1051	80
71.1466	80
71.1881	80
71.2301	81
71.2727	81
71.3147	81
71.3577	82
71.4003	82
71.4428	83
71.4849	83
71.5274	83
71.5704	83
71.7211	82
71.759	81
71.7973	80
71.8367	80
71.8766	80
71.9166	80
71.957	80
71.9985	80
72.0395	80
72.081	80
72.124	81
72.282	80
72.3204	80
72.3592	79
72.3992	79
72.4401	79
72.4811	80
72.5226	80
72.5657	80
72.8498	80
72.8902	80
72.9302	80
72.9706	80
73.0127	80
73.0552	81
73.0972	81
73.1392	82
73.1823	82
73.2252	82
73.2605	82
73.2964	80
73.3316	79
73.3669	78
73.4032	77
73.441	77
73.4783	77
73.5156	76
73.554	76
73.5934	76
73.6349	77
73.6759	77
73.7174	78
73.7594	79
73.8019	79
73.8445	80
73.8875	81
73.9305	81
73.9672	81
74.0045	80
74.0393	79
74.0757	78
74.112	77
74.1493	77
74.1882	77
74.2281	77
74.2686	77
74.3101	78
74.3526	78
74.3946	79
74.4377	80
74.4797	80
74.5207	81
74.5622	81
74.6042	81
74.6052	76
74.6473	72
74.6483	68
74.6903	65
74.6913	62
74.7318	60
74.7328	57
74.7706	55
74.7717	53
74.8106	51
74.8116	50
74.8521	49
74.8531	48
74.893	47
74.8941	46
74.9345	45
74.9356	45
74.9771	44
74.9781	44
75.0196	44
75.0207	44
75.0617	43
75.0627	43
75.1042	43
75.1053	43
75.1473	43
75.1483	43
75.1876	42
75.1887	42
75.2265	42
75.2275	41
75.2622	41
75.2633	40
75.2979	39
75.299	39
75.3358	38
75.3368	38
75.3741	38
75.3752	38
75.4135	38
75.4146	38
75.4534	39
75.4545	39
75.4939	39
75.4949	39
75.5349	39
75.5359	39
75.5764	40
75.5774	40
75.6179	40
75.6189	40
75.6588	40
75.6599	40
75.7003	40
75.7014	40
75.7429	41
75.7439	41
75.7849	41
75.786	41
75.8275	41
75.8285	41
75.871	41
75.872	42
75.9125	42
75.9135	42
75.9508	46
75.9519	45
75.9886	49
75.9897	48
76.0265	51
76.0275	49
76.0659	53
76.0669	51
76.1058	54
76.1068	53
76.1462	56
76.1473	54
76.1483	53
76.1883	51
76.1893	50
76.1904	49
76.2308	48
76.2319	47
76.2329	46
76.2733	46
76.2743	46
76.2754	45
76.3148	45
76.3158	44
76.3169	44
76.3531	43
76.3542	43
76.3552	42
76.3909	46
76.392	45
76.393	44
76.4298	48
76.4309	47
76.4319	46
76.4697	50
76.4708	48
76.4718	47
76.5097	51
76.5107	50
76.5118	49
76.5128	48
76.5506	47
76.5517	46
76.5527	45
76.5538	45
76.5937	44
76.5947	44
76.5958	44
76.5968	44
76.6352	44
76.6362	43
76.6373	43
76.6383	43
76.6767	43
76.6777	42
76.6788	42
76.6798	42
76.7191	47
76.7202	47
76.7212	46
76.7223	46
76.7591	50
76.7601	49
76.7612	48
76.7622	47
76.7964	50
76.7974	49
76.7985	47
76.7995	46
76.8006	45
76.8352	44
76.8363	43
76.8373	43
76.8384	42
76.8394	42
76.8746	41
76.8757	41
76.8767	41
76.8778	40
76.8788	40
76.9146	40
76.9156	40
76.9167	40
76.9177	40
76.9188	40
76.9555	45
76.9566	44
76.9576	44
76.9587	44
76.9597	43
76.9965	48
76.9976	47
76.9986	46
76.9997	46
77.0007	45
77.0018	45
77.0375	44
77.0385	44
77.0396	43
77.0406	43
77.0417	43
77.0427	42
77.079	42
77.08	42
77.0811	42
77.0821	42
77.0832	42
77.0842	42
77.1215	42
77.1226	42
77.1236	42
77.1247	42
77.1257	42
77.1268	42
77.1635	47
77.1645	46
77.1656	46
77.1667	45
77.1677	45
77.1688	45
77.2045	49
77.2055	48
77.2066	47
77.2076	46
77.2087	46
77.2097	45
77.2108	45
77.2455	44
77.2465	44
77.2476	43
77.2486	43
77.2497	43
77.2507	42
77.2518	42
77.2864	42
77.2875	42
77.2885	42
77.2896	42
77.2906	42
77.2917	42
77.2927	42
77.3279	46
77.329	45
77.33	45
77.3311	45
77.3321	44
77.3332	44
77.3342	44
77.3705	48
77.372	48
77.4565	47
77.4576	46
77.4907	49
77.4917	48
77.4928	46
77.4938	45
77.4949	44
77.5285	43
77.5296	42
77.5306	42
77.5317	41
77.5327	41
77.5669	40
77.5679	40
77.569	40
77.57	40
77.5711	39
77.6047	39
77.6057	39
77.6068	39
77.6078	39
77.6089	39
77.6425	43
77.6436	42
77.6446	42
77.6457	41
77.6467	41
77.6803	45
77.6814	44
77.6824	43
77.6835	43
77.6845	42
77.7187	46
77.7197	45
77.7208	44
77.7218	43
77.7229	43
77.7602	47
77.7612	46
77.7623	46
77.7633	45
77.7644	45
77.7654	45
77.8037	44
77.8048	44
77.8058	44
77.8069	44
77.8079	44
77.809	44
77.8467	43
77.8478	43
77.8488	43
77.8499	43
77.8509	43
77.852	43
77.8861	43
77.8871	42
77.8882	42
77.8892	42
77.8903	41
77.8913	41
77.9214	40
77.9224	40
77.9235	39
77.9245	39
77.9256	38
77.9266	38
77.9566	41
77.9576	41
77.9587	40
77.9597	39
77.9608	39
77.9618	38
77.9929	42
77.994	41
77.995	41
77.9961	40
77.9971	40
77.9982	40
78.0281	43
78.0292	42
78.0302	41
78.0313	41
78.0323	40
78.0334	40
78.0638	43
78.0649	42
78.0659	41
78.067	40
78.068	40
78.0691	39
78.1001	43
78.1011	42
78.1022	42
78.1032	41
78.1043	41
78.1053	40
78.1064	40
78.1379	39
78.1389	39
78.14	39
78.141	38
78.1421	38
78.1432	38
78.1442	38
78.1773	38
78.1783	38
78.1794	39
78.1804	39
78.1815	39
78.1826	39
78.1836	39
78.2183	39
78.2193	39
78.2204	39
78.2214	39
78.2225	40
78.2235	40
78.2246	40
78.2613	40
78.2624	40
78.2634	41
78.2645	41
78.2655	41
78.2666	41
78.2676	41
78.3038	41
78.3048	41
78.3059	41
78.3069	41
78.308	41
78.309	42
78.3101	42
78.3448	42
78.3458	41
78.3469	41
78.3479	41
78.349	41
78.35	41
78.3511	41
78.3815	45
78.3826	44
78.3836	43
78.3847	42
78.3857	42
78.3868	41
78.3878	41
78.4178	44
78.4188	43
78.4199	42
78.4209	41
78.422	41
78.423	40
78.4241	40
78.4535	43
78.4545	42
78.4556	42
78.4567	41
78.4577	40
78.4588	40
78.4598	39
78.4897	43
78.4908	42
78.4918	41
78.4929	41
78.4939	40
78.495	40
78.4961	39
78.527	43
78.5281	42
78.5291	42
78.5302	41
78.5312	41
78.5323	41
78.5333	40
78.5654	44
78.5664	43
78.5675	43
78.5685	42
78.5696	42
78.5706	41
78.5717	41
78.6048	45
78.6058	44
78.6069	43
78.6079	43
78.609	43
78.61	42
78.6111	42
78.6458	46
78.6468	45
78.6479	45
78.6489	44
78.65	44
78.651	44
78.6521	44
78.6867	47
78.6878	47
78.6888	46
78.6899	46
78.6909	45
78.692	45
78.693	44
78.7288	48
78.7298	47
78.7309	47
78.7319	46
78.733	46
78.734	45
78.7351	45
78.7361	45
78.7718	45
78.7729	44
78.7739	44
78.775	44
78.776	44
78.7771	44
78.7781	44
78.7792	43
78.8133	43
78.8143	43
78.8154	43
78.8164	43
78.8175	42
78.8185	42
78.8196	42
78.8206	42
78.8553	42
78.8563	42
78.8574	42
78.8584	42
78.8595	42
78.8605	42
78.8616	42
78.8626	42
78.8973	42
78.8984	42
78.8994	42
78.9005	42
78.9015	42
78.9026	42
78.9036	42
78.9047	42
78.9399	42
78.9409	42
78.942	42
78.943	42
78.9441	42
78.9451	42
78.9462	42
78.9472	42
78.9829	42
78.9839	42
78.985	42
78.986	42
78.9871	42
78.9881	42
78.9892	42
78.9902	42
79.0249	42
79.0259	42
79.027	42
79.028	42
79.0291	42
79.0301	42
79.0312	42
79.0322	42
79.0643	41
79.0653	41
79.0664	41
79.0674	41
79.0685	40
79.0695	40
79.0706	40
79.0716	40
79.1037	40
79.1047	39
79.1058	39
79.1068	39
79.1079	39
79.1089	39
79.11	39
79.111	39
79.1441	39
79.1452	39
79.1462	40
79.1473	40
79.1483	40
79.1494	40
79.1504	40
79.1515	40
79.1851	40
79.1861	40
79.1872	40
79.1882	40
79.1893	40
79.1903	40
79.1914	40
79.1924	40
79.2281	41
79.2292	41
79.2302	41
79.2313	41
79.2323	41
79.2334	42
79.2344	42
79.2355	42
79.2706	42
79.2717	42
79.2727	42
79.2738	42
79.2748	42
79.2759	42
79.2769	42
79.278	42
79.309	41
79.31	41
79.3111	40
79.3121	40
79.3132	40
79.3142	40
79.3153	40
79.3163	40
79.3478	39
79.3489	39
79.3499	39
79.351	39
79.352	39
79.3531	39
79.3541	39
79.3552	39
79.3862	39
79.3872	39
79.3883	39
79.3893	39
79.3904	38
79.3914	38
79.3925	38
79.3935	38
79.4251	38
79.4261	38
79.4272	38
79.4282	38
79.4293	38
79.4303	38
79.4314	38
79.4324	38
79.465	38
79.466	39
79.4671	39
79.4681	39
79.4692	39
79.4702	39
79.4713	39
79.4723	39
79.5049	39
79.506	39
79.507	39
79.5081	39
79.5091	39
79.5102	39
79.5112	39
79.5123	39
79.5448	39
79.5459	39
79.5469	39
79.548	39
79.549	39
79.5501	39
79.5511	39
79.5522	39
79.5853	39
79.5863	40
79.5874	40
79.5884	40
79.5895	40
79.5905	40
79.5916	40
79.5926	40
79.6263	40
79.6273	40
79.6284	40
79.6294	40
79.6305	40
79.6315	40
79.6326	40
79.6336	40
79.6678	40
79.6688	40
79.6699	40
79.6709	40
79.672	40
79.673	40
79.6741	41
79.6751	41
79.7103	41
79.7114	41
79.7124	41
79.7135	41
79.7145	42
79.7156	42
79.7166	42
79.7177	42
79.7523	42
79.7533	42
79.7544	42
79.7555	42
79.7565	42
79.7576	42
79.7586	42
79.7597	42
79.7933	41
79.7943	41
79.7954	41
79.7964	41
79.7975	41
79.7985	41
79.7996	41
79.8006	41
79.8337	41
79.8348	41
79.8358	40
79.8369	40
79.8379	40
79.839	40
79.84	40
79.8411	40
79.8731	40
79.8742	40
79.8752	40
79.8763	40
79.8773	40
79.8784	40
79.8794	40
79.8805	40
79.9136	40
79.9146	40
79.9157	40
79.9167	40
79.9178	40
79.9188	40
79.9199	40
79.9209	40
79.9551	40
79.9561	40
79.9572	40
79.9582	40
79.9593	40
79.9603	41
79.9614	41
79.9624	41
79.9976	41
79.9987	41
79.9997	41
80.0008	41
80.0018	41
80.0029	41
80.0039	41
80.005	41
80.0406	41
80.0417	42
80.0427	42
80.0438	42
80.0448	42
80.0459	42
80.0469	42
80.048	42
80.0836	42
80.0847	42
80.0857	42
80.0868	42
80.0878	42
80.0889	42
80.0899	42
80.091	42
80.1235	42
80.1246	42
80.1256	41
80.1267	41
80.1277	41
80.1288	41
80.1298	41
80.1309	40
80.1629	40
80.164	40
80.165	40
80.1661	40
80.1671	40
80.1682	40
80.1692	40
80.1703	40
80.2034	40
80.2044	40
80.2055	40
80.2065	40
80.2076	40
80.2086	40
80.2097	40
80.2107	40
80.2449	40
80.2459	40
80.247	40
80.248	40
80.2491	40
80.2501	40
80.2512	41
80.2522	41
80.2869	41
80.288	41
80.289	41
80.2901	41
80.2911	41
80.2922	41
80.2932	41
80.2943	41
80.3289	41
80.33	41
80.331	41
80.3321	41
80.3331	41
80.3342	41
80.3352	41
80.3363	41
80.3704	41
80.3715	41
80.3725	41
80.3736	41
80.3746	41
80.3757	41
80.3767	41
80.3778	41
80.413	41
80.414	41
80.4151	41
80.4161	41
80.4172	42
80.4182	42
80.4193	42
80.4203	42
80.456	42
80.4571	42
80.4581	42
80.4592	42
80.4602	42
80.4613	42
80.4623	42
80.4634	42
80.499	42
80.5001	42
80.5012	42
80.5022	42
80.5033	42
80.5043	42
80.5054	42
80.5064	42
80.541	42
80.5421	42
80.5431	42
80.5442	42
80.5452	42
80.5463	42
80.5473	42
80.5484	42
80.5815	42
80.5825	41
80.5836	41
80.5846	41
80.5857	41
80.5867	41
80.5878	40
80.5888	40
80.6219	40
80.623	40
80.624	40
80.6251	40
80.6261	40
80.6272	40
80.6282	40
80.6293	40
80.6634	40
80.6645	41
80.6655	41
80.6666	41
80.6676	41
80.6687	41
80.6697	41
80.6708	41
80.7049	41
80.706	41
80.707	41
80.7081	41
80.7091	41
80.7102	41
80.7112	41
80.7123	41
80.747	41
80.748	41
80.7491	41
80.7501	41
80.7512	41
80.7522	41
80.7533	41
80.7543	41
80.789	41
80.79	41
80.7911	41
80.7921	41
80.7932	41
80.7942	41
80.7953	41
80.7963	41
80.831	42
80.8321	42
80.8331	42
80.8342	42
80.8352	42
80.8363	42
80.8373	42
80.8384	42
80.873	42
80.8741	42
80.8751	42
80.8762	42
80.8772	42
80.8783	42
80.8793	42
80.8804	42
80.9151	42
80.9161	42
80.9172	42
80.9182	42
80.9193	42
80.9203	42
80.9214	42
80.9224	42
80.9571	42
80.9581	42
80.9592	42
80.9602	42
80.9613	42
80.9623	42
80.9634	42
80.9644	42
81.0001	42
81.0012	42
81.0022	42
81.0033	42
81.0043	42
81.0054	42
81.0064	42
81.0075	42
81.0421	42
81.0432	42
81.0442	42
81.0453	42
81.0463	42
81.0474	42
81.0484	42
81.0495	42
81.0842	42
81.0852	42
81.0863	42
81.0873	42
81.0884	42
81.0894	42
81.0905	42
81.0915	42
81.1262	42
81.1272	42
81.1283	42
81.1293	42
81.1304	42
81.1315	42
81.1325	42
81.1336	42
81.1687	42
81.1698	42
81.1709	42
81.1719	42
81.173	42
81.174	42
81.1751	42
81.1761	42
81.2118	42
81.2129	42
81.2139	42
81.215	42
81.2921	42
81.2932	41
81.2942	41
81.2953	40
81.2963	40
81.3269	43
81.328	42
81.329	41
81.3301	41
81.3311	40
81.3632	43
81.3642	43
81.3653	42
81.3663	41
81.3674	41
81.3994	44
81.4004	43
81.4015	42
81.4025	42
81.4036	41
81.4047	40
81.4377	40
81.4388	40
81.4398	39
81.4409	39
81.4419	39
81.443	39
81.4766	39
81.4777	39
81.4787	39
81.4798	39
81.4808	39
81.4819	39
81.516	39
81.5171	39
81.5181	39
81.5192	39
81.5202	39
81.5213	39
81.5565	39
81.5575	39
81.5586	39
81.5596	40
81.5607	40
81.5617	40
81.5974	44
81.5985	44
81.5995	44
81.6006	43
81.6017	43
81.6027	43
81.6384	47
81.6395	46
81.6405	46
81.6416	45
81.6426	45
81.6437	44
81.6794	48
81.6805	48
81.6815	47
81.6826	46
81.6836	46
81.6847	45
81.722	49
81.7235	48
81.8038	47
81.8049	45
81.8374	44
81.8385	43
81.8395	42
81.8406	42
81.8726	45
81.8737	44
81.8747	43
81.8758	42
81.9079	45
81.909	44
81.91	43
81.9111	42
81.9437	45
81.9448	44
81.9458	43
81.9469	42
81.979	45
81.9801	44
81.9811	43
81.9822	42
82.0154	46
82.0164	45
82.0175	44
82.0185	43
82.0522	46
82.0532	45
82.0543	44
82.0553	43
82.0564	42
82.091	42
82.0921	42
82.0931	41
82.0942	41
82.0952	41
82.1304	40
82.1315	40
82.1325	40
82.1336	40
82.1346	40
82.1704	40
82.1714	40
82.1725	40
82.1735	40
82.1746	40
82.2113	40
82.2124	40
82.2134	40
82.2145	40
82.2155	40
82.2523	40
82.2534	40
82.2544	40
82.2555	40
82.2565	40
82.2954	41
82.2964	41
82.2975	41
82.2985	41
82.2996	41
82.3373	41
82.3384	41
82.3395	41
82.3405	41
82.3416	41
82.3778	41
82.3789	41
82.3799	41
82.381	41
82.382	41
82.4156	40
82.4167	40
82.4177	40
82.4188	40
82.4198	40
82.4545	44
82.4555	43
82.4566	43
82.4577	42
82.4587	42
82.4949	46
82.496	45
82.4971	45
82.4981	44
82.4992	44
82.537	48
82.538	48
82.5391	47
82.5401	47
82.5412	46
82.5795	50
82.5806	49
82.5816	49
82.5827	48
82.5837	47
82.6221	51
82.6231	50
82.6242	49
82.6252	49
82.6263	48
82.6656	52
82.7423	55
82.7433	52
82.7444	50
82.7785	53
82.7796	51
82.7806	49
82.8138	51
82.8149	49
82.8159	48
82.8496	50
82.8506	49
82.8517	47
82.8858	50
82.8868	48
82.8879	47
82.889	45
82.9226	44
82.9236	43
82.9247	42
82.9257	42
82.9614	41
82.9625	41
82.9635	41
82.9646	40
83.0014	40
83.0024	40
83.0035	40
83.0045	40
83.0418	40
83.0429	40
83.0439	40
83.045	40
83.0823	40
83.0833	40
83.0844	40
83.0854	40
83.1238	45
83.1248	45
83.1259	44
83.1269	44
83.1669	49
83.2897	47
83.3281	51
83.3291	50
83.3675	53
83.3685	51
83.4063	55
83.4074	53
83.4457	56
83.4468	54
83.4857	57
83.4867	55
83.5266	58
83.5277	56
83.5687	59
83.5697	57
83.5708	55
83.6122	54
83.6132	52
83.6143	51
83.6531	50
83.6542	49
83.6552	48
83.6899	46
83.6909	45
83.692	44
83.7277	43
83.7288	42
83.7298	42
83.7655	41
83.7666	41
83.7676	40
83.8034	40
83.8044	40
83.8055	39
83.8417	39
83.8428	39
83.8438	39
83.8795	39
83.8806	38
83.8816	38
83.9174	38
83.9184	38
83.9195	38
83.9557	43
83.9568	42
83.9578	42
83.9951	46
83.9962	45
83.9972	45
84.035	49
84.0361	48
84.0371	47
84.0755	51
84.0765	49
84.0776	48
84.118	52
84.1191	51
84.1201	50
84.1605	54
84.1616	53
84.1626	52
84.202	55
84.2031	54
84.2041	52
84.2377	55
84.2388	53
84.2398	50
84.2736	53
84.2746	51
84.2757	49
84.3098	51
84.3109	50
84.3119	48
84.3461	51
84.3471	49
84.3482	48
84.3828	51
84.3839	49
84.3849	47
84.4206	50
84.4217	49
84.4228	48
84.4606	51
84.4616	50
84.4627	49
84.5037	53
84.6291	51
84.668	49
84.669	48
84.7074	52
84.7084	50
84.7473	54
84.7484	52
84.7872	55
84.7883	54
84.8282	57
84.8293	55
84.8697	58
84.8708	56
84.9123	59
84.9133	57
84.9553	61
85.0682	62
85.1055	64
85.1438	65
85.1817	66
85.22	67
85.2589	69
85.2972	70
85.3366	71
85.3766	72
85.4175	73
85.4186	69
85.4606	66
85.4616	63
85.5037	60
85.5047	58
85.5456	56
85.5467	54
85.5845	52
85.5855	50
85.6239	49
85.6249	48
85.6628	46
85.6638	45
85.7022	45
85.7032	44
85.7421	44
85.7431	43
85.7836	43
85.7846	42
85.8251	42
85.8261	42
85.8676	42
85.8687	42
85.9107	42
85.9117	42
85.9537	42
85.9547	42
85.992	42
85.993	41
86.0278	41
86.0288	40
86.0631	39
86.0642	39
86.0984	38
86.0995	38
86.1342	37
86.1353	37
86.1706	37
86.1716	37
86.2063	37
86.2073	37
86.2425	36
86.2436	36
86.2798	36
86.2809	36
86.3198	37
86.3208	37
86.3597	37
86.3607	38
86.4001	38
86.4012	38
86.4422	39
86.4432	39
86.4852	39
86.4863	40
86.5282	40
86.5293	40
86.5707	41
86.5718	41
86.6106	41
86.6117	40
86.6521	41
86.6532	41
86.6936	41
86.6947	41
86.7346	41
86.7357	41
86.7776	41
86.7787	41
86.817	41
86.8181	41
86.8564	40
86.8575	40
86.8958	40
86.8969	40
86.9357	40
86.9368	40
86.9757	40
86.9767	40
87.0166	40
87.0177	40
87.0587	40
87.0597	40
87.1012	41
87.1023	41
87.1442	41
87.1453	41
87.1867	41
87.1877	41
87.2234	41
87.2245	40
87.2593	40
87.2603	39
87.2946	38
87.2956	38
87.3299	38
87.3309	37
87.3652	37
87.3662	37
87.4005	36
87.4015	36
87.4358	36
87.4368	36
87.4711	36
87.4721	36
87.5058	40
87.5069	39
87.5416	43
87.5426	42
87.5773	46
87.5783	45
87.6141	48
87.6151	47
87.6519	50
87.6529	48
87.6913	52
87.6923	50
87.7317	54
87.7328	52
87.7727	56
87.7738	54
87.8137	57
87.8147	55
87.8552	58
87.8562	56
87.8967	60
87.8977	57
87.9387	60
87.9398	58
87.9813	61
87.9823	59
88.0233	62
88.0243	60
88.0663	63
88.0674	60
88.1083	63
88.1094	61
88.1503	63
88.1514	61
88.1892	63
88.1903	60
88.2286	62
88.2297	59
88.2691	62
88.2701	59
88.3106	62
88.3116	59
88.3526	62
88.3537	60
88.3952	63
88.3962	60
88.4372	63
88.4382	61
88.4802	63
88.5984	60
88.6367	62
88.6756	64
88.7145	66
88.7539	67
88.7927	68
88.7938	65
88.8342	62
88.8353	59
88.8763	57
88.8773	55
88.9183	53
88.9193	52
88.9603	51
88.9614	50
89.0034	49
89.0044	48
89.0459	47
89.0469	47
89.0863	51
89.0873	50
89.1241	53
89.1252	51
89.163	54
89.164	52
89.204	56
89.205	54
89.2444	57
89.2455	55
89.2843	58
89.2854	56
89.3248	59
89.3258	56
89.3658	59
89.3668	57
89.3679	55
89.4083	54
89.4094	52
89.4104	51
89.4513	50
89.4524	49
89.4534	48
89.4928	47
89.4938	46
89.4949	46
89.529	44
89.5301	43
89.5311	43
89.5643	42
89.5653	41
89.5664	40
89.5996	39
89.6006	39
89.6017	38
89.6349	38
89.6359	37
89.637	37
89.6711	37
89.6722	37
89.6732	37
89.7084	37
89.7095	37
89.7105	37
89.7463	37
89.7473	37
89.7484	37
89.7846	37
89.7857	37
89.7867	37
89.8235	37
89.8245	37
89.8256	38
89.8634	38
89.8645	38
89.8655	38
89.9023	38
89.9033	38
89.9044	38
89.9417	38
89.9427	38
89.9438	38
89.9821	39
89.9832	39
89.9842	39
90.0231	39
90.0242	39
90.0252	40
90.063	40
90.0641	40
90.0651	40
90.1035	40
90.1045	40
90.1056	40
90.1455	40
90.1466	40
90.1476	40
90.1875	40
90.1886	40
90.1897	41
90.2301	41
90.2312	41
90.2322	41
90.2726	41
90.2737	41
90.2747	41
90.3156	41
90.3167	42
90.3177	42
90.3571	42
90.3582	42
90.3592	42
90.3976	41
90.3986	41
90.3997	41
90.438	41
90.4391	41
90.4401	41
90.4785	41
90.4795	40
90.4806	40
90.5184	40
90.5194	40
90.5205	40
90.5583	40
90.5594	40
90.5604	40
90.5988	40
90.5998	40
90.6009	40
90.6403	40
90.6413	40
90.6424	40
90.6823	40
90.6833	41
90.6844	41
90.7253	41
90.7263	41
90.7274	41
90.7657	41
90.7667	41
90.7678	41
90.801	40
90.802	39
90.8031	39
90.8377	39
90.8388	38
90.8398	38
90.8745	38
90.8756	38
90.8766	37
90.9123	37
90.9134	37
90.9144	37
90.9502	37
90.9512	37
90.9523	37
90.9885	37
90.9896	37
90.9906	37
91.0274	38
91.0284	38
91.0295	38
91.0663	38
91.0673	38
91.0684	38
91.1051	38
91.1062	38
91.1072	38
91.1451	38
91.1461	38
91.1472	39
91.185	39
91.186	39
91.1871	39
91.226	39
91.227	39
91.2281	39
91.2675	40
91.2685	40
91.2696	40
91.3084	40
91.3095	40
91.3105	40
91.3499	40
91.351	40
91.352	40
91.393	41
91.394	41
91.3951	41
91.4344	41
91.4355	41
91.4365	41
91.4738	41
91.4749	40
91.4759	40
91.5101	40
91.5111	39
91.5122	39
91.5454	38
91.5464	38
91.5475	37
91.5812	37
91.5822	37
91.5833	37
91.6169	37
91.618	36
91.619	36
91.6526	36
91.6537	36
91.6547	36
91.6894	36
91.6905	36
91.6915	36
91.7257	36
91.7267	36
91.7278	36
91.7635	36
91.7645	36
91.7656	36
91.8024	37
91.8034	37
91.8045	37
91.8412	37
91.8423	37
91.8433	38
91.8806	38
91.8817	38
91.8827	38
91.9211	38
91.9221	38
91.9232	39
91.9621	39
91.9631	39
91.9642	39
92.0036	39
92.0046	40
92.0057	40
92.0456	40
92.0466	40
92.0477	40
92.0891	41
92.171	40
92.1721	40
92.2094	40
92.2104	40
92.2472	44
92.2482	43
92.285	47
92.2861	46
92.3234	50
92.3244	48
92.3628	52
92.3638	50
92.4027	54
92.4037	52
92.4426	55
92.4437	53
92.4831	57
92.4841	55
92.524	58
92.5251	56
92.565	59
92.5661	57
92.607	60
92.6081	58
92.6091	56
92.6501	54
92.6511	53
92.6522	51
92.6921	50
92.6931	49
92.6942	48
92.733	47
92.7341	46
92.7351	46
92.7745	45
92.7756	44
92.7766	44
92.816	44
92.8171	43
92.8181	43
92.8581	43
92.8591	43
92.8602	43
92.9001	42
92.9012	42
92.9022	42
92.9432	42
92.9442	42
92.9453	43
92.9846	47
92.9857	47
92.9867	46
93.0251	50
93.0261	49
93.0272	48
93.0661	52
93.0671	51
93.0682	50
93.1081	53
93.1091	52
93.1102	51
93.1506	55
93.1516	53
93.1527	52
93.1936	56
93.1947	54
93.1957	53
93.2351	57
93.2361	55
93.2372	53
93.2761	57
93.2771	55
93.2782	53
93.317	56
93.3181	55
93.3191	53
93.3591	56
93.3601	55
93.3612	53
93.4011	57
93.4021	55
93.4032	53
93.4441	57
93.526	55
93.5271	53
93.5649	51
93.5659	49
93.6032	48
93.6043	47
93.641	45
93.6421	44
93.6794	44
93.6804	43
93.7188	42
93.7198	42
93.7592	47
93.7603	46
93.8002	50
93.8013	49
93.8417	53
93.8428	52
93.8827	55
93.8838	54
93.9253	57
93.9263	55
93.9683	59
94.088	56
94.1263	59
94.1274	56
94.1673	54
94.1683	53
94.2093	51
94.2104	50
94.2513	49
94.2524	48
94.2939	47
94.2949	46
94.3363	46
94.3374	46
94.3778	45
94.3789	44
94.4157	44
94.4167	43
94.4545	42
94.4556	42
94.4934	41
94.4945	41
94.5333	41
94.5344	41
94.5738	41
94.5748	40
94.6153	41
94.6163	41
94.6578	41
94.6589	41
94.7008	46
94.7019	46
94.8143	45
94.8516	48
94.8894	51
94.9278	54
94.9661	57
95.0061	60
95.047	62
95.0481	60
95.0901	58
95.0912	56
95.1321	54
95.1332	52
95.1752	51
95.1762	50
95.215	49
95.2161	48
95.255	46
95.256	46
95.2923	45
95.2933	44
95.3296	43
95.3306	42
95.3668	41
95.3679	41
95.4047	40
95.4057	40
95.443	44
95.4441	44
95.4819	48
95.4829	47
95.5218	50
95.5229	49
95.5638	53
95.5649	52
95.6069	56
95.8085	59
95.8479	61
95.8884	63
95.9309	66
95.9729	68
96.015	70
96.0575	72
96.1005	73
96.2639	74
96.3048	75
96.3458	76
96.3884	77
96.4293	78
96.4714	78
96.5145	79
96.7849	78
96.8228	78
96.8611	78
96.9	78
96.9399	78
96.9809	78
97.0224	79
97.0644	79
97.108	80
97.2655	79
97.306	79
97.3475	79
97.3884	80
97.4294	80
97.4704	80
97.5119	80
97.5549	81
97.5953	81
97.6347	81
97.6741	81
97.713	80
97.7519	80
97.7923	80
97.8344	80
97.8764	80
97.9199	81
98.088	81
98.131	82
98.174	82
98.2155	83
98.2544	82
98.2554	77
98.2959	72
98.2969	68
98.3389	65
98.34	62
98.3804	60
98.3815	57
98.4219	55
98.423	53
98.4639	52
98.465	51
98.506	49
98.507	49
98.549	48
98.5501	47
98.5894	46
98.5904	45
98.6277	44
98.6288	44
98.6635	43
98.6646	42
98.6988	41
98.6999	40
98.7352	40
98.7362	39
98.7714	39
98.7725	38
98.8087	38
98.8098	38
98.845	38
98.846	37
98.8818	37
98.8828	37
98.9196	37
98.9206	37
98.9595	37
98.9606	38
99.0005	38
99.0015	38
99.0425	39
99.0436	39
99.0845	39
99.0856	40
99.1271	40
99.1281	40
99.1691	40
99.1702	41
99.2122	41
99.2132	41
99.2552	41
99.2562	41
99.2946	41
99.2956	41
99.3334	40
99.3345	40
99.3713	40
99.3723	40
99.4091	39
99.4101	39
99.4485	39
99.4495	39
99.4874	39
99.4884	39
99.5268	39
99.5278	39
99.5688	39
99.5698	39
99.6118	40
99.6129	40
99.6549	40
99.6559	41
99.6979	41
99.6989	41
99.7362	41
99.7373	40
99.7761	40
99.7772	40
99.8155	40
99.8166	40
99.8544	40
99.8555	40
99.8933	39
99.8943	39
99.9327	39
99.9337	39
99.9726	39
99.9737	39
100.013	39
100.014	40
100.054	40
100.055	40
100.096	40
100.097	40
100.139	40
100.14	41
100.182	41
100.183	41
100.222	41
100.223	41
100.261	40
100.262	40
100.3	40
100.301	40
100.34	40
100.341	40
100.382	40
100.383	40
100.424	40
100.425	41
100.467	41
100.468	41
100.51	41
100.511	41
100.549	41
100.55	40
100.585	40
100.586	40
100.621	39
100.622	39
100.658	38
100.659	38
100.695	38
100.696	38
100.733	38
100.734	37
100.77	37
100.771	37
100.81	38
100.811	38
100.85	38
100.851	38
100.891	39
100.892	39
100.933	39
100.934	39
100.976	40
100.977	40
101.016	40
101.017	40
101.056	40
101.057	40
101.095	40
101.097	40
101.136	40
101.138	40
101.179	45
101.18	45
101.221	50
101.222	49
101.262	53
101.263	52
101.303	55
101.304	53
101.343	57
101.344	55
101.385	58
101.386	56
101.387	54
101.428	53
101.429	51
101.43	50
101.471	49
101.472	48
101.473	48
101.513	47
101.514	47
101.515	46
101.554	45
101.555	45
101.556	44
101.594	43
101.595	43
101.596	42
101.634	47
101.635	46
101.636	45
101.674	49
101.675	48
101.676	47
101.716	51
101.717	50
101.718	49
101.758	53
101.76	52
101.845	51
101.846	50
101.884	54
101.885	52
101.925	55
101.926	53
101.966	57
101.967	55
102.007	58
102.008	56
102.009	54
102.051	53
102.052	52
102.053	50
102.094	49
102.095	49
102.096	48
102.135	47
102.136	46
102.137	45
102.171	44
102.172	43
102.173	42
102.21	42
102.211	41
102.212	41
102.249	41
102.25	41
102.251	40
102.289	40
102.29	40
102.291	40
102.33	45
102.331	45
102.332	44
102.371	48
102.372	48
102.373	47
102.413	51
102.414	50
102.415	49
102.456	53
102.457	52
102.458	51
102.499	55
102.584	53
102.585	52
102.622	50
102.624	49
102.661	52
102.662	51
102.701	54
102.702	52
102.741	55
102.742	53
102.781	56
102.782	54
102.821	58
102.822	56
102.862	59
102.863	57
102.905	60
102.906	58
102.942	60
102.943	57
102.981	60
102.982	57
103.021	60
103.022	57
103.06	60
103.061	57
103.099	60
103.1	57
103.14	60
103.141	57
103.182	60
103.183	58
103.223	61
103.224	59
103.265	62
103.266	59
103.306	62
103.307	59
103.347	62
103.348	60
103.388	62
103.389	60
103.43	62
103.431	60
103.472	63
103.473	60
103.516	63
103.637	65
103.673	66
103.711	67
103.75	68
103.788	69
103.827	70
103.866	71
103.867	67
103.907	64
103.908	61
103.948	58
103.949	56
103.989	54
103.99	52
104.032	51
104.033	50
104.069	48
104.071	47
104.107	46
104.108	45
104.144	44
104.145	43
104.181	42
104.182	41
104.218	41
104.219	40
104.259	45
104.26	44
104.301	49
104.302	48
104.343	52
104.344	51
104.385	55
104.386	54
104.429	58
104.549	60
104.587	62
104.628	64
104.669	66
104.711	68
104.754	70
104.797	72
104.839	74
104.964	75
105.005	76
105.047	77
105.09	77
105.133	78
105.176	79
105.213	79
105.253	79
105.292	79
105.333	79
105.376	80
105.418	80
105.46	81
105.503	81
105.546	82
105.694	81
105.732	80
105.771	79
105.811	79
105.852	79
105.894	80
105.936	80
105.979	81
106.022	81
106.062	82
106.102	81
106.142	81
106.184	81
106.228	82
106.384	81
106.425	81
106.466	81
106.508	81
106.551	82
106.591	82
106.631	82
106.672	81
106.714	81
106.715	76
106.758	72
106.875	73
106.914	73
106.956	74
106.997	75
107.038	76
107.08	77
107.123	78
107.164	79
107.204	79
107.205	74
107.245	70
107.246	66
107.287	63
107.288	60
107.33	58
107.331	56
107.373	54
107.374	53
107.414	51
107.415	50
107.455	49
107.456	48
107.497	47
107.498	46
107.541	46
107.542	46
107.582	45
107.583	44
107.618	43
107.619	42
107.655	42
107.656	41
107.692	41
107.693	40
107.73	40
107.731	39
107.768	39
107.769	39
107.806	39
107.807	39
107.844	39
107.845	38
107.884	38
107.885	38
107.923	38
107.924	38
107.961	38
107.963	38
108	38
108.001	38
108.04	38
108.041	38
108.079	38
108.08	38
108.118	39
108.119	39
108.158	39
108.159	39
108.198	39
108.199	39
108.24	39
108.241	39
108.281	40
108.282	40
108.322	40
108.323	40
108.364	40
108.365	40
108.405	40
108.406	41
108.447	41
108.448	41
108.488	41
108.489	41
108.529	41
108.53	41
108.57	41
108.571	41
108.613	41
108.614	41
108.656	41
108.657	41
108.697	41
108.698	41
108.737	41
108.738	41
108.776	40
108.777	40
108.815	40
108.816	40
108.857	40
108.858	40
108.9	40
108.901	41
108.94	41
108.942	41
108.982	41
108.983	41
109.024	41
109.025	41
109.067	41
109.068	41
109.11	42
109.111	42
109.152	41
109.153	41
109.191	41
109.193	41
109.227	40
109.228	39
109.262	39
109.263	39
109.298	38
109.299	38
109.334	37
109.335	37
109.371	37
109.372	37
109.407	37
109.408	37
109.444	37
109.445	37
109.482	37
109.483	37
109.521	37
109.522	37
109.561	38
109.562	38
109.602	38
109.603	39
109.645	39
109.646	39
109.688	40
109.689	40
109.729	40
109.73	40
109.768	40
109.769	40
109.807	40
109.808	40
109.847	40
109.848	40
109.887	40
109.888	40
109.928	40
109.929	40
109.97	45
109.971	45
110.013	50
110.014	49
110.056	53
110.057	52
110.098	56
110.099	54
110.138	57
110.139	55
110.178	58
110.179	56
110.22	59
110.221	57
110.262	60
110.263	58
110.305	61
110.306	59
110.425	61
110.463	63
110.464	60
110.504	57
110.505	55
110.544	53
110.545	51
110.585	50
110.586	49
110.627	48
110.628	47
110.669	46
110.67	46
110.712	45
110.713	45
110.75	44
110.751	43
110.791	43
110.792	43
110.828	42
110.829	41
110.865	41
110.866	40
110.904	45
110.905	44
110.942	48
110.943	47
110.981	51
110.982	49
111.021	53
111.022	51
111.062	54
111.063	53
111.104	56
111.105	55
111.147	59
111.148	57
111.19	60
111.191	58
111.23	61
111.231	58
111.232	56
111.269	54
111.27	52
111.271	50
111.309	49
111.31	48
111.311	47
111.35	46
111.351	45
111.352	45
111.392	44
111.393	44
111.394	44
111.434	44
111.435	43
111.436	43
111.477	43
111.478	43
111.479	43
111.519	43
111.52	43
111.521	43
111.561	42
111.562	42
111.563	42
111.604	42
111.605	42
111.606	42
111.647	42
111.648	42
111.649	42
111.687	42
111.688	42
111.689	42
111.727	41
111.728	41
111.729	41
111.768	41
111.769	41
111.77	40
111.808	40
111.81	40
111.811	40
111.85	40
111.851	41
111.852	41
111.893	41
111.894	41
111.895	41
111.936	41
111.937	41
111.938	42
111.979	42
111.98	42
111.981	42
112.019	42
112.02	42
112.021	41
112.059	41
112.06	41
112.061	41
112.098	40
112.099	40
112.1	40
112.138	40
112.139	40
112.14	40
112.179	40
112.18	40
112.181	40
112.22	40
112.221	40
112.222	40
112.261	40
112.262	40
112.263	40
112.303	40
112.304	40
112.305	40
112.345	41
112.346	41
112.347	41
112.388	41
112.389	41
112.39	41
112.43	41
112.431	41
112.432	41
112.472	41
112.473	41
112.474	41
112.514	41
112.515	41
112.516	41
112.557	42
112.558	42
112.559	42
112.599	42
112.6	42
112.601	42
112.641	42
112.642	42
112.643	42
112.68	41
112.681	41
112.682	41
112.719	40
112.72	40
112.721	40
112.757	40
112.759	39
112.76	39
112.796	39
112.797	39
112.798	39
112.836	39
112.837	39
112.838	39
112.876	39
112.877	39
112.878	39
112.917	39
112.918	39
112.919	39
112.959	40
112.96	40
112.961	40
113.002	40
113.003	41
113.004	41
113.045	41
113.046	41
113.047	41
113.084	41
113.085	41
113.086	40
113.123	40
113.124	40
113.125	40
113.164	40
113.165	40
113.166	40
113.204	40
113.205	40
113.206	40
113.244	40
113.245	40
113.246	40
113.285	40
113.286	40
113.287	40
113.326	40
113.327	40
113.328	40
113.368	40
113.369	40
113.37	41
113.409	41
113.41	41
113.411	41
113.45	41
113.451	41
113.452	41
113.491	41
113.492	41
113.493	41
113.534	41
113.535	41
113.536	41
113.575	41
113.576	41
113.577	41
113.615	41
113.616	40
113.617	40
113.652	40
113.653	40
113.654	39
113.689	39
113.69	39
113.691	38
113.726	38
113.727	38
113.728	38
113.764	38
113.765	38
113.766	37
113.803	38
113.804	38
113.805	38
113.844	38
113.845	38
113.846	39
113.885	39
113.886	39
113.887	39
113.927	40
113.928	40
113.929	40
113.969	45
113.97	45
113.971	45
114.01	49
114.011	48
114.012	47
114.047	51
114.048	49
114.049	48
114.084	51
114.085	49
114.086	48
114.121	50
114.122	49
114.123	48
114.158	51
114.159	49
114.16	47
114.195	50
114.196	49
114.197	48
114.233	51
114.234	49
114.235	48
114.271	51
114.272	49
114.273	48
114.274	47
114.312	46
114.313	45
114.314	45
114.315	44
114.354	44
114.355	44
114.356	43
114.357	43
114.396	43
114.397	43
114.398	43
114.399	43
114.439	42
114.44	42
114.441	42
114.442	42
114.481	42
114.482	42
114.483	42
114.484	42
114.522	42
114.523	42
114.524	42
114.525	42
114.563	46
114.564	46
114.565	45
114.566	45
114.604	49
114.605	48
114.606	47
114.607	47
114.645	51
114.646	49
114.647	48
114.648	48
114.688	52
114.689	50
114.69	49
114.691	49
114.729	53
114.73	51
114.731	50
114.732	49
114.733	48
114.772	48
114.773	47
114.774	46
114.775	46
114.776	45
114.814	45
114.815	45
114.816	44
114.818	44
114.819	44
114.857	43
114.858	43
114.859	43
114.86	43
114.861	43
114.898	43
114.899	43
114.901	43
114.902	43
114.903	42
114.94	47
114.941	46
114.943	46
114.944	45
114.945	45
114.982	49
114.984	49
114.985	48
114.986	47
114.987	47
115.024	51
115.026	50
115.027	49
115.028	48
115.029	47
115.03	47
115.068	46
115.069	46
115.07	45
115.071	45
115.072	45
115.073	44
115.111	44
115.112	44
115.113	44
115.114	44
115.115	43
115.116	43
115.154	43
115.155	43
115.156	43
115.157	43
115.158	43
115.159	43
115.19	47
115.191	46
115.192	45
115.193	44
115.194	43
115.195	42
115.226	45
115.227	44
115.228	43
115.229	43
115.23	42
115.231	41
115.264	45
115.265	44
115.266	43
115.267	43
115.268	42
115.269	42
115.27	41
115.303	41
115.304	41
115.305	41
115.306	40
115.308	40
115.309	40
115.31	40
115.344	40
115.345	40
115.346	40
115.347	40
115.349	40
115.35	40
115.351	40
115.386	40
115.387	41
115.388	41
115.389	41
115.391	41
115.392	41
115.393	42
115.428	46
115.429	46
115.43	45
115.432	45
115.433	45
115.434	44
115.435	44
115.471	48
115.472	48
115.473	47
115.474	47
115.475	46
115.476	46
115.478	46
115.556	44
115.557	43
115.558	43
115.59	46
115.591	45
115.592	44
115.593	43
115.594	42
115.626	41
115.627	41
115.628	40
115.629	39
115.631	39
115.664	39
115.665	38
115.666	38
115.667	38
115.668	38
115.704	38
115.705	38
115.706	39
115.707	39
115.708	39
115.743	44
115.745	43
115.746	43
115.747	43
115.748	42
115.783	46
115.784	46
115.786	45
115.787	44
115.788	44
115.823	48
115.824	47
115.825	46
115.826	45
115.828	45
115.863	49
115.864	48
115.865	47
115.866	46
115.867	45
115.869	45
115.905	44
115.906	44
115.907	44
115.908	43
115.909	43
115.911	43
115.947	43
115.948	43
115.949	42
115.95	42
115.952	42
115.953	42
115.989	42
115.99	42
115.991	42
115.992	41
115.993	41
115.994	41
116.031	41
116.032	42
116.033	42
116.034	42
116.035	42
116.036	42
116.074	47
116.075	46
116.076	46
116.077	46
116.078	45
116.079	45
116.116	50
116.117	49
116.118	48
116.119	48
116.121	47
116.122	46
116.154	50
116.155	48
116.156	47
116.157	46
116.158	45
116.159	44
116.191	47
116.192	46
116.193	45
116.194	44
116.195	43
116.196	43
116.228	46
116.229	45
116.23	44
116.231	43
116.232	42
116.233	42
116.234	41
116.265	40
116.266	40
116.267	40
116.268	39
116.269	39
116.27	39
116.271	39
116.302	38
116.303	38
116.304	38
116.305	38
116.306	37
116.307	37
116.308	37
116.34	37
116.341	37
116.342	37
116.343	38
116.344	38
116.345	38
116.346	38
116.379	38
116.38	38
116.381	38
116.382	38
116.383	38
116.384	38
116.385	38
116.418	38
116.419	38
116.42	38
116.422	38
116.423	38
116.424	38
116.425	38
116.458	39
116.459	39
116.46	39
116.461	39
116.462	39
116.464	40
116.465	40
116.498	44
116.499	43
116.5	43
116.501	43
116.502	42
116.503	42
116.505	42
116.539	46
116.54	45
116.541	45
116.542	44
116.543	44
116.544	43
116.545	43
116.581	47
116.582	47
116.583	46
116.584	46
116.585	46
116.586	45
116.588	45
116.624	49
116.625	49
116.626	48
116.627	47
116.628	47
116.629	47
116.631	46
116.706	45
116.707	44
116.708	43
116.739	42
116.74	41
116.742	40
116.743	40
116.744	39
116.776	42
116.777	42
116.778	41
116.779	40
116.78	40
116.814	44
116.815	43
116.816	42
116.817	42
116.818	42
116.851	45
116.852	44
116.853	44
116.854	43
116.856	42
116.889	46
116.89	45
116.891	44
116.892	44
116.893	43
116.928	47
116.929	46
116.93	45
116.931	44
116.932	43
116.968	47
116.969	46
116.97	46
116.971	45
116.972	45
117.011	49
117.012	48
117.013	48
117.014	47
117.015	46
117.054	51
117.18	54
117.181	53
117.182	51
117.219	55
117.221	53
117.222	51
117.259	55
117.26	53
117.262	51
117.3	55
117.301	53
117.302	51
117.342	55
117.343	54
117.345	52
117.385	56
117.386	54
117.387	53
117.428	57
117.429	55
117.515	54
117.555	52
117.556	51
117.597	55
117.598	53
117.64	57
118.715	54
