10.0343	34
12.4443	35
12.4454	36
12.48	36
12.4811	36
12.5153	35
12.5164	35
12.5506	35
12.5517	35
12.5859	35
12.587	35
12.6212	35
12.6223	35
12.6576	40
12.6586	39
12.6954	43
12.6965	43
12.7338	47
12.7348	46
12.7721	49
12.7732	48
12.8105	52
12.8115	50
12.8126	49
12.8509	47
12.852	46
12.853	46
12.8914	45
12.8924	44
12.8935	44
12.9308	43
12.9318	43
12.9329	42
12.9702	46
12.9712	46
12.9723	45
13.0096	49
13.0106	48
13.0117	47
13.049	50
13.05	49
13.0511	48
13.0899	52
13.091	50
13.092	49
13.0931	48
13.1335	48
13.1345	47
13.1356	47
13.1733	51
13.2445	49
13.2455	47
13.2792	50
13.2803	48
13.3145	51
13.3156	49
13.3498	51
13.3509	49
13.3851	52
13.3862	50
13.4204	52
13.4215	50
13.4225	48
13.4572	47
13.4583	46
13.4593	44
13.4925	43
13.4936	42
13.4946	41
13.5278	40
13.5289	40
13.5299	39
13.5631	39
13.5642	38
13.5652	38
13.5984	37
13.5995	37
13.6005	37
13.6337	36
13.6348	36
13.6358	36
13.669	36
13.6701	36
13.6711	36
13.7058	40
13.7068	40
13.7079	39
13.7415	43
13.7425	42
13.7436	42
13.7772	45
13.7783	44
13.7793	43
13.8145	47
13.8156	45
13.8166	44
13.8539	48
13.855	47
13.856	46
13.8928	50
13.8938	49
13.8949	47
13.9317	51
13.9327	49
13.9338	48
13.9705	52
13.9716	50
13.9726	49
14.0094	52
14.0105	51
14.0115	49
14.0493	53
14.0504	51
14.0514	50
14.0525	49
14.0919	48
14.0929	47
14.094	46
14.095	46
14.1339	45
14.135	45
14.136	44
14.1371	44
14.1759	44
14.177	44
14.178	43
14.1791	43
14.219	43
14.2201	43
14.2211	43
14.2222	43
14.2615	43
14.2626	43
14.2636	42
14.2647	42
14.304	42
14.3051	42
14.3061	42
14.3072	42
14.3434	42
14.3445	42
14.3455	41
14.3466	41
14.3839	41
14.3849	40
14.386	40
14.387	40
14.4264	41
14.4274	41
14.4285	41
14.4295	41
14.4668	41
14.4679	41
14.4689	41
14.47	40
14.5052	40
14.5062	40
14.5073	40
14.5083	40
14.5446	40
14.5456	39
14.5467	39
14.5477	39
14.584	39
14.585	39
14.5861	39
14.5871	39
14.6239	39
14.6249	39
14.626	39
14.627	39
14.6643	39
14.6654	39
14.6664	40
14.6675	40
14.7053	40
14.7064	40
14.7074	40
14.7085	40
14.7463	40
14.7473	40
14.7484	40
14.7494	40
14.7873	40
14.7883	40
14.7894	40
14.7904	40
14.8298	40
14.8309	41
14.8319	41
14.833	41
14.8728	41
14.8739	41
14.8749	41
14.876	42
14.9137	41
14.9148	41
14.9158	41
14.9169	41
14.9552	41
14.9563	41
14.9573	41
14.9584	41
14.9957	41
14.9967	41
14.9978	41
14.9988	41
15.0372	41
15.0382	41
15.0393	41
15.0403	41
15.0797	41
15.0808	41
15.0818	41
15.0829	41
15.1228	41
15.1238	41
15.1249	42
15.1259	42
15.1658	42
15.1669	42
15.1679	42
15.169	42
15.2073	42
15.2084	42
15.2094	42
15.2105	42
15.2483	42
15.2493	42
15.2504	41
15.2514	41
15.2903	41
15.2914	41
15.2924	41
15.2935	41
15.3323	41
15.3334	41
15.3344	41
15.3355	41
15.3759	42
15.3769	42
15.378	42
15.4147	46
15.4915	45
15.4925	44
15.5293	48
15.5304	47
15.5671	50
15.5682	49
15.6055	52
15.6065	50
15.6433	53
15.6444	51
15.6822	54
15.6832	53
15.6843	51
15.7232	50
15.7242	49
15.7253	48
15.7647	47
15.7657	46
15.7668	45
15.8056	45
15.8067	44
15.8077	44
15.8466	43
15.8477	43
15.8487	43
15.8896	43
15.8907	43
15.8917	43
15.9306	42
15.9317	42
15.9327	42
15.9705	47
15.9716	46
15.9726	45
16.0105	49
16.0115	48
16.0126	47
16.0504	51
16.0514	50
16.0525	49
16.0903	52
16.0914	51
16.0924	49
16.1308	53
16.1318	51
16.1329	50
16.1717	54
16.1728	52
16.1738	51
16.2138	54
16.2148	53
16.2159	52
16.2568	56
16.3812	54
16.4206	57
16.4217	55
16.4606	58
16.4616	55
16.5005	58
16.5016	56
16.541	59
16.542	57
16.5431	55
16.5819	53
16.583	51
16.584	50
16.6229	49
16.624	48
16.625	47
16.6649	46
16.666	46
16.667	45
16.707	45
16.708	44
16.7091	44
16.749	44
16.75	43
16.7511	43
16.792	43
16.7931	43
16.7941	43
16.8351	43
16.9117	42
16.9127	41
16.947	40
16.948	40
16.9828	39
16.9839	39
17.0181	38
17.0192	38
17.0534	37
17.0545	37
17.0891	37
17.0902	37
17.1264	37
17.1275	37
17.1637	37
17.1648	37
17.2016	37
17.2026	37
17.2394	37
17.2404	37
17.2772	42
17.2783	41
17.3161	46
17.3171	45
17.3544	49
17.3555	47
17.3923	51
17.3933	49
17.4306	52
17.4317	51
17.4695	54
17.4705	52
17.5083	55
17.5094	53
17.5488	56
17.5499	54
17.5898	57
17.5908	55
17.6308	59
17.6318	56
17.6717	59
17.6728	57
17.7132	60
17.7143	58
17.7563	61
17.7573	59
17.7977	62
17.7988	59
17.8387	62
17.8398	59
17.8786	62
17.8797	59
17.9196	62
17.9207	59
17.9595	62
17.9606	59
17.9995	62
18.0005	59
18.0399	61
18.041	59
18.0804	61
18.0814	59
18.1203	61
18.1213	59
18.1607	61
18.1618	59
18.2017	61
18.2028	59
18.2427	62
18.2437	59
18.2842	62
18.2852	59
18.3262	62
18.3273	60
18.3682	63
18.3693	60
18.4103	63
18.4113	60
18.4528	63
18.4539	61
18.4959	63
18.6151	65
18.6523	66
18.6907	67
18.729	68
18.7684	70
18.8078	71
18.8483	72
18.8493	68
18.8909	65
18.8919	62
18.9338	59
18.9349	57
18.9763	55
18.9773	54
19.0131	52
19.0141	50
19.0494	48
19.0505	46
19.0872	45
19.0883	44
19.1266	44
19.1277	43
19.1666	43
19.1676	42
19.207	42
19.2081	42
19.2485	47
19.2496	46
19.2905	50
19.2916	49
19.3331	54
19.3341	52
19.3751	56
19.3762	55
19.4182	58
19.4192	56
19.4607	60
19.4617	58
19.5006	60
19.5016	58
19.5394	60
19.5405	58
19.5783	60
19.5794	58
19.6172	60
19.6182	57
19.6566	60
19.6576	57
19.6965	60
19.6976	57
19.7354	60
19.7364	57
19.7743	60
19.7753	57
19.8142	60
19.8152	57
19.8562	60
19.8573	58
19.8992	61
19.9003	59
19.9391	62
19.9401	59
19.9764	61
19.9774	58
20.0117	60
20.0127	57
20.0486	58
20.0496	56
20.0853	58
20.0864	55
20.1232	58
20.1242	55
20.1615	58
20.1626	55
20.1999	58
20.2009	55
20.2387	58
20.2398	56
20.2776	58
20.2787	56
20.317	59
20.3181	56
20.3569	59
20.358	56
20.399	59
20.4	57
20.441	61
20.442	58
20.4835	61
20.4846	59
20.5261	62
20.5271	60
20.5681	63
20.5691	60
20.6101	63
20.6112	60
20.6516	63
20.6527	60
20.6942	63
20.6952	61
20.7372	64
20.7382	61
20.777	64
20.7781	61
20.8148	63
20.8159	60
20.8532	61
20.8542	59
20.8926	61
20.8936	58
20.9325	61
20.9336	58
20.9735	61
20.9745	58
21.016	61
21.0171	59
21.0586	62
21.0596	60
21.1011	63
21.1021	60
21.1431	63
21.1442	61
21.1851	63
21.1862	61
21.2282	64
21.3495	65
21.3883	67
21.3894	63
21.4293	60
21.4304	58
21.4713	56
21.4724	54
21.5134	53
21.5144	51
21.5554	50
21.5565	49
21.5974	48
21.5985	47
21.64	46
21.641	46
21.683	46
21.6841	45
21.7255	45
21.7265	44
21.7649	44
21.7659	43
21.8059	43
21.8069	42
21.8468	42
21.8479	42
21.8883	42
21.8894	42
21.9309	42
21.9319	42
21.9728	47
21.9739	46
22.0128	51
22.0138	49
22.0522	53
22.0532	51
22.0926	55
22.0937	53
22.132	56
22.1331	54
22.173	57
22.174	55
22.2134	58
22.2145	56
22.2549	59
22.256	57
22.2959	60
22.297	58
22.3374	61
22.3385	58
22.3794	61
22.3805	59
22.4225	62
22.6117	63
22.65	65
22.6883	66
22.7272	67
22.7671	69
22.8071	70
22.8475	71
22.8486	67
22.889	64
22.8901	61
22.9316	59
22.9326	57
22.9741	55
22.9752	53
23.0172	52
23.0182	51
23.0555	49
23.0565	48
23.0928	46
23.0938	45
23.1311	44
23.1322	44
23.1679	43
23.1689	42
23.2052	41
23.2062	41
23.2425	45
23.2435	44
23.2808	48
23.2819	47
23.3208	50
23.3218	49
23.3633	53
23.3644	52
23.4063	56
23.4074	54
23.4488	58
23.4499	56
23.4887	59
23.4898	57
23.5281	60
23.5292	57
23.5675	60
23.5686	57
23.608	60
23.609	57
23.6495	60
23.6505	58
23.6931	61
23.8175	64
23.8574	66
23.8585	63
23.8995	60
23.9005	58
23.943	56
23.944	54
23.986	53
23.987	51
24.0238	50
24.0249	48
24.0611	47
24.0621	46
24.0994	45
24.1005	44
24.1373	43
24.1383	42
24.1756	42
24.1767	41
24.214	41
24.215	40
24.2528	40
24.2539	40
24.2922	40
24.2933	40
24.3327	40
24.3337	40
24.3731	40
24.3742	40
24.4141	40
24.4152	40
24.4566	45
24.4577	45
24.4975	50
24.4986	49
24.5359	52
24.5369	50
24.5721	53
24.5732	51
24.6089	54
24.6099	52
24.6462	54
24.6472	52
24.6845	55
24.6856	53
24.7234	56
24.7245	54
24.7623	57
24.7633	54
24.8017	57
24.8027	55
24.8427	58
24.8437	56
24.8842	59
24.8852	57
24.9257	60
24.9267	58
24.9677	61
24.9687	58
25.0097	61
25.0108	59
25.0528	62
25.0538	60
25.0942	63
25.0953	60
25.1336	63
25.1347	60
25.1725	62
25.1735	59
25.2098	61
25.2108	58
25.2466	60
25.2476	57
25.2833	59
25.2844	56
25.3201	58
25.3211	56
25.3579	58
25.359	55
25.3963	58
25.3973	55
25.4357	58
25.4367	56
25.4756	58
25.4766	56
25.5155	59
25.5166	57
25.5554	59
25.5565	57
25.5964	60
25.5975	58
25.6374	60
25.6384	58
25.6784	61
25.6794	58
25.7199	61
25.7209	59
25.7624	62
25.7635	59
25.805	62
25.806	60
25.847	63
25.8481	61
25.889	63
25.8901	61
25.9311	63
25.9321	61
25.9741	64
26.0985	66
26.1379	67
26.1779	69
26.2183	70
26.2588	71
26.3003	73
26.3423	74
26.3433	70
26.3854	67
26.3864	64
26.4284	61
26.4294	59
26.4698	56
26.4709	54
26.5071	52
26.5082	50
26.5486	49
26.5497	48
26.5896	47
26.5907	46
26.6306	46
26.6316	45
26.6721	45
26.6731	44
26.7136	49
26.7146	48
26.7556	52
26.7567	51
26.7976	55
26.7987	53
26.8402	57
26.8412	55
26.8832	59
27.0749	61
27.1138	63
27.1149	60
27.1543	57
27.1553	55
27.1952	53
27.1963	52
27.2362	50
27.2373	49
27.2772	48
27.2782	47
27.3187	46
27.3197	46
27.3622	45
27.4042	50
27.5277	54
27.5692	58
27.6107	61
27.6532	64
27.6942	66
27.7368	68
27.7793	70
27.8218	72
27.8617	73
27.9027	74
27.9453	75
27.9873	76
28.0298	77
28.0728	78
28.1158	79
28.1573	80
28.1935	80
28.2308	79
28.2692	78
28.3086	78
28.3474	78
28.3874	78
28.4273	78
28.4677	78
28.5108	79
28.5533	80
28.5948	80
28.6326	80
28.6715	80
28.7109	79
28.7513	79
28.7939	80
28.837	80
29.1152	81
29.1573	81
29.1993	81
29.2423	82
29.2822	82
29.3195	81
29.3568	80
29.3935	79
29.4308	79
29.4692	78
29.5091	78
29.5485	78
29.589	78
29.6299	79
29.672	79
29.715	80
29.7564	80
29.7958	80
29.8336	80
29.8715	79
29.9082	79
29.945	78
29.9818	77
30.0191	77
30.0574	77
30.0963	77
30.1362	77
30.1772	77
30.2171	78
30.2586	78
30.3017	79
30.5863	79
30.6278	80
30.6687	80
30.7103	80
30.7528	81
30.7963	81
30.9576	81
30.9964	80
31.0358	80
31.0752	80
31.1141	80
31.1535	79
31.194	79
31.2349	79
31.2764	80
31.3185	80
31.3605	81
31.403	81
31.446	82
31.6046	81
31.6446	81
31.6845	81
31.7249	81
31.7649	80
31.8058	80
31.8479	81
31.8899	81
31.9319	81
31.974	82
32.0165	82
32.0591	82
32.1021	83
32.2623	82
32.3012	81
32.3411	81
32.3826	81
32.4236	81
32.4656	81
32.5066	81
32.5486	81
32.5901	82
32.6311	82
32.672	82
32.7146	82
32.7576	82
32.798	82
32.8333	81
32.8681	80
32.9033	79
32.9043	73
32.9391	69
32.9401	64
32.9764	61
32.9774	58
33.0152	55
33.0163	53
33.0552	52
33.0562	50
33.0961	49
33.0972	48
33.1371	47
33.1382	46
33.1792	46
33.1802	45
33.2217	45
33.2227	44
33.2626	44
33.2637	43
33.3041	43
33.3052	43
33.3456	43
33.3467	42
33.3871	42
33.3882	42
33.4297	42
33.4307	42
33.4732	42
33.4743	42
33.5147	42
33.5157	42
33.5541	42
33.5551	41
33.5894	40
33.5904	40
33.6247	39
33.6257	39
33.6609	38
33.662	38
33.6977	38
33.6988	38
33.735	38
33.7361	38
33.7728	37
33.7739	37
33.8117	37
33.8128	38
33.8522	38
33.8532	38
33.8942	39
33.8952	39
33.9377	39
33.9388	40
33.9777	40
33.9787	40
34.0176	40
34.0186	40
34.0554	39
34.0565	39
34.0932	39
34.0943	39
34.1311	39
34.1321	38
34.1705	38
34.1715	38
34.2114	39
34.2125	39
34.2529	39
34.254	39
34.296	40
34.297	40
34.339	40
34.34	41
34.3789	41
34.3799	40
34.4178	40
34.4188	40
34.4566	40
34.4577	40
34.495	39
34.496	39
34.5339	39
34.5349	39
34.5722	39
34.5733	39
34.6121	39
34.6132	39
34.6531	39
34.6542	39
34.6941	39
34.6951	40
34.7356	40
34.7366	40
34.7776	40
34.7787	40
34.8202	40
34.8212	41
34.8637	41
34.8648	41
34.9052	41
34.9062	41
34.9451	41
34.9462	41
34.9819	40
34.9829	40
35.0197	39
35.0207	39
35.0586	39
35.0596	39
35.098	39
35.099	39
35.1374	39
35.1384	39
35.1773	39
35.1783	39
35.2183	39
35.2193	39
35.2603	40
35.2614	40
35.3023	40
35.3034	40
35.3449	46
35.3459	45
35.3879	50
35.5087	53
35.5476	56
35.5886	59
35.6301	62
35.6721	65
35.7151	67
35.7581	70
35.7995	71
35.9058	71
35.9422	71
35.98	72
36.0184	72
36.0578	73
36.0972	73
36.136	74
36.176	74
36.2175	75
36.26	76
36.3025	77
36.343	78
36.3813	78
36.4207	78
36.4612	78
36.5027	79
36.5447	79
36.5862	80
36.5873	75
36.6293	71
36.6303	67
36.6723	64
36.6733	62
36.7122	59
36.7132	56
36.75	54
36.751	52
36.7883	50
36.7894	49
36.8267	47
36.8277	46
36.8656	45
36.8666	44
36.9055	44
36.9065	43
36.9459	43
36.947	42
36.9885	42
36.9895	42
37.0315	42
37.0325	42
37.0708	42
37.0719	41
37.1061	41
37.1072	40
37.1414	39
37.1425	39
37.1767	38
37.1778	38
37.212	37
37.2131	37
37.2473	37
37.2484	37
37.2831	36
37.2841	36
37.3204	36
37.3214	36
37.3603	37
37.3613	37
37.4023	38
37.4034	38
37.4443	39
37.4454	39
37.4874	39
37.4884	40
37.5304	40
37.5315	40
37.5709	40
37.5719	40
37.6097	40
37.6108	40
37.6491	40
37.6502	40
37.6891	40
37.6901	40
37.7311	40
37.7321	40
37.771	40
37.7721	40
37.8109	40
37.812	40
37.8519	40
37.853	40
37.8945	40
37.8955	40
37.9375	41
37.9386	41
37.9805	41
37.9816	41
38.0225	41
38.0236	41
38.0625	41
38.0635	41
38.1035	41
38.1045	41
38.1444	41
38.1455	41
38.1854	41
38.1865	41
38.2269	41
38.228	41
38.2679	41
38.2689	41
38.3094	41
38.3104	41
38.3514	41
38.3525	41
38.394	41
38.395	41
38.437	41
38.438	42
38.48	42
38.481	42
38.522	42
38.523	42
38.5598	41
38.5609	41
38.5992	40
38.6003	40
38.6407	40
38.6418	40
38.6838	41
38.6848	41
38.7268	41
38.7278	41
38.7687	41
38.7698	41
38.8071	41
38.8081	41
38.8449	40
38.846	40
38.8833	40
38.8843	39
38.9227	39
38.9237	39
38.9636	39
38.9647	40
39.0046	45
39.0057	44
39.0461	49
39.0472	48
39.0892	53
39.0902	51
39.1322	56
39.2483	58
39.2877	60
39.3276	63
39.3665	65
39.4059	66
39.4447	68
39.4841	69
39.4852	65
39.5262	62
39.5272	60
39.5682	58
39.5692	56
39.6102	54
39.6113	52
39.6528	51
39.6538	50
39.6958	49
39.6968	48
39.7372	47
39.7383	46
39.7777	46
39.7787	45
39.8181	44
39.8192	44
39.857	48
39.8581	47
39.8959	51
39.8969	49
39.9353	53
39.9363	51
39.9757	55
39.9768	53
40.0172	56
40.0183	55
40.0582	58
40.0593	56
40.0997	59
40.1008	57
40.1417	60
40.1428	58
40.1843	61
40.1853	59
40.2279	62
40.3517	64
40.3885	66
40.3896	62
40.4279	59
40.429	57
40.4668	54
40.4678	52
40.5057	51
40.5067	49
40.5445	48
40.5456	47
40.5839	46
40.585	45
40.6239	44
40.6249	43
40.6643	43
40.6654	43
40.7053	43
40.7063	42
40.7463	42
40.7473	42
40.7872	42
40.7883	42
40.8287	41
40.8298	41
40.8697	41
40.8708	41
40.9112	41
40.9123	41
40.9538	41
40.9548	41
40.9957	47
40.9968	46
41.0356	50
41.0367	49
41.074	53
41.075	51
41.1118	54
41.1129	52
41.1502	55
41.1512	53
41.188	56
41.189	53
41.2258	56
41.2269	54
41.2642	56
41.2652	54
41.303	57
41.3041	55
41.343	58
41.344	55
41.3845	58
41.3855	56
41.427	60
41.4281	58
41.47	61
41.471	59
41.511	62
41.512	59
41.5514	62
41.5525	59
41.5919	62
41.5929	59
41.6323	62
41.6334	59
41.6733	62
41.6743	59
41.7158	62
41.7169	60
41.7584	63
41.7594	60
41.8014	63
41.8025	61
41.8444	64
41.8455	61
41.8806	63
41.8817	60
41.917	61
41.9181	58
41.9534	60
41.9544	57
41.9901	59
41.9912	56
42.0279	58
42.029	56
42.0668	58
42.0679	56
42.1057	58
42.1067	56
42.1456	59
42.1467	56
42.1871	59
42.1882	57
42.2291	60
42.2302	58
42.2722	61
42.2733	59
42.3152	62
42.3162	60
42.3509	62
42.3519	59
42.3862	60
42.3872	57
42.422	59
42.423	56
42.4573	58
42.4583	55
42.4926	57
42.4936	54
42.5279	56
42.5289	53
42.5646	55
42.5657	53
42.6025	56
42.6035	54
42.6403	56
42.6413	54
42.6786	57
42.6797	54
42.7175	57
42.7186	55
42.7564	57
42.7574	55
42.7953	58
42.7963	56
42.8352	58
42.8362	56
42.8746	59
42.8756	56
42.9135	59
42.9145	56
42.9523	59
42.9534	57
42.9912	59
42.9923	57
43.0317	59
43.0327	57
43.0705	59
43.0716	57
43.1094	59
43.1105	57
43.1483	59
43.1493	57
43.1882	59
43.1893	57
43.2297	60
43.2308	58
43.2717	61
43.2728	58
43.3138	61
43.3148	59
43.3558	62
43.3568	59
43.3978	62
43.3989	60
43.4399	63
43.4409	60
43.4824	63
43.4835	61
43.5244	64
43.5255	61
43.5665	64
43.5675	61
43.6085	64
43.6095	61
43.6505	64
43.6516	61
43.6526	59
43.6936	57
43.6946	55
43.6957	53
43.7366	52
43.7376	51
43.7387	50
43.7795	49
43.7806	48
43.7816	47
43.8158	46
43.8168	45
43.8179	43
43.8511	42
43.8521	42
43.8532	41
43.8884	40
43.8894	40
43.8905	39
43.9267	39
43.9278	39
43.9288	39
43.9651	39
43.9661	39
43.9672	39
44.004	39
44.005	39
44.0061	39
44.0434	43
44.0444	43
44.0455	43
44.0833	47
44.0843	46
44.0854	45
44.1232	49
44.1243	48
44.1253	47
44.1642	51
44.1652	50
44.1663	49
44.2062	53
44.2073	52
44.2083	50
44.2482	54
44.2493	53
44.2503	52
44.2514	50
44.2918	49
44.2928	49
44.2939	48
44.2949	47
44.3343	47
44.3354	46
44.3364	46
44.3375	45
44.3742	45
44.3753	44
44.3763	43
44.3774	43
44.4142	42
44.4152	42
44.4163	42
44.4173	41
44.4541	41
44.4551	41
44.4562	41
44.4572	41
44.4956	46
44.4966	45
44.4977	45
44.4987	44
44.5376	49
44.5387	48
44.5397	47
44.5408	47
44.5796	51
44.5807	50
44.5817	49
44.5828	48
44.6206	52
44.6217	51
44.6227	50
44.6238	49
44.6248	48
44.6637	47
44.6647	46
44.6658	46
44.6668	46
44.6679	45
44.7067	45
44.7077	45
44.7088	44
44.7098	44
44.7109	44
44.7497	44
44.8233	47
44.8244	45
44.8254	44
44.8606	47
44.8617	46
44.8627	45
44.8979	48
44.899	47
44.9	46
44.9363	49
44.9373	48
44.9384	47
44.9752	50
44.9762	49
44.9773	48
44.9783	47
45.0156	46
45.0167	45
45.0177	44
45.0188	44
45.0566	43
45.0576	43
45.0587	43
45.0597	42
45.0981	42
45.0991	42
45.1002	42
45.1012	42
45.1411	42
45.1422	42
45.1432	42
45.1443	42
45.1836	42
45.1847	42
45.1857	42
45.1868	42
45.2225	47
45.2235	46
45.2246	45
45.2256	44
45.2613	48
45.2624	47
45.2634	46
45.2645	45
45.2992	49
45.3002	47
45.3013	46
45.3023	45
45.338	49
45.3391	48
45.3401	47
45.3412	46
45.3769	49
45.378	48
45.379	47
45.3801	46
45.4168	50
45.4179	48
45.4189	47
45.42	46
45.421	46
45.4589	45
45.4599	45
45.461	44
45.462	44
45.4631	44
45.5009	43
45.5019	43
45.503	43
45.504	43
45.5051	43
45.5434	43
45.5445	43
45.5455	43
45.5466	42
45.5476	42
45.5864	42
45.5875	42
45.5885	42
45.5896	42
45.5906	42
45.6258	42
45.6268	42
45.6279	41
45.6289	41
45.63	41
45.6631	40
45.6641	40
45.6652	40
45.6662	39
45.6673	39
45.7009	39
45.7019	38
45.703	38
45.704	38
45.7051	38
45.7403	38
45.7413	38
45.7424	39
45.7434	39
45.7445	39
45.7802	39
45.7813	39
45.7823	39
45.7834	39
45.7844	39
45.8207	44
45.8217	43
45.8228	43
45.8238	43
45.8249	43
45.8627	47
45.8637	46
45.8648	46
45.8658	45
45.8669	45
45.9052	49
45.9063	49
45.9073	48
45.9084	48
45.9094	47
45.9472	51
45.9483	50
45.9493	49
45.9504	48
45.9515	48
45.9898	52
45.9909	50
45.9919	49
45.993	49
45.994	48
46.0318	52
46.0329	51
46.0339	50
46.035	49
46.036	48
46.0739	52
46.0749	51
46.076	50
46.077	49
46.0781	48
46.1159	52
46.1169	51
46.118	50
46.119	49
46.1201	48
46.1589	52
46.16	51
46.161	50
46.1621	50
46.1631	49
46.2014	53
46.2025	52
46.2035	51
46.2046	50
46.2056	49
46.2419	52
46.2429	51
46.244	50
46.245	49
46.2461	48
46.2823	51
46.2834	50
46.2844	49
46.2855	48
46.2865	47
46.3228	51
46.3238	49
46.3249	48
46.3259	47
46.327	46
46.3627	50
46.3638	49
46.3648	48
46.3659	47
46.3669	46
46.4037	50
46.4047	49
46.4058	48
46.4068	47
46.4079	46
46.4457	50
46.4468	49
46.4478	49
46.4489	48
46.4499	47
46.4877	51
46.4888	50
46.4898	49
46.4909	48
46.4919	48
46.5303	52
46.5313	51
46.5324	50
46.5334	49
46.5345	48
46.5733	52
46.5744	51
46.5754	50
46.5765	50
46.5775	49
46.6163	53
46.6174	52
46.6184	51
46.6195	50
46.6206	49
46.6578	53
46.6589	51
46.6599	50
46.661	49
46.662	48
46.6983	52
46.6993	51
46.7004	49
46.7014	48
46.7025	48
46.7398	51
46.7408	50
46.7419	49
46.7429	48
46.744	47
46.7818	51
46.7828	50
46.7839	49
46.7849	48
46.786	48
46.8228	51
46.8238	50
46.8249	49
46.8259	48
46.827	47
46.8653	51
46.8664	50
46.8674	49
46.8685	49
46.8695	48
46.9078	52
46.9089	51
46.9099	50
46.911	49
46.912	48
46.9504	52
46.9514	51
46.9525	50
46.9535	49
46.9546	49
46.9914	52
46.9924	51
46.9935	50
46.9945	49
46.9956	48
47.0329	52
47.0339	50
47.035	49
47.036	48
47.0371	48
47.0754	52
47.0765	51
47.0775	50
47.0786	49
47.0796	48
47.1184	52
47.1194	51
47.1205	50
47.1215	49
47.1226	49
47.1583	52
47.1593	51
47.1604	50
47.1614	48
47.1625	47
47.1956	51
47.1966	49
47.1977	48
47.1987	46
47.1998	45
47.2329	48
47.2339	47
47.235	46
47.236	45
47.2371	44
47.2707	47
47.2718	46
47.2728	45
47.2739	44
47.2749	44
47.3091	47
47.3101	46
47.3112	45
47.3122	45
47.3133	44
47.3485	48
47.3495	47
47.3506	46
47.3516	45
47.3527	44
47.3884	48
47.3894	47
47.3905	46
47.3915	46
47.3926	45
47.4283	49
47.4294	48
47.4304	47
47.4315	46
47.4325	45
47.4693	49
47.4703	48
47.4714	47
47.4724	47
47.4735	46
47.4745	45
47.5118	45
47.5129	45
47.5139	44
47.515	44
47.516	44
47.5171	44
47.5548	43
47.5559	43
47.5569	43
47.558	43
47.559	43
47.5601	43
47.5947	43
47.5958	42
47.5968	42
47.5979	42
47.5989	41
47.6	41
47.6326	40
47.6336	40
47.6347	40
47.6357	39
47.6368	39
47.6378	39
47.6709	39
47.672	39
47.673	39
47.6741	39
47.6751	39
47.6762	39
47.7093	39
47.7103	39
47.7114	38
47.7124	38
47.7135	38
47.7145	38
47.7481	38
47.7492	38
47.7502	38
47.7513	38
47.7523	38
47.7534	38
47.7875	38
47.7886	38
47.7896	38
47.7907	38
47.7917	38
47.7928	38
47.828	39
47.829	39
47.8301	39
47.8311	39
47.8322	39
47.8332	40
47.8684	40
47.8695	40
47.8705	40
47.8716	40
47.8726	40
47.8737	40
47.9105	40
47.9115	40
47.9126	40
47.9136	40
47.9147	41
47.9157	41
47.954	41
47.955	41
47.9561	41
47.9572	42
47.9582	42
47.9593	42
47.9955	42
47.9965	42
47.9976	42
47.9986	42
47.9997	41
48.0007	41
48.037	41
48.038	41
48.0391	41
48.0401	41
48.0412	41
48.0422	41
48.0769	41
48.078	41
48.079	41
48.0801	40
48.0811	40
48.0822	40
48.1158	40
48.1168	40
48.1179	40
48.1189	39
48.12	39
48.121	39
48.1562	39
48.1573	39
48.1583	39
48.1594	40
48.1604	40
48.1615	40
48.1972	40
48.1983	40
48.1993	40
48.2004	40
48.2014	40
48.2025	40
48.2387	40
48.2398	40
48.2408	40
48.2419	40
48.2429	40
48.244	40
48.2813	41
48.2823	41
48.2834	41
48.2844	41
48.2855	41
48.2865	42
48.3243	42
48.3254	42
48.3264	42
48.3275	42
48.3285	42
48.3296	42
48.3658	42
48.3668	42
48.3679	42
48.3689	41
48.37	41
48.371	41
48.4073	41
48.4083	41
48.4094	41
48.4104	41
48.4115	41
48.4125	41
48.4488	41
48.4498	41
48.4509	41
48.4519	41
48.453	41
48.454	41
48.4908	41
48.4919	41
48.4929	41
48.494	41
48.495	41
48.4961	41
48.5338	42
48.5348	42
48.5359	42
48.5369	42
48.538	42
48.539	42
48.5768	42
48.5779	42
48.5789	42
48.58	42
48.581	42
48.5821	42
48.6141	42
48.6152	41
48.6162	41
48.6173	40
48.6183	40
48.6194	39
48.6509	39
48.6519	39
48.653	38
48.654	38
48.6551	38
48.6561	38
48.6882	38
48.6892	38
48.6903	38
48.6913	37
48.6924	37
48.6934	37
48.7271	37
48.7281	38
48.7292	38
48.7302	38
48.7313	38
48.7323	38
48.7659	38
48.767	38
48.768	38
48.7691	38
48.7701	38
48.7712	38
48.8053	38
48.8064	38
48.8074	38
48.8085	38
48.8095	38
48.8106	38
48.8447	38
48.8458	39
48.8468	39
48.8479	39
48.8489	39
48.85	39
48.8857	43
48.8868	43
48.8878	43
48.8889	43
48.8899	43
48.891	42
48.9277	47
48.9288	46
48.9298	46
48.9309	45
48.9319	45
48.933	45
48.9708	49
48.9718	48
49.0532	47
49.0889	50
49.0899	49
49.091	47
49.092	46
49.1267	45
49.1278	44
49.1288	43
49.1299	42
49.1645	42
49.1656	41
49.1666	41
49.1677	40
49.2039	40
49.205	40
49.206	40
49.2071	40
49.2444	45
49.2454	44
49.2465	44
49.2475	44
49.2848	48
49.2859	47
49.2869	46
49.288	45
49.3248	49
49.3258	48
49.3269	47
49.3279	46
49.3657	50
49.3668	49
49.3678	48
49.3689	47
49.4067	51
49.4078	50
49.4088	49
49.4099	48
49.4109	47
49.4493	47
49.4503	46
49.4514	46
49.4524	45
49.4535	45
49.4923	45
49.4934	44
49.4944	44
49.4955	44
49.4965	44
49.5348	43
49.5359	43
49.5369	43
49.538	43
49.539	43
49.5753	42
49.5763	42
49.5774	42
49.5784	42
49.5795	42
49.6162	46
49.6173	46
49.6183	45
49.6194	45
49.6204	44
49.6562	48
49.6572	47
49.6583	47
49.6593	46
49.6604	45
49.6961	49
49.6971	48
49.6982	47
49.6992	46
49.7003	45
49.736	49
49.7371	48
49.7381	47
49.7392	46
49.7402	46
49.7759	49
49.777	48
49.778	47
49.7791	46
49.7801	46
49.8159	49
49.8169	48
49.818	47
49.819	46
49.8201	46
49.8211	45
49.8574	45
49.8584	44
49.8595	44
49.8605	43
49.8616	43
49.8626	43
49.8994	43
49.9004	42
49.9015	42
49.9025	42
49.9036	42
49.9046	42
49.9419	42
49.943	42
49.944	42
49.9451	42
49.9461	42
49.9472	42
49.984	42
49.985	42
49.9861	42
49.9871	42
49.9882	42
49.9892	42
50.0265	42
50.0276	42
50.0286	42
50.0297	42
50.0307	42
50.0318	42
50.0696	42
50.0706	42
50.0717	42
50.0727	42
50.0738	42
50.0748	42
50.1125	42
50.1136	42
50.1146	42
50.1157	42
50.1167	42
50.1178	42
50.1529	42
50.154	42
50.155	42
50.1561	41
50.1571	41
50.1582	41
50.1913	41
50.1923	41
50.1934	41
50.1944	40
50.1955	40
50.1965	40
50.2301	44
50.2312	43
50.2322	43
50.2333	42
50.2343	42
50.2354	42
50.2695	46
50.2706	45
50.2716	44
50.2727	44
50.2737	43
50.2748	43
50.3095	46
50.3105	46
50.3116	45
50.3126	45
50.3137	44
50.3147	44
50.3515	48
50.3525	47
50.3536	46
50.3547	46
50.3557	46
50.3568	45
50.3935	49
50.3946	48
50.3956	48
50.3967	47
50.3977	47
50.3988	46
50.4361	50
50.4371	49
50.4382	49
50.4392	48
50.4403	47
50.4413	47
50.4791	51
50.5652	50
50.603	49
50.604	48
50.6051	47
50.6061	46
50.6434	45
50.6445	44
50.6455	44
50.6466	43
50.6839	43
50.6849	42
50.686	42
50.687	42
50.7249	42
50.7259	42
50.727	42
50.728	42
50.7669	46
50.7679	46
50.769	45
50.77	45
50.8089	49
50.81	49
50.811	48
50.8121	47
50.852	52
50.9706	50
50.9716	48
51.0068	47
51.0079	45
51.0089	44
51.0452	48
51.0462	47
51.0473	46
51.0841	50
51.0851	48
51.0862	47
51.1235	51
51.1245	49
51.1256	48
51.1634	52
51.1644	50
51.1655	49
51.2038	53
51.2049	51
51.2059	50
51.2438	53
51.2448	52
51.2459	50
51.2837	54
51.2847	52
51.2858	51
51.3241	54
51.3252	53
51.3262	51
51.3656	55
51.3667	53
51.3677	52
51.4077	55
51.4087	54
51.4098	52
51.4497	56
51.4507	54
51.4518	53
51.4917	56
51.4928	55
51.4938	53
51.5343	57
51.5353	55
51.5364	54
51.5768	57
51.5779	55
51.5789	54
51.6183	57
51.6981	55
51.6992	53
51.7375	56
51.7386	54
51.778	57
51.779	55
51.8179	58
51.8189	56
51.8578	59
51.8589	56
51.8983	59
51.8993	57
51.9004	55
51.9403	53
51.9413	52
51.9424	51
51.9828	49
51.9839	48
51.9849	48
52.0249	47
52.0259	46
52.027	46
52.0679	45
52.0689	45
52.07	45
52.1078	44
52.1088	43
52.1099	43
52.1493	47
52.1503	47
52.1514	46
52.1887	50
52.1897	49
52.1908	48
52.2281	51
52.2291	50
52.2302	49
52.2685	52
52.2696	51
52.2706	50
52.31	53
52.3111	52
52.3121	51
52.3526	55
52.3536	53
52.3547	52
52.3956	56
52.3967	54
52.3977	53
52.4386	57
52.5133	54
52.5144	51
52.5495	54
52.5506	52
52.5858	54
52.5868	52
52.6241	54
52.6252	53
52.662	55
52.663	53
52.7003	56
52.7014	54
52.7024	52
52.7397	50
52.7408	49
52.7418	47
52.7802	47
52.7812	46
52.7823	45
52.8211	45
52.8222	44
52.8232	44
52.8621	43
52.8632	43
52.8642	43
52.9031	42
52.9041	42
52.9052	42
52.9446	42
52.9456	42
52.9467	42
52.9871	47
52.9882	46
52.9892	46
53.0302	51
53.1121	49
53.1131	48
53.1515	47
53.1525	46
53.1904	50
53.1914	48
53.2292	52
53.2303	50
53.2681	54
53.2692	52
53.308	55
53.3091	53
53.3485	56
53.3495	54
53.39	58
53.391	56
53.4331	59
53.5591	62
53.6017	65
53.6447	67
53.7969	68
53.8348	64
53.8726	61
53.9109	58
53.9493	55
53.9887	53
54.0297	52
54.0712	50
54.1137	49
54.1568	48
54.1997	48
54.2407	47
54.2785	46
54.3168	45
54.3568	44
54.3956	43
54.4345	43
54.4739	42
54.5128	42
54.5527	41
54.5926	41
54.6326	41
54.6735	41
54.7166	41
54.7591	41
54.8011	41
54.8374	41
54.8741	40
54.913	40
54.9519	40
54.9913	40
55.0312	40
55.0716	40
55.1142	40
55.1567	40
55.1992	46
55.2412	51
55.2827	55
55.3258	58
55.4895	61
55.5274	63
55.5657	64
55.6056	66
55.6456	68
55.686	69
55.7265	71
55.7674	72
55.8089	73
55.851	74
55.893	75
55.935	77
55.9776	78
56.0206	78
56.0631	79
56.1009	79
56.1367	78
56.173	78
56.2092	77
56.2449	76
56.2817	76
56.3185	75
56.3558	75
56.3931	75
56.4314	75
56.4708	75
56.5113	76
56.5512	76
56.5927	77
56.6358	78
56.9297	78
56.9727	79
57.1203	79
57.1576	78
57.196	78
57.2343	78
57.2737	78
57.3147	78
57.3557	78
57.3966	79
57.4381	79
57.4807	80
57.5237	80
57.5662	81
57.6061	81
57.6486	81
57.6896	81
57.7306	81
57.7737	82
58.0437	81
58.0815	80
58.1209	80
58.1619	80
58.2045	80
58.2475	81
58.5226	80
58.5631	80
58.6041	81
58.6461	81
58.6881	81
58.7307	81
58.7727	82
58.8147	82
58.8573	82
58.9003	83
59.02	77
59.0562	76
59.0925	76
59.1308	76
59.1697	76
59.2096	76
59.2506	77
59.2921	77
59.3351	78
59.3761	79
59.3772	74
59.4166	70
59.4176	66
59.4565	63
59.4575	60
59.4964	57
59.4975	55
59.5363	53
59.5374	51
59.5768	50
59.5779	49
59.6173	48
59.6183	47
59.6603	46
59.6614	46
59.7028	45
59.7039	45
59.7417	44
59.7427	43
59.779	42
59.78	42
59.8163	41
59.8173	41
59.8546	40
59.8557	40
59.8925	40
59.8935	39
59.9303	39
59.9313	39
59.9681	39
59.9691	39
60.0075	39
60.0085	39
60.0469	39
60.0479	39
60.0868	39
60.0879	39
60.1278	39
60.1289	39
60.1698	39
60.1709	40
60.2124	40
60.2134	40
60.2554	41
60.2565	41
60.2969	41
60.2979	41
60.3373	41
60.3384	41
60.3778	41
60.3788	40
60.4187	40
60.4198	40
60.4592	40
60.4602	40
60.5007	40
60.5017	40
60.5427	41
60.5438	41
60.5853	41
60.5863	41
60.6283	41
60.6294	41
60.6713	42
60.6724	42
60.7128	42
60.7139	41
60.7533	41
60.7543	41
60.7932	41
60.7942	41
60.8342	41
60.8352	41
60.8757	41
60.8767	41
60.9167	41
60.9177	41
60.9576	41
60.9587	41
60.9997	41
61.0007	41
61.0422	41
61.0433	41
61.0853	41
61.0863	42
61.1283	42
61.1293	42
61.1702	42
61.1713	42
61.2086	41
61.2096	41
61.2469	40
61.248	40
61.2863	40
61.2874	40
61.3257	40
61.3268	40
61.3667	40
61.3678	40
61.4066	40
61.4077	40
61.4476	40
61.4487	40
61.4886	40
61.4896	40
61.5296	40
61.5306	40
61.5721	40
61.5732	41
61.6151	41
61.6161	41
61.6555	41
61.6566	41
61.6949	40
61.696	40
61.7343	40
61.7354	40
61.7742	40
61.7753	40
61.8152	40
61.8163	40
61.8562	40
61.8572	40
61.8982	40
61.8993	40
61.9397	40
61.9408	40
61.9812	41
61.9823	41
62.0233	41
62.0243	41
62.0658	41
62.0669	41
62.1078	46
62.1088	46
62.1487	50
62.1498	49
62.1892	53
62.1902	52
62.2291	55
62.2302	53
62.2706	57
62.2717	55
62.3132	58
62.3142	56
62.3556	60
62.3567	58
62.3982	61
62.3992	59
62.4365	61
62.4376	58
62.4386	56
62.4765	54
62.4775	52
62.4786	51
62.5174	49
62.5185	48
62.5195	47
62.5589	46
62.56	46
62.561	45
62.6015	45
62.6025	45
62.6036	44
62.6445	44
62.6455	44
62.6466	44
62.6875	43
62.6885	43
62.6896	43
62.7258	48
62.7268	47
62.7279	46
62.762	49
62.7631	48
62.7641	46
62.7984	49
62.7994	48
62.8005	46
62.8367	49
62.8378	48
62.8388	47
62.8745	50
62.8756	49
62.8766	47
62.8777	46
62.9139	45
62.915	45
62.916	44
62.9171	43
62.9528	43
62.9538	42
62.9549	42
62.956	41
62.9927	41
62.9938	41
62.9948	41
62.9959	40
63.0342	41
63.0353	41
63.0363	41
63.0374	41
63.0768	46
63.0778	46
63.0789	45
63.0799	45
63.1198	49
63.1209	49
63.1219	48
63.123	48
63.1602	52
63.1613	50
63.1623	49
63.1634	48
63.2012	52
63.2022	51
63.2033	50
63.2043	49
63.2054	48
63.2443	47
63.2453	46
63.2464	46
63.2474	46
63.2485	45
63.2873	45
63.2883	45
63.2894	44
63.2904	44
63.2915	44
63.3266	43
63.3277	43
63.3287	42
63.3298	42
63.3308	42
63.366	46
63.3671	45
63.3681	45
63.3692	44
63.3702	44
63.4049	47
63.406	46
63.407	45
63.4081	45
63.4091	44
63.4427	47
63.4438	46
63.4448	45
63.4459	44
63.4469	44
63.448	43
63.4816	42
63.4827	42
63.4837	41
63.4848	41
63.4858	41
63.4869	40
63.5215	40
63.5226	40
63.5236	40
63.5247	40
63.5257	40
63.5268	40
63.5615	45
63.5625	44
63.5636	44
63.5646	43
63.5657	43
63.5667	43
63.6019	47
63.603	46
63.604	45
63.6051	45
63.6061	44
63.6072	44
63.6445	48
63.646	48
63.731	47
63.7321	46
63.7678	45
63.7689	44
63.7699	44
63.771	43
63.8077	47
63.8088	46
63.8098	46
63.8109	45
63.8482	49
63.8492	48
63.8503	47
63.8513	47
63.8886	50
63.8897	49
63.8907	48
63.8918	47
63.8928	46
63.9301	46
63.9312	45
63.9322	45
63.9333	44
63.9343	44
63.9727	44
63.9737	43
63.9748	43
63.9758	43
63.9769	43
64.0152	43
64.0163	43
64.0173	43
64.0184	43
64.0194	43
64.0587	43
64.1359	42
64.137	41
64.138	41
64.1727	44
64.1738	44
64.1748	43
64.2105	46
64.2116	45
64.2126	45
64.2483	48
64.2494	47
64.2505	46
64.2867	49
64.2877	48
64.2888	47
64.3245	50
64.3256	49
64.3266	47
64.3629	51
64.3639	49
64.365	48
64.366	47
64.4038	46
64.4049	45
64.4059	45
64.407	44
64.4448	44
64.4459	43
64.4469	43
64.448	43
64.4863	42
64.4874	42
64.4884	42
64.4895	42
64.5273	42
64.5284	42
64.5294	42
64.5305	41
64.5693	41
64.5704	41
64.5714	41
64.5725	41
64.6124	42
64.6135	42
64.6145	42
64.6156	42
64.6559	42
64.657	42
64.658	42
64.6591	42
64.6958	42
64.6968	42
64.6979	41
64.6989	41
64.7357	41
64.7367	41
64.7378	41
64.7388	41
64.774	45
64.7751	44
64.7761	44
64.7772	43
64.8129	47
64.814	46
64.815	45
64.8161	44
64.8528	48
64.8539	47
64.8549	46
64.856	46
64.8943	50
64.8954	49
64.8964	48
64.8975	47
64.9353	51
64.9364	50
64.9374	49
64.9385	48
64.9763	52
64.9773	51
64.9784	49
64.9794	48
65.0178	52
65.0188	51
65.0199	50
65.0209	49
65.0593	53
65.0603	51
65.0614	50
65.0624	49
65.1018	53
65.1029	52
65.1039	51
65.105	50
65.1449	54
65.1459	52
65.147	51
65.2294	50
65.2677	53
65.2688	52
65.2698	50
65.3087	49
65.3098	48
65.3108	47
65.3513	46
65.3523	46
65.3534	45
65.3938	45
65.3949	45
65.3959	44
65.4358	44
65.4369	44
65.4379	43
65.4779	43
65.4789	43
65.48	43
65.5204	43
65.5215	43
65.5225	43
65.563	42
65.564	42
65.5651	42
65.6055	42
65.6066	43
65.6076	43
65.6485	48
65.7697	46
65.806	45
65.807	44
65.8438	43
65.8448	42
65.8821	42
65.8832	42
65.92	41
65.921	40
65.9588	40
65.9599	40
65.9988	40
65.9998	40
66.0403	40
66.0413	40
66.0823	40
66.0833	41
66.1248	41
66.1259	41
66.1679	41
66.2912	46
66.3295	50
66.3306	48
66.37	47
66.3711	46
66.4115	46
66.4126	45
66.4525	44
66.4535	44
66.4945	44
66.4956	43
66.5375	43
66.5386	43
66.5774	43
66.5784	42
66.6157	42
66.6168	41
66.652	40
66.653	40
66.6898	40
66.6909	39
66.7287	39
66.7297	39
66.7681	39
66.7691	39
66.807	39
66.808	39
66.8464	39
66.8474	39
66.8863	39
66.8873	39
66.9262	44
66.9273	44
66.9672	48
66.9682	47
67.0097	52
67.0108	50
67.0523	55
67.0533	53
67.0958	57
67.36	59
67.3973	61
67.4362	63
67.4777	65
67.5212	67
67.6809	69
67.7219	65
67.7639	62
67.8059	60
67.8484	58
67.8915	56
67.9335	54
67.9718	52
68.0123	50
68.0527	49
68.0937	48
68.1352	47
68.1767	46
68.2193	46
68.2618	45
68.3049	45
68.3468	45
68.3878	44
68.4277	43
68.4676	43
68.5081	43
68.5496	42
68.5921	42
68.6346	42
68.6772	42
68.7187	42
68.7597	42
68.8022	42
68.8452	42
68.8867	42
68.9235	41
68.9613	41
69.0001	40
69.0401	40
69.0811	45
69.122	50
69.163	54
69.2045	57
69.2471	61
69.2906	64
69.4487	66
69.4907	68
69.5332	70
69.5726	71
69.6126	72
69.6525	73
69.6929	74
69.735	75
69.778	76
69.82	77
69.8609	78
69.9024	78
69.9439	79
69.9865	79
70.029	80
70.072	81
70.113	81
70.1513	81
70.1907	80
70.2301	80
70.2706	80
70.311	80
70.353	80
70.3961	81
70.5594	81
70.6003	81
70.6434	81
70.6859	82
70.7221	81
70.7578	80
70.7946	79
70.8324	78
70.8703	78
70.9091	78
70.9491	78
70.9895	78
71.0305	78
71.072	79
71.114	79
71.155	80
71.1965	80
71.2385	80
71.2811	81
71.3231	81
71.3661	82
71.4087	82
71.4502	82
71.4922	82
71.5353	83
71.5777	83
71.6171	83
71.6534	82
71.6544	76
71.6912	71
71.6922	67
71.729	63
71.7301	60
71.7668	57
71.7679	55
71.8052	53
71.8062	51
71.8446	49
71.8456	48
71.8845	47
71.8856	46
71.925	45
71.926	45
71.9659	44
71.967	43
72.0074	43
72.0085	43
72.0484	43
72.0495	42
72.0899	42
72.091	42
72.1329	42
72.134	42
72.1759	42
72.1769	42
72.2148	42
72.2158	41
72.2521	41
72.2531	40
72.2899	40
72.2909	40
72.3282	39
72.3293	39
72.3682	39
72.3692	39
72.4086	39
72.4097	39
72.4501	40
72.4512	40
72.4911	40
72.4921	40
72.5336	40
72.5347	40
72.5756	41
72.5767	41
72.6187	41
72.6198	41
72.6607	41
72.6617	41
72.7001	41
72.7011	41
72.74	41
72.7411	40
72.7799	40
72.781	40
72.8204	40
72.8214	40
72.8608	40
72.8619	40
72.9013	40
72.9023	40
72.9417	40
72.9428	40
72.9827	40
72.9838	40
73.0253	40
73.0263	41
73.0673	41
73.0683	41
73.1093	41
73.1103	41
73.1518	41
73.1529	41
73.1948	41
73.1959	41
73.2347	41
73.2357	41
73.2705	40
73.2716	40
73.3063	39
73.3074	39
73.3416	38
73.3427	38
73.3769	37
73.378	37
73.4142	37
73.4153	37
73.451	37
73.4521	37
73.4883	37
73.4894	37
73.5256	37
73.5267	37
73.5645	37
73.5655	37
73.6049	37
73.606	38
73.6464	43
73.6475	43
73.6874	48
73.6885	47
73.7289	51
73.73	50
73.7715	54
73.7725	53
73.8135	57
73.8145	55
73.8565	58
73.8576	57
73.9788	59
74.014	60
74.0488	62
74.0851	63
74.1215	64
74.1588	65
74.1598	62
74.1982	59
74.1992	56
74.2386	54
74.2397	52
74.2801	51
74.2812	50
74.3221	49
74.3232	48
74.3647	47
74.3657	46
74.4067	46
74.4078	45
74.4492	50
74.4503	49
74.4913	54
74.4923	52
74.5322	56
74.5333	54
74.5737	57
74.5748	55
74.6163	59
74.6173	57
74.6593	60
74.7806	62
74.8205	64
74.862	66
74.9035	68
74.9456	70
74.9881	72
75.0307	74
75.0732	75
75.1152	76
75.1163	72
75.1588	68
75.1599	65
75.1992	62
75.2002	59
75.2365	56
75.2375	54
75.2727	52
75.2738	50
75.309	48
75.31	46
75.3463	45
75.3473	44
75.3846	43
75.3857	43
75.424	42
75.4251	42
75.4639	41
75.465	41
75.5044	41
75.5054	41
75.5454	41
75.5464	41
75.5869	41
75.5879	41
75.6284	41
75.6294	41
75.6693	41
75.6704	41
75.7109	41
75.7119	41
75.7534	41
75.7545	41
75.7954	41
75.7965	41
75.838	41
75.839	41
75.8809	42
75.882	42
75.9235	42
75.9245	42
75.9608	41
75.9618	41
75.9986	40
75.9997	40
76.0364	40
76.0375	39
76.0758	39
76.0769	39
76.1158	39
76.1168	39
76.1567	39
76.1578	39
76.1988	40
76.1998	40
76.2418	40
76.2429	41
76.2832	46
76.2843	46
76.3253	50
76.3263	49
76.3636	53
76.3647	51
76.4014	54
76.4025	52
76.4403	55
76.4414	53
76.4802	56
76.4813	54
76.5207	57
76.5217	55
76.5617	58
76.5627	56
76.6047	59
76.6057	57
76.6462	61
76.6472	58
76.6882	61
76.6893	59
76.7307	62
76.7318	60
76.7706	62
76.7717	59
76.8084	62
76.8095	59
76.8473	61
76.8484	58
76.8867	60
76.8878	58
76.9277	60
76.9287	58
76.9681	61
76.9692	58
77.0097	61
77.0107	59
77.0506	61
77.0517	59
77.0921	62
77.0932	59
77.1352	62
77.1362	60
77.1772	63
77.1782	60
77.2187	63
77.2197	60
77.2596	63
77.2607	60
77.3017	63
77.3027	60
77.3437	63
77.3447	61
77.3867	63
77.3878	61
77.4266	63
77.4276	61
77.467	63
77.4681	60
77.5038	62
77.5049	59
77.5422	61
77.5432	58
77.58	60
77.581	57
77.6183	60
77.6194	57
77.6562	59
77.6572	57
77.694	59
77.695	56
77.7329	59
77.7339	56
77.7754	59
77.7765	57
77.8184	61
77.8195	58
77.8614	62
77.8625	59
77.8981	62
77.8992	59
77.935	60
77.9361	58
77.9698	59
77.9708	56
78.006	58
78.0071	55
78.0418	57
78.0428	54
78.0775	56
78.0785	54
78.1143	56
78.1153	54
78.1526	56
78.1537	54
78.1925	57
78.1936	55
78.1946	53
78.2346	52
78.2356	50
78.2367	49
78.2781	48
78.2797	48
78.3962	51
78.4325	54
78.4682	56
78.5045	58
78.5418	60
78.5806	62
78.5817	59
78.62	57
78.6211	55
78.661	53
78.6621	51
78.702	50
78.703	49
78.7445	48
78.7456	47
78.7875	46
78.7886	46
78.829	45
78.8301	45
78.8705	50
78.8716	49
78.9125	53
78.9136	51
78.9556	55
78.9566	54
78.997	58
78.9981	56
79.039	59
79.0401	57
79.0784	60
79.0795	57
79.1178	60
79.1189	57
79.1583	60
79.1593	58
79.2003	61
79.2014	58
79.2024	56
79.2439	55
79.2449	53
79.2853	57
79.3626	54
79.4009	57
79.4403	60
79.4802	62
79.5202	64
79.5601	66
79.5611	63
79.6011	60
79.6021	58
79.6426	56
79.6436	54
79.6835	52
79.6846	51
79.7266	50
79.7276	49
79.7681	48
79.7691	47
79.8096	46
79.8106	46
79.849	50
79.85	49
79.8884	52
79.8894	51
79.9288	54
79.9299	52
79.9708	56
79.9719	54
80.0139	58
80.1393	61
80.1787	63
80.1797	60
80.2197	58
80.2207	55
80.2612	54
80.2622	52
80.3037	51
80.3048	50
80.3452	49
80.3463	48
80.3873	47
80.3883	46
80.4298	46
80.4309	45
80.4728	45
80.4739	45
80.5159	44
80.5169	44
80.5578	44
80.5589	43
80.5983	43
80.5993	43
80.6387	42
80.6398	42
80.6802	42
80.6813	42
80.7217	42
80.7228	42
80.7638	42
80.7648	42
80.8058	42
80.8068	42
80.8478	42
80.8489	42
80.8898	42
80.8909	42
80.9319	42
80.9329	42
80.9739	42
80.975	42
81.017	42
81.018	42
81.059	42
81.06	42
81.101	42
81.102	42
81.1435	42
81.1446	42
81.1856	42
81.1866	42
81.2286	42
81.2296	42
81.268	41
81.269	41
81.3033	41
81.3043	40
81.339	39
81.34	39
81.3747	38
81.3758	38
81.412	38
81.4131	38
81.4504	38
81.4514	38
81.4892	38
81.4903	38
81.5286	38
81.5297	38
81.5696	38
81.5707	39
81.6106	39
81.6116	39
81.6516	39
81.6526	39
81.6936	40
81.6946	40
81.7366	40
81.7377	40
81.777	40
81.7781	40
81.8133	40
81.8143	39
81.8495	39
81.8506	38
81.8848	38
81.8859	38
81.9212	37
81.9222	37
81.9565	37
81.9575	37
81.9918	36
81.9928	36
82.028	36
82.0291	36
82.0658	36
82.0669	36
82.1047	37
82.1058	37
82.1441	37
82.1452	37
82.184	38
82.1851	38
82.225	38
82.2261	39
82.2665	39
82.2676	39
82.3096	39
82.3106	40
82.35	40
82.351	40
82.3904	40
82.3915	40
82.4288	40
82.4298	39
82.4682	39
82.4692	39
82.5091	40
82.5102	40
82.5517	40
82.5527	40
82.5937	40
82.5948	40
82.6368	41
82.6378	41
82.6787	41
82.6798	41
82.7176	41
82.7186	40
82.7538	40
82.7549	39
82.7901	39
82.7911	39
82.8259	38
82.827	38
82.8616	37
82.8627	37
82.8984	37
82.8995	37
82.9357	37
82.9368	37
82.9741	37
82.9751	37
83.014	37
83.015	38
83.055	38
83.056	38
83.0965	39
83.0975	39
83.1385	39
83.1395	40
83.181	40
83.1821	40
83.2219	46
83.223	45
83.2624	49
83.2634	48
83.3013	52
83.3023	50
83.3412	54
83.3422	52
83.3801	55
83.3811	53
83.4195	56
83.4205	54
83.4594	57
83.4604	55
83.4998	58
83.5009	56
83.5403	59
83.5413	57
83.5424	55
83.5839	53
83.5854	52
83.702	55
83.7398	57
83.7408	55
83.7781	53
83.7792	51
83.8165	49
83.8175	48
83.8543	47
83.8554	45
83.8921	44
83.8932	44
83.9305	43
83.9315	42
83.9694	42
83.9704	41
84.0093	41
84.0103	41
84.0492	41
84.0503	41
84.0897	40
84.0907	40
84.1327	41
84.1338	41
84.1742	46
84.1752	46
84.2146	50
84.2157	49
84.2503	52
84.2514	50
84.2862	53
84.2872	51
84.3229	53
84.324	51
84.3597	54
84.3608	52
84.3965	54
84.3975	52
84.4343	55
84.4354	53
84.4748	56
84.4758	54
84.4769	52
84.5183	51
84.5194	50
84.5204	49
84.5613	48
84.5624	48
84.5634	47
84.6007	46
84.6018	45
84.6028	44
84.6396	44
84.6407	43
84.6417	42
84.6806	42
84.6816	42
84.6827	42
84.7205	41
84.7216	41
84.7226	41
84.7604	41
84.7615	41
84.7625	41
84.8004	40
84.8014	40
84.8025	40
84.8413	40
84.8424	40
84.8434	40
84.8828	40
84.8839	40
84.8849	40
84.9259	41
84.9269	41
84.928	41
84.9657	41
84.9668	41
84.9678	41
85.0051	40
85.0062	40
85.0072	40
85.0414	40
85.0424	39
85.0435	39
85.0782	38
85.0792	38
85.0803	38
85.116	38
85.117	38
85.1181	38
85.1538	38
85.1549	38
85.1559	37
85.1916	37
85.1927	37
85.1937	37
85.2305	38
85.2316	38
85.2326	38
85.2694	38
85.2704	38
85.2715	38
85.3083	38
85.3093	38
85.3104	38
85.3477	38
85.3487	38
85.3498	38
85.3876	38
85.3886	39
85.3897	39
85.4296	39
85.4307	39
85.4317	40
85.4721	40
85.4732	40
85.4742	41
85.5152	41
85.5162	41
85.5173	41
85.5545	41
85.5556	41
85.5566	40
85.5939	40
85.595	40
85.596	40
85.6333	40
85.6344	40
85.6354	40
85.6722	39
85.6733	39
85.6743	39
85.7116	39
85.7127	39
85.7137	39
85.7521	39
85.7531	39
85.7542	39
85.793	40
85.7941	40
85.7951	40
85.8345	40
85.8356	40
85.8366	40
85.8771	40
85.8781	41
85.8792	41
85.9201	41
85.9212	41
85.9222	41
85.9631	42
85.9642	42
85.9652	42
85.9988	41
85.9999	40
86.0009	39
86.0346	39
86.0357	38
86.0367	38
86.0699	38
86.071	37
86.072	37
86.1052	37
86.1063	37
86.1073	36
86.1405	36
86.1416	36
86.1426	36
86.1769	36
86.1779	36
86.179	36
86.2126	36
86.2136	36
86.2147	36
86.2499	36
86.2509	36
86.252	36
86.2882	36
86.2893	37
86.2903	37
86.3282	37
86.3292	37
86.3303	38
86.3681	38
86.3691	38
86.3702	38
86.4085	38
86.4096	39
86.4106	39
86.4506	39
86.4516	39
86.4527	40
86.4936	40
86.4947	40
86.4957	41
86.5366	41
86.5377	41
86.5387	41
86.5786	41
86.5796	41
86.5807	41
86.6196	41
86.6206	41
86.6217	41
86.66	41
86.6611	41
86.6621	41
86.7015	41
86.7026	41
86.7036	41
86.743	41
86.7441	41
86.7451	41
86.786	41
86.7871	41
86.7881	41
86.8254	41
86.8265	41
86.8275	41
86.8638	40
86.8648	40
86.8659	40
86.9032	40
86.9042	40
86.9053	40
86.9431	40
86.9441	40
86.9452	40
86.983	40
86.9841	40
86.9851	40
87.024	40
87.025	40
87.0261	40
87.066	40
87.0671	40
87.0681	40
87.1091	41
87.1101	41
87.1112	41
87.1521	41
87.1531	41
87.1542	42
87.1956	42
87.2671	41
87.2682	40
87.3024	40
87.3035	39
87.3372	43
87.3383	42
87.372	45
87.373	44
87.4073	47
87.4083	46
87.4426	48
87.4436	47
87.4784	50
87.4795	48
87.5132	51
87.5142	49
87.5489	51
87.55	49
87.5852	52
87.5862	50
87.6225	53
87.6235	51
87.6603	54
87.6613	52
87.6997	55
87.7007	53
87.7018	51
87.7407	50
87.7417	49
87.7428	48
87.7816	47
87.7827	46
87.7837	45
87.8226	45
87.8237	44
87.8247	44
87.8641	43
87.8652	43
87.8662	43
87.9056	43
87.9067	42
87.9077	42
87.9476	42
87.9487	42
87.9497	42
87.9902	42
87.9912	42
87.9923	42
88.0322	42
88.0333	42
88.0343	42
88.0753	42
88.1593	42
88.1603	42
88.1982	41
88.1992	41
88.2376	41
88.2386	40
88.278	40
88.2791	40
88.3195	40
88.3206	40
88.3615	41
88.3626	41
88.4036	46
88.4046	46
88.4456	50
88.4466	49
88.4886	54
88.4896	52
88.6073	51
88.6451	54
88.6462	52
88.6845	50
88.6856	49
88.7234	47
88.7244	46
88.7628	45
88.7638	45
88.8022	44
88.8032	43
88.8437	43
88.8447	43
88.8857	43
88.8868	42
88.9277	42
88.9288	42
88.9698	42
88.9708	42
89.0128	42
89.0138	42
89.0553	42
89.0563	42
89.0942	42
89.0952	41
89.1325	41
89.1336	40
89.1724	40
89.1735	40
89.2129	40
89.2139	40
89.2533	40
89.2544	40
89.2933	40
89.2943	40
89.3337	40
89.3348	40
89.3752	40
89.3763	40
89.4178	40
89.4188	41
89.4608	41
89.4618	41
89.5022	41
89.5033	41
89.5379	40
89.539	40
89.5732	39
89.5743	39
89.6085	38
89.6096	38
89.6438	37
89.6449	37
89.6796	37
89.6806	37
89.7169	37
89.7179	37
89.7547	37
89.7557	37
89.793	37
89.7941	37
89.8319	37
89.833	37
89.8718	38
89.8729	38
89.9112	38
89.9123	38
89.9512	38
89.9522	38
89.9916	39
89.9927	39
90.0326	39
90.0336	39
90.0725	39
90.0736	39
90.113	39
90.114	39
90.155	40
90.156	40
90.197	40
90.1981	40
90.2396	41
90.2406	41
90.2821	41
90.2831	41
90.3256	41
90.3266	41
90.366	41
90.3671	41
90.407	41
90.4081	41
90.4469	41
90.448	40
90.4869	40
90.4879	40
90.5268	40
90.5278	40
90.5667	40
90.5678	40
90.6072	40
90.6082	40
90.6487	40
90.6497	40
90.6917	40
90.6928	41
90.7342	41
90.7352	41
90.7741	41
90.7751	41
90.8094	40
90.8104	39
90.8456	39
90.8467	38
90.8829	38
90.884	38
90.9207	38
90.9218	38
90.9586	38
90.9596	38
90.9969	38
90.998	38
91.0358	38
91.0368	38
91.0747	38
91.0757	38
91.1135	38
91.1146	38
91.1535	38
91.1545	38
91.1934	39
91.1944	39
91.2349	39
91.2359	39
91.2759	39
91.2769	39
91.3168	40
91.3179	40
91.3583	40
91.3594	40
91.4014	40
91.4024	41
91.4428	41
91.4439	41
91.4812	40
91.4822	40
91.5174	40
91.5185	39
91.5527	38
91.5538	38
91.5885	38
91.5896	37
91.6243	37
91.6253	37
91.66	37
91.661	37
91.6962	41
91.6973	40
91.7325	44
91.7335	43
91.7703	47
91.7714	46
91.8092	50
91.8102	48
91.8486	52
91.8496	50
91.8885	54
91.8896	52
91.929	55
91.93	54
91.9699	57
91.971	55
92.0114	58
92.0125	56
92.0135	54
92.054	53
92.055	52
92.0561	50
92.097	49
92.098	49
92.0991	48
92.1384	47
92.1395	46
92.1405	45
92.1778	45
92.1789	44
92.1799	43
92.2162	43
92.2172	42
92.2183	42
92.254	41
92.2551	41
92.2561	41
92.2918	45
92.2929	44
92.2939	43
92.3307	47
92.3318	46
92.3328	45
92.3701	49
92.3712	48
92.3722	47
92.41	51
92.4111	49
92.4121	48
92.45	52
92.451	50
92.4521	49
92.4531	48
92.4909	47
92.492	46
92.493	46
92.4941	45
92.5319	44
92.533	44
92.534	43
92.5351	43
92.5729	43
92.5739	42
92.575	42
92.576	42
92.6154	42
92.6165	42
92.6175	42
92.6186	42
92.6579	47
92.659	47
92.66	46
92.6611	46
92.7	50
92.701	49
92.7021	49
92.7031	48
92.7409	52
92.742	50
92.743	49
92.7441	48
92.7824	52
92.7835	51
92.7845	50
92.7856	49
92.7866	48
92.8245	47
92.8255	46
92.8266	46
92.8276	45
92.8287	45
92.8665	44
92.8675	44
92.8686	44
92.8696	43
92.8707	43
92.9085	43
92.9096	43
92.9106	43
92.9117	43
92.9127	43
92.951	47
92.9521	47
92.9531	47
92.9542	46
92.9552	46
92.992	50
92.993	49
92.9941	48
92.9951	47
92.9962	46
93.033	50
93.034	49
93.0351	48
93.0361	47
93.0372	47
93.0382	46
93.0739	45
93.075	45
93.076	44
93.0771	44
93.0781	43
93.0792	43
93.116	43
93.117	43
93.1181	43
93.1191	43
93.1202	43
93.1212	43
93.1584	47
93.1595	47
93.1605	46
93.1616	46
93.1626	45
93.1637	45
93.2009	49
93.202	48
93.203	48
93.2041	47
93.2051	47
93.2062	46
93.2424	50
93.2435	49
93.2445	49
93.2456	48
93.2466	47
93.2477	46
93.2487	46
93.2839	45
93.285	44
93.286	44
93.2871	44
93.2881	43
93.2892	43
93.2903	43
93.3249	43
93.326	43
93.327	43
93.3281	42
93.3291	42
93.3302	42
93.3312	42
93.3664	46
93.3675	46
93.3685	45
93.3696	45
93.3706	44
93.3717	44
93.3727	44
93.4085	48
93.4095	47
93.4106	47
93.4116	46
93.4127	46
93.4137	45
93.4148	45
93.4158	45
93.452	44
93.4531	44
93.4546	44
93.5323	48
93.5334	47
93.5344	46
93.5355	45
93.5365	44
93.5707	48
93.5717	46
93.5728	45
93.5738	45
93.5749	44
93.609	47
93.6101	46
93.6111	46
93.6122	45
93.6132	44
93.6468	48
93.6479	46
93.6489	45
93.65	44
93.651	44
93.6521	43
93.6862	42
93.6873	42
93.6883	42
93.6894	41
93.6904	41
93.6915	41
93.7267	41
93.7277	40
93.7288	40
93.7298	40
93.7309	40
93.7319	40
93.7671	40
93.7682	40
93.7692	40
93.7703	40
93.7713	40
93.7724	40
93.8081	40
93.8092	40
93.8102	41
93.8113	41
93.8123	41
93.8134	41
93.8491	45
93.8501	45
93.8512	44
93.8522	44
93.8533	44
93.8543	43
93.8901	48
93.8911	47
93.8922	46
93.8932	46
93.8943	45
93.8953	45
93.9331	49
93.9342	48
93.9352	48
93.9363	47
93.9373	47
94.0207	46
94.0218	45
94.0564	44
94.0575	43
94.0585	43
94.0596	42
94.0943	46
94.0953	45
94.0964	44
94.0974	43
94.1331	47
94.1342	46
94.1352	45
94.1363	45
94.1741	49
94.1752	48
94.1762	47
94.1773	46
94.2161	50
94.2172	49
94.2182	49
94.2193	48
94.2582	52
94.2592	51
94.2603	50
94.2613	49
94.3007	53
94.3023	52
94.3852	50
94.3862	49
94.3873	48
94.4235	47
94.4246	46
94.4256	45
94.4624	49
94.4635	48
94.4645	47
94.5013	50
94.5023	49
94.5034	48
94.5412	51
94.5423	50
94.5433	49
94.5822	52
94.5832	51
94.5843	50
94.6232	54
94.6242	52
94.6253	51
94.6662	55
94.6673	53
94.6683	52
94.7092	56
94.7103	54
94.7113	53
94.8217	51
94.8227	49
94.8595	48
94.8606	46
94.8973	45
94.8984	44
94.9357	43
94.9367	43
94.974	42
94.9751	42
95.0139	41
95.015	41
95.0555	41
95.0565	41
95.0985	41
95.0996	41
95.1405	41
95.1416	41
95.1836	42
95.3001	46
95.3374	49
95.3753	53
95.4131	55
95.4514	58
95.4903	60
95.5302	63
95.5313	60
95.5728	57
95.5738	55
95.6158	54
95.6169	52
95.6588	51
95.6599	50
95.6982	49
95.6992	48
95.7365	46
95.7376	45
95.777	45
95.778	44
95.8164	43
95.8174	43
95.8558	42
95.8568	42
95.8962	42
95.8973	42
95.9383	47
95.9393	46
95.9803	51
95.9813	50
96.0223	54
96.0234	52
96.0654	56
96.0664	55
96.1078	58
96.1089	56
96.1493	60
96.1504	57
96.1898	60
96.1908	58
96.2302	61
96.2313	58
96.2712	61
96.2723	59
96.3122	61
96.3133	59
96.3532	62
96.3542	59
96.3957	62
96.3968	59
96.4372	62
96.4383	60
96.4787	63
96.4798	60
96.5218	63
96.5228	60
96.5648	63
96.5659	61
96.6078	64
96.6088	61
96.644	63
96.6451	60
96.6792	61
96.6803	58
96.7156	60
96.7166	57
96.7529	59
96.7539	56
96.7912	58
96.7923	56
96.8291	58
96.8301	56
96.8674	58
96.8685	56
96.9068	58
96.9079	56
96.9473	59
96.9483	57
96.9882	60
96.9893	57
97.0297	60
97.0308	58
97.0718	61
97.0728	59
97.1148	62
97.2345	64
97.2734	65
97.2744	62
97.3144	59
97.3154	57
97.3553	55
97.3564	53
97.3963	52
97.3974	50
97.4373	49
97.4383	48
97.4783	47
97.4793	46
97.5203	46
97.5213	45
97.5633	45
97.5643	44
97.6037	44
97.6048	43
97.6426	43
97.6437	42
97.682	42
97.6831	42
97.7209	41
97.7219	41
97.7608	40
97.7619	40
97.8013	40
97.8023	40
97.8433	41
97.8443	41
97.8848	46
97.8859	45
97.9278	50
97.9289	49
97.9703	54
97.9714	52
98.0124	56
98.0134	54
98.0544	58
98.0554	56
98.0969	59
98.098	57
98.1394	61
98.1405	58
98.1824	62
98.1835	59
98.2239	62
98.225	60
98.2638	62
98.2649	59
98.3064	62
98.3074	60
98.3484	63
98.3494	60
98.3909	63
98.392	60
98.4319	63
98.433	60
98.4739	63
98.475	60
98.5165	63
98.5175	61
98.5595	64
98.5605	61
98.672	58
98.7067	59
98.7431	61
98.7799	62
98.8166	64
98.8529	65
98.8902	66
98.8912	62
98.929	59
98.9301	57
98.9695	55
98.9705	53
99.011	51
99.012	50
99.053	49
99.0541	48
99.0951	47
99.0961	47
99.1376	46
99.1387	45
99.1796	45
99.1807	44
99.2232	44
99.2636	49
99.3418	48
99.3791	51
99.4175	54
99.4564	57
99.4952	59
99.5352	62
99.5777	64
99.6207	67
99.7436	68
99.784	70
99.8234	71
99.8623	72
99.9017	72
99.9406	73
99.9805	74
100.021	74
100.063	75
100.106	77
100.392	77
100.434	78
100.477	79
100.521	80
100.665	79
100.702	78
100.739	78
100.778	77
100.818	77
100.859	78
100.9	78
100.943	79
100.985	80
101.025	80
101.064	80
101.104	80
101.105	75
101.146	71
101.147	67
101.189	64
101.19	61
101.232	59
101.233	57
101.272	55
101.273	53
101.312	51
101.313	50
101.353	49
101.354	48
101.396	47
101.397	46
101.438	46
101.439	45
101.481	45
101.482	45
101.524	44
101.525	44
101.564	43
101.565	43
101.604	43
101.605	42
101.644	42
101.645	42
101.685	41
101.686	41
101.727	41
101.728	41
101.771	42
101.772	42
101.813	42
101.814	42
101.855	42
101.856	42
101.894	41
101.895	41
101.935	41
101.936	41
101.976	41
101.977	41
102.018	41
102.019	41
102.061	41
102.062	41
102.103	41
102.104	41
102.142	41
102.143	41
102.18	40
102.181	40
102.219	40
102.22	40
102.259	40
102.26	39
102.299	39
102.3	40
102.34	40
102.341	40
102.381	40
102.383	40
102.424	40
102.425	41
102.467	41
102.468	41
102.51	41
102.511	41
102.553	41
102.554	42
102.591	41
102.593	41
102.631	41
102.632	40
102.67	40
102.671	40
102.71	40
102.711	40
102.75	40
102.751	40
102.79	40
102.791	40
102.831	40
102.832	40
102.872	40
102.873	40
102.915	41
102.916	41
102.953	40
102.954	40
102.992	40
102.993	39
103.031	39
103.032	39
103.07	39
103.071	39
103.109	39
103.11	39
103.15	39
103.151	39
103.192	40
103.193	40
103.233	40
103.234	40
103.275	40
103.276	40
103.316	40
103.317	40
103.357	40
103.358	41
103.398	41
103.399	41
103.44	41
103.441	41
103.482	41
103.483	41
103.525	41
103.526	41
103.568	41
103.569	41
103.607	41
103.608	41
103.644	40
103.645	40
103.681	39
103.682	39
103.719	39
103.72	39
103.757	43
103.759	43
103.796	47
103.797	46
103.835	49
103.836	48
103.874	52
103.875	50
103.915	54
103.916	52
103.956	56
103.957	54
103.958	52
103.998	51
103.999	50
104	49
104.041	48
104.042	47
104.043	47
104.078	45
104.079	44
104.08	43
104.115	43
104.116	42
104.117	41
104.152	41
104.153	40
104.154	40
104.189	44
104.19	43
104.191	42
104.227	46
104.228	45
104.229	44
104.268	49
104.269	48
104.27	47
104.31	51
104.311	50
104.312	49
104.352	53
104.353	52
104.354	51
104.355	50
104.395	49
104.396	48
104.397	47
104.398	47
104.438	46
104.439	46
104.44	45
104.441	45
104.481	45
104.482	44
104.483	44
104.484	44
104.52	48
104.521	47
104.522	46
104.523	45
104.557	48
104.558	47
104.559	46
104.56	45
104.595	48
104.596	47
104.597	46
104.598	45
104.599	45
104.636	44
104.637	44
104.638	43
104.639	43
104.64	43
104.678	42
104.679	42
104.68	42
104.681	42
104.682	42
104.72	42
104.721	42
104.722	42
104.723	42
104.724	42
104.763	47
104.764	46
104.765	46
104.766	45
104.767	45
104.805	49
104.806	49
104.807	48
104.808	48
104.809	47
104.846	51
104.847	50
104.848	49
104.849	48
104.85	47
104.851	46
104.889	46
104.89	45
104.891	45
104.892	44
104.893	44
104.894	44
104.93	43
104.931	43
104.932	43
104.933	43
104.934	43
104.935	43
104.971	47
104.972	46
104.973	45
104.974	45
104.975	45
104.976	44
105.012	48
105.013	47
105.014	47
105.015	46
105.016	45
105.017	45
105.018	45
105.055	44
105.056	44
105.057	44
105.058	44
105.059	44
105.06	44
105.061	44
105.098	43
105.099	43
105.1	43
105.101	43
105.102	43
105.103	43
105.104	43
105.185	43
105.186	42
105.187	42
105.221	42
105.222	41
105.223	41
105.224	41
105.225	40
105.26	40
105.261	40
105.262	40
105.263	40
105.264	39
105.3	39
105.301	39
105.302	39
105.303	39
105.304	39
105.342	40
105.343	40
105.344	40
105.345	41
105.346	41
105.384	46
105.385	45
105.386	45
105.387	45
105.388	44
105.426	49
105.427	48
105.428	47
105.429	47
105.43	46
105.469	51
105.47	50
105.471	49
105.472	48
105.555	47
105.556	46
105.591	50
105.592	48
105.593	47
105.594	45
105.628	44
105.629	43
105.63	42
105.631	42
105.664	41
105.665	40
105.666	40
105.668	40
105.702	39
105.703	39
105.704	39
105.705	39
105.741	39
105.742	38
105.743	38
105.744	38
105.78	38
105.781	38
105.782	38
105.783	39
105.82	39
105.821	39
105.822	39
105.823	39
105.861	44
105.862	44
105.863	43
105.864	43
105.903	48
105.904	47
105.905	46
105.906	46
105.945	50
105.946	50
105.947	49
105.949	48
105.988	52
105.989	51
105.99	50
106.072	49
106.111	52
106.112	51
106.113	49
106.152	48
106.153	48
106.154	47
106.195	46
106.196	46
106.197	45
106.237	45
106.238	44
106.239	44
106.278	44
106.279	43
106.28	43
106.316	42
106.317	42
106.318	41
106.355	41
106.356	41
106.357	40
106.395	40
106.396	40
106.398	40
106.436	40
106.437	40
106.438	40
106.477	40
106.478	40
106.479	40
106.52	40
106.521	41
106.522	41
106.56	41
106.561	41
106.562	40
106.601	40
106.602	40
106.603	40
106.64	40
106.641	40
106.642	40
106.681	40
106.682	40
106.683	40
106.724	45
106.725	45
106.726	45
106.765	49
106.766	49
106.767	48
106.806	52
106.807	50
106.808	49
106.843	52
106.844	51
106.845	49
106.882	52
106.883	51
106.884	49
106.922	53
106.923	51
106.924	50
106.963	53
106.964	52
106.965	51
107.004	54
107.005	53
107.006	51
107.045	55
107.046	53
107.047	52
107.088	55
107.089	54
107.09	52
107.13	56
107.131	55
107.132	53
107.172	57
107.173	55
107.174	53
107.213	56
107.214	55
107.215	53
107.254	56
107.255	54
107.256	53
107.296	56
107.297	55
107.298	53
107.339	57
107.34	55
107.341	54
107.381	57
107.382	56
107.383	54
107.421	57
107.422	55
107.423	53
107.462	57
107.463	55
107.464	53
107.505	57
107.627	54
107.663	52
107.664	50
107.7	48
107.701	47
107.738	46
107.739	45
107.777	44
107.778	43
107.814	42
107.815	42
107.853	41
107.854	41
107.892	45
107.893	45
107.931	48
107.932	47
107.969	51
107.97	50
108.008	53
108.009	51
108.048	54
108.049	53
108.087	56
108.088	54
108.089	52
108.126	50
108.128	49
108.129	48
108.166	47
108.167	46
108.168	45
108.207	44
108.208	44
108.209	43
108.248	43
108.249	43
108.25	43
108.289	42
108.29	42
108.291	42
108.33	42
108.331	42
108.332	41
108.372	41
108.373	41
108.374	41
108.414	41
108.415	41
108.416	41
108.455	41
108.456	41
108.457	42
108.496	46
108.497	46
108.498	45
108.537	50
108.538	49
108.539	48
108.578	52
108.579	50
108.58	49
108.621	53
108.622	52
108.623	51
108.664	55
108.665	53
108.666	52
108.705	56
108.706	54
108.707	52
108.744	56
108.745	54
108.746	52
108.782	55
108.784	53
108.785	51
108.822	54
108.823	53
108.825	51
108.864	55
108.865	53
108.867	52
108.907	56
108.99	54
108.991	52
109.032	51
109.033	50
109.075	54
109.076	53
109.118	57
109.235	59
109.27	60
109.306	61
109.342	63
109.379	64
109.415	65
109.451	66
109.49	67
109.529	68
109.569	69
109.57	66
109.611	63
109.612	60
109.654	58
109.655	56
109.696	54
109.697	53
109.737	51
109.738	50
109.775	48
109.776	47
109.814	46
109.815	45
109.855	44
109.856	44
109.895	43
109.896	43
109.936	43
109.937	42
109.979	42
109.98	42
110.022	42
110.023	42
110.065	42
110.066	42
110.107	42
110.108	42
110.147	42
110.148	42
110.188	41
110.189	41
110.229	41
110.23	41
110.271	41
110.272	41
110.314	42
110.315	42
110.357	42
110.358	42
110.396	41
110.397	41
110.433	40
110.434	40
110.472	40
110.473	40
110.512	40
110.513	40
110.553	40
110.554	40
110.594	40
110.595	40
110.635	40
110.636	40
110.678	40
110.679	40
110.721	41
110.722	41
110.76	41
110.761	40
110.799	40
110.8	40
110.836	40
110.837	39
110.874	39
110.875	39
110.913	39
110.914	39
110.951	39
110.952	38
110.99	38
110.991	38
111.03	39
111.031	39
111.072	39
111.073	39
111.114	40
111.115	40
111.157	40
111.158	41
111.2	41
111.201	41
111.239	40
111.24	40
111.279	40
111.28	40
111.319	40
111.321	40
111.36	40
111.362	40
111.402	40
111.404	41
111.445	41
111.446	41
111.487	41
111.488	41
111.53	41
111.531	41
111.572	41
111.573	41
111.615	41
111.616	42
111.657	42
111.658	42
111.697	41
111.698	41
111.738	41
111.739	41
111.778	41
111.779	41
111.819	41
111.82	41
111.86	41
111.862	41
111.903	41
111.904	41
111.946	41
111.947	41
111.989	42
111.99	42
112.03	41
112.031	41
112.069	41
112.071	41
112.108	41
112.109	40
112.149	40
112.15	40
112.19	40
112.191	40
112.231	40
112.232	40
112.272	40
112.273	40
112.313	40
112.314	41
112.355	46
112.356	46
112.398	50
112.399	49
112.44	53
112.441	52
112.482	56
112.483	54
112.524	58
112.525	56
112.567	60
112.767	62
112.806	64
112.807	61
112.847	58
112.848	56
112.887	54
112.888	52
112.928	50
112.929	49
112.97	48
112.971	48
113.013	47
113.014	46
113.056	46
113.057	46
113.095	45
113.096	44
113.135	43
113.136	43
113.176	42
113.177	42
113.215	42
113.217	42
113.255	41
113.256	41
113.297	41
113.298	41
113.337	41
113.338	41
113.379	46
113.38	45
113.42	50
113.421	49
113.461	53
113.462	51
113.502	55
113.503	53
113.545	57
113.546	56
113.586	59
113.587	56
113.625	59
113.626	57
113.662	59
113.663	56
113.699	58
113.7	56
113.736	58
113.737	55
113.774	58
113.775	55
113.813	58
113.814	56
113.854	58
113.855	56
113.895	59
113.896	57
113.939	60
114.057	62
114.094	64
114.131	65
114.168	66
114.206	67
114.244	68
114.283	69
114.284	65
114.324	62
114.325	60
114.367	57
114.368	55
114.409	54
114.41	52
114.451	51
114.452	50
114.494	49
114.495	48
114.535	47
114.536	46
114.576	46
114.577	45
114.617	44
114.618	44
114.659	44
114.66	43
114.7	48
114.701	47
114.742	52
114.743	51
114.785	55
114.786	53
114.827	57
114.829	55
114.87	59
114.871	57
114.912	60
114.913	58
114.954	61
114.955	59
114.996	62
114.997	59
115.039	62
115.04	60
115.082	63
115.083	60
115.125	63
115.126	61
115.167	64
115.168	61
115.201	63
115.202	59
115.238	61
115.239	58
115.277	60
115.278	57
115.317	60
115.318	57
115.358	60
115.36	58
115.401	61
115.402	59
115.443	62
115.444	60
115.486	63
115.601	64
115.637	64
115.638	61
115.676	58
115.677	56
115.717	54
115.718	52
115.757	50
115.758	49
115.797	48
115.798	47
115.836	46
115.838	45
115.877	44
115.879	44
115.919	44
115.92	43
115.961	43
115.962	43
116.002	43
116.004	42
116.046	42
116.047	42
116.088	42
116.089	42
116.129	42
116.13	42
116.167	41
116.168	41
116.205	40
116.206	40
116.241	44
116.242	43
116.278	47
116.279	46
116.315	49
116.316	47
116.354	51
116.355	49
116.393	53
116.394	51
116.433	55
116.434	53
116.473	56
116.474	54
116.513	57
116.514	55
116.553	58
116.554	56
116.596	59
116.597	57
116.639	61
116.64	58
116.68	61
116.681	59
116.715	61
116.716	58
116.751	59
116.752	56
116.787	58
116.788	56
116.825	58
116.826	55
116.863	58
116.864	55
116.901	57
116.902	55
116.94	58
116.941	56
116.982	59
116.983	56
117.024	60
117.025	58
117.067	61
117.068	59
117.108	62
117.109	59
117.148	62
117.149	59
117.19	62
117.191	59
117.23	62
117.231	59
117.27	62
117.271	59
117.311	61
117.312	59
117.353	62
117.354	59
117.395	62
117.397	60
117.439	63
117.44	61
117.481	64
117.482	61
117.523	64
117.524	61
117.564	64
117.565	61
117.607	64
117.726	65
117.764	66
117.802	68
117.843	69
117.884	70
117.926	72
117.968	73
117.969	69
118.011	66
118.012	63
118.053	61
118.054	58
118.094	56
118.095	54
118.13	52
118.131	50
118.167	48
118.168	46
118.204	45
118.205	44
118.243	44
118.244	43
118.282	42
118.283	42
118.322	41
118.323	41
118.362	46
118.363	45
118.402	49
118.403	48
118.443	52
118.444	51
118.483	54
118.484	53
118.523	56
118.524	54
118.562	57
118.564	55
118.603	58
118.604	56
118.645	59
118.647	57
118.685	60
118.686	57
118.722	59
118.723	57
118.758	59
118.759	56
118.794	58
118.795	55
118.829	57
118.83	54
118.865	56
118.866	54
118.901	56
118.902	53
118.937	55
118.938	53
118.973	55
118.974	53
119.008	55
119.009	53
119.043	55
119.044	52
119.079	54
119.08	52
119.114	54
119.115	52
119.149	54
119.15	52
119.184	54
119.185	52
119.22	54
119.221	52
119.255	54
119.256	52
119.29	54
119.291	52
119.326	54
119.327	51
119.361	54
119.362	51
119.396	54
119.397	51
119.432	54
119.433	51
119.467	54
119.468	51
119.502	54
119.503	51
119.537	54
119.538	51
119.573	54
119.574	51
119.608	54
119.609	51
119.643	54
119.644	51
119.679	54
119.68	51
119.714	53
119.715	51
119.749	53
119.75	51
119.785	54
119.786	51
119.82	54
119.821	51
119.855	54
119.856	51
119.89	54
119.891	51
119.926	54
119.927	51
119.961	54
119.962	51
119.996	54
119.997	51
120.032	54
120.033	51
120.067	53
120.068	51
120.102	53
120.103	51
120.138	54
120.139	51
120.173	54
120.174	51
120.208	54
120.209	51
120.243	54
120.244	51
120.279	54
120.28	51
120.314	54
120.315	51
120.349	54
120.35	51
120.385	54
120.386	51
120.42	53
120.421	51
120.455	53
120.456	51
120.457	50
120.491	48
120.492	46
120.493	45
120.526	44
120.527	42
120.528	41
120.562	41
120.563	40
120.564	39
120.597	39
120.598	38
120.599	38
120.632	37
120.633	37
120.634	37
120.668	37
120.669	37
120.67	36
120.703	36
120.704	36
120.705	36
120.739	36
120.74	35
120.741	35
120.774	35
120.775	35
120.776	35
120.809	35
120.81	35
120.811	35
120.845	35
120.846	35
120.847	35
120.88	35
120.881	35
120.882	35
120.915	35
120.916	35
120.917	35
120.95	35
120.951	35
120.953	35
120.986	35
120.987	35
120.988	35
121.021	35
121.022	35
121.023	35
121.056	35
121.057	35
121.058	35
121.092	35
121.093	35
121.094	35
121.127	35
121.128	35
121.129	35
121.162	35
121.163	35
121.164	35
121.198	35
121.199	35
121.2	35
121.233	35
121.234	35
121.235	35
121.268	35
121.269	35
121.27	35
121.303	35
121.304	35
121.306	35
121.339	35
121.34	35
121.374	35
