11.0343	0.132
13.0343	0.006
13.3183	0.126784
14.3183	0.012
14.3996	0.590135
14.482	0.582328
14.5598	0.61737
14.6396	0.601124
14.7216	0.58571
14.8035	0.58571
14.8891	0.701472
14.97	0.741908
15.0524	0.58198
15.138	0.56088
15.222	0.571403
15.3055	0.574659
15.3911	0.982106
15.4652	1.29469
15.5414	1.26029
15.6176	1.26029
15.6958	1.22645
15.7783	1.16396
15.8618	1.14932
15.9458	1.14281
16.0257	1.20225
16.1061	1.19439
16.188	1.17142
16.2731	1.12869
16.356	1.15728
16.4354	1.21021
16.5147	1.21021
16.5966	1.17142
16.6807	1.14213
16.7653	1.13504
16.8508	1.12273
16.9243	1.30573
16.9954	1.3497
17.0665	1.34977
17.1401	1.3053
17.2152	1.27791
17.2924	1.24314
17.3686	1.26029
17.4448	1.26029
17.5236	1.21828
17.6061	1.16396
17.688	1.17142
17.7725	1.1357
17.855	1.16431
17.9359	1.18663
18.0157	1.20225
18.0961	1.34369
18.1765	1.19439
18.2584	1.17142
18.342	1.14932
18.426	1.2849
18.5121	1.67333
18.5904	1.83968
18.6665	2.04797
18.7438	1.86471
18.8226	1.82742
18.9071	2.12882
18.991	2.28897
19.0631	2.8305
19.1408	2.46948
19.2222	2.80007
19.3058	3.01696
19.3903	2.8376
19.4759	2.5253
19.5536	2.31526
19.6314	2.46948
19.7102	2.58884
19.7879	2.46948
19.872	2.42704
19.9549	1.15826
20.0265	1.67494
20.1006	1.94406
20.1773	1.87748
20.254	1.87748
20.3333	1.81531
20.4152	1.75713
20.4998	1.84498
20.5828	1.73489
20.6679	1.69205
20.7555	1.50702
20.8316	0.788016
20.9099	1.22645
20.9924	1.16396
21.0775	1.12836
21.162	1.13537
21.247	1.27051
21.3274	1.19439
21.4046	1.24314
21.4876	1.15659
21.5717	1.14213
21.6573	1.12144
21.7412	1.14348
21.8227	1.17898
21.9057	1.15659
21.9881	1.165
22.0679	1.20225
22.1483	1.19439
22.2297	1.17898
22.3117	1.17142
22.3957	1.14213
22.4806	1.13066
22.5532	1.32236
22.6269	1.3035
22.7031	1.26029
22.7819	1.21828
22.8633	1.17898
22.9479	1.13504
23.0334	1.12241
23.108	1.28691
23.1821	1.29604
23.2588	1.25165
23.3381	1.21021
23.4241	1.11556
23.5066	1.16431
23.5849	1.22645
23.6684	1.14932
23.754	1.12208
23.8343	1.19439
23.9179	1.29298
24.0023	0.995192
24.0769	0.80432
24.1536	1.25165
24.2297	1.26029
24.308	1.22645
24.39	1.17142
24.4755	1.26271
24.5516	1.26069
24.6247	1.31469
24.7003	1.26904
24.7781	1.23474
24.859	1.63162
24.943	1.7132
25.0271	1.7132
25.11	1.73695
25.1877	1.85211
25.2618	1.94406
25.3353	1.95795
25.4126	1.86471
25.4919	1.81531
25.5717	1.80337
25.6537	1.75713
25.7367	1.73489
25.8213	1.70256
25.9053	1.7132
25.9908	1.68361
26.0739	1.73489
26.1532	1.81531
26.2336	1.79158
26.3166	1.73489
26.4021	1.68264
26.484	1.75872
26.5644	1.79158
26.6463	1.75713
26.7309	1.70256
26.815	1.7132
26.9005	1.68361
26.9792	1.82913
27.0523	1.96929
27.1296	1.86471
27.211	1.76847
27.2935	1.74594
27.379	1.68313
27.462	1.7354
27.544	1.90356
27.6275	1.72398
27.7105	1.73489
27.7961	1.68264
27.8775	1.91584
27.9616	2.28427
28.0472	2.24287
28.1326	2.38718
28.2056	2.63026
28.2828	2.48628
28.3616	2.89341
28.442	2.98597
28.526	2.99986
28.609	2.8932
28.6857	3.59851
28.7671	3.68431
28.8532	3.34475
28.933	2.25689
29.0086	2.53821
29.0895	2.5216
29.1735	2.85534
29.2591	2.94632
29.3342	3.19583
29.4082	3.2401
29.4849	3.59851
29.5643	3.63063
29.6467	3.49188
29.7323	3.50651
29.8126	2.83842
29.8872	2.73469
29.9608	2.61059
30.0359	2.55583
30.1152	2.42042
30.1961	2.37327
30.2781	2.78212
30.363	2.82582
30.4423	3.02552
30.5222	3.00562
30.6047	3.05539
30.6866	2.92855
30.7712	2.83843
30.8556	2.84092
30.9334	3.08685
31.0111	3.08685
31.0899	3.04569
31.1698	3.00562
31.2517	2.92855
31.3353	2.8733
31.4209	2.8044
31.5033	2.91251
31.581	3.08685
31.6603	3.02552
31.7407	2.98597
31.8227	2.92855
31.9067	2.85534
31.9913	2.8376
32.0759	2.8376
32.163	2.61663
32.2386	2.22093
32.3164	2.46948
32.3978	2.35796
32.4808	2.31318
32.5638	2.45776
32.6458	2.34284
32.7303	2.27074
32.8122	1.61298
32.8833	1.18112
32.9548	1.34178
33.0321	1.24314
33.1124	1.19439
33.196	1.58031
33.2794	1.725
33.3624	1.73489
33.4465	1.7132
33.531	1.8466
33.603	1.998
33.6741	2.02756
33.7492	1.91687
33.8259	1.87748
33.9094	1.72398
33.9929	1.29375
34.0691	1.26029
34.1447	1.26904
34.2256	1.33496
34.3117	1.11524
34.3926	0.890518
34.4692	0.625827
34.5465	0.62157
34.6268	1.04509
34.7088	1.17142
34.7923	1.14932
34.8779	1.12241
34.9577	1.20225
35.0334	1.26904
35.1116	1.22645
35.1915	1.20225
35.275	1.14932
35.3606	1.12176
35.4436	1.15694
35.5218	1.22645
35.6033	1.17898
35.6873	1.14213
35.7733	1.1162
35.8495	1.2597
35.9206	1.35178
35.9953	1.28516
36.073	1.23474
36.1513	1.22645
36.2327	1.17898
36.3178	1.12869
36.3971	1.21021
36.4764	1.21021
36.5599	1.14932
36.645	1.12869
36.7248	1.20336
36.8015	1.25165
36.8792	1.23474
36.9617	1.16396
37.0451	1.15102
37.1193	1.29426
37.1899	1.35982
37.2605	1.35982
37.3351	1.28691
37.417	1.17142
37.5021	1.26941
37.5835	1.17969
37.6623	1.21828
37.7442	1.17142
37.8241	1.35253
37.9081	1.7132
37.9942	1.67333
38.0746	1.94088
38.1565	1.75713
38.239	1.74594
38.322	2.16861
38.4071	2.25672
38.492	2.40055
38.5708	2.58884
38.6523	2.94744
38.7383	2.92833
38.8166	3.06807
38.8938	3.57403
38.9752	3.68431
39.0582	3.61435
39.1437	3.2277
39.2199	3.15088
39.2976	3.24119
39.3759	3.06613
39.4547	3.04569
39.5377	3.3252
39.6218	3.4264
39.7068	3.5292
39.7887	3.51426
39.8675	3.65483
39.9463	4.11169
40.0283	4.09997
40.1118	4.02261
40.1964	3.97264
40.2819	4.06755
40.3612	4.23969
40.4389	4.32159
40.5167	4.32159
40.595	4.29259
40.6753	4.18036
40.7573	4.09997
40.8398	4.07386
40.9222	4.07386
41.0073	3.24577
41.0845	3.26341
41.1607	3.15072
41.2363	3.1726
41.3135	3.10785
41.396	3.34638
41.4816	2.66559
41.5635	2.19652
41.6444	2.37327
41.7279	2.29864
41.8129	2.39986
41.8913	2.45115
41.9649	1.30357
42.04	1.27791
42.1183	1.22645
42.1997	1.32635
42.2853	1.68264
42.3636	1.83961
42.4342	2.03972
42.5057	2.01336
42.5778	2.1645
42.6529	1.91687
42.7301	1.86471
42.8079	1.85211
42.8872	1.81531
42.9649	1.85211
43.0443	1.81531
43.122	1.85211
43.2008	1.82742
43.2844	1.72398
43.3684	1.7132
43.453	1.70256
43.537	1.7132
43.6211	1.7132
43.7067	1.68216
43.7901	1.15159
43.8621	0.832591
43.9378	1.42767
44.016	1.22645
44.0959	1.20225
44.1778	1.17142
44.2629	1.12803
44.3475	0.852026
44.4263	0.609139
44.5103	0.571235
44.5933	0.578296
44.6789	0.560719
44.7639	0.705979
44.8359	0.333018
44.9116	0.634552
44.9893	0.61737
45.0708	0.589489
45.1558	0.564344
45.2367	0.742289
45.3133	0.938789
45.3906	0.62157
45.473	0.58198
45.5587	0.560719
45.64	0.737979
45.7161	1.26029
45.7965	1.19439
45.8795	1.15659
45.9635	1.14247
46.0481	1.13504
46.1322	1.14213
46.2177	1.12208
46.2986	1.18663
46.379	1.19439
46.462	1.15659
46.5466	1.13504
46.6326	1.11588
46.714	1.17934
46.7975	1.14932
46.8816	1.14213
46.9667	1.12836
47.0497	1.15659
47.1357	1.11588
47.2114	1.26904
47.287	1.26904
47.3658	1.21828
47.4457	1.20225
47.5302	1.13537
47.6116	1.18005
47.6883	1.25165
47.766	1.23474
47.8459	1.20225
47.931	1.12803
48.0144	1.15068
48.0942	1.20225
48.1751	1.18663
48.2581	1.15659
48.3432	1.12869
48.4262	1.30117
48.5113	1.12836
48.5957	0.994565
48.6688	0.986069
48.746	1.24314
48.8243	1.22645
48.9067	1.16396
48.9928	1.11524
49.0668	0.810521
49.143	0.630176
49.2223	0.605105
49.3027	0.597195
49.3836	0.593317
49.4677	0.571067
49.5511	0.575311
49.633	0.585738
49.7129	0.601124
49.7927	0.601124
49.8757	0.578296
49.9603	0.56752
50.0449	0.56752
50.1309	0.558072
50.2086	0.308865
50.2874	0.304585
50.3704	0.578324
50.455	0.56752
50.5384	0.575679
50.6193	0.593317
50.7002	0.593317
50.7837	0.574659
50.8688	0.564344
50.9475	0.609711
51.0221	0.643456
51.0998	0.61737
51.1792	0.605105
51.2595	0.597195
51.3404	0.593317
51.4234	0.578296
51.5075	0.571067
51.593	0.561042
51.6708	0.61737
51.7512	0.597195
51.8315	0.597195
51.9124	0.593317
51.997	0.56752
52.082	0.564508
52.1629	0.593317
52.2417	0.609139
52.3248	0.72287
52.4108	1.11524
52.4917	1.18772
52.5637	1.332
52.6394	1.26904
52.7161	1.25165
52.7959	1.20225
52.8779	1.17142
52.9609	1.15659
53.0464	1.12208
53.1252	1.21866
53.2035	1.22645
53.2818	1.22645
53.3627	1.18663
53.4467	1.28528
53.5302	1.14932
53.6153	1.12836
53.6966	1.47589
53.7712	0.64349
53.8458	0.643456
53.9225	0.625827
54.0013	1.06599
54.0843	1.15659
54.1694	1.12869
54.2512	1.31977
54.33	0.609169
54.4077	0.61737
54.486	0.613227
54.5659	0.601124
54.6457	0.601124
54.7308	0.987603
54.8127	1.17213
54.8867	1.29604
54.965	1.22645
55.0449	1.20225
55.1284	1.14966
55.2139	1.12208
55.2985	1.13504
55.384	1.12241
55.4638	1.20336
55.5405	1.25165
55.6198	1.21021
55.7002	1.19439
55.7822	1.17142
55.8652	1.15659
55.9497	1.13504
56.0363	1.10879
56.114	1.23552
56.1866	1.32229
56.2586	1.33388
56.3327	1.29604
56.4083	1.26904
56.4866	1.22645
56.567	1.19439
56.652	1.12869
56.7375	1.12241
56.8195	1.17142
56.904	1.27729
56.9885	1.13736
57.0609	1.32421
57.1355	1.28691
57.2122	1.25165
57.2905	1.22645
57.3725	1.17142
57.4555	1.15659
57.5415	1.11556
57.624	1.16466
57.707	1.15659
57.792	1.55195
57.877	1.695
57.9476	2.03972
58.0206	2.13637
58.0962	1.90356
58.1777	1.91584
58.2642	2.21757
58.3445	1.49429
58.4191	1.44785
58.4964	1.24314
58.5773	1.33496
58.6613	1.7132
58.7459	1.70256
58.83	1.85597
58.915	1.69352
58.9943	1.81644
59.0678	1.95795
59.1435	1.90356
59.2238	2.23948
59.3068	2.31318
59.3914	2.27141
59.4712	2.40449
59.5516	2.38878
59.6335	2.34284
59.7175	2.28628
59.7921	2.57383
59.8683	2.52057
59.9439	2.53808
60.0217	2.46948
60.1021	2.38878
60.1856	2.29864
60.2712	2.24352
60.3531	2.34425
60.435	2.34284
60.5175	2.32792
60.6021	2.27008
60.6866	2.27273
60.768	2.35796
60.8499	2.34284
60.9324	2.32792
61.0154	2.31318
61.101	2.24352
61.1823	2.36082
61.2595	2.48628
61.3383	2.43655
61.4198	2.35796
61.5022	2.32792
61.5878	2.24352
61.6681	2.39098
61.748	2.40449
61.8289	2.37327
61.9114	2.47341
61.9944	2.31318
62.0794	2.25738
62.1598	2.38951
62.2401	2.53808
62.3247	2.83843
62.4071	2.91164
62.4875	3.13527
62.5705	2.89148
62.6565	2.78969
62.7373	2.67374
62.8089	2.8516
62.8856	2.50331
62.9638	2.45291
63.0463	2.32792
63.1313	2.39916
63.2138	1.60092
63.2993	1.40294
63.3786	1.05899
63.4553	0.625827
63.5352	0.601124
63.6166	0.736861
63.7006	1.14348
63.7799	1.21021
63.8603	1.19439
63.9428	1.16396
64.0278	1.27014
64.1102	1.165
64.1832	1.31469
64.2589	1.26904
64.335	1.26029
64.4149	1.20225
64.4974	1.16396
64.5814	1.14213
64.6674	1.11582
64.7483	0.890562
64.8255	1.08775
64.9075	1.17142
64.9894	1.17142
65.0724	1.15659
65.158	1.12208
65.2394	1.17934
65.3203	1.33496
65.4048	1.13537
65.4894	1.13504
65.574	1.13504
65.66	1.11582
65.7398	0.752371
65.8149	0.638957
65.8911	0.630143
65.9693	0.613227
66.0518	1.01846
66.1364	1.13504
66.2229	1.10974
66.3012	1.22645
66.3805	1.36149
66.4625	1.17142
66.5475	1.12902
66.6247	1.24393
66.6993	1.28691
66.777	1.23474
66.8558	1.21828
66.9367	1.18663
67.0202	1.14932
67.1063	1.11524
67.1881	0.879889
67.2606	0.662107
67.3327	0.666
67.4068	0.64802
67.4887	1.02499
67.5716	1.15831
67.653	1.17898
67.7345	1.17898
67.8185	1.28528
67.9035	1.12902
67.9839	1.19439
68.0659	1.17142
68.1483	1.16396
68.2324	1.14213
68.3179	1.12208
68.3993	1.17969
68.4797	1.19439
68.5616	1.17142
68.6467	1.12831
68.7308	0.571094
68.8164	0.981212
68.8998	0.719207
68.9744	0.643456
69.0543	0.601124
69.1367	0.58198
69.2192	0.58198
69.3048	0.561042
69.3815	0.625827
69.4629	0.589489
69.548	0.564318
69.6273	0.605135
69.7092	0.58571
69.7948	0.561042
69.8783	0.574802
69.9618	0.574686
70.0473	0.561204
70.1287	0.589846
70.207	0.613227
70.2874	0.597195
70.3724	0.564181
70.4554	0.578957
70.5368	0.589518
70.6203	0.574659
70.7011	0.594041
70.7741	0.657344
70.8482	0.64802
70.927	0.609139
71.0079	0.593317
71.0904	0.58198
71.1734	0.578296
71.258	0.56752
71.3425	0.56752
71.4276	0.564344
71.5116	0.571067
71.594	0.582851
71.6696	0.634519
71.7453	0.634519
71.822	0.625827
71.9008	0.609139
71.9822	0.589489
72.0652	0.578296
72.1513	0.557778
72.23	0.609681
72.3067	0.62586
72.3855	0.609139
72.4675	0.58571
72.551	0.574659
72.6365	0.561204
72.7148	0.613227
72.7941	0.605105
72.875	0.593317
72.9559	0.593317
73.0405	0.567686
73.1245	0.571067
73.2106	0.557938
73.2821	0.671121
73.3527	0.679908
73.4253	0.66118
73.4999	0.643456
73.5776	0.61737
73.6601	0.58198
73.7436	0.574659
73.8282	0.56752
73.9148	0.554526
73.9919	0.621999
74.0631	0.674886
74.1357	1.15707
74.2129	1.24314
74.2948	1.17142
74.3794	1.13504
74.4645	1.12869
74.5475	1.15659
74.6315	1.14213
74.716	1.13637
74.7948	1.21828
74.8762	1.17898
74.9597	1.14932
75.0449	1.12803
75.13	1.12803
75.2118	1.17319
75.2843	1.32421
75.3599	1.26904
75.4387	1.21828
75.5191	1.19439
75.6021	1.15659
75.6846	1.16396
75.7692	1.13504
75.8542	1.12869
75.9377	1.15034
76.0128	1.27791
76.0905	1.23474
76.1725	1.17142
76.2575	1.12902
76.3384	1.187
76.4151	1.25165
76.4944	1.21021
76.5769	1.16396
76.6614	1.1357
76.7444	1.15762
76.8226	1.22645
76.9009	1.22645
76.9829	1.17142
77.0648	1.17142
77.1488	1.28603
77.2302	1.17898
77.3132	1.15659
77.3988	1.54287
77.4786	1.80393
77.5537	2.07661
77.6299	1.89043
77.7055	2.06219
77.7885	2.31318
77.8756	1.93069
77.9466	1.18287
78.0176	1.3517
78.0896	1.33388
78.1657	1.73289
78.2493	1.72398
78.3327	1.8704
78.4083	1.90356
78.4803	2.00082
78.5549	1.93037
78.6347	2.25421
78.7172	2.32792
78.8017	2.27273
78.8857	2.28427
78.9703	2.41337
79.0532	2.31456
79.1331	2.40449
79.2171	2.28494
79.3	1.73644
79.3767	1.72103
79.4545	1.85211
79.5343	1.80337
79.6158	1.76847
79.6993	1.86764
79.7822	1.73592
79.8621	1.80337
79.9435	1.91584
80.0291	2.24352
80.1125	2.30204
80.1924	2.40449
80.2748	2.47341
80.3584	2.29864
80.4434	2.25672
80.5295	2.23111
80.6098	2.38951
80.6923	2.32792
80.7759	2.29864
80.8599	2.28427
80.944	2.28427
81.029	2.25738
81.1131	2.28427
81.1982	2.25607
81.28	2.34496
81.3511	2.70341
81.4246	2.61059
81.5013	2.50331
81.5827	2.35796
81.6647	2.34284
81.7497	2.25738
81.8259	1.57638
81.8979	1.8315
81.9691	2.02466
82.0406	2.01267
82.1173	1.87748
82.1972	1.95365
82.2802	1.73489
82.3636	1.72551
82.4403	2.03394
82.5228	2.32792
82.6074	2.27008
82.6908	2.30135
82.7654	2.73469
82.8369	2.68356
82.9094	2.64843
82.9861	2.50331
83.067	2.37327
83.1511	2.28427
83.2351	2.28628
83.3133	2.45291
83.3916	2.45291
83.4709	2.42042
83.5534	2.32792
83.6374	2.28763
83.7125	2.55583
83.7881	2.53808
83.8643	2.52057
83.941	2.50331
84.0203	2.42042
84.1017	2.35796
84.1857	2.28618
84.2599	1.29433
84.3324	1.32421
84.4065	1.45804
84.4874	1.77995
84.5734	1.67333
84.6501	2.03394
84.7305	1.79158
84.8103	1.80337
84.8939	2.15497
84.9778	2.00099
85.0514	1.63171
85.1265	1.91687
85.2021	1.90356
85.2799	1.85211
85.3582	1.83968
85.4412	1.73489
85.5273	1.67285
85.6055	1.84026
85.6838	1.83968
85.7642	1.79158
85.8472	1.73489
85.9327	1.68313
86.011	1.53245
86.0821	1.18099
86.1531	0.676162
86.2257	0.66118
86.3024	1.0952
86.3818	1.21021
86.4653	1.14932
86.5513	1.25566
86.6343	0.578468
86.7162	0.585738
86.8012	0.564508
86.88	0.609139
86.9594	0.605105
87.0413	0.732138
87.1269	1.12176
87.2093	1.1657
87.2799	1.35966
87.3514	1.34185
87.422	1.35982
87.4926	1.35974
87.5642	1.34178
87.6387	1.28691
87.7165	1.23474
87.7985	1.17142
87.8815	1.15659
87.966	1.13504
88.0501	1.14213
88.1351	1.12902
88.2144	1.21021
88.2953	1.18663
88.3799	1.13504
88.465	1.12836
88.5453	1.19549
88.6225	1.24314
88.7003	1.23474
88.7785	1.22645
88.861	1.30945
88.9451	1.14213
89.0301	1.12902
89.1105	1.19476
89.1898	1.21021
89.2707	1.18663
89.3511	1.19439
89.4366	1.12176
89.5159	0.908787
89.5874	0.670853
89.6585	0.674886
89.7331	0.643456
89.8098	1.0952
89.8886	1.21828
89.9685	1.20225
90.0494	1.18663
90.1308	1.32635
90.2149	1.14213
90.3004	1.12176
90.3829	1.01933
90.4627	0.751442
90.5431	0.597195
90.625	0.58571
90.7106	0.981778
90.7883	0.772487
90.8609	0.66118
90.936	0.638957
91.0127	0.625827
91.0899	0.62157
91.1698	0.601124
91.2522	0.58198
91.3347	0.58198
91.4203	0.561042
91.4969	0.625996
91.5681	0.674924
91.6395	0.671844
91.7125	0.657344
91.7882	0.634519
91.8664	0.613227
91.9479	0.589489
92.0309	0.578296
92.1169	0.557752
92.1968	0.30064
92.2729	0.315088
92.3496	0.62586
92.429	0.605105
92.5104	0.589489
92.5929	0.58198
92.6779	0.564482
92.7604	0.582007
92.8439	0.574659
92.9285	0.56752
93.0119	0.574999
93.095	0.578296
93.1805	0.561016
93.2645	0.57143
93.347	0.58198
93.431	0.571067
93.5129	0.586565
93.5901	0.621602
93.6663	0.630143
93.7461	0.601124
93.8281	0.58571
93.9111	0.578296
93.9966	0.561528
94.0748	0.613227
94.152	0.62157
94.2361	0.571067
94.3211	0.705635
94.401	0.7516
94.4792	0.613258
94.5596	0.597195
94.641	0.589489
94.7249	0.572243
94.7986	0.814685
94.8732	1.28691
94.9499	1.25165
95.0287	1.21828
95.1132	1.13537
95.1988	1.12208
95.2765	1.23513
95.3506	1.29604
95.4278	1.24314
95.5055	1.23474
95.5896	1.14213
95.6756	1.1162
95.7533	1.23474
95.8327	1.21021
95.9141	1.17898
95.9976	1.14932
96.0827	1.12869
96.1651	1.16466
96.2465	1.17898
96.3285	1.17142
96.412	1.14932
96.4955	1.14932
96.5811	1.12241
96.6593	1.22761
96.7308	1.34178
96.8065	1.26904
96.8837	1.24314
96.9635	1.20225
97.0465	1.15659
97.1321	1.12208
97.2119	1.20262
97.2902	1.22645
97.3722	1.17142
97.4541	1.17142
97.5382	1.2849
97.6211	1.15762
97.6994	1.22645
97.7787	1.21021
97.8622	1.14932
97.9472	1.5524
98.0323	1.69254
98.1174	1.83306
98.2024	1.69492
98.2843	1.02504
98.3689	1.1357
98.4529	1.2849
98.5385	1.12144
98.6172	0.914853
98.6878	0.849885
98.7594	1.34178
98.8329	1.3053
98.907	1.29604
98.9879	1.18663
99.0719	1.14213
99.1565	1.13504
99.2426	1.11556
99.3208	1.22684
99.397	1.26029
99.4747	1.23474
99.5556	1.18663
99.6412	1.12208
99.7226	1.18005
99.8014	1.21828
99.8796	1.22645
99.959	1.21021
100.039	1.19439
100.124	1.12869
100.209	1.13703
100.288	1.21828
100.367	1.20225
100.452	1.13504
100.534	1.17354
100.605	1.34171
100.679	1.3053
100.754	1.27791
100.833	1.21021
100.916	1.15659
101.001	1.12869
101.081	1.21021
101.165	1.13537
101.249	1.14381
101.329	1.20225
101.413	1.14213
101.499	1.12241
101.579	1.19439
101.659	1.20225
101.741	1.30945
101.827	1.11588
101.908	1.19476
101.991	1.15659
102.076	1.26234
102.157	0.896573
102.233	0.938789
102.314	1.18663
102.398	1.14932
102.483	1.12869
102.565	1.165
102.643	1.37976
102.722	1.22645
102.802	1.20225
102.886	1.14213
102.966	1.34493
103.045	1.82742
103.123	1.83968
103.206	1.73489
103.289	1.74594
103.371	1.74594
103.453	1.74594
103.539	1.6841
103.618	1.81588
103.692	1.94406
103.77	1.86471
103.847	1.86471
103.928	1.77995
104.012	1.70256
104.092	1.81644
104.166	1.93037
104.243	1.87748
104.326	1.72398
104.412	1.68216
104.497	1.6841
104.573	1.90356
104.653	1.80337
104.738	1.70256
104.823	1.69352
104.907	1.7132
104.989	1.74594
105.074	1.70306
105.159	1.6841
105.236	1.86531
105.317	1.79158
105.401	1.70256
105.486	1.69352
105.567	1.78212
105.641	1.94406
105.715	2.10606
105.794	1.82742
105.876	1.76847
105.961	1.69303
106.044	1.8817
106.123	2.40449
106.208	2.25672
106.289	2.52314
106.367	2.46948
106.449	2.34284
106.534	2.69651
106.615	2.94834
106.696	3.09482
106.781	2.84092
106.859	3.54988
106.937	3.80712
107.019	3.53693
107.103	3.83188
107.187	4.16874
107.269	4.2464
107.355	4.60035
107.437	4.83502
107.521	5.25263
107.603	4.24875
107.678	3.86094
107.753	3.99348
107.829	3.78086
107.907	4.16725
107.985	4.32159
108.062	4.47593
108.142	4.23573
108.223	4.59821
108.305	4.65584
108.388	4.77094
108.471	4.62637
108.553	4.68568
108.637	4.74094
108.721	3.2875
108.796	3.80712
108.878	3.51426
108.963	3.4101
109.046	3.44795
109.132	3.50752
109.211	3.15687
109.282	2.71963
109.354	2.67975
109.427	2.62938
109.503	2.99318
109.583	2.98597
109.669	2.80602
109.749	2.98597
109.828	3.19798
109.908	3.00562
109.993	2.8209
110.078	2.82405
110.16	1.74602
110.243	1.74594
110.328	1.82286
110.409	1.19586
110.486	1.24144
110.567	1.17898
110.65	1.16396
110.735	1.27051
110.813	1.23474
110.888	1.26904
110.966	1.24314
111.044	1.37056
111.129	1.70256
111.214	1.69451
111.293	1.82742
111.374	1.76847
111.459	1.70256
111.543	1.70256
111.629	1.68264
111.71	1.76954
111.793	1.74594
111.875	1.74594
111.961	1.68264
112.043	1.75872
112.122	1.81531
112.203	1.76847
112.285	1.90356
112.369	1.72398
112.453	1.70256
112.539	1.69254
112.624	1.27088
112.701	1.24314
112.778	1.23474
112.858	1.36149
112.94	1.16396
113.026	1.11487
113.108	0.293031
113.189	0.597224
113.27	0.593317
113.351	0.589489
113.433	0.58198
113.516	0.727474
113.6	1.13603
113.675	1.28691
113.749	1.29604
113.827	1.23474
113.91	1.15659
113.995	1.12241
114.071	1.27791
114.145	1.29604
114.22	1.27791
114.297	1.23474
114.382	1.14213
114.467	1.12836
114.549	1.16396
114.631	1.17142
114.715	1.14213
114.8	1.13537
114.884	1.14213
114.968	1.13504
115.053	1.13504
115.139	1.1162
115.215	1.25976
115.291	1.26904
115.373	1.17142
115.457	1.13504
115.542	1.13736
115.613	1.34178
115.689	1.26029
115.769	1.20225
115.849	1.20225
115.932	1.15659
116.016	1.14213
116.102	1.1162
116.179	1.24354
116.253	1.46846
116.327	1.28691
116.406	1.22645
116.486	1.20225
116.568	1.16396
116.653	1.42081
116.728	0.633668
116.801	1.14875
116.877	1.26904
116.955	1.22645
117.039	1.14213
117.123	1.14348
117.205	1.32635
117.285	1.19439
117.369	1.14932
117.454	1.12176
117.539	0.851777
117.624	0.564344
117.704	0.597532
117.78	0.475914
117.859	0.605105
117.942	0.578296
118.028	0.56088
118.111	0.57864
118.183	0.827634
118.259	0.634519
118.339	0.601124
118.419	0.601124
118.499	0.593317
118.579	0.601124
118.662	0.578296
118.738	0.631088
118.81	0.666773
118.882	0.671844
118.954	0.666922
119.025	0.67089
119.096	0.679908
119.166	0.679908
119.238	0.671193
119.308	0.688853
119.378	0.679908
119.449	0.679908
119.519	1.18984
119.59	1.35982
119.661	1.35982
119.731	1.52979
119.801	1.38036
119.87	1.38036
119.94	1.88377
120.011	2.03972
120.082	2.2097
120.152	2.05502
120.223	2.20093
120.294	2.67975
120.365	2.88961
120.434	2.76072
120.504	3.25378
120.575	3.56952
120.645	3.4509
120.715	3.90947
120.786	4.24943
120.855	4.31362
120.927	4.67365
121.204	1.24891
