10.1131	1.97841
10.1842	0.674811
10.2538	0.690102
10.3238	0.685006
10.3934	0.69018
10.4682	0.802135
10.544	1.26564
10.6173	1.47492
10.6868	1.5529
10.7616	1.92512
10.8354	2.11526
10.9049	2.07054
10.9745	2.07054
11.0534	2.28133
11.1367	2.01538
11.2068	1.54126
11.2763	1.38036
11.3459	1.38036
11.416	1.37001
11.4881	1.33012
11.5608	1.8157
11.6375	1.87748
11.7153	1.85211
11.7946	1.81531
11.8755	1.77995
11.9554	1.80337
12.0352	1.80337
12.1151	1.80337
12.1949	1.80337
12.2748	1.80337
12.3546	1.80337
12.4391	1.70455
12.5122	1.96985
12.5828	2.03972
12.655	1.99519
12.7311	1.89043
12.8078	1.87748
12.8882	1.79158
12.9675	1.81531
13.0463	1.82742
13.1303	1.71421
13.206	1.90286
13.2766	2.03972
13.3472	2.03972
13.4178	2.03972
13.4894	2.01256
13.56	2.03972
13.6305	2.03972
13.7031	1.98354
13.7746	2.01553
13.8513	1.87748
13.929	1.85211
14.0068	1.85211
14.0887	1.75713
14.1728	1.7132
14.2578	1.83465
14.3397	1.75819
14.4227	1.73592
14.5015	1.82742
14.5798	1.99299
14.6601	2.38878
14.7421	2.34284
14.8251	2.45776
14.909	2.28763
14.991	2.34284
15.0745	2.72963
15.1606	2.78809
15.2425	3.0759
15.326	3.01696
15.4115	2.52603
15.4873	2.5348
15.5635	2.52057
15.6396	2.52057
15.719	2.42042
15.8009	2.48927
15.8849	2.28494
15.9684	1.43707
16.0483	1.20225
16.1287	1.19439
16.2111	1.30945
16.2972	1.67333
16.3776	1.79158
16.4579	1.79158
16.5378	1.95365
16.6192	1.76847
16.7033	1.7132
16.7883	1.69303
16.8718	1.72602
16.9433	2.01267
17.0144	2.02455
17.0855	2.02756
17.1601	1.93037
17.2357	1.90356
17.3129	1.86471
17.3891	1.89043
17.4663	1.86471
17.5456	1.81531
17.6276	1.75713
17.7101	1.74594
17.7962	1.53338
17.8771	1.18669
17.958	1.18663
18.0378	1.35253
18.1182	1.19439
18.1996	1.17898
18.2816	1.31785
18.3656	1.7132
18.4502	1.70256
18.5352	1.69402
18.6119	2.03394
18.6875	1.90356
18.7653	1.85211
18.8451	1.80337
18.9302	1.69352
19.0115	1.03312
19.0846	1.31293
19.1639	1.21021
19.2464	1.16396
19.331	1.13504
19.4161	1.12803
19.4995	0.863008
19.5773	0.61737
19.6555	0.613227
19.7343	0.609139
19.8131	0.609139
19.8987	0.701302
19.9753	0.626198
20.0475	0.831373
20.1221	0.643456
20.1988	0.625827
20.2766	0.61737
20.3559	0.605105
20.4394	1.00565
20.5245	1.12836
20.6085	1.14213
20.6926	1.14213
20.7754	1.159
20.8516	1.26029
20.9309	1.21021
21.0145	1.14932
21.0995	1.12869
21.1836	1.14213
21.2686	1.12934
21.3479	1.21021
21.4272	1.21021
21.5113	1.14213
21.5953	1.14213
21.6809	1.12176
21.7628	1.17248
21.8447	1.17142
21.9288	1.14213
22.0112	1.165
22.091	1.20225
22.1714	1.19439
22.2534	1.17142
22.3358	1.16396
22.4209	1.12869
22.5032	1.16605
22.5738	1.35982
22.6484	1.28691
22.7251	1.40811
22.805	1.20225
22.8864	1.17898
22.9715	1.12836
23.0528	1.18005
23.1285	1.26904
23.2026	1.29604
23.2787	1.26029
23.3612	1.16396
23.4462	1.27088
23.5255	1.81531
23.6054	1.80337
23.6899	1.84498
23.7744	1.70355
23.8543	1.80337
23.9388	2.13007
24.0196	2.37617
24.0947	2.71557
24.1709	2.52057
24.2476	2.97268
24.3269	3.1768
24.4083	2.94744
24.4944	2.37113
24.569	2.09134
24.6425	2.12111
24.7197	2.48628
24.798	2.45291
24.88	2.48927
24.9635	2.29864
25.0481	2.41196
25.131	1.73695
25.2072	1.89043
25.2807	1.95795
25.3548	2.10606
25.4325	1.85211
25.5124	1.80337
25.5933	1.77995
25.6752	1.75713
25.7587	2.15497
25.8433	2.27008
25.9274	2.28427
26.0129	2.24481
26.0949	2.34284
26.1742	2.42042
26.2551	2.37327
26.3386	2.29864
26.4241	2.24481
26.5029	2.43732
26.5854	2.32792
26.6679	2.32792
26.7519	2.28427
26.8365	2.27008
26.9225	2.23239
26.9977	2.55321
27.0713	2.61059
27.1501	2.43655
27.232	2.34284
27.3145	2.32792
27.4005	2.23111
27.483	2.32792
27.5655	2.32792
27.6496	2.28427
27.7331	2.29864
27.8181	2.25738
27.899	2.37327
27.9831	2.42704
28.0686	2.24417
28.1531	2.27406
28.2266	2.61059
28.3044	2.46948
28.3832	2.43655
28.4635	2.38878
28.5491	2.24481
28.6284	2.42042
28.7067	2.45291
28.7892	2.47341
28.8752	2.78889
28.9519	3.13115
29.0275	3.33123
29.11	2.9099
29.194	2.85534
29.279	2.40033
29.3531	2.43033
29.4272	2.59208
29.5049	2.62382
29.5848	2.40449
29.6678	2.31318
29.7538	2.09207
29.831	1.70949
29.9056	1.93037
29.9792	1.95795
30.0543	2.07661
30.1331	1.82742
30.214	1.77995
30.2985	1.70306
30.3819	1.72704
30.4612	2.26914
30.5411	2.40449
30.6241	2.31318
30.7066	2.32792
30.7927	2.23047
30.8761	2.29999
30.9539	2.46948
31.0322	2.45291
31.1104	2.45291
31.1903	2.40449
31.2728	2.32792
31.3568	2.28427
31.4423	2.24481
31.5227	2.38951
31.601	2.45291
31.6808	2.40449
31.7612	2.38878
31.8442	2.31318
31.9282	2.28427
32.0128	2.27008
32.0985	2.24223
32.1824	2.28628
32.2586	2.52057
32.3374	2.43655
32.4199	2.32792
32.5024	2.47341
32.5859	2.29864
32.6678	2.34284
32.7539	2.23111
32.8312	1.55279
32.9011	1.372
32.9732	1.4985
33.052	1.82742
33.134	1.75713
33.218	1.85706
33.3005	1.74594
33.3835	1.73489
33.4691	2.10269
33.5515	1.60188
33.622	1.36178
33.6951	1.31286
33.7702	1.27791
33.8495	1.21021
33.9351	1.54235
34.016	1.03836
34.0917	0.634519
34.1689	0.62157
34.2508	1.02499
34.3369	1.11556
34.4157	1.21866
34.4924	1.40811
34.5696	1.24314
34.6505	1.18663
34.733	1.16396
34.817	1.2849
34.9036	1.38592
34.9803	0.782324
35.057	0.625827
35.1353	0.766533
35.2162	1.18663
35.3002	1.14213
35.3858	1.26198
35.4672	1.17934
35.5455	1.22645
35.628	1.16396
35.7125	1.27692
35.7985	0.977512
35.8686	0.856161
35.9406	1.33207
36.0168	1.26029
36.0956	1.21828
36.1744	1.21828
36.2579	1.29298
36.3409	1.15728
36.4186	1.23474
36.5006	1.17142
36.5841	1.14932
36.6691	1.5524
36.7468	1.85329
36.8235	1.87748
36.9023	1.82742
36.9853	1.73489
37.0677	1.74855
37.1383	2.03972
37.2089	2.03972
37.2799	2.02756
37.3571	1.86471
37.4412	1.7132
37.5273	1.67237
37.6066	1.81588
37.6859	1.81531
37.7679	1.75713
37.8488	1.77995
37.9344	1.68216
38.0194	1.69352
38.1003	1.77995
38.1822	1.75713
38.2647	1.74594
38.3483	1.72398
38.4338	1.68264
38.5188	1.69402
38.5961	1.86471
38.6806	1.70306
38.7656	1.69451
38.8418	1.89043
38.9195	1.85211
39.002	1.74594
39.0866	1.70306
39.1695	1.73695
39.2456	1.89043
39.3244	1.9797
39.4027	1.83968
39.481	1.83968
39.5645	1.72398
39.6491	1.70256
39.7351	1.67326
39.8155	1.19445
39.8938	1.22645
39.9736	1.20225
40.0561	1.16396
40.1396	1.14932
40.2252	1.54198
40.3113	1.11582
40.3875	0.78772
40.4652	0.61737
40.543	0.61737
40.6218	1.06599
40.7032	1.17898
40.7851	1.17142
40.8676	1.16396
40.9511	1.29298
41.0335	1.165
41.1097	1.26029
41.1859	1.26029
41.2621	1.26029
41.3409	1.21828
41.4249	1.14213
41.5089	1.14342
41.5908	0.878608
41.6717	0.741646
41.7568	1.12803
41.8429	1.11588
41.9154	1.32281
41.9885	1.31286
42.0652	1.25165
42.144	1.21828
42.227	1.30117
42.3136	1.10905
42.3856	0.333228
42.4562	0.679946
42.5268	0.679908
42.6014	0.643456
42.6771	0.793149
42.7548	1.23474
42.8336	1.21828
42.9119	1.22645
42.9896	1.23474
43.0684	1.37056
43.1462	1.23474
43.2276	1.17898
43.3117	1.14213
43.3957	1.14213
43.4803	1.13504
43.5644	1.14213
43.6484	1.14213
43.7339	1.12241
43.8132	1.21172
43.8858	1.32236
43.9625	1.25165
44.0413	1.21828
44.1211	1.20225
44.2041	1.15659
44.2892	1.12869
44.3716	1.16431
44.4515	1.20225
44.5355	1.14247
44.6185	1.15659
44.7046	1.11524
44.787	0.873753
44.8596	0.66118
44.9352	0.634519
45.014	0.609139
45.096	1.02499
45.1815	1.12241
45.2598	1.22684
45.3365	1.25165
45.4147	1.37976
45.4983	1.14932
45.5838	1.12208
45.6615	0.926938
45.7382	0.782284
45.8191	1.18663
45.9036	1.13537
45.9882	1.13504
46.0723	1.14213
46.1574	1.12836
46.2403	1.15728
46.3207	1.34369
46.4016	1.18663
46.4856	1.14213
46.5713	1.12111
46.6573	0.69759
46.7387	0.442138
46.8217	0.578296
46.9068	0.564181
46.9903	0.574659
47.0738	1.00565
47.1567	1.15831
47.2313	1.28691
47.3075	1.26029
47.3863	1.37056
47.4672	1.18663
47.5522	1.12902
47.631	1.06627
47.7077	0.782324
47.786	0.613227
47.8669	0.593317
47.9519	0.987603
48.0349	0.723266
48.1142	0.605135
48.1956	0.589489
48.2797	0.571067
48.3642	0.567852
48.4472	0.578296
48.5322	0.564672
48.6125	0.597561
48.6866	0.64802
48.7644	0.61737
48.8432	0.609139
48.9267	0.574659
49.0128	0.557752
49.0878	0.6392
49.163	0.638957
49.2433	0.597195
49.3237	0.597195
49.4057	0.58571
49.4908	0.564181
49.5737	0.578812
49.6551	0.589489
49.735	0.601124
49.8148	0.601124
49.8978	0.578296
49.9824	0.56752
50.068	0.560719
50.1508	0.724377
50.2286	1.23474
50.3079	1.21021
50.3919	1.14213
50.4776	1.12144
50.5604	1.15831
50.6413	1.18663
50.7228	1.17898
50.8073	1.13504
50.8929	1.12241
50.968	1.27833
51.0436	1.26904
51.1219	1.22645
51.2023	1.19439
51.2821	1.20225
51.3641	1.17142
51.4481	1.14213
51.5327	1.13504
51.6167	1.14314
51.696	1.21021
51.7764	1.19439
51.8562	1.20225
51.9382	1.17142
52.0228	1.13504
52.1057	1.15762
52.1866	1.33496
52.2664	1.20225
52.3505	1.14213
52.4365	1.2553
52.5122	0.317363
52.5847	0.661216
52.6609	0.630143
52.7381	0.62157
52.819	1.0383
52.901	1.17142
52.9855	1.13537
53.0695	1.28603
53.1489	1.21021
53.2271	1.22645
53.3059	1.21828
53.3874	1.32635
53.4724	1.69254
53.5565	1.7132
53.642	1.68313
53.7208	1.82913
53.7943	1.95795
53.8694	1.91687
53.9461	1.87748
54.0265	1.79158
54.1106	1.7132
54.1966	1.67381
54.2753	1.82856
54.3536	1.83968
54.4314	1.85211
54.5096	1.83968
54.5895	1.80337
54.6704	1.77995
54.7559	1.68313
54.8342	1.84026
54.9098	1.90356
54.9881	1.83968
55.0685	1.79158
55.1536	1.69254
55.2386	1.69352
55.3232	1.70306
55.4087	1.6841
55.4869	1.84026
55.5631	1.89043
55.6424	1.96659
55.7233	1.77995
55.8058	1.74594
55.8898	1.7132
55.9744	1.70256
56.062	1.50702
56.1351	0.820582
56.2076	1.32421
56.2801	1.32421
56.3537	1.46846
56.4293	1.26904
56.5092	1.20225
56.5901	1.33496
56.6762	1.67285
56.7607	1.70405
56.8426	1.75713
56.9271	1.70405
57.0063	1.96965
57.0793	1.97203
57.1545	1.91687
57.2312	1.87748
57.3115	1.79158
57.3935	1.75713
57.4775	1.7132
57.5651	1.50702
57.6471	0.732208
57.729	1.17142
57.8146	1.12241
57.8959	1.32796
57.967	1.34977
58.0416	1.28691
58.1183	1.40811
58.2018	1.72398
58.2878	1.67429
58.3661	1.84026
58.4407	1.93037
58.5195	1.9797
58.6009	1.76847
58.685	1.7132
58.7695	1.70256
58.8541	1.70256
58.9375	1.72653
59.0163	1.82742
59.0893	1.97203
59.1666	1.86471
59.2475	1.77995
59.3325	1.69303
59.4145	1.31785
59.4938	1.36149
59.5742	1.19439
59.6582	1.14247
59.7401	0.879094
59.8147	0.643456
59.8909	0.630143
59.9665	0.634519
60.0453	0.609139
60.1257	0.746493
60.2103	1.13504
60.2948	1.13637
60.3757	1.18663
60.4571	1.17898
60.5406	1.14932
60.6262	1.12111
60.7107	1.13637
60.7911	1.19439
60.8736	1.16396
60.9555	1.17142
61.0401	1.13504
61.1262	1.11524
61.2065	1.19549
61.2842	1.23474
61.3646	1.19439
61.4455	1.18663
61.5275	1.17142
61.613	1.12241
61.6928	1.20262
61.7721	1.21021
61.8541	1.17142
61.9376	1.14932
62.0212	1.14932
62.1062	1.12902
62.1876	1.17898
62.269	1.17898
62.3541	1.12902
62.435	1.18663
62.5153	1.19439
62.5994	1.14213
62.6854	1.11684
62.7604	1.27875
62.8346	1.45605
62.9113	1.25165
62.9901	1.21828
63.0747	1.13537
63.1581	1.15034
63.2411	1.59031
63.3235	1.74803
63.4023	1.82742
63.4779	2.06219
63.5583	1.79158
63.6408	1.89143
63.7247	2.28695
63.8035	2.58884
63.8844	2.37327
63.9674	2.74691
64.0529	2.94717
64.1301	3.10884
64.2047	3.69987
64.2804	3.96575
64.3566	3.78086
64.4375	4.00489
64.5194	4.2464
64.604	4.39828
64.69	3.90763
64.7688	3.19814
64.8471	3.21944
64.9295	3.49188
65.0115	3.66069
65.0955	3.4264
65.1795	3.57337
65.2609	4.12642
65.3434	4.21935
65.4279	3.9738
65.5125	3.97264
65.5971	4.11452
65.6836	4.44021
65.7608	4.97415
65.8354	5.14765
65.9116	5.04115
65.9898	5.05912
66.0734	4.59727
66.1589	4.48704
66.2439	4.51869
66.3211	4.97256
66.4026	4.71591
66.4856	4.62637
66.5716	3.62643
66.6457	3.72631
66.7224	3.75496
66.8006	3.67936
66.8794	3.80712
66.9609	3.53693
67.0455	3.547
67.132	3.88186
67.2086	4.54163
67.2801	4.70291
67.3527	4.62826
67.4288	4.411
67.5139	4.37473
67.5947	2.67169
67.6762	2.94744
67.7581	3.07498
67.8427	2.83843
67.9277	2.82254
68.006	3.21944
68.0874	3.53693
68.1704	3.46978
68.2555	3.3841
68.3405	3.38901
68.4209	3.73247
68.5012	3.58317
68.5853	3.4264
68.6704	3.38508
68.7528	3.49188
68.8384	3.36625
68.9193	2.81984
68.9959	2.50344
69.0768	2.5216
69.1588	2.34284
69.2423	2.4423
69.3279	1.96356
69.4051	1.554
69.4881	1.73489
69.57	1.75819
69.6499	1.80337
69.7323	1.74594
69.8168	1.8466
69.8993	1.74594
69.9833	1.7132
70.0688	1.68458
70.1476	1.9797
70.2264	2.43655
70.3073	2.37327
70.3924	2.25738
70.4743	2.34496
70.5557	2.35796
70.6397	2.28494
70.7184	2.43884
70.7909	2.64843
70.8666	2.53808
70.9454	2.43655
71.0268	2.35796
71.1103	2.29864
71.1928	2.32792
71.2774	2.27008
71.3625	2.25738
71.4465	2.28427
71.5316	2.25672
71.6134	2.34566
71.687	2.61059
71.7626	2.53808
71.8404	2.46948
71.9208	2.38878
72.0032	2.32792
72.0857	2.32792
72.1717	2.23303
72.2479	2.52057
72.324	2.52057
72.4039	2.40449
72.4853	2.50533
72.5699	2.27074
72.6549	2.25803
72.7342	2.42042
72.8146	2.38878
72.8955	2.37327
72.9769	2.35796
73.0615	2.27074
73.1461	2.27008
73.2305	1.98971
73.3021	2.00992
73.3727	2.03972
73.4463	2.12111
73.5209	1.93037
73.5997	1.9797
73.6827	2.31318
73.7667	2.28427
73.8513	2.41196
73.9368	2.24676
74.0087	2.66776
74.0799	2.69955
74.1535	2.60699
74.2323	2.58884
74.3158	2.8733
74.4004	2.8376
74.4855	2.82172
74.5679	2.9099
74.6541	2.78649
74.7365	2.91251
74.8148	3.06613
74.8978	2.89148
74.9823	2.8376
75.0674	2.82009
75.1525	2.82172
75.2302	3.08979
75.3027	3.31054
75.3783	3.1726
75.4576	3.02552
75.5391	2.94744
75.6221	2.89148
75.7045	2.9099
75.7891	2.8376
75.8747	2.80602
75.9545	3.00655
76.0301	3.1726
76.1095	3.02552
76.1925	2.89148
76.2775	2.82336
76.3578	2.98597
76.4345	3.12914
76.5149	2.98597
76.5989	2.85618
76.6824	2.87414
76.7648	2.91251
76.8415	3.12914
76.9214	3.1559
77.0033	2.92855
77.0858	2.9099
77.1709	2.82254
77.2533	2.9099
77.3369	3.30429
77.4198	3.47391
77.497	3.72942
77.5726	3.96575
77.6488	3.78086
77.725	3.9384
77.8106	3.92616
77.8929	3.35224
77.964	3.54335
78.0355	3.35922
78.108	3.31054
78.1852	3.10785
78.2702	3.24483
78.3532	2.02594
78.4267	2.61059
78.4987	2.66776
78.5743	2.69671
78.6542	2.40449
78.7377	2.29864
78.8222	2.27273
78.9062	2.28427
78.9923	2.09157
79.0737	1.76855
79.1536	1.80337
79.2381	1.84606
79.3179	1.80393
79.3951	2.0201
79.4744	2.42042
79.5543	2.40449
79.6357	2.50533
79.7198	2.28494
79.8027	2.31387
79.8821	2.42042
79.964	2.48927
80.0501	2.78889
80.1325	2.91251
80.2123	3.00562
80.2964	2.85534
80.3799	2.8733
80.4655	2.8044
80.5505	2.82336
80.6314	2.96658
80.7144	2.89148
80.7984	2.85534
80.8825	2.85534
80.9665	2.85534
81.0516	2.82172
81.1357	2.85534
81.2218	2.78729
81.2984	2.1911
81.3695	2.19652
81.4446	1.91687
81.5229	1.83968
81.6048	1.75713
81.6873	1.89143
81.7707	2.30135
81.8432	2.64843
81.9138	2.88961
81.9843	2.72355
82.059	2.57032
82.1373	2.45291
82.2182	2.37327
82.3022	2.42704
82.3852	1.73644
82.4629	1.85211
82.5459	1.87946
82.631	1.69205
82.7134	1.31102
82.7854	1.50062
82.8569	1.34178
82.931	1.29604
83.0093	1.22645
83.0917	1.16396
83.1763	1.13537
83.2582	1.17213
83.337	1.21828
83.4153	1.22645
83.4956	1.19439
83.5791	1.14966
83.6605	1.18041
83.7356	1.27791
83.8118	1.26029
83.8874	1.26904
83.9646	1.24314
84.0445	1.20225
84.128	1.14932
84.2115	0.862753
84.283	0.67089
84.3566	0.652649
84.4312	0.643456
84.5152	0.999908
84.5981	0.723334
84.6774	0.605105
84.7568	0.605105
84.8377	0.593317
84.9222	0.567686
85.0015	0.60567
85.0745	0.657344
85.1501	0.634519
85.2263	0.630143
85.3046	0.613227
85.3839	0.605105
85.4685	0.567686
85.5509	0.582502
85.6297	0.609139
85.7079	0.613227
85.7894	0.589489
85.8734	0.571067
85.9595	0.557938
86.032	0.66163
86.1021	0.684967
86.1742	0.665098
86.2467	0.662107
86.3245	0.61737
86.4049	0.597195
86.4899	0.564181
86.5754	0.561476
86.6569	0.294759
86.7393	0.436485
86.8217	0.728163
86.9005	0.609139
86.9804	0.601124
87.0634	0.578296
87.1489	0.70127
87.2282	0.75736
87.2993	0.674811
87.3699	0.679908
87.4405	0.679908
87.5111	0.679908
87.5825	0.839805
87.6577	1.27791
87.7375	1.20225
87.8195	1.17142
87.9025	1.15659
87.987	1.13504
88.0721	1.12836
88.1561	1.14281
88.2344	1.22645
88.3164	1.17142
88.4009	1.13504
88.486	1.12902
88.5642	1.22684
88.6414	1.24314
88.7192	1.23474
88.798	1.21828
88.8815	1.14932
88.9656	1.14213
89.0511	1.12241
89.1283	1.24314
89.2087	1.19439
89.2891	1.19439
89.371	1.17142
89.4566	1.12241
89.5337	1.24393
89.6043	1.35974
89.6754	1.3517
89.7505	1.27791
89.8277	1.24314
89.907	1.21021
89.9874	1.19439
90.0683	1.18663
90.1508	1.16396
90.2354	1.13504
90.3209	1.26271
90.4023	1.17934
90.4832	1.18663
90.563	1.20225
90.645	1.17142
90.731	1.53426
90.8068	1.10928
90.8798	1.15041
90.9554	1.26904
91.0326	1.24314
91.1104	1.23474
91.1902	1.20225
91.2722	1.31785
91.3547	1.16396
91.4392	1.13631
91.5148	0.634552
91.5859	0.674886
91.6574	0.671844
91.7304	0.657344
91.8071	0.625827
91.8859	1.06599
91.9673	1.17898
92.0508	1.14932
92.1353	1.1367
92.213	1.23474
92.2892	1.26029
92.3675	1.22645
92.4473	1.20225
92.5288	1.17898
92.6123	1.14932
92.6973	1.12902
92.7798	1.16396
92.8633	1.14932
92.9489	1.12176
93.0303	1.17898
93.1128	1.16396
93.1983	1.12241
93.2808	1.16431
93.3638	1.15659
93.4489	1.12869
93.5297	1.18772
93.6064	1.25165
93.6826	1.26029
93.7629	1.19439
93.8454	1.16396
93.9294	1.14247
94.0144	1.12967
94.0906	1.26029
94.1704	1.20225
94.2545	1.14213
94.3395	1.12934
94.4193	1.20225
94.4976	1.22645
94.578	1.34369
94.662	1.14213
94.7459	0.858364
94.8175	0.838612
94.8931	1.26904
94.9698	1.25165
95.0512	1.17898
95.1363	1.12836
95.2192	1.15797
95.2965	1.24314
95.3711	1.44778
95.4472	1.26029
95.526	1.21828
95.6111	1.12869
95.6935	1.16535
95.7723	1.21828
95.8511	1.21828
95.9341	1.15659
96.0181	1.14213
96.1036	1.12241
96.1856	1.17142
96.267	1.17898
96.349	1.17142
96.4325	1.14932
96.5176	1.12836
96.6036	1.11582
96.6771	0.652903
96.7503	0.65643
96.8259	0.634519
96.9031	0.776963
96.9846	1.17898
97.0681	1.14932
97.1515	1.15068
97.2308	1.21021
97.3091	1.37976
97.3916	1.16396
97.4735	1.17142
97.5591	1.12176
97.639	0.751562
97.7172	0.613289
97.7971	1.05197
97.8811	1.14213
97.9667	1.12241
98.0512	1.13504
98.1368	1.12176
98.2213	1.13637
98.3032	1.31785
98.3878	1.1357
98.4708	1.15659
98.5569	1.11524
98.633	0.945828
98.7046	0.669938
98.7778	0.65643
98.8508	0.657344
98.9259	1.11817
99.0078	1.17142
99.0919	1.14213
99.1765	1.13504
99.2604	1.28679
99.3382	1.23474
99.4138	1.26904
99.4921	1.22645
99.5746	1.16396
99.6606	1.11518
99.742	0.295013
99.8213	0.605135
99.8996	0.613227
99.9784	0.609139
100.06	0.736861
100.145	1.12241
100.228	1.15797
100.307	1.22645
100.388	1.32635
100.473	1.12869
100.552	1.21166
100.625	0.65643
100.7	0.643456
100.775	0.638957
100.855	0.751405
100.939	1.14213
101.021	1.17213
101.101	1.20225
101.185	1.13603
101.269	1.29413
101.35	1.18663
101.435	1.12803
101.52	1.12236
101.601	0.593346
101.682	1.04509
101.767	1.12836
101.852	1.12967
101.931	1.20225
102.014	1.15659
102.099	1.13
102.176	1.40811
102.254	1.23474
102.335	1.17898
102.419	1.14213
102.505	1.12208
102.588	0.718714
102.667	0.459943
102.746	0.605105
102.827	0.593317
102.911	0.567852
102.988	0.938995
103.066	0.766572
103.147	0.597195
103.23	0.578296
103.312	0.58198
103.395	0.58198
103.479	0.571067
103.564	0.561528
103.64	0.630143
103.715	0.638957
103.793	0.62157
103.871	0.613227
103.952	0.589489
104.037	0.567852
104.112	0.643456
104.186	0.64802
104.265	0.605105
104.349	0.571067
104.435	0.56088
104.517	0.436966
104.593	0.317276
104.675	0.439304
104.759	0.56752
104.843	0.571571
104.926	0.578296
105.009	0.58198
105.094	0.560719
105.18	0.418535
105.257	0.31293
105.337	0.447918
105.422	0.56752
105.507	0.561042
105.587	0.605858
105.66	0.657344
105.735	0.634519
105.814	0.609139
105.897	0.578296
105.983	0.557778
106.065	0.586063
106.145	0.597195
106.23	0.564508
106.309	0.613227
106.387	0.613227
106.469	0.58571
106.554	0.564318
106.634	0.597224
106.717	0.72287
106.801	1.14348
106.878	1.26029
106.958	1.18663
107.04	1.17142
107.125	1.12902
107.208	1.16396
107.291	1.15659
107.377	1.11556
107.459	1.17177
107.545	1.11556
107.622	1.24314
107.696	1.29604
107.772	1.26029
107.849	1.26029
107.927	1.22645
108.005	1.23474
108.083	1.22645
108.162	1.21021
108.244	1.17142
108.326	1.17142
108.41	1.14932
108.493	1.15659
108.575	1.17142
108.66	1.12176
108.741	1.18736
108.819	1.22645
108.904	1.1357
108.986	1.165
109.071	1.12836
109.156	1.13637
109.231	1.27619
109.303	1.33988
109.375	1.332
109.448	1.31469
109.525	1.23474
109.606	1.18663
109.692	1.12241
109.771	1.36149
109.851	1.20225
109.933	1.17898
110.018	1.54287
110.103	1.70405
110.182	1.95365
110.266	1.7132
110.355	1.63376
110.429	0.96419
110.509	1.36155
110.59	1.17898
110.674	1.29298
110.755	1.75925
110.832	1.87748
110.908	2.04797
110.986	1.86471
111.067	1.76847
111.153	1.68264
111.235	1.30227
111.315	1.35259
111.398	1.16396
111.482	1.13504
111.567	1.13504
111.652	1.12241
111.733	1.19439
111.814	1.17898
111.898	1.14213
111.984	1.11556
112.065	1.19476
112.144	1.21021
112.226	1.17142
112.308	1.16396
112.394	1.12803
112.478	1.14213
112.564	1.11524
112.648	0.852026
112.725	0.62157
112.803	0.61737
112.883	0.601124
112.966	1.01202
113.052	1.11556
113.13	1.22645
113.211	1.18663
113.292	1.33496
113.375	1.16396
113.457	1.17142
113.541	1.13537
113.621	0.896342
113.696	0.64802
113.771	0.638957
113.851	0.601124
113.935	0.999368
114.017	1.15797
114.092	1.29604
114.166	1.29604
114.241	1.43765
114.32	1.21828
114.404	1.13504
114.489	1.12836
114.572	1.16396
114.654	1.17142
114.738	1.13504
114.823	1.12836
114.908	1.13504
114.992	1.14213
115.078	1.12111
115.164	0.693949
115.235	0.506889
115.313	0.766533
115.397	1.14213
115.482	1.12836
115.563	1.19659
115.635	1.332
115.712	1.23474
115.792	1.20225
115.873	1.34369
115.956	1.14932
116.041	1.13537
116.125	1.14415
116.199	1.28691
116.274	1.28691
116.35	1.26904
116.428	1.21828
116.509	1.19439
116.592	1.14932
116.677	0.847254
116.748	0.67987
116.822	0.64802
116.898	0.634519
116.978	1.04509
117.064	1.12144
117.145	1.17248
117.227	1.17142
117.308	1.34369
117.392	1.13504
117.478	1.12241
117.561	1.15659
117.646	1.12934
117.723	1.24314
117.799	1.26029
117.881	1.17142
117.965	1.14932
118.05	1.12929
118.127	0.621602
118.201	1.13403
118.279	1.23474
118.359	1.19439
118.44	1.18663
118.52	1.20225
118.6	1.19439
118.681	1.18663
118.754	1.49172
118.825	1.34369
118.896	1.34369
118.968	1.33384
119.038	1.38036
119.108	1.38036
119.177	1.38036
119.249	1.3443
119.318	1.37771
119.389	1.35982
119.459	1.35982
119.531	1.34003
119.601	1.36985
119.672	1.35982
119.743	1.34977
119.812	1.38036
119.882	1.38036
119.952	1.37001
120.022	1.38036
120.091	1.38036
120.161	1.38036
120.232	1.35442
120.303	1.33988
120.375	1.33988
120.445	1.35982
120.516	1.35982
120.587	1.35982
120.657	1.35982
120.728	1.35982
120.798	1.35982
120.869	1.35982
120.941	1.32564
121.013	1.34977
121.083	1.35982
121.154	1.34977
121.224	1.38036
121.293	1.38036
121.363	1.38036
121.433	1.54126
121.504	2.02466
121.575	2.03972
121.646	2.02466
121.719	1.93367
