10.1001	10
10.2016	11
10.2037	13
10.2061	15
10.2081	17
10.2101	19
10.3032	21
10.3058	23
10.3074	25
10.3098	27
10.3116	29
10.314	31
10.3158	33
10.3182	35
10.32	37
10.4053	39
10.4063	41
10.411	43
10.4126	45
10.4137	47
10.4147	49
10.4179	51
10.42	53
10.4221	55
10.4231	57
10.4263	59
10.4284	61
10.4305	63
10.4315	65
10.4347	67
10.4368	69
10.4389	71
10.4399	73
10.5084	75
10.5095	77
10.5105	79
10.5116	81
10.5205	83
10.5221	85
10.5231	87
10.5242	89
10.5252	91
10.5263	93
10.5273	95
10.5284	97
10.5336	99
10.5347	101
10.5378	103
10.5389	105
10.542	107
10.5431	109
10.5441	111
10.5452	113
10.5504	115
10.5515	117
10.5546	119
10.5557	121
10.5588	123
10.5599	125
10.5609	127
10.562	129
10.5672	131
10.5683	133
10.5714	135
10.5725	137
10.5756	139
10.5767	141
10.5777	143
10.5788	145
10.6136	147
10.6147	149
10.6157	151
10.6168	153
10.6178	155
10.6189	157
10.6199	159
10.621	161
10.6383	163
10.6399	165
10.6409	167
10.642	169
10.6431	171
10.6441	173
10.6452	175
10.6462	177
10.6473	179
10.6483	181
10.6494	183
10.6504	185
10.6515	187
10.6525	189
10.6536	191
10.6546	193
10.6641	195
10.6651	197
10.6662	199
10.6672	201
10.6725	203
10.6735	205
10.6746	207
10.6756	209
10.6809	211
10.6819	213
10.683	215
10.684	217
10.6851	219
10.6861	221
10.6872	223
10.6882	225
10.6977	227
10.6987	229
10.6998	231
10.7008	233
10.7061	235
10.7071	237
10.7082	239
10.7092	241
10.7151	164
11.8686	1
11.9697	3
12.0728	5
12.0734	7
12.0739	8
12.1779	9
12.1792	13
12.1804	15
12.1815	17
12.1825	23
12.1836	25
12.1846	27
12.1857	28
12.2817	29
12.2823	33
12.2828	34
12.2838	35
12.2849	36
12.2855	37
12.286	42
12.2865	43
12.287	44
12.288	45
12.2891	47
12.3838	48
12.3954	49
12.409	50
12.4932	51
12.5048	52
12.589	53
12.6016	54
12.6142	55
12.6958	56
12.7074	57
12.7247	58
12.8	59
12.8116	60
12.8916	61
12.9031	62
12.9147	63
12.9937	64
13.0052	65
13.0168	66
13.0362	67
13.1062	68
13.1178	69
13.1315	70
13.2046	71
13.2167	72
13.2293	73
13.3004	74
13.312	75
13.3246	76
13.3388	77
13.4062	78
13.4177	79
13.4303	80
13.4498	81
13.5109	82
13.5214	83
13.5345	84
13.5545	85
13.6135	86
13.624	87
13.6366	88
13.6513	89
13.7129	90
13.7245	91
13.7371	92
13.7513	93
13.8108	94
13.8224	95
13.835	96
13.8455	97
13.8612	98
13.9166	99
13.9287	100
13.9413	101
13.9518	102
13.9675	103
14.0202	104
14.0323	105
14.0449	106
14.0554	107
14.0712	108
14.1213	109
14.1328	110
14.1454	111
14.1559	112
14.1717	113
14.2221	114
14.2337	115
14.2442	116
14.2568	117
14.2673	118
14.2836	119
14.3361	120
14.3477	121
14.3582	122
14.3708	123
14.3813	124
14.3986	125
14.4533	126
14.4648	127
14.4753	128
14.4879	129
14.4984	130
14.5153	131
14.5725	132
14.5841	133
14.5946	134
14.6072	135
14.6177	136
14.6335	137
14.6597	138
14.7054	139
14.717	140
14.7275	141
14.7401	142
14.7506	143
14.7679	144
14.8305	145
14.841	146
14.8525	147
14.863	148
14.8756	149
14.8861	150
14.9045	151
14.9303	152
14.9796	153
14.9912	154
15.0017	155
15.0143	156
15.0248	157
15.0353	158
15.0548	159
15.1126	160
15.1262	161
15.1414	162
15.1541	163
15.1667	164
15.1772	165
15.1877	166
15.2061	167
15.2397	168
15.2554	169
15.2738	170
15.2901	171
15.3059	172
15.3206	173
15.3369	174
15.3463	120
15.6099	121
15.6115	122
15.6289	123
15.6725	124
15.7061	125
15.7413	126
15.7796	127
15.818	128
15.8584	129
15.901	130
15.9404	131
15.984	132
16.0255	133
16.068	134
16.1106	135
16.1531	136
16.1967	137
16.2393	138
16.2834	139
16.327	140
16.3717	141
16.4184	142
16.462	143
16.5088	144
16.5545	145
16.6012	146
16.6464	147
16.6932	148
16.741	149
16.7877	150
16.835	151
16.8933	152
16.9548	153
17.0047	154
17.0798	155
17.1486	156
17.2028	157
17.2779	158
17.354	159
17.4281	160
17.5032	161
17.5784	162
17.6545	163
17.7281	164
17.8148	165
17.9246	166
18.0312	167
18.1715	168
18.2613	116
18.4651	117
18.4661	118
18.4756	119
18.5817	120
18.6379	121
18.7004	122
18.7635	123
18.827	124
18.8948	125
18.9647	126
19.0366	127
19.1128	128
19.1816	129
19.2772	130
19.3613	131
19.4606	132
19.5588	133
19.6707	134
19.7453	135
19.874	136
20.0048	137
20.1377	138
20.2706	139
20.4277	140
20.6741	141
21.0266	142
23.741	143
24.0945	144
24.3409	145
24.5379	146
24.7055	147
24.85	148
24.9797	149
25.0979	150
25.2072	151
25.3081	152
25.4031	153
25.4909	154
25.5765	155
25.6558	156
25.732	157
25.804	158
25.8738	159
25.9406	160
26.0062	161
26.0677	162
26.1291	163
26.1875	164
26.2437	165
26.2999	166
26.3224	114
26.5472	115
26.5483	116
26.5504	117
26.5525	118
26.5788	119
26.6136	120
26.6489	121
26.6836	122
26.7193	123
26.7561	124
26.7944	125
26.8328	126
26.8701	127
26.9095	128
26.9489	129
26.9893	130
27.0308	131
27.0713	132
27.1149	133
27.1574	134
27.2021	135
27.2478	136
27.2946	137
27.3413	138
27.3912	139
27.4411	140
27.4905	141
27.5919	142
27.6686	143
27.7306	144
27.8057	145
27.8724	146
27.9465	147
28.0164	148
28.0925	149
28.1403	150
28.2144	151
28.2874	152
28.3626	153
28.4377	154
28.5139	155
28.5879	156
28.6883	157
28.7981	158
28.8889	159
29.0397	160
29.191	161
29.2667	162
29.419	163
29.5729	164
29.5787	113
29.8113	114
29.8166	115
29.8719	116
29.9271	117
29.987	118
30.0474	119
30.1094	120
30.1729	121
30.2407	122
30.3127	123
30.3836	124
30.4587	125
30.5202	126
30.6226	127
30.7125	128
30.7718	129
30.9005	130
31.0156	131
31.097	132
31.2268	133
31.3576	134
31.4894	135
31.6244	136
31.7726	137
32.0205	138
32.3725	139
35.0885	140
35.4399	141
35.6874	142
35.8849	143
36.0519	144
36.1964	145
36.3272	146
36.4444	147
36.5542	148
36.6545	149
36.7485	150
36.8384	151
36.9229	152
37.0023	153
37.0774	154
37.1504	155
37.2208	156
37.288	157
37.3516	158
37.4152	159
37.4751	160
37.5339	161
37.5912	162
37.6453	163
37.6642	112
37.9142	113
37.9158	114
37.9168	115
37.9189	116
37.9478	117
37.983	118
38.0187	119
38.0539	120
38.0902	121
38.1275	122
38.1669	123
38.2047	124
38.2441	125
38.2824	126
38.3239	127
38.3644	128
38.4059	129
38.4485	130
38.4921	131
38.5367	132
38.5829	133
38.6281	134
38.6759	135
38.7237	136
38.7747	137
38.8256	138
38.8782	139
38.9859	140
39.0437	141
39.1009	142
39.1613	143
39.2244	144
39.29	145
39.3641	146
39.4371	147
39.5101	148
39.5842	149
39.6583	150
39.7387	151
39.8274	152
39.922	153
40.0234	154
40.1096	155
40.2487	156
40.3349	157
40.4846	158
40.6354	159
40.7872	160
40.9391	161
41.135	162
41.4885	163
44.204	164
44.5554	165
44.8029	166
45.0009	167
45.1664	168
45.3119	169
45.4417	170
45.5609	171
45.6686	172
45.7705	173
45.864	174
45.9523	175
46.0374	176
46.1165	177
46.1966	122
46.3478	123
46.3673	124
46.3694	125
46.3704	126
46.3741	127
46.4083	128
46.4414	129
46.4787	130
46.5091	131
46.5443	132
46.58	133
46.6163	134
46.6541	135
46.6904	136
46.7277	137
46.7655	138
46.8049	139
46.8453	140
46.8868	141
46.9257	142
46.9683	143
47.0103	144
47.0549	145
47.0991	146
47.1448	147
47.1915	148
47.2378	149
47.2877	150
47.3355	151
47.3875	152
47.4384	153
47.4925	154
47.5488	155
47.5986	107
47.834	108
47.835	109
47.845	110
47.9033	111
47.9677	112
48.0851	113
48.157	114
48.229	115
48.3005	116
48.3772	117
48.4554	118
48.5416	119
48.6298	120
48.7065	121
48.8237	122
48.9288	123
49.0512	124
49.1562	125
49.3049	126
49.4525	127
49.6017	128
49.7498	129
49.9374	130
50.2473	89
50.397	90
50.4175	91
50.4201	92
50.4837	93
50.5504	94
50.6202	95
50.6927	96
50.7694	97
50.8566	98
50.9959	99
51.1167	100
51.2186	101
51.2932	102
51.444	103
51.5243	104
51.6741	105
51.8233	106
51.9682	107
52.1122	108
52.3307	109
52.4494	74
52.7025	75
52.7041	76
52.7446	77
52.8118	78
52.9148	79
53.0451	80
53.1412	81
53.2331	82
53.335	83
53.4149	84
53.5636	85
53.6413	86
53.79	87
53.9381	88
54.0826	89
54.2281	90
54.4493	91
54.6116	62
54.7928	63
54.7938	64
54.8701	65
54.9315	66
55.0216	67
55.1144	68
55.2165	69
55.3234	70
55.4421	71
55.5735	72
55.7196	73
55.884	74
56.082	75
56.3289	76
56.6809	77
59.3953	78
59.7504	79
59.9971	80
60.1938	81
60.3596	82
60.5043	83
60.634	84
60.7554	85
60.8626	86
60.9634	87
61.0564	88
61.1468	89
61.2303	90
61.3091	91
61.3879	92
61.4593	93
61.5282	94
61.5975	95
61.6595	96
61.7241	97
61.784	98
61.8423	99
61.899	100
61.9542	101
61.9962	69
62.1485	70
62.1564	71
62.158	72
62.1874	73
62.2347	74
62.2863	75
62.3367	76
62.3893	77
62.4413	78
62.4985	79
62.5542	80
62.6136	81
62.6735	82
62.7355	83
62.8022	84
62.8689	85
62.9356	86
63.0092	87
63.0859	88
63.1641	89
63.2482	90
63.3391	91
63.4331	92
63.534	93
63.6427	94
63.762	95
63.8907	96
64.0346	97
64.2017	98
64.3981	99
64.6461	100
64.9996	101
67.7151	102
68.066	103
68.315	104
68.5099	105
68.678	106
68.8214	107
68.9149	73
69.0909	74
69.0925	75
69.0951	76
69.1229	77
69.1692	78
69.2177	79
69.2784	80
69.3149	81
69.3648	82
69.4204	83
69.473	84
69.526	85
69.5843	86
69.6411	87
69.7025	88
69.7656	89
69.8297	90
69.8974	91
69.9657	92
70.0398	93
70.1155	94
70.1953	95
70.2788	96
70.3687	97
70.4632	98
70.5646	99
70.6718	100
70.7905	101
70.9208	102
71.0674	103
71.2318	104
71.4283	105
71.6762	106
72.0292	107
74.7431	108
75.0961	109
75.3451	110
75.5042	75
75.6653	76
75.6685	77
75.6706	78
75.6958	79
75.7394	80
75.7872	81
75.834	82
75.8819	83
75.9334	84
75.9833	85
76.0348	86
76.0894	87
76.1451	88
76.2013	89
76.2586	90
76.319	91
76.3826	92
76.4488	93
76.5129	94
76.5827	95
76.6584	96
76.734	97
76.8139	98
76.8985	99
76.9851	100
77.0797	101
77.1795	102
77.2904	103
77.4091	104
77.5394	105
77.6838	106
77.8509	107
78.0463	108
78.2953	109
78.6457	110
81.3606	111
81.7142	112
81.9626	113
82.1575	114
82.3235	115
82.4691	116
82.5999	117
82.7186	118
82.8268	119
82.9277	120
83.0233	121
83.11	122
83.194	123
83.2739	124
83.3506	125
83.4236	126
83.4924	127
83.5607	128
83.5822	88
83.7854	89
83.7865	90
83.7886	91
83.8033	92
83.8443	93
83.8852	94
83.9299	95
83.9745	96
84.0176	97
84.0623	98
84.1095	99
84.1563	100
84.2041	101
84.2561	102
84.305	103
84.3591	104
84.4116	105
84.4657	106
84.523	107
84.5823	108
84.6428	109
84.7032	110
84.7688	111
84.8356	112
84.9054	113
84.979	114
85.0546	115
85.1355	116
85.218	117
85.3068	118
85.4019	119
85.5027	120
85.612	121
85.7286	122
85.8594	123
86.0049	124
86.1704	125
86.3685	126
86.6159	127
86.9684	128
89.6828	129
90.0353	130
90.2832	131
90.4813	132
90.6468	133
90.7912	134
90.9221	135
91.0408	136
91.1485	137
91.2488	138
91.3434	139
91.4327	140
91.5162	141
91.5966	142
91.6722	143
91.7458	144
91.7988	99
92.0509	100
92.0519	101
92.054	102
92.0608	103
92.0976	104
92.1354	105
92.1743	106
92.2163	107
92.2547	108
92.2957	109
92.3377	110
92.3824	111
92.4239	112
92.468	113
92.5126	114
92.5615	115
92.6088	116
92.6576	117
92.7054	118
92.7559	119
92.8089	120
92.863	121
92.9182	122
92.9739	123
93.0322	124
93.0926	125
93.1577	126
93.2213	127
93.2891	128
93.3568	129
93.4293	130
93.5066	131
93.5854	132
93.6689	133
93.7577	134
93.8533	135
93.9547	136
94.0629	137
94.18	138
94.3114	139
94.4569	140
94.6234	141
94.8198	142
95.0667	143
95.4207	144
98.1341	145
98.4861	146
98.7351	147
98.9315	148
99.0975	149
99.2431	150
99.3739	151
99.491	152
99.5998	153
99.7006	154
99.7962	155
99.8845	156
99.9685	157
100.047	158
100.124	159
100.198	160
100.267	161
100.29	111
100.549	112
100.551	113
100.552	114
100.554	115
100.586	116
100.62	117
100.656	118
100.692	119
100.73	120
100.767	121
100.806	122
100.845	123
100.885	124
100.925	125
100.966	126
101.009	127
101.051	128
101.095	129
101.139	130
101.185	131
101.231	132
101.279	133
101.328	134
101.376	135
101.428	136
101.479	137
101.532	138
101.589	139
101.644	140
101.704	141
101.764	142
101.826	143
101.891	144
101.95	99
102.11	100
102.112	101
102.124	102
102.185	103
102.248	104
102.312	105
102.38	106
102.448	107
102.521	108
102.597	109
102.678	110
102.761	111
102.849	112
102.945	113
103.045	114
103.154	115
103.272	116
103.402	117
103.547	118
103.714	119
103.911	120
104.16	121
104.511	122
107.227	123
107.579	124
107.826	125
108.023	126
108.189	127
108.334	128
108.464	129
108.582	130
108.693	131
108.793	132
108.888	133
108.977	134
109.059	135
109.139	136
109.216	137
109.29	138
109.358	139
109.426	140
109.458	96
109.704	97
109.706	98
109.708	99
109.714	100
109.752	101
109.791	102
109.831	103
109.871	104
109.912	105
109.955	106
109.999	107
110.042	108
110.085	109
110.13	110
110.177	111
110.224	112
110.273	113
110.323	114
110.372	115
110.426	116
110.479	117
110.535	118
110.592	119
110.649	120
110.709	121
110.772	122
110.839	123
110.905	124
110.973	125
111.048	126
111.123	127
111.205	128
111.286	129
111.377	130
111.471	131
111.57	132
111.681	133
111.798	134
111.927	135
112.072	136
112.24	137
112.438	138
112.685	139
113.036	140
115.751	141
116.104	142
116.352	143
116.548	144
116.714	145
116.861	146
116.99	147
117.108	148
117.217	149
117.318	150
117.413	151
117.501	152
117.586	153
117.665	154
117.741	155
117.814	156
117.884	157
117.952	158
118.016	159
118.078	160
118.11	110
118.364	111
118.365	112
118.367	113
118.369	114
118.399	115
118.435	116
118.47	117
118.507	118
118.545	119
118.583	120
118.621	121
118.659	122
118.699	123
118.739	124
118.782	125
118.823	126
118.865	127
118.91	128
118.954	129
119	130
119.046	131
119.092	132
119.141	133
119.19	134
119.241	135
119.293	136
119.347	137
119.402	138
119.46	139
119.519	140
119.578	141
119.641	142
119.706	143
119.773	144
119.843	145
119.916	146
119.991	147
120.072	148
120.156	149
120.244	150
120.329	103
120.534	104
120.536	105
120.544	106
120.602	107
120.662	108
120.727	109
120.79	110
120.858	111
120.927	112
121.001	113
121.078	114
121.156	115
121.241	116
121.329	117
121.425	118
121.524	119
121.633	120
121.752	121
121.881	122
122.026	123
122.194	124
122.391	125
122.639	126
122.746	86
122.961	87
122.963	88
122.982	89
123.048	90
123.115	91
123.185	92
123.259	93
123.335	94
123.413	95
123.498	96
123.588	97
123.681	98
123.78	99
123.892	100
124.01	101
124.139	102
124.283	103
124.449	104
124.646	105
124.894	106
125.249	107
127.961	108
128.314	109
128.561	110
128.761	111
128.924	112
129.071	113
129.2	114
129.318	115
129.428	116
129.529	117
129.625	118
129.65	81
129.886	82
129.887	83
129.89	84
129.91	85
129.954	86
129.999	87
130.045	88
130.092	89
130.137	90
130.186	91
130.237	92
130.287	93
130.34	94
130.393	95
130.449	96
130.504	97
130.565	98
130.623	99
130.686	100
130.75	101
130.818	102
130.888	103
130.96	104
131.036	105
131.116	106
131.201	107
131.29	108
131.384	109
131.486	110
131.593	111
131.712	112
131.841	113
131.989	114
132.154	115
132.352	116
132.597	117
132.949	118
135.666	119
136.018	120
136.264	121
136.462	122
136.628	123
136.774	124
136.904	125
137.023	126
137.132	127
137.231	128
137.327	129
137.415	130
137.491	89
137.731	90
137.732	91
137.735	92
137.748	93
137.788	94
137.828	95
137.88	96
137.913	97
137.956	98
138.001	99
138.046	100
138.094	101
138.14	102
138.19	103
138.237	104
138.289	105
138.341	106
138.396	107
138.45	108
138.507	109
138.565	110
138.627	111
138.69	112
138.753	113
138.822	114
138.89	115
138.963	116
139.039	117
139.118	118
139.203	119
139.293	120
139.385	121
139.488	122
139.595	123
139.715	124
139.843	125
139.988	126
140.155	127
140.353	128
140.6	129
140.954	130
143.668	131
144.02	132
144.267	133
144.464	134
144.631	135
144.776	136
144.907	137
145.024	138
145.133	139
145.235	140
145.328	141
145.417	142
145.502	143
145.582	144
145.657	145
145.729	146
145.801	147
145.866	148
145.888	102
146.165	103
146.166	104
146.168	105
146.171	106
146.21	107
146.247	108
146.286	109
146.325	110
146.364	111
146.404	112
146.445	113
146.487	114
146.533	115
146.575	116
146.619	117
146.663	118
146.71	119
146.757	120
146.807	121
146.856	122
146.907	123
146.958	124
147.013	125
147.067	126
147.123	127
147.184	128
147.243	129
147.306	130
147.369	131
147.437	132
147.507	133
147.58	134
147.656	135
147.736	136
147.82	137
147.909	138
148.002	139
148.105	140
148.214	141
148.33	142
148.462	143
148.607	144
148.773	145
148.97	146
149.218	147
149.571	148
152.284	149
152.636	150
152.884	151
153.082	152
153.248	153
153.393	154
153.524	155
153.641	156
153.751	157
153.852	158
153.945	159
154.035	160
154.118	161
154.198	162
154.275	163
154.347	164
154.416	165
154.483	166
154.525	114
154.783	115
154.784	116
154.786	117
154.788	118
154.816	119
154.85	120
154.884	121
154.921	122
154.956	123
154.993	124
155.033	125
155.068	126
155.107	127
155.145	128
155.186	129
155.225	130
155.267	131
155.309	132
155.352	133
155.394	134
155.44	135
155.484	136
155.53	137
155.578	138
155.627	139
155.676	140
155.726	141
155.779	142
155.832	143
155.889	144
155.946	145
156.003	146
156.065	147
156.126	148
156.141	101
156.296	102
156.298	103
156.307	104
156.365	105
156.424	106
156.488	107
156.553	108
156.62	109
156.69	110
156.762	111
156.838	112
156.917	113
157.003	114
157.092	115
157.185	116
157.286	117
157.395	118
157.512	119
157.643	120
157.789	121
157.954	122
158.152	123
158.399	124
158.753	125
161.466	126
161.819	127
162.067	128
162.263	129
162.431	130
162.575	131
162.706	132
162.824	133
162.933	134
163.034	135
163.129	136
163.218	137
163.301	138
163.38	139
163.458	140
163.529	141
163.598	142
163.667	143
163.731	144
163.794	145
163.854	146
163.913	147
163.97	148
164.025	149
164.078	150
164.13	151
164.181	152
164.23	153
164.28	154
164.328	155
164.374	156
164.401	107
164.654	108
164.655	109
164.656	110
164.658	111
164.692	112
164.728	113
164.763	114
164.8	115
164.839	116
164.877	117
164.916	118
164.956	119
164.997	120
165.037	121
165.08	122
165.122	123
165.167	124
165.209	125
165.255	126
165.302	127
165.349	128
165.397	129
165.447	130
165.499	131
165.551	132
165.603	133
165.659	134
165.715	135
165.774	136
165.835	137
165.898	138
165.962	139
166.031	140
166.1	141
166.225	142
166.329	143
166.412	144
166.5	145
166.594	146
166.675	147
166.807	148
166.899	149
167.048	150
167.199	151
167.277	152
167.372	105
167.572	106
167.574	107
167.642	108
167.694	109
167.764	110
167.828	111
167.895	112
167.959	113
168.039	114
168.115	115
168.174	116
168.279	117
168.337	118
168.447	119
168.563	120
168.627	121
168.756	122
168.886	123
169.018	124
169.151	125
169.284	126
169.428	127
169.675	128
170.029	129
172.743	130
173.095	131
173.343	132
173.54	133
173.707	134
173.851	135
173.982	136
174.099	137
174.209	138
174.309	139
174.405	140
174.493	141
174.578	142
174.656	143
174.733	144
174.805	145
174.875	146
174.942	147
175.008	148
175.069	149
175.131	150
175.188	151
175.246	152
175.3	153
175.353	154
175.367	106
175.61	107
175.611	108
175.613	109
175.615	110
175.649	111
175.687	112
175.723	113
175.762	114
175.8	115
175.838	116
175.878	117
175.919	118
175.959	119
176.001	120
176.044	121
176.087	122
176.131	123
176.177	124
176.224	125
176.271	126
176.319	127
176.369	128
176.421	129
176.473	130
176.527	131
176.64	132
176.696	133
176.757	134
176.819	135
176.884	136
176.951	137
177.02	138
177.095	139
177.172	140
177.249	141
177.334	142
177.423	143
177.517	144
177.604	145
177.727	146
177.829	147
177.974	148
178.054	149
178.202	150
178.353	151
178.507	152
178.731	153
178.89	105
179.041	106
179.064	107
179.066	108
179.105	109
179.165	110
179.226	111
179.345	112
179.419	113
179.49	114
179.561	115
179.638	116
179.717	117
179.801	118
179.889	119
179.967	120
180.086	121
180.191	122
180.313	123
180.414	124
180.562	125
180.709	126
180.856	127
181.005	128
181.199	129
181.55	130
184.266	131
184.619	132
184.865	133
185.063	134
185.23	135
185.374	136
185.504	137
185.623	138
185.73	139
185.833	140
185.926	141
185.934	97
186.171	98
186.173	99
186.176	100
186.182	101
186.227	102
186.258	103
186.299	104
186.341	105
186.379	106
186.422	107
186.464	108
186.509	109
186.554	110
186.599	111
186.645	112
186.692	113
186.74	114
186.789	115
186.841	116
186.895	117
186.948	118
186.953	81
187.188	82
187.189	83
187.219	84
187.287	85
187.362	86
187.437	87
187.519	88
187.602	89
187.69	90
187.784	91
187.885	92
187.999	62
188.15	63
188.184	64
188.197	65
188.285	66
188.361	67
188.45	68
188.546	69
188.645	70
188.756	71
188.873	72
189.002	73
189.15	74
189.315	75
189.513	76
189.761	77
190.112	78
192.825	79
193.178	80
193.426	81
193.622	82
193.793	83
193.934	84
194.065	85
194.183	86
194.294	87
194.393	88
194.488	89
194.576	90
194.662	91
194.739	92
194.815	93
194.889	94
194.96	95
195.027	96
195.092	97
195.154	98
195.214	99
195.273	100
195.329	101
195.385	102
195.437	103
195.491	104
195.541	105
195.589	106
195.638	107
195.685	108
195.734	109
195.779	74
195.947	75
195.949	76
195.951	77
195.976	78
196.021	79
196.067	80
196.116	81
196.165	82
196.213	83
196.265	84
196.317	85
196.37	86
196.425	87
196.482	88
196.542	89
196.602	90
196.663	91
196.729	92
196.797	93
196.866	94
196.939	95
197.013	96
197.094	97
197.178	98
197.268	99
197.362	100
197.461	101
197.573	102
197.689	103
197.818	104
197.966	105
198.131	106
198.329	107
198.576	108
198.928	109
201.643	110
201.995	111
202.244	112
202.44	113
202.608	114
202.666	78
202.827	79
202.828	80
202.83	81
202.854	82
202.899	83
202.943	84
202.99	85
203.036	86
203.086	87
203.136	88
203.187	89
203.239	90
203.292	91
203.346	92
203.404	93
203.464	94
203.523	95
203.585	96
203.651	97
203.718	98
203.788	99
203.86	100
203.936	101
204.017	102
204.1	103
204.19	104
204.282	105
204.384	106
204.493	107
204.612	108
204.741	109
204.886	110
205.053	111
205.25	112
205.497	113
205.85	114
208.566	115
208.918	116
209.164	117
209.361	118
209.369	81
209.526	82
209.528	83
209.53	84
209.55	85
209.595	86
209.638	87
209.684	88
209.73	89
209.777	90
209.826	91
209.876	92
209.926	93
209.98	94
210.034	95
210.088	96
210.144	97
210.203	98
210.263	99
210.325	100
210.39	101
210.458	102
210.527	103
210.599	104
210.677	105
210.758	106
210.839	107
210.929	108
211.022	109
211.125	110
211.234	111
211.351	112
211.481	113
211.626	114
211.792	115
211.99	116
212.238	117
212.59	118
215.304	119
215.657	120
215.905	121
215.933	83
216.112	84
216.116	85
216.118	86
216.134	87
216.177	88
216.221	89
216.266	90
216.322	91
216.356	92
216.406	93
216.455	94
216.504	95
216.56	96
216.605	97
216.659	98
216.716	99
216.771	100
216.83	101
216.891	102
216.952	103
217.017	104
217.084	105
217.153	106
217.229	107
217.303	108
217.383	109
217.467	110
217.555	111
217.649	112
217.752	113
217.859	114
217.978	115
218.11	116
218.255	117
218.42	118
218.617	119
218.864	120
219.217	121
221.932	122
222.285	123
222.532	124
222.729	125
222.895	126
223.04	127
223.171	128
223.288	129
223.396	130
223.5	131
223.586	90
223.85	91
223.852	92
223.858	93
223.865	94
223.905	95
223.947	96
223.99	97
224.032	98
224.075	99
224.119	100
224.165	101
224.21	102
224.261	103
224.308	104
224.356	105
224.41	106
224.46	107
224.514	108
224.569	109
224.625	110
224.684	111
224.745	112
224.806	113
224.871	114
224.94	115
225.01	116
225.081	117
225.158	118
225.237	119
225.322	120
225.409	121
225.505	122
225.605	123
225.714	124
225.832	125
225.963	126
226.107	127
226.275	128
226.425	88
226.58	89
226.582	90
226.607	91
226.683	92
226.743	93
226.816	94
226.892	95
226.973	96
227.057	97
227.144	98
227.239	99
227.339	100
227.449	101
227.568	102
227.697	103
227.843	104
228.01	105
228.205	106
228.454	107
228.806	108
231.521	109
231.874	110
232.121	111
232.318	112
232.483	113
232.63	114
232.76	115
232.877	116
232.987	117
233.089	118
233.181	119
233.271	120
233.356	121
233.434	122
233.509	123
233.583	124
233.654	125
233.719	126
233.785	127
233.848	128
233.907	129
233.965	130
234.023	131
234.078	132
234.132	133
234.183	134
234.234	135
234.284	136
234.334	137
234.342	94
234.6	95
234.602	96
234.607	97
234.613	98
234.652	99
234.691	100
234.732	101
234.773	102
234.815	103
234.857	104
234.901	105
234.945	106
234.991	107
235.036	108
235.085	109
235.132	110
235.184	111
235.233	112
235.285	113
235.338	114
235.394	115
235.451	116
235.51	117
235.57	118
235.632	119
235.697	120
235.766	121
235.834	122
235.907	123
235.984	124
236.062	125
236.147	126
236.235	127
236.331	128
236.432	129
236.54	130
236.659	131
236.787	132
236.933	133
237.099	134
237.297	135
237.545	136
237.898	137
240.612	138
240.963	139
241.211	140
241.409	141
241.575	142
241.72	143
241.85	144
241.968	145
242.077	146
242.177	147
242.272	148
242.361	149
242.445	150
242.524	151
242.602	152
242.674	153
242.744	154
242.811	155
242.876	156
242.938	157
242.998	158
243.058	109
243.309	110
243.31	111
243.311	112
243.312	113
243.346	114
243.382	115
243.419	116
243.457	117
243.494	118
243.532	119
243.571	120
243.611	121
243.652	122
243.692	123
243.735	124
243.776	125
243.821	126
243.867	127
243.911	128
243.958	129
244.004	130
244.052	131
244.102	132
244.152	133
244.206	134
244.258	135
244.315	136
244.372	137
244.412	94
244.66	95
244.661	96
244.68	97
244.741	98
244.805	99
244.872	100
244.943	101
245.015	102
245.091	103
245.171	104
245.254	105
245.344	106
245.439	107
245.538	108
245.648	109
245.766	110
245.897	111
246.04	112
246.207	113
246.406	114
246.651	115
246.872	79
247.058	80
247.06	81
247.094	82
247.171	83
247.243	84
247.322	85
247.41	86
247.497	87
247.591	88
247.691	89
247.8	90
247.917	91
248.049	92
248.192	93
248.359	94
248.557	95
248.804	96
249.157	97
251.871	98
252.223	99
252.472	100
252.669	101
252.834	102
252.98	103
253.111	104
253.228	105
253.338	106
253.437	107
253.534	108
253.621	109
253.707	110
253.785	111
253.861	112
253.934	113
253.971	77
254.208	78
254.209	79
254.212	80
254.253	81
254.279	82
254.325	83
254.37	84
254.419	85
254.478	86
254.515	87
254.566	88
254.621	89
254.672	90
254.728	91
254.786	92
254.845	93
254.903	94
254.966	95
255.031	96
255.098	97
255.168	98
255.24	99
255.318	100
255.396	101
255.481	102
255.569	103
255.665	104
255.765	105
255.873	106
255.991	107
256.123	108
256.266	109
256.433	110
256.63	111
256.877	112
257.231	113
259.693	77
259.843	78
259.871	79
259.875	80
259.877	81
259.913	82
259.96	83
260.006	84
260.055	85
260.102	86
260.152	87
260.202	88
260.255	89
260.307	90
260.364	91
260.42	92
260.48	93
260.541	94
260.603	95
260.667	96
260.733	97
260.805	98
260.876	99
260.954	100
260.979	68
261.138	69
261.14	70
261.181	71
261.255	72
261.335	73
261.42	74
261.507	75
261.602	76
261.704	77
261.812	78
261.93	79
262.06	80
262.208	81
262.373	82
262.57	83
262.818	84
263.17	85
265.886	86
266.238	87
266.486	88
266.683	89
266.85	90
266.993	91
267.124	92
267.24	93
267.352	94
267.453	95
267.547	96
267.634	97
267.718	98
267.8	99
267.873	100
267.946	101
268.017	102
268.083	103
268.148	104
268.212	105
268.272	106
268.33	107
268.388	108
268.445	74
268.656	75
268.657	76
268.66	77
268.688	78
268.736	79
268.784	80
268.83	81
268.88	82
268.933	83
268.986	84
269.039	85
269.094	86
269.149	87
269.209	88
269.27	89
269.332	90
269.395	91
269.462	92
269.532	93
269.605	94
269.681	95
269.762	96
269.844	97
269.937	98
270.03	99
270.129	100
270.237	101
270.356	102
270.487	103
270.632	104
270.798	105
270.994	106
271.243	107
271.594	108
274.309	109
274.663	110
274.908	111
274.971	76
275.156	77
275.157	78
275.16	79
275.186	80
275.254	81
275.277	82
275.324	83
275.375	84
275.423	85
275.475	86
275.526	87
275.579	88
275.634	89
275.692	90
275.75	91
275.81	92
275.872	93
275.936	94
276.006	95
276.074	96
276.147	97
276.222	98
276.303	99
276.387	100
276.476	101
276.572	102
276.67	103
276.78	104
276.897	105
277.028	106
277.173	107
277.339	108
277.538	109
277.784	110
278.137	111
280.851	112
281.204	113
281.441	77
282.437	1
282.839	2
282.94	3
283.042	4
283.143	5
283.146	6
283.245	7
283.247	8
283.249	9
283.347	10
283.35	11
283.351	12
283.353	13
283.448	14
283.449	15
283.452	16
283.453	17
283.454	18
283.457	19
283.55	20
283.551	21
283.552	22
283.555	23
283.556	24
283.558	25
283.559	26
283.561	27
283.563	28
283.651	29
283.652	30
283.654	31
283.655	32
283.657	33
283.659	34
283.661	35
283.662	36
283.664	37
283.665	38
283.667	39
283.669	40
283.671	41
283.672	42
283.753	43
283.754	44
283.756	45
283.758	46
283.759	47
283.76	48
283.762	49
283.764	50
283.765	51
283.767	52
283.769	53
283.771	54
283.773	55
283.774	56
283.775	57
283.777	58
283.779	59
283.78	60
283.782	61
283.784	62
283.785	63
283.855	64
283.856	65
283.857	66
283.86	67
283.862	68
283.863	69
283.865	70
283.866	71
283.868	72
283.87	73
283.872	74
283.873	75
283.874	76
283.877	77
283.878	78
283.88	79
283.882	80
283.883	81
283.885	82
283.887	83
283.888	84
283.89	85
283.892	86
283.893	87
283.895	88
283.896	89
283.898	90
283.901	91
283.903	92
283.904	93
283.905	94
283.956	95
283.958	96
283.959	97
283.961	98
283.962	99
283.964	100
283.966	101
283.968	102
283.97	103
283.972	104
283.973	105
283.975	106
283.977	107
283.978	108
283.98	109
283.982	110
283.984	111
283.985	112
283.987	113
283.988	114
283.99	115
283.993	116
283.994	117
283.996	118
283.998	119
283.999	120
284.001	121
284.003	122
284.004	123
284.006	124
284.007	125
284.009	126
284.011	127
284.014	128
284.015	129
284.017	130
284.018	131
284.02	132
284.021	133
284.024	134
284.025	135
284.027	136
284.03	137
284.031	138
284.033	139
284.035	140
284.037	141
284.074	142
284.076	143
284.078	144
284.08	145
284.082	146
284.083	147
284.084	148
284.088	149
284.089	150
284.091	151
284.093	152
284.095	153
284.097	154
284.099	155
284.1	156
284.102	157
284.104	158
284.105	159
284.108	160
284.11	161
284.111	162
284.114	163
284.117	164
284.118	165
284.121	166
284.122	167
284.123	168
284.125	169
284.127	170
284.129	171
284.131	172
284.133	173
284.135	174
284.136	175
284.139	176
284.141	177
284.143	178
284.145	179
284.146	180
284.148	181
284.151	182
284.152	183
284.154	184
284.156	185
284.157	186
284.16	187
284.162	188
284.163	189
284.169	130
284.456	131
284.458	132
284.47	133
284.474	134
284.476	135
284.505	136
284.537	137
284.568	138
284.606	139
284.635	140
284.667	141
284.703	142
284.737	143
284.773	144
284.808	145
284.842	146
284.881	147
284.916	148
284.956	149
284.995	150
285.032	151
285.071	152
285.112	153
285.152	154
285.196	155
285.231	107
285.389	108
285.39	109
285.394	110
285.453	111
285.514	112
285.576	113
285.642	114
285.709	115
285.778	116
285.853	117
285.932	118
286.007	119
286.092	120
286.18	121
286.276	122
286.374	123
286.483	124
286.603	125
286.733	126
286.877	127
287.044	128
287.241	129
287.488	130
287.841	131
290.557	132
290.908	133
291.157	134
291.352	135
291.519	136
291.665	137
291.794	138
291.912	139
292.022	140
292.123	141
292.217	142
292.306	143
292.389	144
292.47	145
292.547	146
292.618	147
292.689	148
292.756	149
292.82	150
292.882	151
292.944	152
293.002	153
293.058	154
293.113	155
293.166	156
293.219	157
293.269	158
293.32	159
293.367	160
293.415	161
293.462	162
293.478	112
293.715	113
293.716	114
293.718	115
293.721	116
293.747	117
293.784	118
293.819	119
293.856	120
293.894	121
293.931	122
293.969	123
294.009	124
294.049	125
294.088	126
294.131	127
294.171	128
294.214	129
294.257	130
294.302	131
294.347	132
294.395	133
294.441	134
294.491	135
294.541	136
294.589	137
294.644	138
294.697	139
294.751	140
294.808	141
294.867	142
294.927	143
294.99	144
295.054	145
295.121	146
295.191	147
295.264	148
295.34	149
295.421	150
295.504	151
295.593	152
295.686	153
295.788	154
295.898	155
296.015	156
296.145	157
296.29	158
296.456	159
296.653	160
296.901	161
297.254	162
299.968	163
300.321	164
300.569	165
300.765	166
300.933	167
301.077	168
301.208	169
301.326	170
301.434	171
301.535	172
301.629	173
301.719	174
301.802	175
301.883	176
301.958	177
302.031	178
302.101	179
302.168	180
302.233	181
302.279	125
302.517	126
302.519	127
302.52	128
302.522	129
302.539	130
302.573	131
302.605	132
302.639	133
302.675	134
302.707	135
302.742	136
302.778	137
302.813	138
302.85	139
302.887	140
302.925	141
302.963	142
303.002	143
303.043	144
303.084	145
303.124	146
303.165	147
303.208	148
303.253	149
303.297	150
303.341	151
303.388	152
303.435	153
303.485	154
303.535	155
303.585	156
303.605	107
303.857	108
303.858	109
303.902	110
303.988	111
304.04	112
304.101	113
304.166	114
304.233	115
304.297	116
304.376	117
304.452	118
304.532	119
304.605	120
304.706	121
304.789	122
304.901	123
304.981	124
305.11	125
305.242	126
305.374	127
305.508	128
305.644	129
305.783	130
306.014	131
306.367	132
309.082	133
309.434	134
309.682	135
309.879	136
310.046	137
310.19	138
310.32	139
310.439	140
310.548	141
310.648	142
310.743	143
310.832	144
310.916	145
310.994	146
311.071	147
311.144	148
311.214	149
311.28	150
311.346	151
311.409	152
311.439	105
311.699	106
311.7	107
311.717	108
311.719	109
311.74	110
311.776	111
311.825	112
311.853	113
311.893	114
311.937	115
311.973	116
312.013	117
312.056	118
312.099	119
312.141	120
312.186	121
312.232	122
312.277	123
312.325	124
312.373	125
312.422	126
312.473	127
312.528	128
312.579	129
312.635	130
312.692	131
312.751	132
312.812	133
312.873	134
312.938	135
313.03	136
313.147	137
313.224	138
313.303	139
313.387	140
313.465	141
313.571	142
313.671	143
313.762	144
313.899	145
313.987	146
314.134	147
314.283	148
314.432	149
314.583	150
314.784	151
315.137	152
317.852	153
318.205	154
318.453	155
318.649	156
318.815	157
318.96	158
319.091	159
319.209	160
319.318	161
319.419	162
319.514	163
319.603	164
319.686	165
319.765	166
319.843	167
319.915	168
319.932	116
320.084	117
320.104	118
320.106	119
320.108	120
320.115	121
320.149	122
320.186	123
320.22	124
320.256	125
320.293	126
320.329	127
320.368	128
320.407	129
320.445	130
320.485	131
320.526	132
320.567	133
320.609	134
320.651	135
320.695	136
320.738	137
320.785	138
320.832	139
320.879	140
320.926	141
320.977	142
321.028	143
321.08	144
321.133	145
321.188	146
321.245	147
321.304	148
321.365	149
321.491	150
321.524	103
321.697	104
321.699	105
321.739	106
321.827	107
321.889	108
321.953	109
322.021	110
322.091	111
322.158	112
322.24	113
322.319	114
322.403	115
322.492	116
322.585	117
322.664	118
322.797	119
322.886	120
323.035	121
323.183	122
323.33	123
323.478	124
323.627	125
323.801	126
324.153	127
326.867	128
327.22	129
327.469	130
327.664	131
327.832	132
327.975	133
328.107	134
328.225	135
328.333	136
328.396	93
328.557	94
328.558	95
328.56	96
328.569	97
328.608	98
328.649	99
328.689	100
328.729	101
328.771	102
328.813	103
328.857	104
328.902	105
328.948	106
328.994	107
329.041	108
329.09	109
329.138	110
329.19	111
329.243	112
329.296	113
329.352	114
329.408	115
329.466	116
329.528	117
329.59	118
329.653	119
329.721	120
329.791	121
329.864	122
329.94	123
330.019	124
330.104	125
330.193	126
330.287	127
330.388	128
330.498	129
330.616	130
330.745	131
330.89	132
331.056	133
331.253	134
331.501	135
331.854	136
332.567	93
332.704	94
332.725	95
332.727	96
332.729	97
332.754	98
332.795	99
332.834	100
332.875	101
332.919	102
332.961	103
333.003	104
333.049	105
333.095	106
333.139	107
333.188	108
333.235	109
333.285	110
333.337	111
333.389	112
333.442	113
333.497	114
333.554	115
333.613	116
333.673	117
333.735	118
333.802	119
333.867	120
333.973	121
334.085	122
334.165	123
334.251	124
334.339	125
334.416	126
334.536	127
334.642	128
334.719	129
334.87	130
335.018	131
335.167	132
335.319	133
335.473	134
335.48	92
335.632	93
335.66	94
335.712	95
335.785	96
335.855	97
335.929	98
335.993	99
336.083	100
336.168	101
336.235	102
336.351	103
336.419	104
336.544	105
336.673	106
336.801	107
336.93	108
337.06	109
337.194	110
337.327	111
337.567	112
337.918	113
340.633	114
340.986	115
341.232	116
341.431	117
341.596	118
341.741	119
341.872	120
341.989	121
342.098	122
342.199	123
342.294	124
342.382	125
342.467	126
342.549	127
342.623	128
342.695	129
342.766	130
342.833	131
342.896	132
342.959	133
343.02	134
343.078	135
343.136	136
343.19	137
343.244	138
343.297	139
343.348	140
343.397	141
343.444	97
343.626	98
343.627	99
343.628	100
343.636	101
343.674	102
343.72	103
343.754	104
343.794	105
343.835	106
343.878	107
343.921	108
343.962	109
344.007	110
344.052	111
344.1	112
344.146	113
344.195	114
344.245	115
344.295	116
344.347	117
344.449	118
344.521	119
344.585	120
344.657	121
344.722	122
344.797	123
344.863	124
344.938	125
345.005	126
345.082	127
345.15	128
345.227	129
345.297	130
345.392	131
345.492	132
345.599	133
345.72	134
345.825	135
345.975	136
346.123	137
346.271	138
346.421	139
346.605	140
346.959	141
349.672	142
350.027	143
350.274	144
350.47	145
350.636	146
350.782	147
350.912	148
351.03	149
351.14	150
351.241	151
351.335	152
351.424	153
351.507	154
351.588	155
351.663	156
351.735	157
351.805	158
351.873	159
351.937	160
352	161
352.06	162
352.096	112
352.284	113
352.285	114
352.287	115
352.288	116
352.32	117
352.365	118
352.391	119
352.427	120
352.465	121
352.503	122
352.542	123
352.579	124
352.621	125
352.66	126
352.701	127
352.742	128
352.786	129
352.83	130
352.873	131
352.918	132
352.965	133
353.013	134
353.062	135
353.111	136
353.163	137
353.214	138
353.267	139
353.323	140
353.407	141
353.498	142
353.56	143
353.625	144
353.692	145
353.762	146
353.836	147
353.911	148
353.991	149
354.075	150
354.165	151
354.257	152
354.341	153
354.468	154
354.564	155
354.711	156
354.86	157
355.01	158
355.159	159
355.309	160
355.472	161
355.826	162
358.54	163
358.892	164
359.14	165
359.336	166
359.503	167
359.649	168
359.778	169
359.897	170
360.006	171
360.106	172
360.2	173
360.289	174
360.373	175
360.453	176
360.53	177
360.603	178
360.671	179
360.739	180
360.761	124
361.03	125
361.031	126
361.033	127
361.034	128
361.055	129
361.088	130
361.121	131
361.156	132
361.188	133
361.223	134
361.258	135
361.294	136
361.329	137
361.366	138
361.403	139
361.441	140
361.48	141
361.519	142
361.557	143
361.598	144
361.639	145
361.682	146
361.724	147
361.768	148
361.813	149
361.858	150
361.904	151
361.951	152
362	153
362.101	154
362.153	155
362.224	156
362.3	157
362.326	108
362.477	109
362.499	110
362.531	111
362.6	112
362.66	113
362.722	114
362.787	115
362.853	116
362.923	117
362.996	118
363.072	119
363.148	120
363.236	121
363.325	122
363.42	123
363.507	124
363.629	125
363.729	126
363.877	127
363.952	128
364.099	129
364.249	130
364.396	131
364.634	132
364.987	133
367.701	134
368.054	135
368.302	136
368.498	137
368.664	138
368.81	139
368.94	140
369.059	141
369.167	142
369.268	143
369.362	144
369.427	99
369.593	100
369.594	101
369.596	102
369.602	103
369.639	104
369.678	105
369.716	106
369.756	107
369.796	108
369.838	109
369.88	110
369.922	111
369.966	112
370.009	113
370.056	114
370.103	115
370.15	116
370.197	117
370.246	118
370.299	119
370.35	120
370.404	121
370.459	122
370.516	123
370.575	124
370.634	125
370.697	126
370.763	127
370.83	128
370.9	129
370.972	130
371.048	131
371.128	132
371.211	133
371.3	134
371.396	135
371.495	136
371.604	137
371.723	138
371.853	139
371.998	140
372.165	141
372.361	142
372.61	143
372.963	144
375.677	145
376.028	146
376.276	147
376.473	148
376.639	149
376.785	150
376.914	151
377.034	152
377.142	153
377.242	154
377.337	155
377.427	156
377.511	157
377.59	158
377.666	159
377.739	160
377.752	110
377.893	111
377.915	112
377.916	113
377.917	114
377.928	115
377.964	116
378.001	117
378.036	118
378.074	119
378.112	120
378.15	121
378.19	122
378.23	123
378.269	124
378.311	125
378.353	126
378.394	127
378.439	128
378.482	129
378.529	130
378.575	131
378.622	132
378.67	133
378.722	134
378.772	135
378.822	136
378.879	137
378.932	138
378.988	139
379.047	140
379.109	141
379.17	142
379.235	143
379.303	144
379.371	145
379.444	146
379.52	147
379.616	148
379.681	102
379.92	103
379.921	104
379.995	105
380.056	106
380.122	107
380.187	108
380.259	109
380.331	110
380.407	111
380.488	112
380.561	113
380.659	114
380.755	115
380.819	116
380.95	117
381.082	118
381.152	119
381.286	120
381.421	121
381.559	122
381.72	123
381.969	124
382.32	125
385.035	126
385.388	127
385.635	128
385.832	129
385.999	130
386.145	131
386.274	132
386.393	133
386.502	134
386.603	135
386.697	136
386.785	137
386.868	138
386.949	139
387.024	140
387.099	141
387.168	142
387.234	143
387.299	144
387.362	145
387.422	146
387.48	147
387.537	148
387.594	149
387.629	102
387.865	103
387.866	104
387.868	105
387.871	106
387.906	107
387.944	108
387.982	109
388.02	110
388.058	111
388.098	112
388.14	113
388.181	114
388.222	115
388.264	116
388.308	117
388.354	118
388.398	119
388.444	120
388.491	121
388.542	122
388.589	123
388.641	124
388.694	125
388.747	126
388.824	127
388.918	128
388.978	129
389.041	130
389.107	131
389.178	132
389.249	133
389.323	134
389.398	135
389.471	136
389.554	137
389.642	138
389.737	139
389.839	140
389.923	141
390.065	142
390.146	143
390.296	144
390.447	145
390.598	146
390.751	147
390.951	148
391.303	149
394.018	150
394.372	151
394.62	152
394.816	153
394.983	154
395.128	155
395.258	156
395.375	157
395.484	158
395.585	159
395.681	160
395.769	161
395.853	162
395.933	163
396.009	164
396.081	165
396.151	166
396.219	167
396.284	168
396.313	116
396.504	117
396.505	118
396.507	119
396.509	120
396.536	121
396.57	122
396.605	123
396.64	124
396.678	125
396.715	126
396.75	127
396.789	128
396.827	129
396.866	130
396.907	131
396.946	132
396.986	133
397.028	134
397.072	135
397.116	136
397.159	137
397.205	138
397.251	139
397.299	140
397.347	141
397.396	142
397.447	143
397.5	144
397.59	145
397.665	146
397.742	147
397.817	148
397.894	149
397.969	150
398.044	151
398.119	152
398.197	153
398.247	154
398.323	155
398.401	156
398.441	107
398.667	108
398.674	109
398.732	110
398.788	111
398.845	112
398.912	113
398.976	114
399.045	115
399.113	116
399.183	117
399.264	118
399.343	119
399.426	120
399.501	121
399.61	122
399.699	123
399.82	124
399.898	125
400.033	126
400.169	127
400.306	128
400.444	129
400.585	130
400.824	131
401.176	132
403.892	133
404.244	134
404.493	135
404.689	136
404.856	137
405.001	138
405.129	139
405.248	140
405.358	141
405.458	142
405.553	143
405.64	144
405.724	145
405.805	146
405.881	147
405.953	148
406.024	149
406.09	150
406.155	151
406.218	152
406.279	153
406.336	154
406.394	155
406.449	156
406.502	157
406.554	158
406.605	159
406.654	160
406.663	110
406.927	111
406.928	112
406.93	113
406.942	114
406.963	115
406.998	116
407.035	117
407.071	118
407.108	119
407.146	120
407.185	121
407.223	122
407.264	123
407.304	124
407.343	125
407.388	126
407.429	127
407.472	128
407.546	129
407.618	130
407.684	131
407.755	132
407.8	133
407.856	134
407.91	135
407.965	136
408.021	137
408.082	138
408.14	139
408.204	140
408.262	141
408.338	142
408.388	143
408.466	144
408.541	145
408.617	146
408.691	147
408.768	148
408.843	149
408.918	150
409.002	151
409.111	152
409.222	153
409.304	105
409.468	106
409.47	107
409.533	108
409.591	109
409.65	110
409.706	111
409.778	112
409.845	113
409.916	114
409.976	115
410.064	116
410.143	117
410.227	118
410.317	119
410.393	120
410.513	121
410.586	122
410.715	123
410.847	124
410.978	125
411.11	126
411.245	127
411.382	128
411.626	129
411.978	130
414.694	131
415.045	132
415.292	133
415.49	134
415.656	135
415.803	136
415.931	137
416.051	138
416.159	139
416.259	140
416.354	141
416.444	142
416.528	143
416.606	144
416.682	145
416.756	146
416.825	147
416.892	148
416.958	149
417.019	150
417.081	151
417.138	152
417.194	153
417.25	154
417.304	155
417.356	156
417.408	157
417.42	108
417.577	109
417.579	110
417.581	111
417.583	112
417.615	113
417.651	114
417.687	115
417.725	116
417.763	117
417.801	118
417.84	119
417.88	120
417.92	121
417.961	122
418.003	123
418.045	124
418.09	125
418.133	126
418.178	127
418.224	128
418.272	129
418.321	130
418.421	131
418.473	132
418.526	133
418.582	134
418.645	135
418.715	136
418.786	137
418.857	138
418.929	139
419.001	140
419.076	141
419.147	142
419.223	143
419.295	144
419.373	145
419.446	146
419.523	147
419.618	148
419.728	149
419.824	150
419.975	151
420.121	152
420.203	153
420.354	154
420.506	155
420.732	156
421.086	157
423.8	158
424.153	159
424.401	160
424.597	161
424.763	162
424.908	163
425.038	164
425.156	165
425.266	166
425.367	167
425.461	168
425.549	169
425.633	170
425.714	171
425.788	172
425.863	173
425.932	174
425.999	175
426.064	176
426.126	177
426.187	178
426.246	179
426.284	123
426.51	124
426.511	125
426.512	126
426.513	127
426.535	128
426.568	129
426.602	130
426.635	131
426.669	132
426.704	133
426.738	134
426.774	135
426.809	136
426.847	137
426.884	138
426.922	139
426.96	140
426.998	141
427.039	142
427.079	143
427.121	144
427.161	145
427.205	146
427.248	147
427.292	148
427.338	149
427.411	150
427.486	151
427.549	152
427.624	153
427.686	154
427.74	155
427.798	156
427.857	157
427.907	158
427.977	159
428.045	160
428.102	161
428.176	162
428.25	163
428.324	164
428.401	165
428.475	166
428.551	167
428.626	168
428.702	169
428.778	170
428.887	171
429.005	172
429.08	173
429.233	174
429.237	120
429.501	121
429.502	122
429.556	123
429.611	124
429.668	125
429.727	126
429.786	127
429.849	128
429.914	129
429.981	130
430.052	131
430.116	132
430.201	133
430.279	134
430.363	135
430.428	136
430.547	137
430.615	138
430.743	139
430.873	140
431.002	141
431.132	142
431.264	143
431.398	144
431.53	145
431.762	146
432.113	147
434.828	148
435.181	149
435.428	150
435.626	151
435.792	152
435.937	153
436.067	154
436.184	155
436.294	156
436.394	157
436.489	158
436.579	159
436.662	160
436.742	161
436.818	162
436.89	163
436.96	164
437.028	165
437.093	166
437.155	167
437.215	168
437.274	169
437.33	170
437.386	171
437.431	118
437.688	119
437.689	120
437.691	121
437.692	122
437.717	123
437.752	124
437.786	125
437.821	126
437.858	127
437.893	128
437.929	129
437.966	130
438.004	131
438.043	132
438.084	133
438.121	134
438.161	135
438.203	136
438.245	137
438.288	138
438.33	139
438.377	140
438.42	141
438.468	142
438.515	143
438.564	144
438.614	145
438.704	146
438.779	147
438.846	148
438.921	149
438.99	150
439.064	151
439.112	152
439.186	153
439.26	154
439.336	155
439.41	156
439.485	157
439.56	158
439.636	159
439.712	160
439.787	161
439.861	162
439.971	163
440.088	164
440.164	165
440.319	166
440.322	114
440.613	115
440.614	116
440.668	117
440.724	118
440.779	119
440.839	120
440.902	121
440.965	122
441.032	123
441.099	124
441.17	125
441.24	126
441.312	127
441.393	128
441.475	129
441.565	130
441.66	131
441.746	132
441.869	133
441.966	134
442.113	135
442.262	136
442.336	137
442.485	138
442.634	139
442.872	140
443.227	141
445.941	142
446.293	143
446.541	144
446.737	145
446.905	146
447.05	147
447.18	148
447.297	149
447.405	150
447.507	151
447.602	152
447.691	153
447.774	154
447.855	155
447.93	156
448.004	157
448.073	158
448.141	159
448.205	160
448.267	161
448.327	162
448.385	163
448.409	112
448.673	113
448.674	114
448.676	115
448.678	116
448.708	117
448.743	118
448.777	119
448.814	120
448.849	121
448.887	122
448.924	123
448.964	124
449.002	125
449.043	126
449.083	127
449.123	128
449.167	129
449.209	130
449.252	131
449.295	132
449.342	133
449.363	91
449.589	92
449.591	93
449.606	94
449.669	95
449.734	96
449.802	97
449.872	98
449.943	99
450.019	100
450.1	101
450.184	102
450.273	103
450.37	104
450.488	105
450.616	106
450.744	107
450.873	108
451.004	109
451.138	110
451.333	111
451.581	112
451.935	113
454.649	114
455	115
455.248	116
455.447	117
455.611	118
455.756	119
455.886	120
456.004	121
456.114	122
456.214	123
456.311	124
456.399	125
456.482	126
456.563	127
456.637	128
456.711	129
456.781	130
456.849	131
456.912	132
456.975	133
457.036	134
457.095	135
457.15	136
457.206	137
457.26	138
457.311	139
457.362	140
457.369	96
457.607	97
457.608	98
457.61	99
457.616	100
457.659	101
457.695	102
457.734	103
457.776	104
457.817	105
457.858	106
457.901	107
457.946	108
457.987	109
458.034	110
458.08	111
458.128	112
458.177	113
458.226	114
458.276	115
458.329	116
458.382	117
458.437	118
458.554	119
458.614	120
458.676	121
458.74	122
458.808	123
458.877	124
458.95	125
459.027	126
459.108	127
459.189	128
459.273	129
459.373	130
459.474	131
459.573	132
459.7	133
459.797	134
459.945	135
460.094	136
460.243	137
460.393	138
460.587	139
460.94	140
463.654	141
464.008	142
464.256	143
464.452	144
464.619	145
464.764	146
464.894	147
465.011	148
465.119	149
465.222	150
465.315	151
465.403	152
465.488	153
465.568	154
465.644	155
465.717	156
465.787	157
465.853	158
465.919	159
465.976	109
466.233	110
466.234	111
466.236	112
466.238	113
466.269	114
466.303	115
466.34	116
466.376	117
466.414	118
466.451	119
466.49	120
466.53	121
466.57	122
466.609	123
466.649	124
466.693	125
466.736	126
466.778	127
466.822	128
466.869	129
466.914	130
466.962	131
467.011	132
467.06	133
467.112	134
467.163	135
467.216	136
467.272	137
467.356	138
467.375	95
467.519	96
467.529	97
467.598	98
467.663	99
467.722	100
467.801	101
467.874	102
467.933	103
468.031	104
468.093	105
468.202	106
468.255	107
468.364	108
468.474	109
468.584	110
468.705	111
468.831	112
468.957	113
469.082	114
469.263	115
469.511	116
469.864	117
472.577	118
472.93	119
473.179	120
473.376	121
473.542	122
473.687	123
473.816	124
473.935	125
474.044	126
474.145	127
474.24	128
474.328	129
474.411	130
474.491	131
474.568	132
474.642	133
474.71	134
474.779	135
474.842	136
474.905	137
474.965	138
475.023	139
475.081	140
475.136	141
475.189	142
475.241	143
475.293	144
475.342	145
475.39	146
475.438	147
475.484	148
475.528	149
475.574	150
475.617	151
475.66	152
475.703	153
475.717	105
475.852	106
475.876	107
475.878	108
475.879	109
475.891	110
475.928	111
475.964	112
476.003	113
476.041	114
476.085	115
476.12	116
476.161	117
476.211	118
476.286	119
476.338	120
476.402	121
476.466	122
476.512	123
476.563	124
476.612	125
476.664	126
476.713	127
476.768	128
476.823	129
476.873	130
476.94	131
476.99	132
477.06	133
477.125	134
477.179	135
477.252	136
477.325	137
477.398	138
477.471	139
477.546	140
477.622	141
477.697	142
477.772	143
477.859	144
477.969	145
478.074	146
478.216	147
478.3	148
478.45	149
478.602	150
478.755	151
478.927	104
479.078	105
479.101	106
479.103	107
479.147	108
479.214	109
479.328	110
479.403	111
479.471	112
479.544	113
479.622	114
479.7	115
479.785	116
479.859	117
479.966	118
480.068	119
480.149	120
480.296	121
480.375	122
480.524	123
480.672	124
480.819	125
480.967	126
481.182	127
481.533	128
484.249	129
484.6	130
484.848	131
485.046	132
485.212	133
485.357	134
485.488	135
485.605	136
485.715	137
485.815	138
485.909	139
485.975	95
486.244	96
486.246	97
486.26	98
486.262	99
486.293	100
486.332	101
486.371	102
486.411	103
486.454	104
486.495	105
486.537	106
486.581	107
486.627	108
486.671	109
486.716	110
486.765	111
486.812	112
486.863	113
486.913	114
486.967	115
487.019	116
487.074	117
487.131	118
487.19	119
487.25	120
487.313	121
487.327	83
487.584	84
487.585	85
487.625	86
487.684	87
487.756	88
487.834	89
487.912	90
487.998	91
488.086	92
488.179	93
488.282	94
488.39	95
488.51	96
488.638	97
488.672	66
488.792	67
488.824	68
488.843	69
488.925	70
489.003	71
489.093	72
489.187	73
489.288	74
489.397	75
489.516	76
489.644	77
489.79	78
489.957	79
490.155	80
490.402	81
490.756	82
493.467	83
493.82	84
494.069	85
494.266	86
494.433	87
494.578	88
494.709	89
494.826	90
494.934	91
495.035	92
495.129	93
495.218	94
495.304	95
495.382	96
495.457	97
495.532	98
495.6	99
495.669	100
495.732	101
495.796	102
495.857	103
495.915	104
495.973	105
496.028	106
496.079	107
496.131	108
496.184	109
496.232	110
496.283	111
496.328	112
496.376	113
496.393	77
496.547	78
496.549	79
496.553	80
496.573	81
496.617	82
496.663	83
496.709	84
496.758	85
496.805	86
496.858	87
496.906	88
496.958	89
497.012	90
497.068	91
497.124	92
497.184	93
497.244	94
497.307	95
497.37	96
497.436	97
497.507	98
497.581	99
497.655	100
497.735	101
497.821	102
497.909	103
498.002	104
498.105	105
498.214	106
498.33	107
498.46	108
498.605	109
498.773	110
498.969	111
499.219	112
499.571	113
502.286	114
502.638	115
502.885	116
503.083	117
503.25	118
503.394	119
503.523	120
503.642	121
503.75	122
503.852	123
503.945	124
504.035	125
504.119	126
504.197	127
504.276	128
504.346	129
504.398	88
504.623	89
504.624	90
504.627	91
504.639	92
504.681	93
504.72	94
504.761	95
504.804	96
504.849	97
504.893	98
504.938	99
504.985	100
505.031	101
505.08	102
505.13	103
505.182	104
505.235	105
505.286	106
505.341	107
505.4	108
505.457	109
505.519	110
505.579	111
505.645	112
505.714	113
505.782	114
505.854	115
505.931	116
506.01	117
506.094	118
506.185	119
506.278	120
506.379	121
506.487	122
506.605	123
506.735	124
506.882	125
507.047	126
507.243	127
507.493	128
507.845	129
510.559	130
510.913	131
511.158	132
511.356	133
511.521	134
511.667	135
511.798	136
511.809	93
511.974	94
511.976	95
511.978	96
511.986	97
512.026	98
512.067	99
512.105	100
512.146	101
512.19	102
512.23	103
512.274	104
512.32	105
512.364	106
512.412	107
512.46	108
512.506	109
512.556	110
512.606	111
512.66	112
512.712	113
512.769	114
512.826	115
512.883	116
512.944	117
513.007	118
513.07	119
513.139	120
513.208	121
513.28	122
513.357	123
513.436	124
513.521	125
513.608	126
513.704	127
513.804	128
513.914	129
514.032	130
514.163	131
514.21	90
514.463	91
514.464	92
514.492	93
514.55	94
514.617	95
514.687	96
514.76	97
514.835	98
514.914	99
514.999	100
515.088	101
515.182	102
515.283	103
515.391	104
515.509	105
515.64	106
515.785	107
515.951	108
516.149	109
516.397	110
516.748	111
519.463	112
519.816	113
520.064	114
520.261	115
520.427	116
520.573	117
520.704	118
520.821	119
520.93	120
521.031	121
521.125	122
521.214	123
521.298	124
521.376	125
521.455	126
521.526	127
521.596	128
521.664	129
521.728	130
521.791	131
521.85	132
521.909	133
521.965	134
522.022	135
522.075	136
522.089	93
522.305	94
522.307	95
522.308	96
522.318	97
522.369	98
522.396	99
522.435	100
522.476	101
522.52	102
522.563	103
522.606	104
522.65	105
522.696	106
522.742	107
522.789	108
522.837	109
522.887	110
522.938	111
522.991	112
523.044	113
523.101	114
523.156	115
523.216	116
523.276	117
523.336	118
523.402	119
523.468	120
523.538	121
523.611	122
523.688	123
523.768	124
523.852	125
523.942	126
524.035	127
524.137	128
524.244	129
524.383	130
524.531	131
524.678	132
524.827	133
525.001	134
525.25	135
525.602	136
528.316	137
528.67	138
528.917	139
529.112	140
529.28	141
529.425	142
529.555	143
529.674	144
529.782	145
529.884	146
529.976	147
530.067	148
530.15	149
530.229	150
530.305	151
530.378	152
530.449	153
530.515	154
530.58	155
530.642	156
530.675	107
530.944	108
530.945	109
530.947	110
530.956	111
530.983	112
531.018	113
531.055	114
531.092	115
531.129	116
531.169	117
531.207	118
531.248	119
531.287	120
531.33	121
531.37	122
531.413	123
531.456	124
531.501	125
531.545	126
531.593	127
531.641	128
531.688	129
531.737	130
531.789	131
531.84	132
531.894	133
531.949	134
532.022	135
532.126	136
532.187	137
532.252	138
532.326	139
532.39	140
532.461	141
532.538	142
532.618	143
532.702	144
532.791	145
532.866	146
532.987	147
533.074	148
533.213	149
533.295	150
533.441	151
533.587	152
533.733	153
533.88	154
534.1	155
534.452	156
537.167	157
537.519	158
537.766	159
537.964	160
538.13	161
538.275	162
538.405	163
538.523	164
538.632	165
538.734	166
538.827	167
538.916	168
539.001	169
539.081	170
539.156	171
539.229	172
539.299	173
539.365	174
539.43	175
539.494	176
539.536	121
539.8	122
539.801	123
539.803	124
539.804	125
539.826	126
539.859	127
539.894	128
539.927	129
539.961	130
539.998	131
540.032	132
540.068	133
540.104	134
540.143	135
540.179	136
540.219	137
540.256	138
540.297	139
540.338	140
540.378	141
540.421	142
540.464	143
540.508	144
540.551	145
540.597	146
540.642	147
540.69	148
540.738	149
540.838	150
540.891	151
540.955	152
541.031	153
541.106	154
541.175	155
541.233	156
541.302	157
541.358	158
541.433	159
541.511	160
541.543	110
541.803	111
541.808	112
541.861	113
541.919	114
541.978	115
542.039	116
542.101	117
542.164	118
542.233	119
542.301	120
542.375	121
542.453	122
542.53	123
542.615	124
542.698	125
542.799	126
542.899	127
542.997	128
543.126	129
543.221	130
543.369	131
543.518	132
543.665	133
543.814	134
544.012	135
544.125	93
544.276	94
544.303	95
544.305	96
544.362	97
544.428	98
544.528	99
544.647	100
544.706	101
544.812	102
544.899	103
544.956	104
545.083	105
545.205	106
545.287	107
545.418	108
545.549	109
545.682	110
545.816	111
545.962	112
546.21	113
546.562	114
549.277	115
549.629	116
549.875	117
550.073	118
550.24	119
550.386	120
550.515	121
550.632	122
550.742	123
550.843	124
550.937	125
551.026	126
551.111	127
551.19	128
551.266	129
551.339	130
551.409	131
551.476	132
551.539	133
551.602	134
551.663	135
551.721	136
551.778	137
551.786	94
552.047	95
552.049	96
552.051	97
552.06	98
552.098	99
552.138	100
552.18	101
552.22	102
552.261	103
552.303	104
552.347	105
552.391	106
552.437	107
552.483	108
552.53	109
552.581	110
552.629	111
552.681	112
552.732	113
552.788	114
552.841	115
552.886	79
553.102	80
553.104	81
553.138	82
553.21	83
553.287	84
553.367	85
553.45	86
553.54	87
553.633	88
553.734	89
553.842	90
553.962	91
554.093	92
554.236	93
554.405	94
554.6	95
554.848	96
555.2	97
557.916	98
558.267	99
558.516	100
558.712	101
558.846	69
558.996	70
558.999	71
559.002	72
559.035	73
559.098	74
559.133	75
559.183	76
559.236	77
559.29	78
559.344	79
559.403	80
559.459	81
559.519	82
559.584	83
559.647	84
559.717	85
559.786	86
559.858	87
559.933	88
560.013	89
560.098	90
560.187	91
560.279	92
560.381	93
560.49	94
560.609	95
560.739	96
560.884	97
561.049	98
561.248	99
561.494	100
561.848	101
564.563	102
564.915	103
565.163	104
565.357	105
565.525	106
565.671	107
565.752	73
565.937	74
565.938	75
565.941	76
565.969	77
566.016	78
566.064	79
566.113	80
566.16	81
566.213	82
566.264	83
566.318	84
566.375	85
566.429	86
566.488	87
566.551	88
566.612	89
566.676	90
566.742	91
566.815	92
566.885	93
566.961	94
567.043	95
567.127	96
567.214	97
567.309	98
567.409	99
567.52	100
567.636	101
567.768	102
567.912	103
568.08	104
568.275	105
568.523	106
568.876	107
571.59	108
571.943	109
572.191	110
572.387	111
572.498	76
572.71	77
572.711	78
572.714	79
572.74	80
572.784	81
572.832	82
572.879	83
572.926	84
572.979	85
573.026	86
573.081	87
573.134	88
573.19	89
573.251	90
573.304	91
573.365	92
573.425	93
573.49	94
573.559	95
573.628	96
573.702	97
573.778	98
573.856	99
573.941	100
574.029	101
574.124	102
574.224	103
574.332	104
574.452	105
574.584	106
574.726	107
574.893	108
575.092	109
575.338	110
575.69	111
578.405	112
578.757	113
579.005	114
579.202	115
579.36	79
579.599	80
579.6	81
579.601	82
579.644	83
579.67	84
579.715	85
579.762	86
579.809	87
579.865	88
579.907	89
579.959	90
580.012	91
580.063	92
580.119	93
580.177	94
580.235	95
580.296	96
580.362	97
580.424	98
580.488	99
580.559	100
580.633	101
580.707	102
580.787	103
580.872	104
580.961	105
581.054	106
581.157	107
581.266	108
581.383	109
581.514	110
581.658	111
581.826	112
582.022	113
582.269	114
582.622	115
585.337	116
585.69	117
585.936	118
585.94	81
586.099	82
586.101	83
586.104	84
586.124	85
586.168	86
586.213	87
586.256	88
586.303	89
586.353	90
586.4	91
586.449	92
586.5	93
586.553	94
586.606	95
586.66	96
586.717	97
586.776	98
586.836	99
586.899	100
586.964	101
587.03	102
587.1	103
587.173	104
587.249	105
587.329	106
587.415	107
587.502	108
587.596	109
587.698	110
587.808	111
587.924	112
588.054	113
588.199	114
588.367	115
588.564	116
588.811	117
589.163	118
591.877	119
592.232	120
592.477	121
592.676	122
592.842	123
592.988	124
593.118	125
593.236	126
593.345	127
593.395	87
593.616	88
593.617	89
593.62	90
593.635	91
593.677	92
593.716	93
593.761	94
593.803	95
593.847	96
593.893	97
593.939	98
593.987	99
594.037	100
594.084	101
594.136	102
594.188	103
594.241	104
594.296	105
594.354	106
594.413	107
594.472	108
594.535	109
594.601	110
594.666	111
594.738	112
594.81	113
594.888	114
594.966	115
595.049	116
595.138	117
595.233	118
595.334	119
595.442	120
595.56	121
595.691	122
595.836	123
596.002	124
596.2	125
596.311	86
596.441	87
596.467	88
596.469	89
596.535	90
596.603	91
596.677	92
596.754	93
596.834	94
596.918	95
597.007	96
597.099	97
597.201	98
597.31	99
597.429	100
597.558	101
597.704	102
597.87	103
598.066	104
598.315	105
598.667	106
601.381	107
601.734	108
601.982	109
602.178	110
602.344	111
602.492	112
602.621	113
602.739	114
602.848	115
602.949	116
603.042	117
603.133	118
603.215	119
603.294	120
603.371	121
603.444	122
603.513	123
603.581	124
603.646	125
603.708	126
603.77	127
603.828	128
603.883	129
603.94	130
603.993	131
604.045	132
604.096	133
604.145	134
604.194	135
604.208	93
604.467	94
604.468	95
604.471	96
604.489	97
604.521	98
604.56	99
604.603	100
604.644	101
604.688	102
604.73	103
604.775	104
604.821	105
604.867	106
604.914	107
604.962	108
605.013	109
605.063	110
605.114	111
605.168	112
605.223	113
605.28	114
605.338	115
605.401	116
605.462	117
605.526	118
605.594	119
605.663	120
605.737	121
605.812	122
605.892	123
605.977	124
606.066	125
606.16	126
606.259	127
606.37	128
606.487	129
606.617	130
606.763	131
606.929	132
607.125	133
607.373	134
607.726	135
610.441	136
610.793	137
611.042	138
611.237	139
611.404	140
611.55	141
611.681	142
611.798	143
611.907	144
612.008	145
612.101	146
612.19	147
612.275	148
612.354	149
612.43	150
612.504	151
612.542	104
612.768	105
612.769	106
612.772	107
612.774	108
612.819	109
612.847	110
612.884	111
612.931	112
612.962	113
613.002	114
613.041	115
613.083	116
613.125	117
613.169	118
613.211	119
613.255	120
613.302	121
613.349	122
613.395	123
613.443	124
613.494	125
613.544	126
613.595	127
613.65	128
613.704	129
613.761	130
613.82	131
613.881	132
613.942	133
614.007	134
614.075	135
614.144	136
614.217	137
614.293	138
614.373	139
614.458	140
614.546	141
614.64	142
614.742	143
614.85	144
614.968	145
615.099	146
615.245	147
615.41	148
615.608	149
615.854	150
616.208	151
618.923	152
619.274	153
619.521	154
619.719	155
619.885	156
620.03	157
620.16	158
620.278	159
620.387	160
620.488	161
620.582	162
620.673	163
620.756	164
620.835	165
620.912	166
620.984	167
621.053	168
621.121	169
621.187	170
621.219	117
621.426	118
621.427	119
621.429	120
621.431	121
621.456	122
621.491	123
621.526	124
621.56	125
621.595	126
621.631	127
621.67	128
621.705	129
621.743	130
621.781	131
621.821	132
621.861	133
621.901	134
621.941	135
621.983	136
622.026	137
622.069	138
622.114	139
622.16	140
622.207	141
622.254	142
622.303	143
622.351	144
622.404	145
622.412	100
622.652	101
622.653	102
622.666	103
622.726	104
622.788	105
622.854	106
622.921	107
622.99	108
623.062	109
623.139	110
623.219	111
623.305	112
623.393	113
623.487	114
623.589	115
623.698	116
623.814	117
623.944	118
624.089	119
624.257	120
624.453	121
624.702	122
625.054	123
627.767	124
628.121	125
628.362	86
628.542	87
628.543	88
628.546	89
628.562	90
628.604	91
628.647	92
628.69	93
628.736	94
628.781	95
628.826	96
628.874	97
628.924	98
628.972	99
629.025	100
629.074	101
629.129	102
629.183	103
629.24	104
629.299	105
629.359	106
629.422	107
629.487	108
629.553	109
629.623	110
629.698	111
629.772	112
629.852	113
629.937	114
630.025	115
630.119	116
630.22	117
630.33	118
630.447	119
630.578	120
630.723	121
630.889	122
631.086	123
631.244	84
631.391	85
631.405	86
631.417	87
631.484	88
631.554	89
631.626	90
631.702	91
631.783	92
631.867	93
631.956	94
632.05	95
632.15	96
632.259	97
632.378	98
632.507	99
632.653	100
632.819	101
633.018	102
633.265	103
633.616	104
636.331	105
636.684	106
636.932	107
637.129	108
637.294	109
637.439	110
637.57	111
637.689	112
637.798	113
637.897	114
637.992	115
638.083	116
638.165	117
638.244	118
638.321	119
638.394	120
638.464	121
638.53	122
638.595	123
638.658	124
638.718	125
638.776	126
638.832	127
638.889	128
638.944	129
638.994	130
639.046	131
639.094	132
639.118	91
639.275	92
639.278	93
639.28	94
639.292	95
639.331	96
639.377	97
639.414	98
639.458	99
639.501	100
639.546	101
639.592	102
639.638	103
639.686	104
639.734	105
639.783	106
639.834	107
639.886	108
639.941	109
639.995	110
640.051	111
640.109	112
640.171	113
640.232	114
640.298	115
640.364	116
640.435	117
640.506	118
640.582	119
640.664	120
640.746	121
640.835	122
640.931	123
641.031	124
641.139	125
641.259	126
641.388	127
641.533	128
641.701	129
641.898	130
642.145	131
642.497	132
645.211	133
645.565	134
645.812	135
646.009	136
646.175	137
646.321	138
646.45	139
646.57	140
646.677	141
646.777	142
646.872	143
646.962	144
647.046	145
647.126	146
647.202	147
647.275	148
647.343	149
647.375	102
647.631	103
647.633	104
647.635	105
647.637	106
647.675	107
647.71	108
647.748	109
647.786	110
647.826	111
647.866	112
647.906	113
647.946	114
647.988	115
648.031	116
648.077	117
648.12	118
648.165	119
648.212	120
648.259	121
648.306	122
648.356	123
648.408	124
648.459	125
648.513	126
648.57	127
648.626	128
648.684	129
648.744	130
648.808	131
648.871	132
648.911	91
649.099	92
649.1	93
649.12	94
649.188	95
649.252	96
649.322	97
649.397	98
649.472	99
649.551	100
649.635	101
649.725	102
649.819	103
649.919	104
650.029	105
650.148	106
650.277	107
650.421	108
650.59	109
650.786	110
651.032	111
651.387	112
654.1	113
654.452	114
654.702	115
654.898	116
655.063	117
655.208	118
655.34	119
655.458	120
655.568	121
655.668	122
655.761	123
655.85	124
655.934	125
656.015	126
656.09	127
656.162	128
656.233	129
656.299	130
656.366	131
656.426	132
656.488	133
656.545	134
656.601	135
656.658	136
656.713	137
656.763	138
656.814	139
656.864	140
656.912	141
656.96	142
657.006	143
657.052	144
657.075	99
657.244	100
657.245	101
657.248	102
657.253	103
657.291	104
657.331	105
657.367	106
657.408	107
657.447	108
657.489	109
657.53	110
657.573	111
657.616	112
657.661	113
657.706	114
657.753	115
657.802	116
657.85	117
657.9	118
657.949	119
658.002	120
658.056	121
658.11	122
658.169	123
658.227	124
658.287	125
658.348	126
658.414	127
658.481	128
658.55	129
658.623	130
658.7	131
658.778	132
658.864	133
658.951	134
659.047	135
659.147	136
659.255	137
659.376	138
659.506	139
659.649	140
659.815	141
660.013	142
660.26	143
660.613	144
663.328	145
663.681	146
663.929	147
664.124	148
664.29	149
664.437	150
664.566	151
664.684	152
664.794	153
664.895	154
664.988	155
665.078	156
665.161	157
665.241	158
665.317	159
665.391	160
665.46	161
665.528	162
665.592	163
665.654	164
665.714	165
665.773	166
665.789	114
665.973	115
665.975	116
665.976	117
665.978	118
666.005	119
666.04	120
666.074	121
666.111	122
666.147	123
666.184	124
666.221	125
666.258	126
666.296	127
666.335	128
666.374	129
666.415	130
666.456	131
666.499	132
666.541	133
666.584	134
666.628	135
666.675	136
666.721	137
666.768	138
666.817	139
666.867	140
666.917	141
666.969	142
667.022	143
667.077	144
667.135	145
667.194	146
667.254	147
667.294	101
667.444	102
667.469	103
667.471	104
667.52	105
667.582	106
667.646	107
667.713	108
667.783	109
667.856	110
667.935	111
668.012	112
668.096	113
668.185	114
668.279	115
668.38	116
668.488	117
668.606	118
668.738	119
668.882	120
669.048	121
669.246	122
669.495	123
669.846	124
672.56	125
672.913	126
673.16	127
673.359	128
673.524	129
673.67	130
673.799	131
673.918	132
674.028	133
674.127	134
674.221	135
674.31	136
674.394	137
674.474	138
674.55	139
674.557	95
674.709	96
674.737	97
674.739	98
674.741	99
674.758	100
674.796	101
674.839	102
674.876	103
674.917	104
674.96	105
675.002	106
675.047	107
675.09	108
675.137	109
675.183	110
675.231	111
675.278	112
675.33	113
675.378	114
675.431	115
675.484	116
675.54	117
675.596	118
675.654	119
675.716	120
675.778	121
675.845	122
675.911	123
675.98	124
676.053	125
676.129	126
676.208	127
676.292	128
676.381	129
676.476	130
676.576	131
676.685	132
676.804	133
676.934	134
677.079	135
677.246	136
677.442	137
677.689	138
678.043	139
680.758	140
681.109	141
681.356	142
681.553	143
681.721	144
681.866	145
681.995	146
682.114	147
682.222	148
682.324	149
682.418	150
682.508	151
682.591	152
682.671	153
682.747	154
682.82	155
682.89	156
682.956	157
683.021	158
683.083	159
683.145	160
683.148	110
683.38	111
683.381	112
683.383	113
683.385	114
683.415	115
683.452	116
683.488	117
683.524	118
683.561	119
683.6	120
683.637	121
683.678	122
683.715	123
683.756	124
683.798	125
683.84	126
683.883	127
683.926	128
683.97	129
684.014	130
684.062	131
684.11	132
684.158	133
684.208	134
684.258	135
684.311	136
684.363	137
684.418	138
684.477	139
684.535	140
684.594	141
684.657	142
684.721	143
684.789	144
684.858	145
684.933	146
685.008	147
685.087	148
685.171	149
685.259	150
685.355	151
685.455	152
685.475	105
685.729	106
685.73	107
685.74	108
685.798	109
685.862	110
685.921	111
685.985	112
686.053	113
686.123	114
686.194	115
686.27	116
686.351	117
686.436	118
686.524	119
686.619	120
686.72	121
686.829	122
686.946	123
687.075	124
687.221	125
687.389	126
687.586	127
687.832	128
688.184	129
690.9	130
691.252	131
691.5	132
691.696	133
691.865	134
692.009	135
692.138	136
692.257	137
692.366	138
692.466	139
692.562	140
692.651	141
692.733	142
692.814	143
692.889	144
692.963	145
693.032	146
693.1	147
693.163	148
693.226	149
693.287	150
693.345	151
693.401	152
693.457	153
693.512	154
693.564	155
693.614	156
693.663	157
693.712	158
693.759	159
693.806	160
693.85	161
693.896	162
693.939	163
693.981	164
694.025	165
694.064	166
694.105	167
694.144	168
694.168	116
694.369	117
694.37	118
694.373	119
694.375	120
694.402	121
694.444	122
694.47	123
694.507	124
694.543	125
694.58	126
694.616	127
694.654	128
694.694	129
694.731	130
694.77	131
694.811	132
694.853	133
694.895	134
694.936	135
694.981	136
695.025	137
695.071	138
695.117	139
695.202	140
695.263	141
695.329	142
695.391	143
695.458	144
695.523	145
695.589	146
695.632	147
695.702	148
695.766	149
695.834	150
695.9	151
695.97	152
696.038	153
696.106	154
696.175	155
696.243	156
696.316	157
696.41	158
696.51	159
696.598	160
696.738	161
696.81	162
696.953	163
697.098	164
697.243	165
697.388	166
697.623	167
697.978	168
700.692	169
701.044	170
701.291	171
701.488	172
701.655	173
701.801	174
701.931	175
702.048	176
702.158	177
702.257	178
702.352	179
702.441	180
702.525	181
702.605	182
702.681	183
702.754	184
702.823	185
702.89	186
702.956	187
703.018	188
703.079	189
703.101	130
703.36	131
703.361	132
703.363	133
703.364	134
703.385	135
703.413	136
703.445	137
703.477	138
703.508	139
703.542	140
703.576	141
703.611	142
703.644	143
703.678	144
703.715	145
703.75	146
703.788	147
703.825	148
703.862	149
703.902	150
703.939	151
703.979	152
704.02	153
704.061	154
704.103	155
704.144	156
704.226	157
704.303	158
704.31	109
704.509	110
704.516	111
704.573	112
704.633	113
704.693	114
704.755	115
704.82	116
704.888	117
704.956	118
705.028	119
705.107	120
705.186	121
705.27	122
705.356	123
705.453	124
705.553	125
705.656	126
705.781	127
705.881	128
706.029	129
706.178	130
706.327	131
706.477	132
706.667	133
707.019	134
709.734	135
710.087	136
710.334	137
710.531	138
710.697	139
710.842	140
710.973	141
711.092	142
711.2	143
711.3	144
711.395	145
711.484	146
711.567	147
711.646	148
711.724	149
711.796	150
711.867	151
711.933	152
711.998	153
712.06	154
712.121	155
712.179	156
712.218	107
712.451	108
712.453	109
712.455	110
712.456	111
712.497	112
712.527	113
712.562	114
712.6	115
712.636	116
712.675	117
712.714	118
712.754	119
712.794	120
712.836	121
712.876	122
712.919	123
712.965	124
713.009	125
713.052	126
713.099	127
713.146	128
713.196	129
713.245	130
713.296	131
713.349	132
713.403	133
713.513	134
713.573	135
713.632	136
713.696	137
713.761	138
713.828	139
713.9	140
713.973	141
714.049	142
714.125	143
714.21	144
714.298	145
714.393	146
714.494	147
714.575	148
714.721	149
714.8	150
714.952	151
715.091	104
715.321	105
715.322	106
715.362	107
715.452	108
715.513	109
715.577	110
715.645	111
715.709	112
715.787	113
715.864	114
715.944	115
716.012	116
716.115	117
716.199	118
716.314	119
716.389	120
716.517	121
716.648	122
716.779	123
716.91	124
717.043	125
717.178	126
717.426	127
717.778	128
720.491	129
720.844	130
721.092	131
721.289	132
721.454	133
721.601	134
721.732	135
721.85	136
721.957	137
722.059	138
722.153	139
722.241	140
722.326	141
722.406	142
722.481	143
722.554	144
722.625	145
722.692	146
722.757	147
722.818	148
722.879	149
722.938	150
722.995	151
723.05	152
723.104	153
723.154	154
723.205	155
723.221	107
723.383	108
723.385	109
723.386	110
723.389	111
723.423	112
723.46	113
723.497	114
723.536	115
723.573	116
723.613	117
723.652	118
723.692	119
723.734	120
723.775	121
723.818	122
723.861	123
723.906	124
723.952	125
723.998	126
724.045	127
724.093	128
724.143	129
724.212	130
724.299	131
724.355	132
724.418	133
724.488	134
724.557	135
724.629	136
724.7	137
724.772	138
724.843	139
724.917	140
724.991	141
725.065	142
725.14	143
725.215	144
725.292	145
725.391	146
725.501	147
725.59	148
725.739	149
725.888	150
726.039	151
726.19	152
726.341	153
726.505	154
726.857	155
729.571	156
729.925	157
730.173	158
730.37	159
730.536	160
730.681	161
730.812	162
730.93	163
731.038	164
731.138	165
731.234	166
731.323	167
731.405	168
731.485	169
731.562	170
731.635	171
731.704	172
731.723	118
731.988	119
731.989	120
731.991	121
731.993	122
732.016	123
732.05	124
732.083	125
732.119	126
732.153	127
732.189	128
732.226	129
732.262	130
732.299	131
732.338	132
732.376	133
732.413	134
732.453	135
732.494	136
732.535	137
732.576	138
732.621	139
732.664	140
732.707	141
732.753	142
732.799	143
732.847	144
732.896	145
732.946	146
732.996	147
733.048	148
733.155	102
733.41	103
733.411	104
733.425	105
733.535	106
733.612	107
733.679	108
733.749	109
733.822	110
733.897	111
733.977	112
734.055	113
734.149	114
734.245	115
734.348	116
734.422	117
734.572	118
734.646	119
734.798	120
734.946	121
735.091	122
735.237	123
735.46	124
735.812	125
738.525	126
738.879	127
739.128	128
739.322	129
739.489	130
739.634	131
739.765	132
739.883	133
739.991	134
740.093	135
740.186	136
740.276	137
740.359	138
740.44	139
740.515	140
740.59	141
740.658	142
740.726	143
740.79	144
740.852	145
740.912	146
740.972	147
741.029	148
741.083	149
741.116	102
741.372	103
741.373	104
741.375	105
741.377	106
741.414	107
741.45	108
741.489	109
741.526	110
741.567	111
741.606	112
741.647	113
741.686	114
741.729	115
741.772	116
741.817	117
741.861	118
741.906	119
741.951	120
741.999	121
742.047	122
742.098	123
742.148	124
742.202	125
742.256	126
742.366	127
742.424	128
742.485	129
742.548	130
742.625	131
742.698	132
742.775	133
742.849	134
742.928	135
743.002	136
743.011	93
743.268	94
743.293	95
743.348	96
743.413	97
743.479	98
743.55	99
743.611	100
743.698	101
743.778	102
743.855	103
743.951	104
744.046	105
744.101	106
744.227	107
744.357	108
744.486	109
744.618	110
744.752	111
744.888	112
745.024	113
745.259	114
745.612	115
748.329	116
748.68	117
748.928	118
749.124	119
749.291	120
749.436	121
749.567	122
749.684	123
749.792	124
749.893	125
749.987	126
750.077	127
750.16	128
750.24	129
750.318	130
750.389	131
750.459	132
750.527	133
750.591	134
750.654	135
750.713	136
750.772	137
750.828	138
750.884	139
750.93	95
751.082	96
751.09	97
751.092	98
751.094	99
751.132	100
751.17	101
751.211	102
751.251	103
751.293	104
751.334	105
751.377	106
751.42	107
751.465	108
751.51	109
751.556	110
751.604	111
751.651	112
751.701	113
751.753	114
751.804	115
751.859	116
751.914	117
751.97	118
752.03	119
752.089	120
752.162	121
752.284	122
752.352	123
752.425	124
752.502	125
752.581	126
752.662	127
752.753	128
752.85	129
752.949	130
753.033	131
753.177	132
753.257	133
753.405	134
753.553	135
753.7	136
753.849	137
754.063	138
754.415	139
757.131	140
757.483	141
757.731	142
757.927	143
758.094	144
758.238	145
758.369	146
758.488	147
758.595	148
758.698	149
758.792	150
758.88	151
758.963	152
759.043	153
759.119	154
759.192	155
759.262	156
759.331	157
759.394	158
759.458	159
759.518	160
759.576	110
759.815	111
759.816	112
759.818	113
759.82	114
759.859	115
759.887	116
759.922	117
759.959	118
759.996	119
760.034	120
760.073	121
760.112	122
760.152	123
760.193	124
760.232	125
760.274	126
760.318	127
760.361	128
760.405	129
760.451	130
760.497	131
760.545	132
760.592	133
760.642	134
760.692	135
760.745	136
760.838	137
760.912	138
760.989	139
761.065	140
761.141	141
761.217	142
761.291	143
761.367	144
761.417	145
761.493	146
761.566	147
761.644	148
761.721	149
761.726	102
761.931	103
761.941	104
762.006	105
762.061	106
762.122	107
762.188	108
762.256	109
762.322	110
762.398	111
762.475	112
762.554	113
762.637	114
762.7	115
762.82	116
762.9	117
763.031	118
763.091	119
763.226	120
763.36	121
763.495	122
763.633	123
763.788	124
764.036	125
764.387	126
767.102	127
767.454	128
767.701	129
767.899	130
768.066	131
768.212	132
768.342	133
768.46	134
768.568	135
768.668	136
768.762	137
768.851	138
768.935	139
769.016	140
769.091	141
769.164	142
769.235	143
769.301	144
769.366	145
769.428	146
769.489	147
769.548	148
769.604	149
769.614	102
769.745	103
769.768	104
769.769	105
769.771	106
769.788	107
769.824	108
769.871	109
769.9	110
769.94	111
769.979	112
770.021	113
770.061	114
770.103	115
770.145	116
770.189	117
770.235	118
770.279	119
770.326	120
770.372	121
770.421	122
770.47	123
770.521	124
770.574	125
770.628	126
770.683	127
770.74	128
770.797	129
770.906	130
770.986	131
771.052	132
771.124	133
771.196	134
771.271	135
771.351	136
771.435	137
771.524	138
771.619	139
771.717	140
771.828	141
771.94	142
772.077	143
772.164	144
772.314	145
772.467	146
772.62	147
772.833	148
773.185	149
775.9	150
776.253	151
776.5	152
776.697	153
776.864	154
777.008	155
777.138	156
777.257	157
777.366	158
777.467	159
777.562	160
777.649	161
777.735	162
777.813	163
777.89	164
777.962	165
778.032	166
778.1	167
778.163	168
778.204	116
778.473	117
778.474	118
778.476	119
778.478	120
778.506	121
778.539	122
778.576	123
778.609	124
778.645	125
778.683	126
778.721	127
778.758	128
778.796	129
778.835	130
778.874	131
778.915	132
778.957	133
778.998	134
779.04	135
779.084	136
779.128	137
779.175	138
779.222	139
779.268	140
779.315	141
779.354	97
779.606	98
779.608	99
779.625	100
779.687	101
779.751	102
779.819	103
779.888	104
779.969	105
780.103	106
780.202	107
780.291	108
780.382	109
780.487	110
780.593	111
780.672	112
780.819	113
780.971	114
781.119	115
781.266	116
781.412	117
781.598	118
781.951	119
784.666	120
785.02	121
785.265	122
785.369	84
785.584	85
785.585	86
785.587	87
785.606	88
785.651	89
785.692	90
785.74	91
785.782	92
785.83	93
785.877	94
785.926	95
785.976	96
786.027	97
786.077	98
786.132	99
786.186	100
786.243	101
786.303	102
786.361	103
786.424	104
786.488	105
786.558	106
786.625	107
786.698	108
786.776	109
786.856	110
786.94	111
787.027	112
787.121	113
787.223	114
787.332	115
787.449	116
787.58	117
787.726	118
787.892	119
788.089	120
788.207	82
788.434	83
788.436	84
788.459	85
788.527	86
788.598	87
788.67	88
788.746	89
788.827	90
788.911	91
788.999	92
789.095	93
789.195	94
789.302	95
789.421	96
789.551	97
789.698	98
789.863	99
790.06	100
790.308	101
790.659	102
793.374	103
793.727	104
793.974	105
794.171	106
794.339	107
794.485	108
794.614	109
794.733	110
794.84	111
794.942	112
795.036	113
795.126	114
795.209	115
795.288	116
795.366	117
795.437	118
795.507	119
795.575	120
795.639	121
795.701	122
795.761	123
795.819	124
795.877	125
795.934	126
795.987	127
796.038	128
796.088	129
796.139	130
796.159	89
796.409	90
796.411	91
796.412	92
796.441	93
796.465	94
796.506	95
796.55	96
796.59	97
796.634	98
796.679	99
796.724	100
796.771	101
796.82	102
796.867	103
796.915	104
796.969	105
797.02	106
797.072	107
797.129	108
797.185	109
797.244	110
797.305	111
797.367	112
797.433	113
797.498	114
797.568	115
797.642	116
797.716	117
797.798	118
797.881	119
797.97	120
798.065	121
798.166	122
798.274	123
798.391	124
798.521	125
798.668	126
798.834	127
799.03	128
799.279	129
799.631	130
802.346	131
802.699	132
802.945	133
803.142	134
803.309	135
803.454	136
803.583	137
803.702	138
803.811	139
803.913	140
804.005	141
804.063	97
804.189	98
804.208	99
804.21	100
804.212	101
804.237	102
804.276	103
804.316	104
804.357	105
804.398	106
804.44	107
804.482	108
804.526	109
804.57	110
804.616	111
804.663	112
804.709	113
804.76	114
804.807	115
804.858	116
804.91	117
804.966	118
805.021	119
805.076	120
805.134	121
805.195	122
805.259	123
805.322	124
805.389	125
805.46	126
805.533	127
805.608	128
805.688	129
805.771	130
805.86	131
805.955	132
806.056	133
806.164	134
806.283	135
806.412	136
806.558	137
806.725	138
806.923	139
807.169	140
807.522	141
810.237	142
810.59	143
810.837	144
811.033	145
811.2	146
811.346	147
811.477	148
811.594	149
811.703	150
811.804	151
811.898	152
811.987	153
812.071	154
812.15	155
812.227	156
812.299	157
812.369	158
812.436	159
812.501	160
812.564	161
812.624	162
812.673	112
812.912	113
812.914	114
812.915	115
812.917	116
812.948	117
812.984	118
813.02	119
813.057	120
813.093	121
813.131	122
813.169	123
813.209	124
813.247	125
813.289	126
813.329	127
813.372	128
813.415	129
813.457	130
813.504	131
813.547	132
813.595	133
813.641	134
813.69	135
813.74	136
813.792	137
813.844	138
813.897	139
813.952	140
814.009	141
814.066	142
814.126	143
814.189	144
814.255	145
814.322	146
814.39	147
814.464	148
814.541	149
814.619	150
814.705	151
814.82	152
814.971	153
815.096	154
815.184	106
815.405	107
815.406	108
815.431	109
815.536	110
815.595	111
815.663	112
815.729	113
815.8	114
815.868	115
815.948	116
816.028	117
816.108	118
816.202	119
816.295	120
816.365	121
816.497	122
816.622	123
816.697	124
816.83	125
816.964	126
817.101	127
817.261	128
817.51	129
817.863	130
820.577	131
820.929	132
821.177	133
821.374	134
821.54	135
821.686	136
821.816	137
821.933	138
822.043	139
822.143	140
822.237	141
822.327	142
822.41	143
822.489	144
822.566	145
822.639	146
822.709	147
822.775	148
822.84	149
822.903	150
822.965	151
823.022	152
823.042	105
823.283	106
823.284	107
823.286	108
823.288	109
823.325	110
823.362	111
823.401	112
823.438	113
823.478	114
823.518	115
823.556	116
823.6	117
823.641	118
823.684	119
823.727	120
823.77	121
823.816	122
823.862	123
823.911	124
823.957	125
824.008	126
824.061	127
824.112	128
824.164	129
824.219	130
824.277	131
824.335	132
824.396	133
824.506	134
824.589	135
824.66	136
824.732	137
824.81	138
824.889	139
824.972	140
825.062	141
825.155	142
825.244	143
825.365	144
825.467	145
825.613	146
825.691	147
825.842	148
825.993	149
826.144	150
826.37	151
826.723	152
829.437	153
829.789	154
830.036	155
830.234	156
830.4	157
830.545	158
830.676	159
830.794	160
830.903	161
831.004	162
831.097	163
831.187	164
831.271	165
831.35	166
831.427	167
831.5	168
831.569	169
831.637	170
831.702	171
831.76	118
831.995	119
831.996	120
831.999	121
832	122
832.026	123
832.061	124
832.095	125
832.129	126
832.166	127
832.201	128
832.239	129
832.275	130
832.312	131
832.352	132
832.39	133
832.429	134
832.47	135
832.511	136
832.553	137
832.596	138
832.64	139
832.684	140
832.729	141
832.776	142
832.822	143
832.872	144
832.921	145
832.972	146
833.025	147
833.133	148
833.184	102
833.363	103
833.364	104
833.437	105
833.502	106
833.563	107
833.632	108
833.702	109
833.775	110
833.851	111
833.93	112
834.015	113
834.093	114
834.199	115
834.301	116
834.38	117
834.526	118
834.602	119
834.751	120
834.899	121
835.05	122
835.196	123
835.412	124
835.765	125
838.48	126
838.833	127
839.079	128
839.161	88
839.349	89
839.35	90
839.353	91
839.366	92
839.419	93
839.45	94
839.493	95
839.536	96
839.58	97
839.632	98
839.672	99
839.72	100
839.77	101
839.818	102
839.869	103
839.922	104
839.974	105
840.029	106
840.086	107
840.144	108
840.205	109
840.267	110
840.334	111
840.401	112
840.471	113
840.543	114
840.619	115
840.698	116
840.783	117
840.872	118
840.965	119
841.067	120
841.176	121
841.292	122
841.424	123
841.569	124
841.735	125
841.933	126
842.179	127
842.533	128
845.248	129
845.6	130
845.848	131
846.043	132
846.211	133
846.358	134
846.487	135
846.606	136
846.712	137
846.815	138
846.873	95
847.024	96
847.049	97
847.052	98
847.054	99
847.075	100
847.115	101
847.163	102
847.197	103
847.24	104
847.282	105
847.326	106
847.368	107
847.415	108
847.46	109
847.509	110
847.557	111
847.606	112
847.658	113
847.709	114
847.762	115
847.817	116
847.875	117
847.936	118
847.994	119
848.017	81
848.241	82
848.242	83
848.267	84
848.334	85
848.404	86
848.477	87
848.554	88
848.636	89
848.718	90
848.807	91
848.899	92
849.002	93
849.109	94
849.229	95
849.359	96
849.504	97
849.671	98
849.866	99
850.115	100
850.467	101
853.183	102
853.535	103
853.782	104
853.98	105
854.144	106
854.292	107
854.421	108
854.526	74
854.729	75
854.73	76
854.733	77
854.761	78
854.807	79
854.854	80
854.902	81
854.954	82
855.004	83
855.057	84
855.112	85
855.165	86
855.221	87
855.28	88
855.342	89
855.402	90
855.468	91
855.534	92
855.605	93
855.677	94
855.753	95
855.833	96
855.917	97
856.007	98
856.1	99
856.202	100
856.312	101
856.429	102
856.558	103
856.706	104
856.871	105
857.067	106
857.314	107
857.666	108
860.383	109
860.734	110
860.983	111
861.041	76
861.26	77
861.261	78
861.264	79
861.29	80
861.336	81
861.382	82
861.429	83
861.478	84
861.529	85
861.577	86
861.631	87
861.686	88
861.74	89
861.798	90
861.854	91
861.917	92
861.978	93
862.043	94
862.109	95
862.179	96
862.252	97
862.327	98
862.408	99
862.492	100
862.581	101
862.675	102
862.775	103
862.883	104
863.002	105
863.131	106
863.279	107
863.443	108
863.642	109
863.889	110
864.241	111
866.957	112
867.308	113
867.557	114
867.754	115
867.92	116
868.064	117
868.195	118
868.314	119
868.421	120
868.523	121
868.618	122
868.705	123
868.79	124
868.869	125
868.945	126
869.018	127
869.088	128
869.156	129
869.179	88
869.317	89
869.343	90
869.345	91
869.347	92
869.373	93
869.414	94
869.456	95
869.5	96
869.542	97
869.587	98
869.632	99
869.679	100
869.728	101
869.775	102
869.824	103
869.875	104
869.927	105
869.982	106
870.037	107
870.094	108
870.151	109
870.213	110
870.275	111
870.339	112
870.406	113
870.475	114
870.549	115
870.625	116
870.705	117
870.788	118
870.878	119
870.972	120
871.073	121
871.182	122
871.299	123
871.43	124
871.576	125
871.742	126
871.939	127
872.186	128
872.538	129
875.252	130
875.607	131
875.854	132
876.051	133
876.218	134
876.363	135
876.491	136
876.61	137
876.721	138
876.82	139
876.914	140
877.004	141
877.089	142
877.168	143
877.243	144
877.315	145
877.386	146
877.453	147
877.519	148
877.579	149
877.641	150
877.701	103
877.946	104
877.947	105
877.95	106
877.952	107
877.99	108
878.026	109
878.064	110
878.102	111
878.142	112
878.181	113
878.224	114
878.261	115
878.304	116
878.347	117
878.391	118
878.435	119
878.48	120
878.526	121
878.574	122
878.621	123
878.671	124
878.722	125
878.777	126
878.829	127
878.885	128
878.94	129
878.999	130
879.06	131
879.1	90
879.287	91
879.289	92
879.309	93
879.374	94
879.441	95
879.511	96
879.583	97
879.659	98
879.739	99
879.822	100
879.912	101
880.007	102
880.108	103
880.216	104
880.335	105
880.466	106
880.609	107
880.777	108
880.972	109
881.221	110
881.432	75
881.672	76
881.674	77
881.718	78
881.781	79
881.858	80
881.938	81
882.022	82
882.112	83
882.204	84
882.305	85
882.415	86
882.533	87
882.663	88
882.81	89
882.973	90
883.171	91
883.418	92
883.773	93
886.486	94
886.839	95
887.088	96
887.283	97
887.448	98
887.596	99
887.725	100
887.843	101
887.951	102
888.052	103
888.148	104
888.236	105
888.319	106
888.4	107
888.477	108
888.548	109
888.618	110
888.686	111
888.751	112
888.813	113
888.873	114
888.933	115
888.988	116
889.044	117
889.098	118
889.148	119
889.2	120
889.25	121
889.298	122
889.347	123
889.363	84
889.62	85
889.622	86
889.646	87
889.648	88
889.683	89
889.725	90
889.769	91
889.813	92
889.87	93
889.905	94
889.954	95
890.001	96
890.05	97
890.101	98
890.154	99
890.207	100
890.263	101
890.318	102
890.378	103
890.44	104
890.501	105
890.567	106
890.632	107
890.704	108
890.775	109
890.85	110
890.93	111
891.014	112
891.104	113
891.199	114
891.3	115
891.408	116
891.527	117
891.657	118
891.802	119
891.968	120
892.164	121
892.412	122
892.765	123
895.479	124
895.833	125
896.081	126
896.277	127
896.443	128
896.588	129
896.717	130
896.838	131
896.945	132
897.048	133
897.141	134
897.229	135
897.312	136
897.394	137
897.468	138
897.543	139
897.611	140
897.68	141
897.744	142
897.805	143
897.866	144
897.924	145
897.982	146
898.037	147
898.086	101
898.329	102
898.33	103
898.331	104
898.336	105
898.375	106
898.411	107
898.451	108
898.49	109
898.528	110
898.568	111
898.61	112
898.651	113
898.694	114
898.741	115
898.784	116
898.828	117
898.876	118
898.921	119
898.969	120
899.019	121
899.071	122
899.123	123
899.176	124
899.232	125
899.289	126
899.348	127
899.407	128
899.471	129
899.534	130
899.597	88
899.773	89
899.777	90
899.791	91
899.854	92
899.919	93
899.985	94
900.056	95
900.128	96
900.206	97
900.284	98
900.368	99
900.458	100
900.551	101
900.654	102
900.76	103
900.879	104
901.01	105
901.156	106
901.321	107
901.518	108
901.764	109
902.121	74
902.248	75
902.278	76
902.283	77
902.358	78
902.433	79
902.514	80
902.596	81
902.687	82
902.781	83
902.881	84
902.99	85
903.11	86
903.238	87
903.385	88
903.551	89
903.747	90
903.994	91
904.349	92
907.061	93
907.415	94
907.662	95
907.86	96
908.024	97
908.171	98
908.301	99
908.42	100
908.529	101
908.628	102
908.723	103
908.811	104
908.897	105
908.974	106
909.052	107
909.125	108
909.194	109
909.261	110
909.326	111
909.388	112
909.448	113
909.507	114
909.566	115
909.618	116
909.673	117
909.725	118
909.776	119
909.826	120
909.873	121
909.922	122
909.942	84
910.195	85
910.196	86
910.197	87
910.224	88
910.26	89
910.304	90
910.349	91
910.393	92
910.447	93
910.487	94
910.537	95
910.586	96
910.637	97
910.689	98
910.743	99
910.797	100
910.855	101
910.912	102
910.973	103
911.036	104
911.102	105
911.169	106
911.239	107
911.31	108
911.387	109
911.467	110
911.55	111
911.638	112
911.733	113
911.835	114
911.943	115
912.063	116
912.192	117
912.336	118
912.502	119
912.701	120
912.948	121
913.301	122
916.013	123
916.368	124
916.614	125
916.812	126
916.978	127
917.123	128
917.253	129
917.372	130
917.481	131
917.581	132
917.675	133
917.765	134
917.848	135
917.924	93
918.154	94
918.155	95
918.157	96
918.168	97
918.209	98
918.249	99
918.29	100
918.331	101
918.374	102
918.418	103
918.462	104
918.508	105
918.554	106
918.602	107
918.649	108
918.698	109
918.751	110
918.802	111
918.857	112
918.913	113
918.968	114
919.028	115
919.086	116
919.151	117
919.214	118
919.282	119
919.352	120
919.424	121
919.501	122
919.579	123
919.664	124
919.752	125
919.848	126
919.948	127
920.056	128
920.175	129
920.305	130
920.433	89
920.631	90
920.633	91
920.654	92
920.719	93
920.785	94
920.855	95
920.927	96
921.005	97
921.083	98
921.169	99
921.258	100
921.353	101
921.452	102
921.56	103
921.679	104
921.808	105
921.955	106
922.123	107
922.318	108
922.565	109
922.919	110
925.632	111
925.985	112
926.232	113
926.429	114
926.597	115
926.741	116
926.872	117
926.99	118
927.099	119
927.199	120
927.294	121
927.383	122
927.467	123
927.547	124
927.622	125
927.695	126
927.765	127
927.831	128
927.898	129
927.959	130
928.02	131
928.078	132
928.134	133
928.191	134
928.243	135
928.296	136
928.35	93
928.61	94
928.612	95
928.631	96
928.633	97
928.661	98
928.701	99
928.742	100
928.783	101
928.824	102
928.867	103
928.911	104
928.955	105
929.001	106
929.046	107
929.094	108
929.144	109
929.192	110
929.243	111
929.295	112
929.35	113
929.404	114
929.462	115
929.52	116
929.58	117
929.645	118
929.707	119
929.775	120
929.844	121
929.916	122
929.994	123
930.072	124
930.157	125
930.245	126
930.34	127
930.44	128
930.551	129
930.67	130
930.799	131
930.944	132
931.109	133
931.307	134
931.554	135
931.907	136
934.622	137
934.974	138
935.222	139
935.42	140
935.584	141
935.73	142
935.861	143
935.978	144
936.088	145
936.189	146
936.282	147
936.372	148
936.455	149
936.535	150
936.612	151
936.685	152
936.754	153
936.82	154
936.842	106
937.112	107
937.114	108
937.125	109
937.127	110
937.153	111
937.188	112
937.225	113
937.264	114
937.302	115
937.341	116
937.381	117
937.421	118
937.461	119
937.505	120
937.549	121
937.59	122
937.635	123
937.679	124
937.726	125
937.773	126
937.822	127
937.871	128
937.922	129
937.974	130
938.028	131
938.083	132
938.14	133
938.199	134
938.263	92
938.443	93
938.444	94
938.465	95
938.54	96
938.597	97
938.667	98
938.74	99
938.817	100
938.896	101
938.981	102
939.069	103
939.163	104
939.264	105
939.373	106
939.49	107
939.62	108
939.765	109
939.933	110
940.128	111
940.377	112
940.73	113
943.444	114
943.796	115
944.045	116
944.24	117
944.407	118
944.552	119
944.683	120
944.8	121
944.91	122
945.011	123
945.105	124
945.194	125
945.277	126
945.357	127
945.434	128
945.506	129
945.576	130
945.643	131
945.708	132
945.77	133
945.832	134
945.89	135
945.947	136
946.002	137
946.054	138
946.107	139
946.157	140
946.208	141
946.256	142
946.304	143
946.351	144
946.395	145
946.442	146
946.467	100
946.62	101
946.645	102
946.648	103
946.65	104
946.664	105
946.702	106
946.747	107
946.779	108
946.82	109
946.859	110
946.901	111
946.942	112
946.987	113
947.029	114
947.073	115
947.118	116
947.164	117
947.212	118
947.261	119
947.311	120
947.362	121
947.413	122
947.467	123
947.522	124
947.579	125
947.638	126
947.697	127
947.76	128
947.824	129
947.893	130
947.963	131
948.035	132
948.112	133
948.222	134
948.364	135
948.445	136
948.56	137
948.668	138
948.744	139
948.891	140
949.04	141
949.189	142
949.339	143
949.49	144
949.673	145
950.025	146
952.74	147
953.091	148
953.339	149
953.537	150
953.703	151
953.848	152
953.98	153
954.097	154
954.206	155
954.307	156
954.401	157
954.49	158
954.573	159
954.654	160
954.729	161
954.803	162
954.872	163
954.94	164
955.004	165
955.067	166
955.127	167
955.185	168
955.242	169
955.278	116
955.458	117
955.459	118
955.461	119
955.463	120
955.489	121
955.522	122
955.556	123
955.592	124
955.629	125
955.665	126
955.701	127
955.737	128
955.775	129
955.813	130
955.852	131
955.891	132
955.933	133
955.973	134
956.016	135
956.057	136
956.101	137
956.146	138
956.191	139
956.276	140
956.351	141
956.426	142
956.487	143
956.541	144
956.596	145
956.651	146
956.71	147
956.759	148
956.832	149
956.891	150
956.962	151
957.027	152
957.101	153
957.165	154
957.239	155
957.306	156
957.381	157
957.449	158
957.53	159
957.632	160
957.74	161
957.818	162
957.967	163
958.118	164
958.263	165
958.408	166
958.556	167
958.745	168
959.097	169
961.811	170
962.165	171
962.412	172
962.61	173
962.776	174
962.921	175
963.052	176
963.169	177
963.278	178
963.378	179
963.473	180
963.562	181
963.647	182
963.726	183
963.801	184
963.84	127
964.106	128
964.108	129
964.109	130
964.112	131
964.131	132
964.164	133
964.195	134
964.229	135
964.263	136
964.297	137
964.331	138
964.365	139
964.402	140
964.436	141
964.475	142
964.511	143
964.55	144
964.588	145
964.626	146
964.666	147
964.706	148
964.748	149
964.788	150
964.831	151
964.875	152
964.92	153
964.965	154
965.011	155
965.06	156
965.108	157
965.156	158
965.17	109
965.429	110
965.43	111
965.436	112
965.541	113
965.613	114
965.675	115
965.74	116
965.805	117
965.877	118
965.949	119
966.025	120
966.105	121
966.177	122
966.278	123
966.373	124
966.45	125
966.582	126
966.663	127
966.803	128
966.947	129
967.093	130
967.241	131
967.388	132
967.586	133
967.939	134
970.654	135
971.006	136
971.254	137
971.45	138
971.617	139
971.762	140
971.893	141
972.011	142
972.119	143
972.219	144
972.315	145
972.403	146
972.487	147
972.568	148
972.644	149
972.716	150
972.786	151
972.837	104
973.074	105
973.075	106
973.077	107
973.08	108
973.117	109
973.154	110
973.191	111
973.229	112
973.268	113
973.308	114
973.348	115
973.389	116
973.432	117
973.475	118
973.518	119
973.561	120
973.608	121
973.654	122
973.702	123
973.749	124
973.8	125
973.851	126
973.905	127
973.955	128
974.013	129
974.069	130
974.127	131
974.188	132
974.25	133
974.314	134
974.381	135
974.451	136
974.587	137
974.681	138
974.763	139
974.853	140
974.947	141
975.033	142
975.157	143
975.258	144
975.406	145
975.492	100
975.716	101
975.717	102
975.732	103
975.839	104
975.919	105
975.992	106
976.055	107
976.129	108
976.196	109
976.283	110
976.367	111
976.441	112
976.55	113
976.637	114
976.761	115
976.823	116
976.952	117
977.081	118
977.213	119
977.347	120
977.517	121
977.765	122
978.117	123
980.832	124
981.185	125
981.433	126
981.629	127
981.797	128
981.941	129
982.07	130
982.19	131
982.298	132
982.399	133
982.493	134
982.582	135
982.666	136
982.747	137
982.823	138
982.896	139
982.966	140
983.032	141
983.097	142
983.16	143
983.219	144
983.278	145
983.336	146
983.389	147
983.445	148
983.496	149
983.548	150
983.586	103
983.819	104
983.82	105
983.822	106
983.824	107
983.865	108
983.898	109
983.937	110
983.975	111
984.014	112
984.052	113
984.094	114
984.136	115
984.176	116
984.219	117
984.262	118
984.306	119
984.353	120
984.399	121
984.445	122
984.495	123
984.544	124
984.594	125
984.7	126
984.756	127
984.813	128
984.871	129
984.94	130
985.004	131
985.079	132
985.147	133
985.221	134
985.295	135
985.368	136
985.442	137
985.517	138
985.599	139
985.692	140
985.793	141
985.893	142
986.019	143
986.119	144
986.268	145
986.418	146
986.569	147
986.725	101
986.875	102
986.899	103
986.901	104
986.951	105
987.025	106
987.139	107
987.214	108
987.286	109
987.363	110
987.444	111
987.527	112
987.602	113
987.711	114
987.811	115
987.885	116
988.03	117
988.168	118
988.254	119
988.401	120
988.549	121
988.698	122
988.923	123
989.278	124
991.992	125
992.343	126
992.592	127
992.789	128
992.955	129
993.1	130
993.231	131
993.349	132
993.457	133
993.558	134
993.653	135
993.743	136
993.825	137
993.909	94
994.152	95
994.153	96
994.155	97
994.164	98
994.204	99
994.244	100
994.283	101
994.325	102
994.366	103
994.408	104
994.454	105
994.497	106
994.542	107
994.591	108
994.635	109
994.684	110
994.734	111
994.786	112
994.838	113
994.891	114
994.947	115
995.002	116
995.063	117
995.121	118
995.185	119
995.251	120
995.282	82
995.412	83
995.436	84
995.439	85
995.506	86
995.576	87
995.647	88
995.725	89
995.805	90
995.888	91
995.979	92
996.071	93
996.173	94
996.281	95
996.399	96
996.53	97
996.676	98
996.841	99
997.038	100
997.285	101
997.638	102
1000.35	103
1000.7	104
